1.0000000 0.0000000 0.0000000 0.0000000
0.0000000 1.0000000 0.0000000 0.0000000
0.0000000 0.0000000 1.0000000 0.0000000
0.0000000 0.0000000 0.0000000 1.0000000
0.9999884 -0.0046102 -0.0011437 0.6784036
0.0046109 0.9999892 0.0005572 -0.0178396
0.0011412 -0.0005625 0.9999989 0.0007436
0.0000000 0.0000000 0.0000000 1.0000000
0.9999535 -0.0090376 -0.0032249 1.4006256
0.0090434 0.9999577 0.0018089 -0.0390333
0.0032084 -0.0018379 0.9999931 0.0093047
0.0000000 0.0000000 0.0000000 1.0000000
0.9998867 -0.0142502 -0.0047106 2.0941603
0.0142634 0.9998946 0.0027683 -0.0452559
0.0046707 -0.0028352 0.9999847 0.0101813
0.0000000 0.0000000 0.0000000 1.0000000
0.9997844 -0.0200146 -0.0055329 2.7771944
0.0200227 0.9997987 0.0014205 -0.0429859
0.0055034 -0.0015309 0.9999842 0.0192357
0.0000000 0.0000000 0.0000000 1.0000000
0.9996467 -0.0259584 -0.0056789 3.5190527
0.0259769 0.9996576 0.0031974 -0.0324104
0.0055940 -0.0033438 0.9999794 0.0295491
0.0000000 0.0000000 0.0000000 1.0000000
0.9994956 -0.0308609 -0.0074350 4.2881127
0.0309071 0.9995036 0.0061848 -0.0069606
0.0072404 -0.0064115 0.9999539 0.0384675
0.0000000 0.0000000 0.0000000 1.0000000
0.9993331 -0.0357552 -0.0073521 5.0218138
0.0358087 0.9993329 0.0072801 0.0256809
0.0070869 -0.0075385 0.9999475 0.0478925
0.0000000 0.0000000 0.0000000 1.0000000
0.9992385 -0.0387870 -0.0040690 5.8488902
0.0388148 0.9992231 0.0069845 0.0774183
0.0037949 -0.0071371 0.9999685 0.0548643
0.0000000 0.0000000 0.0000000 1.0000000
0.9991799 -0.0404180 -0.0021932 6.6824060
0.0404315 0.9991618 0.0065306 0.1126915
0.0019273 -0.0066139 0.9999775 0.0664958
0.0000000 0.0000000 0.0000000 1.0000000
0.9990530 -0.0434479 -0.0021809 7.4273897
0.0434632 0.9990274 0.0075498 0.1307770
0.0018507 -0.0076374 0.9999708 0.0781940
0.0000000 0.0000000 0.0000000 1.0000000
0.9988851 -0.0471696 -0.0018073 8.2067734
0.0471825 0.9988560 0.0079254 0.1836444
0.0014314 -0.0080018 0.9999692 0.0852913
0.0000000 0.0000000 0.0000000 1.0000000
0.9988772 -0.0473161 -0.0023571 8.9369338
0.0473281 0.9988662 0.0053026 0.2526301
0.0021035 -0.0054081 0.9999853 0.0935566
0.0000000 0.0000000 0.0000000 1.0000000
0.9987599 -0.0497568 -0.0018406 9.7690765
0.0497660 0.9987474 0.0053570 0.3279733
0.0015718 -0.0054419 0.9999862 0.0997951
0.0000000 0.0000000 0.0000000 1.0000000
0.9986356 -0.0521837 -0.0020705 10.6419969
0.0521917 0.9986300 0.0040333 0.3772351
0.0018571 -0.0041358 0.9999920 0.1153476
0.0000000 0.0000000 0.0000000 1.0000000
0.9985633 -0.0534321 -0.0040451 11.5283568
0.0534546 0.9985552 0.0056719 0.4325494
0.0037362 -0.0058799 0.9999778 0.1211257
0.0000000 0.0000000 0.0000000 1.0000000
0.9985084 -0.0543133 -0.0055840 12.4383023
0.0543540 0.9984951 0.0074071 0.5087469
0.0051733 -0.0076995 0.9999592 0.1403707
0.0000000 0.0000000 0.0000000 1.0000000
0.9985782 -0.0527095 -0.0079670 13.2366480
0.0527717 0.9985771 0.0078048 0.5571684
0.0075443 -0.0082141 0.9999400 0.1422090
0.0000000 0.0000000 0.0000000 1.0000000
0.9976382 -0.0683585 -0.0067041 14.2031299
0.0684190 0.9976149 0.0092374 0.6412005
0.0060566 -0.0096743 0.9999369 0.1488158
0.0000000 0.0000000 0.0000000 1.0000000
0.9973922 -0.0719823 -0.0052813 15.1341244
0.0720257 0.9973669 0.0085477 0.7008442
0.0046521 -0.0089057 0.9999518 0.1599225
0.0000000 0.0000000 0.0000000 1.0000000
0.9973492 -0.0727181 -0.0027679 15.9949878
0.0727397 0.9973139 0.0087208 0.7761358
0.0021263 -0.0088989 0.9999608 0.1741760
0.0000000 0.0000000 0.0000000 1.0000000
0.9972818 -0.0736442 -0.0026333 16.8857368
0.0736666 0.9972363 0.0097750 0.8518598
0.0019061 -0.0099423 0.9999518 0.1862949
0.0000000 0.0000000 0.0000000 1.0000000
0.9970802 -0.0762682 -0.0039350 17.7853266
0.0763021 0.9970430 0.0093076 0.9157291
0.0032135 -0.0095806 0.9999526 0.1927162
0.0000000 0.0000000 0.0000000 1.0000000
0.9969145 -0.0783818 -0.0043053 18.6979529
0.0784126 0.9968944 0.0075069 0.9809723
0.0037035 -0.0078213 0.9999659 0.2105339
0.0000000 0.0000000 0.0000000 1.0000000
0.9967855 -0.0800518 -0.0034013 19.6243526
0.0800718 0.9967720 0.0061806 1.0565909
0.0028956 -0.0064330 0.9999794 0.2267539
0.0000000 0.0000000 0.0000000 1.0000000
0.9968765 -0.0789846 -0.0007190 20.5620720
0.0789877 0.9968569 0.0064253 1.1361889
0.0002092 -0.0064619 0.9999838 0.2323466
0.0000000 0.0000000 0.0000000 1.0000000
0.9970064 -0.0772684 0.0029858 21.5278839
0.0772483 0.9969932 0.0063664 1.2188074
-0.0034688 -0.0061166 0.9999792 0.2435980
0.0000000 0.0000000 0.0000000 1.0000000
0.9971094 -0.0758202 0.0050478 22.4756510
0.0757893 0.9971067 0.0060638 1.2919824
-0.0054930 -0.0056636 0.9999724 0.2486825
0.0000000 0.0000000 0.0000000 1.0000000
0.9975026 -0.0703931 0.0058773 23.4087837
0.0703691 0.9975134 0.0042041 1.3667540
-0.0061587 -0.0037799 0.9999774 0.2499006
0.0000000 0.0000000 0.0000000 1.0000000
0.9976278 -0.0687808 0.0031994 24.3377942
0.0687633 0.9976201 0.0053115 1.4297174
-0.0035571 -0.0050788 0.9999851 0.2555264
0.0000000 0.0000000 0.0000000 1.0000000
0.9978329 -0.0658036 -0.0014525 25.2716880
0.0658108 0.9978179 0.0055450 1.5081241
0.0010844 -0.0056285 0.9999882 0.2563209
0.0000000 0.0000000 0.0000000 1.0000000
0.9978818 -0.0649593 -0.0038745 26.2270926
0.0649782 0.9978758 0.0049610 1.5645104
0.0035440 -0.0052022 0.9999853 0.2670380
0.0000000 0.0000000 0.0000000 1.0000000
0.9980049 -0.0631320 -0.0018768 27.1852773
0.0631381 0.9980003 0.0033438 1.6183520
0.0016619 -0.0034555 0.9999976 0.2815540
0.0000000 0.0000000 0.0000000 1.0000000
0.9981085 -0.0614401 0.0028092 28.1706826
0.0614457 0.9981098 -0.0019108 1.6711358
-0.0026865 0.0020799 0.9999997 0.2887044
0.0000000 0.0000000 0.0000000 1.0000000
0.9981364 -0.0607612 0.0059277 29.1321496
0.0607938 0.9981368 -0.0054545 1.7120035
-0.0055853 0.0058049 0.9999732 0.2958421
0.0000000 0.0000000 0.0000000 1.0000000
0.9982207 -0.0593898 0.0055979 30.1218644
0.0594526 0.9981628 -0.0117841 1.7549881
-0.0048878 0.0120961 0.9999203 0.3094598
0.0000000 0.0000000 0.0000000 1.0000000
0.9983184 -0.0579116 0.0030801 31.0557331
0.0579517 0.9982079 -0.0150176 1.7951758
-0.0022049 0.0151710 0.9998882 0.3124016
0.0000000 0.0000000 0.0000000 1.0000000
0.9983455 -0.0575231 -0.0003437 32.0217890
0.0575114 0.9982301 -0.0152245 1.8522308
0.0012188 0.0151797 0.9998896 0.3207169
0.0000000 0.0000000 0.0000000 1.0000000
0.9982752 -0.0587376 -0.0005968 32.9416110
0.0587231 0.9981716 -0.0144383 1.9105419
0.0014438 0.0143785 0.9999023 0.3266933
0.0000000 0.0000000 0.0000000 1.0000000
0.9982472 -0.0592141 0.0004974 33.9235531
0.0592146 0.9981201 -0.0159464 1.9682801
0.0004478 0.0159480 0.9998799 0.3412165
0.0000000 0.0000000 0.0000000 1.0000000
0.9982280 -0.0595278 0.0013409 34.9440529
0.0595422 0.9980809 -0.0171078 2.0406778
-0.0003199 0.0171575 0.9998598 0.3424390
0.0000000 0.0000000 0.0000000 1.0000000
0.9982578 -0.0590036 0.0020185 35.8923643
0.0590289 0.9981256 -0.0162502 2.0970320
-0.0010560 0.0163412 0.9998728 0.3580599
0.0000000 0.0000000 0.0000000 1.0000000
0.9983435 -0.0575062 0.0027549 36.8954459
0.0575424 0.9982245 -0.0154960 2.1580166
-0.0018589 0.0156290 0.9998834 0.3714737
0.0000000 0.0000000 0.0000000 1.0000000
0.9984925 -0.0546911 0.0050615 37.8992968
0.0547703 0.9983547 -0.0170846 2.2139224
-0.0041188 0.0173362 0.9998486 0.3919214
0.0000000 0.0000000 0.0000000 1.0000000
0.9986134 -0.0524266 0.0051758 38.9259173
0.0524836 0.9985573 -0.0115376 2.2767430
-0.0045635 0.0117934 0.9999276 0.3938481
0.0000000 0.0000000 0.0000000 1.0000000
0.9985129 -0.0543646 0.0045681 39.8782046
0.0544293 0.9984002 -0.0154508 2.3355455
-0.0037208 0.0156766 0.9998780 0.4115440
0.0000000 0.0000000 0.0000000 1.0000000
0.9984940 -0.0547804 0.0034830 40.8732210
0.0548100 0.9984583 -0.0090121 2.3743209
-0.0029839 0.0091895 0.9999605 0.4452655
0.0000000 0.0000000 0.0000000 1.0000000
0.9985476 -0.0538443 0.0026943 41.9062869
0.0538619 0.9985268 -0.0069001 2.3976432
-0.0023189 0.0070353 0.9999801 0.4603925
0.0000000 0.0000000 0.0000000 1.0000000
0.9986533 -0.0518101 0.0034032 42.8764451
0.0518389 0.9986175 -0.0089834 2.4406689
-0.0029331 0.0091478 0.9999620 0.4718226
0.0000000 0.0000000 0.0000000 1.0000000
0.9987046 -0.0508144 0.0035030 43.8652571
0.0508401 0.9986804 -0.0076619 2.4845703
-0.0031091 0.0078302 0.9999739 0.4856522
0.0000000 0.0000000 0.0000000 1.0000000
0.9987628 -0.0496130 0.0040754 44.8016925
0.0496415 0.9987445 -0.0071789 2.5229476
-0.0037142 0.0073725 0.9999756 0.4966095
0.0000000 0.0000000 0.0000000 1.0000000
0.9985202 -0.0543999 0.0016333 45.7139006
0.0544061 0.9985151 -0.0038953 2.5670730
-0.0014190 0.0039785 1.0000009 0.5127710
0.0000000 0.0000000 0.0000000 1.0000000
0.9985833 -0.0531632 -0.0031266 46.6453620
0.0531537 0.9985854 -0.0031009 2.6159275
0.0032870 0.0029305 1.0000003 0.5150291
0.0000000 0.0000000 0.0000000 1.0000000
0.9986978 -0.0508729 -0.0044446 47.6008775
0.0508609 0.9987055 -0.0028118 2.6618381
0.0045818 0.0025822 0.9999963 0.5321393
0.0000000 0.0000000 0.0000000 1.0000000
0.9988598 -0.0477169 -0.0026432 48.5899046
0.0477071 0.9988583 -0.0037205 2.7363639
0.0028177 0.0035903 0.9999998 0.5484365
0.0000000 0.0000000 0.0000000 1.0000000
0.9989905 -0.0449687 0.0002952 49.6210131
0.0449698 0.9989741 -0.0060784 2.8012790
-0.0000216 0.0060857 0.9999916 0.5738828
0.0000000 0.0000000 0.0000000 1.0000000
0.9990624 -0.0433412 0.0006116 50.5525069
0.0433437 0.9990548 -0.0044494 2.8402535
-0.0004182 0.0044719 1.0000006 0.5930736
0.0000000 0.0000000 0.0000000 1.0000000
0.9990458 -0.0437277 -0.0004653 51.4996914
0.0437213 0.9990006 -0.0097391 2.8856921
0.0008907 0.0097096 0.9999632 0.6130523
0.0000000 0.0000000 0.0000000 1.0000000
0.9991153 -0.0420802 -0.0017299 52.4648505
0.0420514 0.9990175 -0.0142805 2.9330176
0.0023291 0.0141953 0.9999072 0.6362903
0.0000000 0.0000000 0.0000000 1.0000000
0.9990422 -0.0437971 -0.0011621 53.4179202
0.0437774 0.9989534 -0.0135579 2.9733960
0.0017546 0.0134942 0.9999181 0.6443272
0.0000000 0.0000000 0.0000000 1.0000000
0.9990739 -0.0430464 0.0020367 54.4026606
0.0430753 0.9989246 -0.0173684 3.0312683
-0.0012870 0.0174402 0.9998579 0.6589638
0.0000000 0.0000000 0.0000000 1.0000000
0.9990278 -0.0436267 0.0068250 55.3678524
0.0437355 0.9989073 -0.0167106 3.0717851
-0.0060886 0.0169930 0.9998484 0.6813863
0.0000000 0.0000000 0.0000000 1.0000000
0.9990105 -0.0439013 0.0076080 56.3441249
0.0439998 0.9989468 -0.0133169 3.1288124
-0.0070155 0.0136387 0.9998944 0.6927859
0.0000000 0.0000000 0.0000000 1.0000000
0.9990252 -0.0438669 0.0056723 57.2684175
0.0439354 0.9989591 -0.0126019 3.1704746
-0.0051137 0.0128390 0.9999169 0.7025040
0.0000000 0.0000000 0.0000000 1.0000000
0.9989758 -0.0453101 -0.0016708 58.1723034
0.0452918 0.9989309 -0.0097062 3.2109817
0.0021088 0.0096208 0.9999639 0.7138853
0.0000000 0.0000000 0.0000000 1.0000000
0.9990317 -0.0434899 -0.0072580 59.0659040
0.0434311 0.9990282 -0.0080436 3.2688438
0.0076007 0.0077207 0.9999536 0.7390277
0.0000000 0.0000000 0.0000000 1.0000000
0.9990296 -0.0437754 -0.0056602 59.9612602
0.0437496 0.9990358 -0.0045838 3.3217069
0.0058553 0.0043319 0.9999856 0.7511096
0.0000000 0.0000000 0.0000000 1.0000000
0.9990294 -0.0438572 -0.0049721 60.8638790
0.0438460 0.9990398 -0.0023160 3.3637419
0.0050689 0.0020959 0.9999970 0.7737895
0.0000000 0.0000000 0.0000000 1.0000000
0.9989414 -0.0459943 -0.0029351 61.7267525
0.0459943 0.9989460 -0.0000223 3.4020719
0.0029330 -0.0001126 1.0000081 0.7943449
0.0000000 0.0000000 0.0000000 1.0000000
0.9988360 -0.0482672 -0.0022786 62.5460772
0.0482687 0.9988388 0.0006835 3.4492414
0.0022429 -0.0007926 1.0000102 0.8093173
0.0000000 0.0000000 0.0000000 1.0000000
0.9987854 -0.0493177 -0.0018853 63.3541359
0.0493215 0.9987852 0.0021074 3.4864681
0.0017790 -0.0021977 1.0000089 0.8202536
0.0000000 0.0000000 0.0000000 1.0000000
0.9987731 -0.0495066 -0.0031827 64.1424197
0.0495210 0.9987666 0.0046742 3.5139885
0.0029473 -0.0048260 0.9999971 0.8432098
0.0000000 0.0000000 0.0000000 1.0000000
0.9986784 -0.0514796 -0.0006348 64.9290581
0.0514822 0.9986630 0.0055595 3.5564425
0.0003476 -0.0055847 0.9999979 0.8614812
0.0000000 0.0000000 0.0000000 1.0000000
0.9986023 -0.0529395 -0.0001796 65.6983091
0.0529394 0.9985814 0.0064863 3.5993102
-0.0001642 -0.0064867 0.9999928 0.8795222
0.0000000 0.0000000 0.0000000 1.0000000
0.9984838 -0.0549874 0.0039773 66.5023806
0.0549536 0.9984608 0.0081161 3.6573743
-0.0044175 -0.0078852 0.9999733 0.8870541
0.0000000 0.0000000 0.0000000 1.0000000
0.9983825 -0.0564976 0.0070078 67.3057822
0.0564401 0.9983776 0.0081336 3.7060358
-0.0074561 -0.0077248 0.9999563 0.8976094
0.0000000 0.0000000 0.0000000 1.0000000
0.9983697 -0.0566489 0.0075827 68.1025988
0.0565714 0.9983524 0.0100535 3.7542147
-0.0081399 -0.0096081 0.9999346 0.9105653
0.0000000 0.0000000 0.0000000 1.0000000
0.9983957 -0.0565999 0.0033213 68.8366229
0.0565429 0.9982883 0.0152550 3.7936918
-0.0041791 -0.0150427 0.9998922 0.9312001
0.0000000 0.0000000 0.0000000 1.0000000
0.9983376 -0.0575861 -0.0038446 69.5616037
0.0576452 0.9981860 0.0176380 3.8302585
0.0028218 -0.0178302 0.9998512 0.9402620
0.0000000 0.0000000 0.0000000 1.0000000
0.9983386 -0.0570521 -0.0086227 70.2592770
0.0571883 0.9982320 0.0164831 3.8748181
0.0076671 -0.0169487 0.9998414 0.9571409
0.0000000 0.0000000 0.0000000 1.0000000
0.9983566 -0.0564476 -0.0104150 70.9566427
0.0566319 0.9982308 0.0183609 3.9159193
0.0093601 -0.0189205 0.9997923 0.9696723
0.0000000 0.0000000 0.0000000 1.0000000
0.9984028 -0.0558346 -0.0091802 71.6509693
0.0560111 0.9982290 0.0202697 3.9674803
0.0080321 -0.0207515 0.9997673 0.9843116
0.0000000 0.0000000 0.0000000 1.0000000
0.9982446 -0.0585604 -0.0093666 72.3317664
0.0587320 0.9980929 0.0192632 4.0190619
0.0082206 -0.0197794 0.9997855 1.0013642
0.0000000 0.0000000 0.0000000 1.0000000
0.9983299 -0.0567306 -0.0112881 72.9605705
0.0569148 0.9982433 0.0167502 4.0447190
0.0103180 -0.0173646 0.9998105 1.0274546
0.0000000 0.0000000 0.0000000 1.0000000
0.9981678 -0.0582991 -0.0164740 73.5844790
0.0584805 0.9982354 0.0107610 4.0730387
0.0158176 -0.0117046 0.9998214 1.0534575
0.0000000 0.0000000 0.0000000 1.0000000
0.9981963 -0.0560901 -0.0215976 74.1640384
0.0562441 0.9984002 0.0065951 4.0975210
0.0211932 -0.0077978 0.9997597 1.0735454
0.0000000 0.0000000 0.0000000 1.0000000
0.9983634 -0.0527667 -0.0222428 74.7564380
0.0529323 0.9985792 0.0069293 4.1291286
0.0218456 -0.0080953 0.9997435 1.0979355
0.0000000 0.0000000 0.0000000 1.0000000
0.9987539 -0.0452371 -0.0212891 75.3305642
0.0454943 0.9989004 0.0117630 4.1740742
0.0207336 -0.0127168 0.9997192 1.1074585
0.0000000 0.0000000 0.0000000 1.0000000
0.9990539 -0.0388750 -0.0197308 75.9199911
0.0390879 0.9991852 0.0105291 4.1811970
0.0193054 -0.0112903 0.9997651 1.1344617
0.0000000 0.0000000 0.0000000 1.0000000
0.9993240 -0.0329428 -0.0166040 76.4595020
0.0330831 0.9994233 0.0082558 4.1851171
0.0163225 -0.0087994 0.9998433 1.1573646
0.0000000 0.0000000 0.0000000 1.0000000
0.9996173 -0.0242027 -0.0137326 77.0018270
0.0242602 0.9997023 0.0040443 4.1807165
0.0136306 -0.0043757 0.9999130 1.1862726
0.0000000 0.0000000 0.0000000 1.0000000
0.9998094 -0.0136211 -0.0143400 77.5209362
0.0137208 0.9998873 0.0068850 4.2069652
0.0142446 -0.0070803 0.9998899 1.1983101
0.0000000 0.0000000 0.0000000 1.0000000
0.9999044 0.0011935 -0.0141391 78.0069635
-0.0010223 0.9999313 0.0121182 4.2152513
0.0141525 -0.0121025 0.9998435 1.2083127
0.0000000 0.0000000 0.0000000 1.0000000
0.9997460 0.0183181 -0.0135215 78.4931371
-0.0180568 0.9996578 0.0192094 4.2097268
0.0138687 -0.0189603 0.9997413 1.2210361
0.0000000 0.0000000 0.0000000 1.0000000
0.9991625 0.0387573 -0.0135517 78.9629061
-0.0385060 0.9990954 0.0183503 4.1774207
0.0142506 -0.0178131 0.9997578 1.2366082
0.0000000 0.0000000 0.0000000 1.0000000
0.9977175 0.0665885 -0.0117374 79.4539618
-0.0664059 0.9976807 0.0153251 4.1484701
0.0127305 -0.0145106 0.9998322 1.2531924
0.0000000 0.0000000 0.0000000 1.0000000
0.9954518 0.0948236 -0.0097798 79.8680502
-0.0946620 0.9953888 0.0158532 4.1041369
0.0112379 -0.0148552 0.9998448 1.2712422
0.0000000 0.0000000 0.0000000 1.0000000
0.9918488 0.1272205 -0.0078930 80.2965514
-0.1270839 0.9917700 0.0159147 4.0359538
0.0098526 -0.0147818 0.9998609 1.2847545
0.0000000 0.0000000 0.0000000 1.0000000
0.9864882 0.1636844 -0.0076981 80.7089154
-0.1635484 0.9864134 0.0158572 3.9433384
0.0101889 -0.0143839 0.9998628 1.2959659
0.0000000 0.0000000 0.0000000 1.0000000
0.9788996 0.2042823 -0.0059173 81.1086714
-0.2041637 0.9788053 0.0163876 3.8308996
0.0091394 -0.0148336 0.9998664 1.3028237
0.0000000 0.0000000 0.0000000 1.0000000
0.9687254 0.2481158 -0.0044797 81.4683522
-0.2480242 0.9686410 0.0151562 3.7179553
0.0080996 -0.0135711 0.9998931 1.3163058
0.0000000 0.0000000 0.0000000 1.0000000
0.9555439 0.2948391 -0.0041142 81.8551603
-0.2947430 0.9554522 0.0157807 3.5935242
0.0085835 -0.0138665 0.9998857 1.3270877
0.0000000 0.0000000 0.0000000 1.0000000
0.9381589 0.3461840 -0.0050687 82.1939068
-0.3460481 0.9380520 0.0179009 3.4454513
0.0109515 -0.0150398 0.9998455 1.3437016
0.0000000 0.0000000 0.0000000 1.0000000
0.9169458 0.3989861 -0.0055064 82.5139552
-0.3988442 0.9168603 0.0173711 3.2728688
0.0119793 -0.0137321 0.9998519 1.3540941
0.0000000 0.0000000 0.0000000 1.0000000
0.8910908 0.4537811 -0.0070573 82.8058146
-0.4535961 0.8910192 0.0186425 3.0919996
0.0147476 -0.0134110 0.9998197 1.3571246
0.0000000 0.0000000 0.0000000 1.0000000
0.8606136 0.5092253 -0.0066344 83.1072435
-0.5090444 0.8605489 0.0184748 2.8987394
0.0151169 -0.0125225 0.9998257 1.3642503
0.0000000 0.0000000 0.0000000 1.0000000
0.8256371 0.5641414 -0.0088472 83.4160926
-0.5639657 0.8256395 0.0165539 2.6303712
0.0166432 -0.0086780 0.9998427 1.3860503
0.0000000 0.0000000 0.0000000 1.0000000
0.7874505 0.6163193 -0.0090997 83.6169781
-0.6161496 0.7874716 0.0161271 2.3871969
0.0171050 -0.0070925 0.9998474 1.3911317
0.0000000 0.0000000 0.0000000 1.0000000
0.7469529 0.6648323 -0.0084128 83.8981035
-0.6646935 0.7469815 0.0146277 2.0903451
0.0160090 -0.0053342 0.9998773 1.4080072
0.0000000 0.0000000 0.0000000 1.0000000
0.7028906 0.7112785 -0.0062411 84.1738922
-0.7111449 0.7028909 0.0151636 1.8361424
0.0151722 -0.0062200 0.9998854 1.4118169
0.0000000 0.0000000 0.0000000 1.0000000
0.6570990 0.7537850 -0.0064080 84.3867441
-0.7536687 0.6571153 0.0140145 1.5352096
0.0147745 -0.0043794 0.9999019 1.4172955
0.0000000 0.0000000 0.0000000 1.0000000
0.6103518 0.7920853 -0.0091366 84.5891778
-0.7920005 0.6104196 0.0116914 1.1965234
0.0148375 0.0001004 0.9999104 1.4284706
0.0000000 0.0000000 0.0000000 1.0000000
0.5627194 0.8265803 -0.0111379 84.7629497
-0.8265462 0.5628128 0.0087677 0.8535152
0.0135155 0.0042722 0.9999204 1.4523041
0.0000000 0.0000000 0.0000000 1.0000000
0.5142209 0.8576057 -0.0100860 84.9317792
-0.8575571 0.5143065 0.0099534 0.5427878
0.0137231 0.0035311 0.9999209 1.4545396
0.0000000 0.0000000 0.0000000 1.0000000
0.4671162 0.8841792 -0.0064463 85.0790536
-0.8840931 0.4671595 0.0124625 0.2221052
0.0140303 -0.0001224 0.9999225 1.4654711
0.0000000 0.0000000 0.0000000 1.0000000
0.4214115 0.9068488 -0.0070219 85.2380578
-0.9067713 0.4214666 0.0120691 -0.1009519
0.0139041 0.0012811 0.9999236 1.4679641
0.0000000 0.0000000 0.0000000 1.0000000
0.3781493 0.9256766 -0.0117552 85.3767470
-0.9256538 0.3782627 0.0098272 -0.4741869
0.0135432 0.0071651 0.9999043 1.4690664
0.0000000 0.0000000 0.0000000 1.0000000
0.3391514 0.9404631 -0.0227583 85.4192242
-0.9406790 0.3393041 0.0031804 -0.8417055
0.0107128 0.0203296 0.9997578 1.4825998
0.0000000 0.0000000 0.0000000 1.0000000
0.3048781 0.9520501 -0.0257453 85.4774772
-0.9523585 0.3050029 0.0010307 -1.1819379
0.0088333 0.0242046 0.9996903 1.4811209
0.0000000 0.0000000 0.0000000 1.0000000
0.2701666 0.9625650 -0.0221689 85.5904597
-0.9627652 0.2703267 0.0045938 -1.5409728
0.0104144 0.0201024 0.9997658 1.4918056
0.0000000 0.0000000 0.0000000 1.0000000
0.2403931 0.9705621 -0.0152738 85.6807761
-0.9705705 0.2405740 0.0114810 -1.8741131
0.0148172 0.0120643 0.9998397 1.4907876
0.0000000 0.0000000 0.0000000 1.0000000
0.2123107 0.9771605 -0.0097028 85.7663475
-0.9770369 0.2124479 0.0167289 -2.2582294
0.0184080 0.0059282 0.9998354 1.5032572
0.0000000 0.0000000 0.0000000 1.0000000
0.1857228 0.9825352 -0.0119876 85.8390942
-0.9824169 0.1859127 0.0175820 -2.6745050
0.0195035 0.0085114 0.9997960 1.5200560
0.0000000 0.0000000 0.0000000 1.0000000
0.1618269 0.9866741 -0.0172504 85.8955605
-0.9865874 0.1621466 0.0192341 -3.0553724
0.0217748 0.0139063 0.9996887 1.5298418
0.0000000 0.0000000 0.0000000 1.0000000
0.1415306 0.9896541 -0.0237581 85.9319408
-0.9895602 0.1421004 0.0243945 -3.4621246
0.0275181 0.0200574 0.9994424 1.5347520
0.0000000 0.0000000 0.0000000 1.0000000
0.1216402 0.9922827 -0.0242771 85.9592174
-0.9920420 0.1223431 0.0300311 -3.8849287
0.0327695 0.0204309 0.9992766 1.5287963
0.0000000 0.0000000 0.0000000 1.0000000
0.1044645 0.9942963 -0.0217533 86.0161939
-0.9940107 0.1050940 0.0302549 -4.3044775
0.0323684 0.0184624 0.9993286 1.5366739
0.0000000 0.0000000 0.0000000 1.0000000
0.0891605 0.9957821 -0.0218995 86.0713933
-0.9956534 0.0897046 0.0253708 -4.7264543
0.0272282 0.0195422 0.9994608 1.5529896
0.0000000 0.0000000 0.0000000 1.0000000
0.0736168 0.9970748 -0.0208185 86.1002306
-0.9969900 0.0740925 0.0231967 -5.2046788
0.0246713 0.0190481 0.9995369 1.5735415
0.0000000 0.0000000 0.0000000 1.0000000
0.0623316 0.9977917 -0.0231792 86.1134031
-0.9977968 0.0628327 0.0216572 -5.7248511
0.0230657 0.0217781 0.9995190 1.5891667
0.0000000 0.0000000 0.0000000 1.0000000
0.0494029 0.9984186 -0.0270180 86.1196554
-0.9985515 0.0499579 0.0203532 -6.2321390
0.0216707 0.0259734 0.9994495 1.6013965
0.0000000 0.0000000 0.0000000 1.0000000
0.0396161 0.9987840 -0.0295205 86.1356808
-0.9989651 0.0402570 0.0215204 -6.7391265
0.0226826 0.0286374 0.9993541 1.6175356
0.0000000 0.0000000 0.0000000 1.0000000
0.0305091 0.9990604 -0.0309520 86.1402974
-0.9993031 0.0311617 0.0208995 -7.2494031
0.0218443 0.0302929 0.9993241 1.6345382
0.0000000 0.0000000 0.0000000 1.0000000
0.0234132 0.9991817 -0.0331364 86.1519970
-0.9995031 0.0241041 0.0206754 -7.7872680
0.0214571 0.0326360 0.9992589 1.6492699
0.0000000 0.0000000 0.0000000 1.0000000
0.0178967 0.9992517 -0.0344324 86.1597402
-0.9995838 0.0186697 0.0223278 -8.3462988
0.0229539 0.0340185 0.9991793 1.6676301
0.0000000 0.0000000 0.0000000 1.0000000
0.0130544 0.9993617 -0.0334209 86.1653123
-0.9996712 0.0137904 0.0219547 -8.9434116
0.0224015 0.0331233 0.9992225 1.6841776
0.0000000 0.0000000 0.0000000 1.0000000
0.0080557 0.9993972 -0.0339381 86.1738988
-0.9997357 0.0087895 0.0215955 -9.5368075
0.0218807 0.0337552 0.9992133 1.7061141
0.0000000 0.0000000 0.0000000 1.0000000
0.0043075 0.9993894 -0.0348511 86.1724923
-0.9997655 0.0050542 0.0214317 -10.1429189
0.0215946 0.0347506 0.9991863 1.7222972
0.0000000 0.0000000 0.0000000 1.0000000
0.0013979 0.9995039 -0.0316724 86.1645178
-0.9997933 0.0020493 0.0206176 -10.7591920
0.0206722 0.0316370 0.9993097 1.7399802
0.0000000 0.0000000 0.0000000 1.0000000
-0.0003574 0.9995132 -0.0314053 86.1613130
-0.9998092 0.0002660 0.0199142 -11.4067483
0.0199127 0.0314065 0.9993323 1.7572314
0.0000000 0.0000000 0.0000000 1.0000000
0.0002911 0.9993565 -0.0360577 86.1462583
-0.9998215 0.0009837 0.0192571 -12.0504559
0.0192800 0.0360458 0.9991885 1.7783600
0.0000000 0.0000000 0.0000000 1.0000000
0.0002200 0.9993369 -0.0366066 86.1396964
-0.9998246 0.0009174 0.0190986 -12.7339506
0.0191193 0.0365960 0.9991718 1.7947917
0.0000000 0.0000000 0.0000000 1.0000000
0.0044104 0.9992461 -0.0387589 86.1335227
-0.9997987 0.0051773 0.0197684 -13.4418154
0.0199540 0.0386641 0.9990779 1.8120320
0.0000000 0.0000000 0.0000000 1.0000000
0.0066264 0.9992599 -0.0380793 86.1462003
-0.9997757 0.0073981 0.0202207 -14.1861774
0.0204872 0.0379369 0.9990950 1.8312317
0.0000000 0.0000000 0.0000000 1.0000000
0.0090174 0.9992002 -0.0391430 86.1274393
-0.9997703 0.0097821 0.0194460 -14.9381473
0.0198131 0.0389588 0.9990690 1.8478954
0.0000000 0.0000000 0.0000000 1.0000000
0.0137654 0.9990688 -0.0410769 86.1295281
-0.9997211 0.0145522 0.0189744 -15.7202399
0.0195543 0.0408044 0.9990006 1.8721601
0.0000000 0.0000000 0.0000000 1.0000000
0.0192014 0.9990145 -0.0402147 86.1422571
-0.9996582 0.0199103 0.0173598 -16.4916498
0.0181431 0.0398678 0.9990654 1.8927942
0.0000000 0.0000000 0.0000000 1.0000000
0.0229152 0.9990237 -0.0379802 86.1450219
-0.9995820 0.0235768 0.0171250 -17.2905975
0.0180035 0.0375720 0.9991566 1.9032576
0.0000000 0.0000000 0.0000000 1.0000000
0.0279353 0.9989801 -0.0357084 86.1626291
-0.9994911 0.0284774 0.0148282 -18.1017495
0.0158296 0.0352762 0.9992777 1.9254312
0.0000000 0.0000000 0.0000000 1.0000000
0.0305943 0.9989321 -0.0348689 86.1950462
-0.9994241 0.0310983 0.0140700 -18.9040253
0.0151390 0.0344185 0.9993188 1.9500998
0.0000000 0.0000000 0.0000000 1.0000000
0.0350131 0.9988304 -0.0335964 86.2161229
-0.9992273 0.0355987 0.0170645 -19.7034209
0.0182403 0.0329731 0.9993156 1.9763013
0.0000000 0.0000000 0.0000000 1.0000000
0.0367163 0.9989344 -0.0282782 86.2483288
-0.9990676 0.0373409 0.0219699 -20.5263458
0.0230022 0.0274453 0.9993848 1.9928507
0.0000000 0.0000000 0.0000000 1.0000000
0.0451527 0.9986558 -0.0258164 86.2264998
-0.9986666 0.0457753 0.0241513 -21.2130357
0.0253004 0.0246915 0.9994019 2.0198859
0.0000000 0.0000000 0.0000000 1.0000000
0.0409508 0.9989007 -0.0232193 86.2697297
-0.9988577 0.0415039 0.0239622 -22.0668549
0.0248993 0.0222115 0.9994701 2.0369744
0.0000000 0.0000000 0.0000000 1.0000000
0.0373503 0.9990798 -0.0215017 86.3541428
-0.9990537 0.0378162 0.0217985 -22.8789543
0.0225913 0.0206672 0.9995578 2.0733856
0.0000000 0.0000000 0.0000000 1.0000000
0.0372211 0.9990588 -0.0226747 86.3938038
-0.9990799 0.0376920 0.0208125 -23.7153115
0.0216473 0.0218792 0.9995535 2.1049646
0.0000000 0.0000000 0.0000000 1.0000000
0.0359749 0.9991478 -0.0206737 86.4319058
-0.9991733 0.0363580 0.0185794 -24.5086063
0.0193149 0.0199882 0.9996407 2.1297537
0.0000000 0.0000000 0.0000000 1.0000000
0.0341969 0.9992393 -0.0192045 86.4698997
-0.9992037 0.0345824 0.0202392 -25.2792387
0.0208877 0.0184970 0.9996373 2.1530258
0.0000000 0.0000000 0.0000000 1.0000000
0.0346378 0.9992659 -0.0169052 86.5139908
-0.9991966 0.0349702 0.0199207 -26.0533710
0.0204970 0.0162015 0.9996853 2.1757729
0.0000000 0.0000000 0.0000000 1.0000000
0.0343594 0.9993353 -0.0128854 86.5570160
-0.9991838 0.0346245 0.0211388 -26.8469090
0.0215706 0.0121484 0.9997202 2.2049675
0.0000000 0.0000000 0.0000000 1.0000000
0.0337912 0.9993690 -0.0117403 86.5779791
-0.9992316 0.0340170 0.0198033 -27.6111426
0.0201899 0.0110620 0.9997615 2.2330602
0.0000000 0.0000000 0.0000000 1.0000000
0.0261924 0.9996377 -0.0075400 86.6139484
-0.9994799 0.0263289 0.0189462 -28.3976114
0.0191376 0.0070396 0.9998183 2.2529336
0.0000000 0.0000000 0.0000000 1.0000000
0.0201015 0.9997267 -0.0127029 86.7424882
-0.9996517 0.0203164 0.0172028 -29.2106646
0.0174558 0.0123526 0.9997981 2.2700463
0.0000000 0.0000000 0.0000000 1.0000000
0.0150827 0.9997244 -0.0185261 86.7426710
-0.9997645 0.0153720 0.0156947 -30.0812230
0.0159748 0.0182850 0.9997321 2.2831386
0.0000000 0.0000000 0.0000000 1.0000000
0.0098836 0.9997861 -0.0186938 86.7563645
-0.9998275 0.0101791 0.0158982 -30.8852217
0.0160848 0.0185334 0.9997258 2.3108747
0.0000000 0.0000000 0.0000000 1.0000000
-0.0041552 0.9998073 -0.0196984 86.7481517
-0.9998601 -0.0038303 0.0166155 -31.6772493
0.0165365 0.0197646 0.9996950 2.3289743
0.0000000 0.0000000 0.0000000 1.0000000
-0.0174832 0.9996707 -0.0193006 86.7301949
-0.9997089 -0.0171519 0.0173102 -32.4669066
0.0169731 0.0195976 0.9996911 2.3490511
0.0000000 0.0000000 0.0000000 1.0000000
-0.0274414 0.9994042 -0.0214086 86.6988790
-0.9994902 -0.0270756 0.0172862 -33.2477394
0.0166958 0.0218720 0.9996491 2.3727207
0.0000000 0.0000000 0.0000000 1.0000000
-0.0370137 0.9991184 -0.0203228 86.6663995
-0.9991845 -0.0366669 0.0172763 -34.0507046
0.0165155 0.0209457 0.9996724 2.3938763
0.0000000 0.0000000 0.0000000 1.0000000
-0.0496683 0.9985310 -0.0221430 86.6213787
-0.9986510 -0.0493069 0.0166664 -34.8273146
0.0155497 0.0229409 0.9996448 2.4215894
0.0000000 0.0000000 0.0000000 1.0000000
-0.0591634 0.9980013 -0.0226654 86.5739281
-0.9981354 -0.0587929 0.0167602 -35.6175114
0.0153937 0.0236147 0.9996306 2.4489739
0.0000000 0.0000000 0.0000000 1.0000000
-0.0717917 0.9971543 -0.0234562 86.5312467
-0.9973103 -0.0714078 0.0168928 -36.3929248
0.0151693 0.0246059 0.9996105 2.4780529
0.0000000 0.0000000 0.0000000 1.0000000
-0.0839581 0.9962489 -0.0214687 86.4701377
-0.9963589 -0.0836010 0.0171091 -37.1723508
0.0152497 0.0228269 0.9996521 2.5063943
0.0000000 0.0000000 0.0000000 1.0000000
-0.0935388 0.9954692 -0.0176897 86.4103864
-0.9955053 -0.0932423 0.0169951 -37.9455578
0.0152682 0.0191998 0.9997285 2.5451352
0.0000000 0.0000000 0.0000000 1.0000000
-0.1013060 0.9946937 -0.0185200 86.3274385
-0.9947274 -0.1009705 0.0183187 -38.6776006
0.0163511 0.0202780 0.9996900 2.5712783
0.0000000 0.0000000 0.0000000 1.0000000
-0.1095676 0.9938085 -0.0189912 86.2472812
-0.9938473 -0.1092148 0.0187960 -39.4164526
0.0166051 0.0209337 0.9996723 2.6000034
0.0000000 0.0000000 0.0000000 1.0000000
-0.1208356 0.9924865 -0.0197546 86.1599850
-0.9925397 -0.1204625 0.0191738 -40.1882116
0.0166496 0.0219240 0.9996506 2.6311598
0.0000000 0.0000000 0.0000000 1.0000000
-0.1352126 0.9905213 -0.0246369 86.0082436
-0.9906925 -0.1347506 0.0196029 -41.0018238
0.0160968 0.0270581 0.9995340 2.6616272
0.0000000 0.0000000 0.0000000 1.0000000
-0.1477242 0.9887045 -0.0257308 85.8778574
-0.9889307 -0.1472812 0.0183961 -41.7885448
0.0143981 0.0281635 0.9995293 2.6852187
0.0000000 0.0000000 0.0000000 1.0000000
-0.1555356 0.9875044 -0.0257938 85.7659859
-0.9877586 -0.1551427 0.0166559 -42.5022339
0.0124456 0.0280686 0.9995583 2.7171929
0.0000000 0.0000000 0.0000000 1.0000000
-0.1597561 0.9867538 -0.0285740 85.6485105
-0.9870994 -0.1593501 0.0160230 -43.2040602
0.0112570 0.0307651 0.9994935 2.7432133
0.0000000 0.0000000 0.0000000 1.0000000
-0.1643902 0.9859209 -0.0309333 85.5313459
-0.9863473 -0.1639705 0.0157080 -43.9073500
0.0104142 0.0330932 0.9994280 2.7642903
0.0000000 0.0000000 0.0000000 1.0000000
-0.1695412 0.9849880 -0.0327887 85.4107646
-0.9854912 -0.1691474 0.0144938 -44.5977164
0.0087296 0.0347703 0.9993870 2.7921742
0.0000000 0.0000000 0.0000000 1.0000000
-0.1706433 0.9847851 -0.0331602 85.2972038
-0.9852995 -0.1702377 0.0147497 -45.2646882
0.0088796 0.0351897 0.9993708 2.8066359
0.0000000 0.0000000 0.0000000 1.0000000
-0.1708745 0.9846849 -0.0348946 85.1855267
-0.9852536 -0.1704185 0.0157079 -45.8918658
0.0095202 0.0370641 0.9992973 2.8252472
0.0000000 0.0000000 0.0000000 1.0000000
-0.1695644 0.9848547 -0.0364539 85.0895354
-0.9854676 -0.1690373 0.0171426 -46.5345328
0.0107204 0.0388309 0.9992182 2.8468053
0.0000000 0.0000000 0.0000000 1.0000000
-0.1645884 0.9856162 -0.0386167 84.9731929
-0.9862950 -0.1639700 0.0187221 -47.1651296
0.0121204 0.0411689 0.9991091 2.8645276
0.0000000 0.0000000 0.0000000 1.0000000
-0.1577180 0.9867368 -0.0386701 84.8823076
-0.9874039 -0.1570634 0.0194703 -47.7463355
0.0131379 0.0412539 0.9990928 2.8851024
0.0000000 0.0000000 0.0000000 1.0000000
-0.1474230 0.9884032 -0.0366887 84.8008931
-0.9889960 -0.1468247 0.0185489 -48.3237337
0.0129465 0.0390195 0.9991856 2.9042055
0.0000000 0.0000000 0.0000000 1.0000000
-0.1363638 0.9898720 -0.0397412 84.7328154
-0.9905744 -0.1356954 0.0191007 -48.8800223
0.0135141 0.0419712 0.9990592 2.9255751
0.0000000 0.0000000 0.0000000 1.0000000
-0.1213530 0.9918376 -0.0394117 84.6663844
-0.9924865 -0.1205980 0.0210424 -49.4262154
0.0161172 0.0416691 0.9990338 2.9376734
0.0000000 0.0000000 0.0000000 1.0000000
-0.1033460 0.9938142 -0.0409292 84.6380602
-0.9944749 -0.1024619 0.0231793 -49.9916146
0.0188418 0.0430986 0.9989259 2.9553555
0.0000000 0.0000000 0.0000000 1.0000000
-0.0788961 0.9959724 -0.0428615 84.5962784
-0.9966136 -0.0777892 0.0269434 -50.5423169
0.0235003 0.0448422 0.9987507 2.9733609
0.0000000 0.0000000 0.0000000 1.0000000
-0.0517114 0.9977315 -0.0433704 84.5774733
-0.9983022 -0.0504681 0.0293240 -51.0822806
0.0270682 0.0448132 0.9986613 2.9919346
0.0000000 0.0000000 0.0000000 1.0000000
-0.0197072 0.9989418 -0.0418384 84.5760827
-0.9994131 -0.0185004 0.0290789 -51.6178389
0.0282737 0.0423871 0.9987343 3.0149387
0.0000000 0.0000000 0.0000000 1.0000000
0.0155452 0.9990817 -0.0402262 84.5955199
-0.9995045 0.0166366 0.0269860 -52.1453001
0.0276299 0.0397869 0.9988593 3.0377307
0.0000000 0.0000000 0.0000000 1.0000000
0.0588285 0.9975323 -0.0386333 84.6314931
-0.9979434 0.0597612 0.0235031 -52.6613756
0.0257534 0.0371713 0.9990106 3.0581398
0.0000000 0.0000000 0.0000000 1.0000000
0.1065160 0.9936353 -0.0369750 84.7136596
-0.9940477 0.1072792 0.0193701 -53.1804680
0.0232129 0.0346918 0.9991622 3.0766647
0.0000000 0.0000000 0.0000000 1.0000000
0.1557269 0.9873334 -0.0307522 84.8124146
-0.9875954 0.1562616 0.0158962 -53.6806762
0.0204996 0.0278953 0.9994344 3.0958497
0.0000000 0.0000000 0.0000000 1.0000000
0.2049912 0.9783693 -0.0282040 84.9434586
-0.9785778 0.2054373 0.0140198 -54.1669073
0.0195100 0.0247259 0.9995379 3.1187640
0.0000000 0.0000000 0.0000000 1.0000000
0.2588467 0.9655559 -0.0269151 85.1075937
-0.9657222 0.2592630 0.0134038 -54.6371065
0.0199195 0.0225230 0.9995828 3.1316676
0.0000000 0.0000000 0.0000000 1.0000000
0.3181297 0.9475733 -0.0303700 85.3024451
-0.9477991 0.3186242 0.0131226 -55.0746200
0.0221106 0.0246101 0.9994875 3.1596613
0.0000000 0.0000000 0.0000000 1.0000000
0.3780942 0.9251827 -0.0332486 85.4898306
-0.9253832 0.3787344 0.0155893 -55.4864441
0.0270147 0.0248737 0.9993604 3.1841961
0.0000000 0.0000000 0.0000000 1.0000000
0.4388089 0.8978259 -0.0371430 85.7207885
-0.8979889 0.4396499 0.0184513 -55.8965151
0.0328954 0.0252576 0.9991748 3.2127097
0.0000000 0.0000000 0.0000000 1.0000000
0.4990901 0.8658057 -0.0362486 85.9837468
-0.8657309 0.5000031 0.0228887 -56.3012677
0.0379410 0.0199582 0.9991163 3.2251161
0.0000000 0.0000000 0.0000000 1.0000000
0.5549495 0.8310961 -0.0365447 86.3146341
-0.8308616 0.5559104 0.0254663 -56.6539113
0.0414801 0.0162314 0.9990432 3.2449410
0.0000000 0.0000000 0.0000000 1.0000000
0.6111342 0.7905588 -0.0394678 86.6172009
-0.7902951 0.6122055 0.0255900 -57.0323365
0.0443924 0.0155526 0.9989296 3.2686478
0.0000000 0.0000000 0.0000000 1.0000000
0.6634582 0.7470993 -0.0411319 86.9303243
-0.7468624 0.6645612 0.0239014 -57.3549129
0.0451910 0.0148627 0.9989041 3.2915044
0.0000000 0.0000000 0.0000000 1.0000000
0.7125831 0.7004860 -0.0396357 87.3183509
-0.7003100 0.7135579 0.0204440 -57.6758260
0.0426026 0.0131897 0.9990422 3.3227417
0.0000000 0.0000000 0.0000000 1.0000000
0.7590693 0.6500857 -0.0350468 87.6719774
-0.6499653 0.7598012 0.0162448 -57.9737367
0.0371886 0.0104487 0.9992906 3.3365176
0.0000000 0.0000000 0.0000000 1.0000000
0.8001656 0.5989969 -0.0310485 88.0456901
-0.5989139 0.8007200 0.0128927 -58.1990530
0.0325833 0.0082796 0.9994719 3.3602336
0.0000000 0.0000000 0.0000000 1.0000000
0.8360468 0.5479881 -0.0275919 88.4656763
-0.5479244 0.8364724 0.0104556 -58.4575261
0.0288088 0.0063774 0.9996020 3.3785663
0.0000000 0.0000000 0.0000000 1.0000000
0.8664151 0.4988228 -0.0229619 88.8688563
-0.4987592 0.8667055 0.0088053 -58.6797517
0.0242929 0.0038240 0.9997352 3.4052026
0.0000000 0.0000000 0.0000000 1.0000000
0.8898961 0.4557847 -0.0192794 89.2939108
-0.4556671 0.8900995 0.0103472 -58.8632239
0.0218760 -0.0004224 0.9997984 3.4273156
0.0000000 0.0000000 0.0000000 1.0000000
0.9075293 0.4196308 -0.0180836 89.7534903
-0.4194553 0.9076961 0.0127295 -59.0351251
0.0217554 -0.0039665 0.9997934 3.4406934
0.0000000 0.0000000 0.0000000 1.0000000
0.9228123 0.3848275 -0.0187706 90.2147923
-0.3845406 0.9229581 0.0171520 -59.2043866
0.0239244 -0.0086095 0.9997149 3.4590091
0.0000000 0.0000000 0.0000000 1.0000000
0.9354273 0.3529077 -0.0214374 90.6996700
-0.3526268 0.9356402 0.0158070 -59.3655872
0.0256355 -0.0072263 0.9996840 3.4666655
0.0000000 0.0000000 0.0000000 1.0000000
0.9439567 0.3294675 -0.0206012 91.1814242
-0.3292594 0.9441618 0.0128496 -59.5281146
0.0236838 -0.0053457 0.9997440 3.4916214
0.0000000 0.0000000 0.0000000 1.0000000
0.9489822 0.3147175 -0.0203376 91.6619144
-0.3145535 0.9491875 0.0108591 -59.6807385
0.0227211 -0.0039071 0.9997733 3.5091002
0.0000000 0.0000000 0.0000000 1.0000000
0.9531698 0.3018333 -0.0197840 92.1493206
-0.3015824 0.9533367 0.0146721 -59.8137808
0.0232888 -0.0080179 0.9997353 3.5232611
0.0000000 0.0000000 0.0000000 1.0000000
0.9558877 0.2931097 -0.0198318 92.6475507
-0.2927619 0.9560135 0.0186472 -59.9465820
0.0244245 -0.0120181 0.9996688 3.5339230
0.0000000 0.0000000 0.0000000 1.0000000
0.9576741 0.2871878 -0.0203039 93.1670641
-0.2866880 0.9577250 0.0243311 -60.0707378
0.0264326 -0.0174799 0.9995374 3.5519560
0.0000000 0.0000000 0.0000000 1.0000000
0.9583839 0.2846966 -0.0218385 93.6854683
-0.2840460 0.9583911 0.0286901 -60.2057371
0.0290973 -0.0212925 0.9993892 3.5701120
0.0000000 0.0000000 0.0000000 1.0000000
0.9585386 0.2840286 -0.0236748 94.2471979
-0.2832626 0.9585463 0.0311478 -60.3562571
0.0315398 -0.0231497 0.9992737 3.6002427
0.0000000 0.0000000 0.0000000 1.0000000
0.9573202 0.2876635 -0.0285794 94.8004912
-0.2868425 0.9575292 0.0296352 -60.5267743
0.0358902 -0.0201722 0.9991917 3.6200031
0.0000000 0.0000000 0.0000000 1.0000000
0.9558258 0.2919128 -0.0348348 95.3371100
-0.2910687 0.9563216 0.0273423 -60.6955944
0.0412945 -0.0159947 0.9990591 3.6450703
0.0000000 0.0000000 0.0000000 1.0000000
0.9546481 0.2952063 -0.0391176 95.8914595
-0.2942436 0.9553142 0.0285471 -60.8555952
0.0457966 -0.0157418 0.9988670 3.6761061
0.0000000 0.0000000 0.0000000 1.0000000
0.9533730 0.2994560 -0.0378949 96.4465051
-0.2983236 0.9539122 0.0327745 -61.0259952
0.0459626 -0.0199409 0.9987846 3.7002185
0.0000000 0.0000000 0.0000000 1.0000000
0.9516542 0.3052544 -0.0347012 97.0376413
-0.3041507 0.9520387 0.0336797 -61.1972428
0.0433174 -0.0214966 0.9988709 3.7265027
0.0000000 0.0000000 0.0000000 1.0000000
0.9508162 0.3081987 -0.0314929 97.6163019
-0.3072168 0.9510975 0.0324240 -61.3838878
0.0399454 -0.0211537 0.9990188 3.7592585
0.0000000 0.0000000 0.0000000 1.0000000
0.9487488 0.3147332 -0.0291529 98.2161694
-0.3139755 0.9490345 0.0277932 -61.5788081
0.0364140 -0.0172150 0.9992298 3.7951910
0.0000000 0.0000000 0.0000000 1.0000000
0.9477646 0.3180622 -0.0246955 98.8387238
-0.3173635 0.9478875 0.0284533 -61.7760524
0.0324579 -0.0191291 0.9993317 3.8248477
0.0000000 0.0000000 0.0000000 1.0000000
0.9468034 0.3208027 -0.0260966 99.4409982
-0.3201812 0.9470277 0.0253597 -61.9768413
0.0328490 -0.0156545 0.9993803 3.8522083
0.0000000 0.0000000 0.0000000 1.0000000
0.9469647 0.3199739 -0.0301266 100.0721509
-0.3194137 0.9473715 0.0219837 -62.1825931
0.0355747 -0.0111943 0.9993479 3.8819645
0.0000000 0.0000000 0.0000000 1.0000000
0.9467728 0.3198159 -0.0370438 100.7010957
-0.3192427 0.9474598 0.0206233 -62.3794705
0.0416927 -0.0076989 0.9991449 3.9191693
0.0000000 0.0000000 0.0000000 1.0000000
0.9463105 0.3205620 -0.0420630 101.3520589
-0.3197534 0.9471854 0.0248861 -62.5838739
0.0478186 -0.0100995 0.9988491 3.9512471
0.0000000 0.0000000 0.0000000 1.0000000
0.9474831 0.3167835 -0.0442325 101.9860658
-0.3158523 0.9484407 0.0268266 -62.7838333
0.0504497 -0.0114462 0.9987052 3.9777480
0.0000000 0.0000000 0.0000000 1.0000000
0.9487036 0.3132660 -0.0431129 102.6654642
-0.3124096 0.9496169 0.0255025 -62.9964519
0.0489293 -0.0107248 0.9987892 4.0143198
0.0000000 0.0000000 0.0000000 1.0000000
0.9495238 0.3116325 -0.0363763 103.3534405
-0.3110466 0.9501764 0.0209146 -63.2190650
0.0410810 -0.0085435 0.9991641 4.0557771
0.0000000 0.0000000 0.0000000 1.0000000
0.9506172 0.3086738 -0.0328689 104.0317163
-0.3082269 0.9511540 0.0180022 -63.4145956
0.0368196 -0.0069814 0.9993418 4.0909634
0.0000000 0.0000000 0.0000000 1.0000000
0.9520411 0.3042515 -0.0329000 104.7057645
-0.3036517 0.9525409 0.0220091 -63.6183525
0.0380343 -0.0109628 0.9992616 4.1304849
0.0000000 0.0000000 0.0000000 1.0000000
0.9520322 0.3042143 -0.0334834 105.4205973
-0.3033015 0.9524434 0.0297071 -63.8162339
0.0409277 -0.0181260 0.9990427 4.1642530
0.0000000 0.0000000 0.0000000 1.0000000
0.9529285 0.3014899 -0.0326337 106.1360016
-0.2997802 0.9527820 0.0485955 -64.0139802
