1.0000000 0.0000000 0.0000000 0.0000000
0.0000000 1.0000000 0.0000000 0.0000000
0.0000000 0.0000000 1.0000000 0.0000000
0.0000000 0.0000000 0.0000000 1.0000000
0.9988968 0.0468160 -0.0037979 0.9287670
-0.0468256 0.9988999 -0.0025410 -0.0511536
0.0036747 0.0027160 0.9999899 0.0054895
0.0000000 0.0000000 0.0000000 1.0000000
0.9954374 0.0951477 -0.0072217 1.9709055
-0.0951658 0.9954590 -0.0022376 -0.1355829
0.0069760 0.0029147 0.9999717 0.0269533
0.0000000 0.0000000 0.0000000 1.0000000
0.9894755 0.1443787 -0.0097020 2.9222972
-0.1443857 0.9895214 -0.0000548 -0.2885078
0.0095924 0.0014551 0.9999532 0.0246868
0.0000000 0.0000000 0.0000000 1.0000000
0.9812816 0.1923844 -0.0087594 3.6304057
-0.1924080 0.9813131 -0.0019730 -0.6453774
0.0082161 0.0036214 0.9999608 0.0402352
0.0000000 0.0000000 0.0000000 1.0000000
0.9705912 0.2405661 -0.0091560 4.4142740
-0.2405958 0.9706223 -0.0023661 -0.9783311
0.0083178 0.0044994 0.9999571 0.0498091
0.0000000 0.0000000 0.0000000 1.0000000
0.9584453 0.2850246 -0.0121095 5.3995447
-0.2851016 0.9584829 -0.0052249 -1.1880488
0.0101175 0.0084602 0.9999148 0.0703883
0.0000000 0.0000000 0.0000000 1.0000000
0.9444265 0.3284240 -0.0141182 6.2060126
-0.3285429 0.9444620 -0.0071415 -1.4461556
0.0109886 0.0113831 0.9998767 0.1157622
0.0000000 0.0000000 0.0000000 1.0000000
0.9280157 0.3722294 -0.0153634 6.9949822
-0.3723658 0.9280584 -0.0072064 -1.8054317
0.0115757 0.0124084 0.9998585 0.1101553
0.0000000 0.0000000 0.0000000 1.0000000
0.9101485 0.4140293 -0.0146185 7.7758599
-0.4141637 0.9101698 -0.0077519 -2.2053508
0.0100958 0.0131098 0.9998657 0.1319501
0.0000000 0.0000000 0.0000000 1.0000000
0.8897077 0.4563309 -0.0136476 8.6070579
-0.4564561 0.8897092 -0.0080994 -2.5915746
0.0084464 0.0134355 0.9998763 0.1627459
0.0000000 0.0000000 0.0000000 1.0000000
0.8654591 0.5008098 -0.0131641 9.3924401
-0.5009344 0.8654387 -0.0089712 -3.0959212
0.0068998 0.0143585 0.9998749 0.1737907
0.0000000 0.0000000 0.0000000 1.0000000
0.8411074 0.5407006 -0.0135528 10.0389665
-0.5408313 0.8410815 -0.0091725 -3.5790057
0.0064394 0.0150448 0.9998679 0.1858056
0.0000000 0.0000000 0.0000000 1.0000000
0.8146186 0.5798014 -0.0151414 10.7652116
-0.5799658 0.8145712 -0.0107041 -4.1509584
0.0061275 0.0175012 0.9998303 0.2127541
0.0000000 0.0000000 0.0000000 1.0000000
0.7860966 0.6178961 -0.0161228 11.4604900
-0.6180709 0.7860603 -0.0099184 -4.6078348
0.0065449 0.0177618 0.9998236 0.2146182
0.0000000 0.0000000 0.0000000 1.0000000
0.7571794 0.6529717 -0.0176268 11.9743831
-0.6531876 0.7570954 -0.0124049 -5.2493806
0.0052451 0.0209063 0.9997708 0.2394157
0.0000000 0.0000000 0.0000000 1.0000000
0.7251459 0.6883649 -0.0179192 12.6785816
-0.6885839 0.7250471 -0.0126683 -5.7765712
0.0042718 0.0215251 0.9997628 0.2598659
0.0000000 0.0000000 0.0000000 1.0000000
0.6905410 0.7230572 -0.0185972 13.2711111
-0.7232830 0.6904510 -0.0118766 -6.3793894
0.0042530 0.0216522 0.9997607 0.2579568
0.0000000 0.0000000 0.0000000 1.0000000
0.6571427 0.7534517 -0.0218768 14.0111428
-0.7537560 0.6570201 -0.0133494 -6.9621347
0.0043153 0.0252621 0.9996755 0.2942565
0.0000000 0.0000000 0.0000000 1.0000000
0.6216993 0.7829268 -0.0228109 14.5911435
-0.7832437 0.6215990 -0.0120559 -7.6662959
0.0047403 0.0253615 0.9996708 0.3039131
0.0000000 0.0000000 0.0000000 1.0000000
0.5841533 0.8112669 -0.0248054 15.0618865
-0.8116339 0.5840316 -0.0126074 -8.2332487
0.0042592 0.0274974 0.9996164 0.3243344
0.0000000 0.0000000 0.0000000 1.0000000
0.5454312 0.8376651 -0.0287610 15.6120037
-0.8381350 0.5453460 -0.0113841 -8.9203757
0.0061486 0.0303147 0.9995258 0.3407441
0.0000000 0.0000000 0.0000000 1.0000000
0.5080929 0.8607916 -0.0297453 15.9696468
-0.8612874 0.5079939 -0.0113353 -9.5152838
0.0053531 0.0313784 0.9994980 0.3371303
0.0000000 0.0000000 0.0000000 1.0000000
0.4701324 0.8819872 -0.0328594 16.5090062
-0.8825907 0.4699514 -0.0134884 -10.3210948
0.0035458 0.0353426 0.9993740 0.3541533
0.0000000 0.0000000 0.0000000 1.0000000
0.4326089 0.9008708 -0.0358730 16.8852023
-0.9015790 0.4323911 -0.0139880 -11.2006117
0.0029098 0.0383935 0.9992633 0.3680352
0.0000000 0.0000000 0.0000000 1.0000000
0.3997214 0.9159038 -0.0367295 17.1861560
-0.9166324 0.3995457 -0.0122973 -12.0527676
0.0034120 0.0385828 0.9992551 0.3776527
0.0000000 0.0000000 0.0000000 1.0000000
0.3659233 0.9299312 -0.0365281 17.5166015
-0.9306465 0.3656827 -0.0132818 -12.7419441
0.0010065 0.0388546 0.9992503 0.3803465
0.0000000 0.0000000 0.0000000 1.0000000
0.3339099 0.9418816 -0.0370095 17.6764889
-0.9426050 0.3335696 -0.0151830 -13.6660959
-0.0019554 0.0399549 0.9992055 0.3726359
0.0000000 0.0000000 0.0000000 1.0000000
0.3016093 0.9527028 -0.0373600 17.8997567
-0.9534269 0.3012278 -0.0155705 -14.4275296
-0.0035802 0.0403160 0.9991868 0.3836747
0.0000000 0.0000000 0.0000000 1.0000000
0.2687165 0.9625760 -0.0352978 18.2470111
-0.9632156 0.2684076 -0.0132999 -15.2890604
-0.0033279 0.0375730 0.9992952 0.3952367
0.0000000 0.0000000 0.0000000 1.0000000
0.2401778 0.9701017 -0.0349900 18.4259928
-0.9707280 0.2399309 -0.0111520 -16.3585141
-0.0024234 0.0366440 0.9993323 0.3835614
0.0000000 0.0000000 0.0000000 1.0000000
0.2126556 0.9764911 -0.0353511 18.4915607
-0.9771234 0.2123915 -0.0111093 -17.2107529
-0.0033398 0.0369046 0.9993200 0.3782264
0.0000000 0.0000000 0.0000000 1.0000000
0.1837584 0.9823420 -0.0352710 18.5035621
-0.9829601 0.1834515 -0.0117745 -17.9992404
-0.0050960 0.0368334 0.9993153 0.3630457
0.0000000 0.0000000 0.0000000 1.0000000
0.1547717 0.9873269 -0.0352021 18.7601884
-0.9879284 0.1544210 -0.0124912 -18.9361268
-0.0068969 0.0367101 0.9993097 0.3711343
0.0000000 0.0000000 0.0000000 1.0000000
0.1271402 0.9912940 -0.0343477 18.8568961
-0.9918563 0.1267856 -0.0123145 -19.8408268
-0.0078525 0.0356333 0.9993422 0.3612697
0.0000000 0.0000000 0.0000000 1.0000000
0.0993024 0.9943916 -0.0365077 18.8571734
-0.9950225 0.0989132 -0.0123105 -20.8405074
-0.0086302 0.0375482 0.9992658 0.3522648
0.0000000 0.0000000 0.0000000 1.0000000
0.0749918 0.9963720 -0.0403405 18.9918789
-0.9971376 0.0745229 -0.0129881 -21.7609473
-0.0099345 0.0411987 0.9991101 0.3480427
0.0000000 0.0000000 0.0000000 1.0000000
0.0506373 0.9977180 -0.0447537 19.0811576
-0.9986679 0.0501257 -0.0124698 -22.7698571
-0.0101979 0.0453251 0.9989291 0.3361016
0.0000000 0.0000000 0.0000000 1.0000000
0.0301714 0.9982867 -0.0502200 19.1845731
-0.9994734 0.0295157 -0.0137219 -23.7430884
-0.0122159 0.0506072 0.9986533 0.3423386
0.0000000 0.0000000 0.0000000 1.0000000
0.0113664 0.9984436 -0.0546832 19.3008499
-0.9998514 0.0106251 -0.0138087 -24.8480646
-0.0132060 0.0548317 0.9984176 0.3345118
0.0000000 0.0000000 0.0000000 1.0000000
-0.0018102 0.9984099 -0.0564219 19.1066090
-0.9998959 -0.0026284 -0.0144033 -25.8652522
-0.0145285 0.0563897 0.9983125 0.3090876
0.0000000 0.0000000 0.0000000 1.0000000
-0.0162637 0.9982045 -0.0577269 18.9332264
-0.9997509 -0.0171305 -0.0145240 -26.9514907
-0.0154866 0.0574759 0.9982361 0.2893317
0.0000000 0.0000000 0.0000000 1.0000000
-0.0295313 0.9978863 -0.0579669 18.9378633
-0.9994247 -0.0304583 -0.0151493 -27.9420927
-0.0168827 0.0574858 0.9982133 0.2792003
0.0000000 0.0000000 0.0000000 1.0000000
-0.0422334 0.9974458 -0.0576826 18.8696261
-0.9989551 -0.0431776 -0.0151983 -28.9287468
-0.0176499 0.0569801 0.9982289 0.2647715
0.0000000 0.0000000 0.0000000 1.0000000
-0.0545115 0.9968830 -0.0571150 18.8671426
-0.9983932 -0.0553154 -0.0125644 -29.9292717
-0.0156844 0.0563380 0.9982984 0.2520902
0.0000000 0.0000000 0.0000000 1.0000000
-0.0659072 0.9961667 -0.0575967 18.7853559
-0.9977422 -0.0665549 -0.0093769 -31.1059767
-0.0131740 0.0568483 0.9983060 0.2397340
0.0000000 0.0000000 0.0000000 1.0000000
-0.0752894 0.9954794 -0.0579756 18.6683024
-0.9970975 -0.0758342 -0.0072300 -32.1798059
-0.0115937 0.0572626 0.9983015 0.2252947
0.0000000 0.0000000 0.0000000 1.0000000
-0.0819279 0.9949133 -0.0586915 18.5926210
-0.9965817 -0.0824254 -0.0060875 -33.0564608
-0.0108939 0.0579918 0.9982671 0.2145945
0.0000000 0.0000000 0.0000000 1.0000000
-0.0884953 0.9943294 -0.0590558 18.5032205
-0.9960180 -0.0889920 -0.0058215 -33.9481516
-0.0110438 0.0583051 0.9982473 0.1998142
0.0000000 0.0000000 0.0000000 1.0000000
-0.0914843 0.9940461 -0.0592674 18.3288290
-0.9957553 -0.0919373 -0.0049446 -34.9891586
-0.0103638 0.0585632 0.9982397 0.1841165
0.0000000 0.0000000 0.0000000 1.0000000
-0.0939730 0.9938153 -0.0592442 18.2093369
-0.9955341 -0.0943538 -0.0036596 -36.1572318
-0.0092267 0.0586355 0.9982459 0.1719552
0.0000000 0.0000000 0.0000000 1.0000000
-0.0980302 0.9934104 -0.0594633 18.0826334
-0.9951439 -0.0983940 -0.0032262 -37.1063336
-0.0090556 0.0588581 0.9982344 0.1618118
0.0000000 0.0000000 0.0000000 1.0000000
-0.1004464 0.9931349 -0.0600306 18.0031445
-0.9948947 -0.1008636 -0.0039549 -38.2185596
-0.0099824 0.0593266 0.9981987 0.1563471
0.0000000 0.0000000 0.0000000 1.0000000
-0.1069912 0.9923842 -0.0611318 17.8921596
-0.9941787 -0.1075779 -0.0063841 -39.4894010
-0.0129118 0.0600926 0.9981197 0.1436559
0.0000000 0.0000000 0.0000000 1.0000000
-0.1116461 0.9917985 -0.0623013 17.7429265
-0.9936409 -0.1123449 -0.0078233 -40.6618549
-0.0147582 0.0610314 0.9980372 0.1248882
0.0000000 0.0000000 0.0000000 1.0000000
-0.1149586 0.9913389 -0.0635791 17.5444536
-0.9932456 -0.1157323 -0.0086189 -41.8902701
-0.0159022 0.0621585 0.9979504 0.1061243
0.0000000 0.0000000 0.0000000 1.0000000
-0.1192114 0.9907505 -0.0649006 17.3953459
-0.9927245 -0.1200629 -0.0093712 -42.9506195
-0.0170765 0.0633109 0.9978582 0.0739683
0.0000000 0.0000000 0.0000000 1.0000000
-0.1200082 0.9905756 -0.0661001 17.1996348
-0.9926384 -0.1208324 -0.0086093 -44.2937320
-0.0165150 0.0645799 0.9977873 0.0636570
0.0000000 0.0000000 0.0000000 1.0000000
-0.1182911 0.9907867 -0.0660344 17.0123273
-0.9928475 -0.1191082 -0.0085712 -45.5516288
-0.0163573 0.0645478 0.9977929 0.0289994
0.0000000 0.0000000 0.0000000 1.0000000
-0.1176020 0.9908716 -0.0659926 16.8403890
-0.9929433 -0.1183626 -0.0077320 -46.8905943
-0.0154723 0.0646172 0.9978025 0.0169893
0.0000000 0.0000000 0.0000000 1.0000000
-0.1184339 0.9906961 -0.0671333 16.6575335
-0.9928298 -0.1192623 -0.0084648 -48.2856528
-0.0163923 0.0656490 0.9977210 -0.0014718
0.0000000 0.0000000 0.0000000 1.0000000
-0.1199700 0.9904476 -0.0680689 16.5112341
-0.9926290 -0.1208678 -0.0092219 -49.6501173
-0.0173610 0.0664604 0.9976514 -0.0222709
0.0000000 0.0000000 0.0000000 1.0000000
-0.1184978 0.9905684 -0.0688830 16.3063488
-0.9928009 -0.1194266 -0.0095182 -51.0805644
-0.0176548 0.0672587 0.9975931 -0.0376566
0.0000000 0.0000000 0.0000000 1.0000000
-0.1167337 0.9907353 -0.0694973 16.1082380
-0.9930259 -0.1176109 -0.0086610 -52.5707663
-0.0167542 0.0680010 0.9975591 -0.0634866
0.0000000 0.0000000 0.0000000 1.0000000
-0.1176932 0.9904886 -0.0713713 15.9664525
-0.9929103 -0.1185931 -0.0084984 -53.9262740
-0.0168815 0.0698646 0.9974284 -0.0811839
0.0000000 0.0000000 0.0000000 1.0000000
-0.1187723 0.9903502 -0.0715033 15.7978491
-0.9927646 -0.1197400 -0.0093960 -55.4664415
-0.0178670 0.0698694 0.9974110 -0.1083821
0.0000000 0.0000000 0.0000000 1.0000000
-0.1188743 0.9901648 -0.0738622 15.6188002
-0.9927258 -0.1199679 -0.0105419 -57.1376985
-0.0192992 0.0720712 0.9972279 -0.1299957
0.0000000 0.0000000 0.0000000 1.0000000
-0.1195853 0.9898146 -0.0773284 15.4054185
-0.9925910 -0.1208950 -0.0124736 -58.7716028
-0.0216951 0.0752632 0.9969429 -0.1580920
0.0000000 0.0000000 0.0000000 1.0000000
-0.1195994 0.9896602 -0.0792636 15.2002362
-0.9925915 -0.1209257 -0.0121391 -60.3683288
-0.0215984 0.0772240 0.9967956 -0.1852142
0.0000000 0.0000000 0.0000000 1.0000000
-0.1190521 0.9896070 -0.0807386 14.9664894
-0.9926879 -0.1202844 -0.0105644 -62.0318627
-0.0201661 0.0788898 0.9966959 -0.2084718
0.0000000 0.0000000 0.0000000 1.0000000
-0.1198067 0.9894265 -0.0818223 14.7689225
-0.9925845 -0.1210969 -0.0109822 -63.6358664
-0.0207744 0.0798991 0.9966025 -0.2385049
0.0000000 0.0000000 0.0000000 1.0000000
-0.1185380 0.9895253 -0.0824732 14.5704444
-0.9927519 -0.1197806 -0.0102758 -65.2606871
-0.0200467 0.0806566 0.9965564 -0.2558992
0.0000000 0.0000000 0.0000000 1.0000000
-0.1183001 0.9894995 -0.0831285 14.3603119
-0.9927500 -0.1196695 -0.0116773 -66.9304605
-0.0215025 0.0811437 0.9964871 -0.2916709
0.0000000 0.0000000 0.0000000 1.0000000
-0.1187134 0.9891376 -0.0867648 14.1455878
-0.9926868 -0.1201769 -0.0118321 -68.6038735
-0.0221306 0.0847249 0.9961751 -0.3145139
0.0000000 0.0000000 0.0000000 1.0000000
-0.1176335 0.9890281 -0.0894447 13.9798494
-0.9928273 -0.1190861 -0.0110694 -70.1374235
-0.0215994 0.0875003 0.9959470 -0.3483057
0.0000000 0.0000000 0.0000000 1.0000000
-0.1182062 0.9888371 -0.0907958 13.7910476
-0.9927737 -0.1196120 -0.0101878 -71.8360551
-0.0209342 0.0889346 0.9958349 -0.3692405
0.0000000 0.0000000 0.0000000 1.0000000
-0.1209779 0.9883843 -0.0920664 13.6051098
-0.9924611 -0.1222910 -0.0087437 -73.5473716
-0.0199008 0.0903138 0.9957321 -0.3964482
0.0000000 0.0000000 0.0000000 1.0000000
-0.1220830 0.9882055 -0.0925274 13.4076235
-0.9923273 -0.1233900 -0.0085248 -75.2437187
-0.0198411 0.0907759 0.9956919 -0.4188410
0.0000000 0.0000000 0.0000000 1.0000000
-0.1234633 0.9880013 -0.0928750 13.1930589
-0.9921630 -0.1247361 -0.0080121 -76.9157977
-0.0195007 0.0911572 0.9956634 -0.4430775
0.0000000 0.0000000 0.0000000 1.0000000
-0.1272446 0.9875316 -0.0927641 12.9863109
-0.9916588 -0.1286204 -0.0089905 -78.6274908
-0.0208096 0.0908456 0.9956654 -0.4690568
0.0000000 0.0000000 0.0000000 1.0000000
-0.1278352 0.9874315 -0.0930153 12.7458979
-0.9915463 -0.1293650 -0.0105926 -80.3896933
-0.0224922 0.0908740 0.9956264 -0.4947878
0.0000000 0.0000000 0.0000000 1.0000000
-0.1275438 0.9876599 -0.0909695 12.5588142
-0.9915679 -0.1291146 -0.0115821 -82.1053074
-0.0231845 0.0887243 0.9958045 -0.5321233
0.0000000 0.0000000 0.0000000 1.0000000
-0.1286637 0.9875005 -0.0911210 12.3099797
-0.9914362 -0.1301806 -0.0108888 -83.8877905
-0.0226147 0.0889388 0.9957982 -0.5604913
0.0000000 0.0000000 0.0000000 1.0000000
-0.1301231 0.9872991 -0.0912312 12.0937185
-0.9912618 -0.1315692 -0.0100017 -85.6909430
-0.0218777 0.0891318 0.9957971 -0.5978779
0.0000000 0.0000000 0.0000000 1.0000000
-0.1369891 0.9862745 -0.0922543 11.8286494
-0.9903221 -0.1384751 -0.0098818 -87.5215388
-0.0225209 0.0900069 0.9957037 -0.6270557
0.0000000 0.0000000 0.0000000 1.0000000
-0.1399726 0.9859010 -0.0917656 11.6062031
-0.9898888 -0.1415035 -0.0103700 -89.3383005
-0.0232088 0.0893854 0.9957439 -0.6598442
0.0000000 0.0000000 0.0000000 1.0000000
-0.1451430 0.9851780 -0.0915033 11.3397387
-0.9891126 -0.1467676 -0.0112545 -91.1555135
-0.0245172 0.0888727 0.9957592 -0.7042009
0.0000000 0.0000000 0.0000000 1.0000000
-0.1514678 0.9843259 -0.0904198 11.0449888
-0.9881814 -0.1529918 -0.0101364 -93.0141951
-0.0238109 0.0878149 0.9958710 -0.7406952
0.0000000 0.0000000 0.0000000 1.0000000
-0.1542384 0.9838670 -0.0907301 10.7856895
-0.9877690 -0.1556923 -0.0091351 -94.8580061
-0.0231135 0.0882105 0.9958524 -0.7684649
0.0000000 0.0000000 0.0000000 1.0000000
-0.1587085 0.9831520 -0.0907738 10.4832855
-0.9870903 -0.1600306 -0.0074377 -96.7543346
-0.0218388 0.0884205 0.9958636 -0.8022292
0.0000000 0.0000000 0.0000000 1.0000000
-0.1665531 0.9818983 -0.0902884 10.1664823
-0.9858063 -0.1678039 -0.0063988 -98.6156475
-0.0214335 0.0879400 0.9959154 -0.8339628
0.0000000 0.0000000 0.0000000 1.0000000
-0.1743985 0.9805797 -0.0898101 9.8643666
-0.9844394 -0.1756531 -0.0062075 -100.4844885
-0.0218621 0.0873289 0.9959607 -0.8623804
0.0000000 0.0000000 0.0000000 1.0000000
-0.1823327 0.9791816 -0.0893075 9.5552099
-0.9829637 -0.1836959 -0.0072299 -102.3438358
-0.0234845 0.0864665 0.9959998 -0.8967687
0.0000000 0.0000000 0.0000000 1.0000000
-0.1887192 0.9778720 -0.0903876 9.2252608
-0.9817186 -0.1902055 -0.0080530 -104.1969207
-0.0250667 0.0872141 0.9958969 -0.9259543
0.0000000 0.0000000 0.0000000 1.0000000
-0.1962601 0.9761357 -0.0930541 8.8745581
-0.9802285 -0.1977739 -0.0072544 -105.9924453
-0.0254846 0.0897892 0.9956574 -0.9609295
0.0000000 0.0000000 0.0000000 1.0000000
-0.2031735 0.9746101 -0.0942028 8.4785069
-0.9788101 -0.2046987 -0.0067274 -107.9631099
-0.0258394 0.0908384 0.9955540 -0.9947742
0.0000000 0.0000000 0.0000000 1.0000000
-0.2110740 0.9728327 -0.0952012 8.0686351
-0.9771537 -0.2125106 -0.0051052 -109.8727637
-0.0251974 0.0919472 0.9954690 -1.0421493
0.0000000 0.0000000 0.0000000 1.0000000
-0.2175999 0.9712028 -0.0971324 7.6318769
-0.9756904 -0.2191285 -0.0052367 -111.7418113
-0.0263700 0.0936301 0.9952819 -1.0798062
0.0000000 0.0000000 0.0000000 1.0000000
-0.2269546 0.9690343 -0.0973843 7.1635600
-0.9735254 -0.2285483 -0.0053948 -113.7074685
-0.0274843 0.0935804 0.9952560 -1.1238147
0.0000000 0.0000000 0.0000000 1.0000000
-0.2306708 0.9682072 -0.0968795 6.6799141
-0.9726523 -0.2322408 -0.0051081 -115.6907786
-0.0274446 0.0930506 0.9953065 -1.1734230
0.0000000 0.0000000 0.0000000 1.0000000
-0.2405881 0.9658549 -0.0962336 6.2070553
-0.9702196 -0.2421993 -0.0052613 -117.5484901
-0.0283890 0.0921006 0.9953683 -1.2203899
0.0000000 0.0000000 0.0000000 1.0000000
-0.2473821 0.9639630 -0.0979626 5.6915318
-0.9684320 -0.2492159 -0.0067636 -119.5150186
-0.0309333 0.0931956 0.9951909 -1.2727259
0.0000000 0.0000000 0.0000000 1.0000000
-0.2552586 0.9616270 -0.1006750 5.1440426
-0.9663329 -0.2572310 -0.0069134 -121.4566157
-0.0325444 0.0955195 0.9949190 -1.3258071
0.0000000 0.0000000 0.0000000 1.0000000
-0.2643452 0.9590963 -0.1013649 4.5415414
-0.9638603 -0.2663549 -0.0065955 -123.4667821
-0.0333243 0.0959567 0.9948513 -1.3826990
0.0000000 0.0000000 0.0000000 1.0000000
-0.2759800 0.9560099 -0.0994935 3.9453024
-0.9605277 -0.2781007 -0.0078504 -125.3721999
-0.0351739 0.0933984 0.9950312 -1.4517009
0.0000000 0.0000000 0.0000000 1.0000000
-0.2890975 0.9524279 -0.0965526 3.2646549
-0.9566015 -0.2912831 -0.0090663 -127.3955105
-0.0367586 0.0897400 0.9953102 -1.5277687
0.0000000 0.0000000 0.0000000 1.0000000
-0.2984387 0.9497462 -0.0945248 2.5265430
-0.9536827 -0.3006720 -0.0100161 -129.4671451
-0.0379332 0.0871561 0.9954958 -1.5960625
0.0000000 0.0000000 0.0000000 1.0000000
-0.3080382 0.9469026 -0.0922311 1.7978069
-0.9506010 -0.3102629 -0.0104975 -131.0950704
-0.0385556 0.0844399 0.9957065 -1.6608329
0.0000000 0.0000000 0.0000000 1.0000000
-0.3536492 0.9321180 -0.0781462 0.3410577
-0.9345138 -0.3556916 -0.0135314 -135.1929479
-0.0404082 0.0682418 0.9968742 -1.8892620
0.0000000 0.0000000 0.0000000 1.0000000
-0.3703212 0.9259410 -0.0742574 -0.5088839
-0.9279240 -0.3724294 -0.0164159 -137.2253104
-0.0428553 0.0628244 0.9971283 -1.9852959
0.0000000 0.0000000 0.0000000 1.0000000
-0.3856107 0.9200213 -0.0698855 -1.5127446
-0.9216533 -0.3876340 -0.0176525 -139.4643735
-0.0433301 0.0576015 0.9974234 -2.1057081
0.0000000 0.0000000 0.0000000 1.0000000
-0.3926750 0.9173016 -0.0662000 -2.5106483
-0.9186456 -0.3946353 -0.0192112 -141.5263834
-0.0437467 0.0532690 0.9976456 -2.1992751
0.0000000 0.0000000 0.0000000 1.0000000
-0.3998478 0.9145364 -0.0613489 -3.4804323
-0.9155521 -0.4016832 -0.0207603 -143.5123547
-0.0436282 0.0478655 0.9979250 -2.3010072
0.0000000 0.0000000 0.0000000 1.0000000
-0.4247376 0.9033091 -0.0604077 -4.4317295
-0.9042579 -0.4265296 -0.0201486 -145.8684633
-0.0439655 0.0460646 0.9979947 -2.4054450
0.0000000 0.0000000 0.0000000 1.0000000
-0.4358496 0.8977214 -0.0644199 -5.2966239
-0.8988531 -0.4378198 -0.0198204 -147.8434345
-0.0459968 0.0492637 0.9977504 -2.4790037
0.0000000 0.0000000 0.0000000 1.0000000
-0.4406148 0.8953955 -0.0643722 -6.2365915
-0.8965574 -0.4425428 -0.0188791 -149.8128401
-0.0453910 0.0493934 0.9977717 -2.5635786
0.0000000 0.0000000 0.0000000 1.0000000
-0.4470665 0.8922592 -0.0634312 -7.1986776
-0.8934304 -0.4488846 -0.0173297 -151.7733113
-0.0439351 0.0489222 0.9978602 -2.6470431
0.0000000 0.0000000 0.0000000 1.0000000
-0.4537878 0.8888799 -0.0631473 -8.1980960
-0.8900137 -0.4556130 -0.0175499 -153.6284763
-0.0443697 0.0482365 0.9978744 -2.7313490
0.0000000 0.0000000 0.0000000 1.0000000
-0.4569112 0.8873177 -0.0625933 -9.1684321
-0.8884203 -0.4587140 -0.0175064 -155.5286849
-0.0442453 0.0476087 0.9979101 -2.8115522
0.0000000 0.0000000 0.0000000 1.0000000
-0.4634591 0.8838842 -0.0630323 -10.1684464
-0.8849595 -0.4653263 -0.0182804 -157.3858992
-0.0454875 0.0473072 0.9978688 -2.8966973
0.0000000 0.0000000 0.0000000 1.0000000
-0.4690757 0.8808829 -0.0635006 -11.1201761
-0.8819921 -0.4709468 -0.0177627 -159.1804277
-0.0455513 0.0476733 0.9978490 -2.9729259
0.0000000 0.0000000 0.0000000 1.0000000
-0.4731343 0.8786726 -0.0640127 -12.1231888
-0.8797901 -0.4750418 -0.0179193 -161.0395149
-0.0461530 0.0478379 0.9978138 -3.0559952
0.0000000 0.0000000 0.0000000 1.0000000
-0.4776766 0.8760469 -0.0662318 -13.1489490
-0.8772675 -0.4796890 -0.0178162 -162.8979792
-0.0473776 0.0495910 0.9976714 -3.1363440
0.0000000 0.0000000 0.0000000 1.0000000
-0.4811542 0.8740137 -0.0679038 -14.1961603
-0.8752669 -0.4832970 -0.0187052 -164.7660903
-0.0491653 0.0504322 0.9975435 -3.2240251
0.0000000 0.0000000 0.0000000 1.0000000
-0.4844485 0.8721736 -0.0681403 -15.2222844
-0.8734063 -0.4866322 -0.0191977 -166.5806276
-0.0499020 0.0502122 0.9975181 -3.3096676
0.0000000 0.0000000 0.0000000 1.0000000
-0.4877496 0.8704457 -0.0666680 -16.2857363
-0.8716019 -0.4898601 -0.0191029 -168.4819257
-0.0492851 0.0487889 0.9976193 -3.4058445
0.0000000 0.0000000 0.0000000 1.0000000
-0.4893363 0.8695932 -0.0661648 -17.3788740
-0.8707854 -0.4913597 -0.0177760 -170.3999361
-0.0479677 0.0489153 0.9976772 -3.4940445
0.0000000 0.0000000 0.0000000 1.0000000
-0.4929018 0.8676241 -0.0655470 -18.4418512
-0.8688084 -0.4948695 -0.0171444 -172.2673780
-0.0473111 0.0484956 0.9977291 -3.5748918
0.0000000 0.0000000 0.0000000 1.0000000
-0.4948956 0.8665483 -0.0647481 -19.5719958
-0.8677434 -0.4967727 -0.0159964 -174.1727318
-0.0460258 0.0482665 0.9978004 -3.6775399
0.0000000 0.0000000 0.0000000 1.0000000
-0.4980372 0.8648509 -0.0633331 -20.6485955
-0.8659808 -0.4998446 -0.0158072 -176.0872598
-0.0453266 0.0469710 0.9978937 -3.7585195
0.0000000 0.0000000 0.0000000 1.0000000
-0.5032973 0.8616959 -0.0647347 -21.7735303
-0.8628987 -0.5051578 -0.0154260 -177.9100871
-0.0459928 0.0480940 0.9978091 -3.8389262
0.0000000 0.0000000 0.0000000 1.0000000
-0.5071165 0.8593624 -0.0659399 -22.9064117
-0.8605951 -0.5090596 -0.0158588 -179.8040353
-0.0471948 0.0487037 0.9977240 -3.9306320
0.0000000 0.0000000 0.0000000 1.0000000
-0.5095663 0.8579167 -0.0658763 -24.0753200
-0.8590771 -0.5115741 -0.0171919 -181.7136188
-0.0484489 0.0478307 0.9977061 -4.0273534
0.0000000 0.0000000 0.0000000 1.0000000
-0.5137710 0.8553978 -0.0659747 -25.2609168
-0.8565262 -0.5158152 -0.0177274 -183.6147988
-0.0491938 0.0473996 0.9976900 -4.1280614
0.0000000 0.0000000 0.0000000 1.0000000
-0.5170300 0.8534587 -0.0656238 -26.4107418
-0.8545310 -0.5190910 -0.0183670 -185.4948820
-0.0497392 0.0465797 0.9977012 -4.2247516
0.0000000 0.0000000 0.0000000 1.0000000
-0.5198874 0.8516904 -0.0660170 -27.5723489
-0.8527868 -0.5219599 -0.0181110 -187.3591856
-0.0498822 0.0468812 0.9976794 -4.3243321
0.0000000 0.0000000 0.0000000 1.0000000
-0.5236211 0.8493431 -0.0667455 -28.7523094
-0.8504004 -0.5257943 -0.0193682 -189.2483680
-0.0515437 0.0466172 0.9976074 -4.4171116
0.0000000 0.0000000 0.0000000 1.0000000
-0.5268029 0.8472884 -0.0678166 -29.9636994
-0.8484481 -0.5289801 -0.0181922 -191.0918649
-0.0512867 0.0479537 0.9975572 -4.5092822
0.0000000 0.0000000 0.0000000 1.0000000
-0.5317018 0.8440709 -0.0696755 -31.1916138
-0.8453178 -0.5339737 -0.0180093 -192.9712259
-0.0524051 0.0493209 0.9974318 -4.6063143
0.0000000 0.0000000 0.0000000 1.0000000
-0.5353871 0.8417062 -0.0700605 -32.4234753
-0.8430202 -0.5376294 -0.0168918 -194.8597623
-0.0518836 0.0500174 0.9974241 -4.7124507
0.0000000 0.0000000 0.0000000 1.0000000
-0.5391089 0.8392052 -0.0715114 -33.6730208
-0.8405765 -0.5414391 -0.0170000 -196.7323096
-0.0529846 0.0509446 0.9973198 -4.8133958
0.0000000 0.0000000 0.0000000 1.0000000
-0.5436452 0.8362452 -0.0718428 -34.9051295
-0.8376493 -0.5459731 -0.0164646 -198.6167128
-0.0529917 0.0512267 0.9973049 -4.9102303
0.0000000 0.0000000 0.0000000 1.0000000
-0.5483216 0.8331591 -0.0721644 -36.1075782
-0.8345537 -0.5506866 -0.0166975 -200.4435771
-0.0536507 0.0510681 0.9972784 -5.0176747
0.0000000 0.0000000 0.0000000 1.0000000
-0.5527365 0.8302862 -0.0715932 -37.3669458
-0.8316351 -0.5550819 -0.0167710 -202.3014950
-0.0536637 0.0502681 0.9973184 -5.1240086
0.0000000 0.0000000 0.0000000 1.0000000
-0.5553409 0.8285860 -0.0711324 -38.6613099
-0.8299548 -0.5576185 -0.0158309 -204.2514838
-0.0527809 0.0502438 0.9973666 -5.2230496
0.0000000 0.0000000 0.0000000 1.0000000
-0.5569476 0.8276406 -0.0695590 -39.9230339
-0.8289606 -0.5591133 -0.0151865 -206.1532788
-0.0514592 0.0492022 0.9974880 -5.3271379
0.0000000 0.0000000 0.0000000 1.0000000
-0.5596846 0.8256718 -0.0709715 -41.2584538
-0.8271024 -0.5618821 -0.0142711 -208.1131951
-0.0516598 0.0507120 0.9974019 -5.4278202
0.0000000 0.0000000 0.0000000 1.0000000
-0.5639437 0.8225820 -0.0731024 -42.5820702
-0.8240720 -0.5662983 -0.0149807 -210.0013235
-0.0537195 0.0517920 0.9972373 -5.5254697
0.0000000 0.0000000 0.0000000 1.0000000
-0.5658377 0.8212121 -0.0738650 -43.8714010
-0.8225549 -0.5684046 -0.0182273 -211.8331467
-0.0569526 0.0504430 0.9971270 -5.6358841
0.0000000 0.0000000 0.0000000 1.0000000
-0.5718486 0.8169051 -0.0753150 -45.1619741
-0.8182178 -0.5745826 -0.0196658 -213.6619261
-0.0593387 0.0503769 0.9969907 -5.7489992
0.0000000 0.0000000 0.0000000 1.0000000
-0.5707978 0.8175794 -0.0759663 -46.5334221
-0.8189737 -0.5735300 -0.0189027 -215.6708747
-0.0590224 0.0514236 0.9969558 -5.8663509
0.0000000 0.0000000 0.0000000 1.0000000
-0.5703102 0.8179395 -0.0757508 -47.9411084
-0.8192973 -0.5730523 -0.0193635 -217.6153651
-0.0592463 0.0510180 0.9969637 -5.9986000
0.0000000 0.0000000 0.0000000 1.0000000
-0.5766473 0.8134716 -0.0758882 -49.2900340
-0.8147446 -0.5794670 -0.0205306 -219.4688407
-0.0606747 0.0499893 0.9969301 -6.1183266
0.0000000 0.0000000 0.0000000 1.0000000
-0.5801629 0.8109426 -0.0761619 -50.6198112
-0.8121869 -0.5830293 -0.0210154 -221.3647511
-0.0614459 0.0496641 0.9968994 -6.2376180
0.0000000 0.0000000 0.0000000 1.0000000
-0.5856665 0.8070572 -0.0753074 -51.9927831
-0.8081879 -0.5885296 -0.0218635 -223.2782408
-0.0619646 0.0480565 0.9969466 -6.3696455
0.0000000 0.0000000 0.0000000 1.0000000
-0.5904453 0.8035374 -0.0756305 -53.4211346
-0.8045514 -0.5934215 -0.0236806 -225.1929116
-0.0639079 0.0468652 0.9968811 -6.5089964
0.0000000 0.0000000 0.0000000 1.0000000
-0.5960005 0.7994449 -0.0754324 -54.8510138
-0.8004784 -0.5989351 -0.0229099 -227.1467600
-0.0634931 0.0467263 0.9969151 -6.6417218
0.0000000 0.0000000 0.0000000 1.0000000
-0.6006738 0.7959565 -0.0752545 -56.2926124
-0.7969605 -0.6036058 -0.0229795 -229.0517107
-0.0637135 0.0461703 0.9969273 -6.7746513
0.0000000 0.0000000 0.0000000 1.0000000
-0.6061462 0.7916464 -0.0768241 -57.7783842
-0.7927277 -0.6091683 -0.0225974 -230.9700502
-0.0646868 0.0472019 0.9968164 -6.8954141
0.0000000 0.0000000 0.0000000 1.0000000
-0.6110362 0.7878246 -0.0773761 -59.2339642
-0.7889207 -0.6140954 -0.0224834 -232.8418171
-0.0652281 0.0473040 0.9967770 -7.0240702
0.0000000 0.0000000 0.0000000 1.0000000
-0.6181320 0.7823195 -0.0768695 -60.7854431
-0.7833293 -0.6211921 -0.0230191 -234.7516917
-0.0657579 0.0459839 0.9968040 -7.1583918
0.0000000 0.0000000 0.0000000 1.0000000
-0.6223787 0.7788711 -0.0776192 -62.1863028
-0.7798259 -0.6255440 -0.0241020 -236.4937675
-0.0673254 0.0455275 0.9967205 -7.2971992
0.0000000 0.0000000 0.0000000 1.0000000
-0.6268908 0.7752146 -0.0779119 -63.6703722
-0.7761737 -0.6300752 -0.0239630 -238.3344375
-0.0676656 0.0454496 0.9967010 -7.4428367
0.0000000 0.0000000 0.0000000 1.0000000
-0.6319192 0.7709452 -0.0796387 -65.2195262
-0.7719601 -0.6352300 -0.0239927 -240.1630870
-0.0690847 0.0463150 0.9965645 -7.5853922
0.0000000 0.0000000 0.0000000 1.0000000
-0.6351441 0.7682442 -0.0800879 -66.7592283
-0.7694022 -0.6383968 -0.0220135 -241.9845608
-0.0680384 0.0476367 0.9965745 -7.7304844
0.0000000 0.0000000 0.0000000 1.0000000
-0.6384654 0.7653640 -0.0812442 -68.2551011
-0.7665835 -0.6417891 -0.0217204 -243.7123797
-0.0687643 0.0484114 0.9964873 -7.8728223
0.0000000 0.0000000 0.0000000 1.0000000
-0.6420557 0.7622665 -0.0820728 -69.8541490
-0.7636267 -0.6453590 -0.0200373 -245.4946895
-0.0682389 0.0498066 0.9964554 -8.0229511
0.0000000 0.0000000 0.0000000 1.0000000
-0.6462488 0.7586756 -0.0824374 -71.4089449
-0.7601567 -0.6494951 -0.0182654 -247.2547458
-0.0673989 0.0508600 0.9964600 -8.1733464
0.0000000 0.0000000 0.0000000 1.0000000
-0.6508845 0.7545826 -0.0835294 -72.9163602
-0.7561111 -0.6542056 -0.0180938 -249.0115634
-0.0682973 0.0513791 0.9963729 -8.3231196
0.0000000 0.0000000 0.0000000 1.0000000
-0.6541531 0.7517702 -0.0833541 -74.4901479
-0.7533027 -0.6574484 -0.0176954 -250.8627900
-0.0681025 0.0512139 0.9963948 -8.4734553
0.0000000 0.0000000 0.0000000 1.0000000
-0.6586888 0.7478962 -0.0824869 -76.0361625
-0.7493785 -0.6619237 -0.0175017 -252.6591034
-0.0676881 0.0502843 0.9964715 -8.6312312
0.0000000 0.0000000 0.0000000 1.0000000
-0.6627099 0.7442604 -0.0831645 -77.7179621
-0.7457647 -0.6659952 -0.0174170 -254.4306611
-0.0683484 0.0504772 0.9964174 -8.7939054
0.0000000 0.0000000 0.0000000 1.0000000
-0.6652596 0.7421112 -0.0820038 -79.3870763
-0.7435289 -0.6684832 -0.0176810 -256.2798440
-0.0679380 0.0492083 0.9965089 -8.9534014
0.0000000 0.0000000 0.0000000 1.0000000
-0.6697312 0.7381468 -0.0813854 -81.0296093
-0.7394999 -0.6729319 -0.0179038 -258.0791795
-0.0679810 0.0481923 0.9965560 -9.1125167
0.0000000 0.0000000 0.0000000 1.0000000
-0.6736322 0.7345387 -0.0818364 -82.7672666
-0.7358628 -0.6768944 -0.0183986 -259.8551456
-0.0689076 0.0478249 0.9965108 -9.2774866
0.0000000 0.0000000 0.0000000 1.0000000
-0.6751164 0.7329988 -0.0833993 -84.4437490
-0.7343916 -0.6784905 -0.0184037 -261.5603369
-0.0700740 0.0488216 0.9963816 -9.4376090
0.0000000 0.0000000 0.0000000 1.0000000
-0.6796685 0.7288092 -0.0831423 -86.1399325
-0.7301793 -0.6830258 -0.0182559 -263.2786524
-0.0700919 0.0482993 0.9964058 -9.6099619
0.0000000 0.0000000 0.0000000 1.0000000
-0.6825481 0.7260833 -0.0834008 -87.8634973
-0.7274308 -0.6859439 -0.0185636 -265.1173769
-0.0706855 0.0479962 0.9963784 -9.7827598
0.0000000 0.0000000 0.0000000 1.0000000
-0.6853761 0.7234072 -0.0834650 -89.5557256
-0.7246850 -0.6888213 -0.0193961 -266.8384489
-0.0715222 0.0471906 0.9963574 -9.9559533
0.0000000 0.0000000 0.0000000 1.0000000
-0.6900477 0.7188570 -0.0842816 -91.3068104
-0.7201119 -0.6935856 -0.0199289 -268.5545383
-0.0727810 0.0469387 0.9962779 -10.1273085
0.0000000 0.0000000 0.0000000 1.0000000
-0.6922085 0.7167478 -0.0845241 -93.0364825
-0.7179793 -0.6957834 -0.0202594 -270.3057796
-0.0733299 0.0466612 0.9962508 -10.2902941
0.0000000 0.0000000 0.0000000 1.0000000
-0.6953711 0.7138296 -0.0832499 -94.8445722
-0.7149855 -0.6988587 -0.0202805 -272.0571455
-0.0726553 0.0454184 0.9963574 -10.4699819
0.0000000 0.0000000 0.0000000 1.0000000
-0.6971094 0.7124128 -0.0808146 -96.6607690
-0.7134300 -0.7004376 -0.0205903 -273.8533369
-0.0712728 0.0433003 0.9965521 -10.6421924
0.0000000 0.0000000 0.0000000 1.0000000
-0.7010539 0.7087298 -0.0790614 -98.4000208
-0.7096306 -0.7042771 -0.0209288 -275.6306328
-0.0705124 0.0414305 0.9966864 -10.8123090
0.0000000 0.0000000 0.0000000 1.0000000
-0.7067806 0.7030439 -0.0788365 -100.1863533
-0.7037205 -0.7100998 -0.0235584 -277.4465416
-0.0725428 0.0388266 0.9966450 -10.9823057
0.0000000 0.0000000 0.0000000 1.0000000
-0.7117949 0.6981608 -0.0771029 -101.9397709
-0.6985718 -0.7150816 -0.0259910 -279.1881533
-0.0732791 0.0353600 0.9967207 -11.1618672
0.0000000 0.0000000 0.0000000 1.0000000
-0.7149415 0.6949395 -0.0770904 -103.7393525
-0.6951883 -0.7182971 -0.0279689 -280.8891635
-0.0748089 0.0335945 0.9966681 -11.3425555
0.0000000 0.0000000 0.0000000 1.0000000
-0.7199886 0.6897593 -0.0766403 -105.5498889
-0.6900051 -0.7232962 -0.0274743 -282.6192677
-0.0743826 0.0330994 0.9967165 -11.5158894
0.0000000 0.0000000 0.0000000 1.0000000
-0.7210940 0.6884839 -0.0777052 -107.3482007
-0.6887856 -0.7244705 -0.0271267 -284.2919730
-0.0749697 0.0339598 0.9966433 -11.6957862
0.0000000 0.0000000 0.0000000 1.0000000
-0.7239260 0.6855004 -0.0777520 -109.0521527
-0.6858202 -0.7272933 -0.0267262 -285.8610617
-0.0748676 0.0339745 0.9966508 -11.8662122
0.0000000 0.0000000 0.0000000 1.0000000
-0.7262958 0.6829269 -0.0782969 -110.7630183
-0.6832278 -0.7297170 -0.0270565 -287.4507267
-0.0756104 0.0338420 0.9965994 -12.0290442
0.0000000 0.0000000 0.0000000 1.0000000
-0.7285733 0.6803430 -0.0796244 -112.5904978
-0.6805539 -0.7321511 -0.0286503 -289.1057104
-0.0777874 0.0333133 0.9964503 -12.2029170
0.0000000 0.0000000 0.0000000 1.0000000
-0.7319869 0.6766467 -0.0798107 -114.1668408
-0.6766010 -0.7356789 -0.0317313 -290.5463982
-0.0801842 0.0307715 0.9963417 -12.3592362
0.0000000 0.0000000 0.0000000 1.0000000
-0.7336695 0.6749382 -0.0788146 -115.3196955
-0.6747443 -0.7373221 -0.0330881 -291.5572594
-0.0804425 0.0289024 0.9963760 -12.4866134
0.0000000 0.0000000 0.0000000 1.0000000
-0.7365370 0.6718725 -0.0782588 -116.6225752
-0.6714821 -0.7401999 -0.0351257 -292.7569512
-0.0815254 0.0266764 0.9963498 -12.6295565
0.0000000 0.0000000 0.0000000 1.0000000
-0.7408855 0.6667554 -0.0809265 -117.7026954
-0.6664324 -0.7447606 -0.0348846 -293.7396603
-0.0835287 0.0280849 0.9961449 -12.7484088
0.0000000 0.0000000 0.0000000 1.0000000
-0.7437213 0.6636044 -0.0808162 -118.7162479
-0.6631291 -0.7476286 -0.0364573 -294.6251838
-0.0846120 0.0264760 0.9960981 -12.8532508
0.0000000 0.0000000 0.0000000 1.0000000
-0.7486961 0.6581335 -0.0796126 -119.8260130
-0.6573792 -0.7525600 -0.0390379 -295.6162534
-0.0856037 0.0231065 0.9960975 -12.9801520
0.0000000 0.0000000 0.0000000 1.0000000
-0.7526271 0.6536798 -0.0792419 -120.6665890
-0.6527099 -0.7565008 -0.0411668 -296.3449324
-0.0868547 0.0207371 0.9960419 -13.0761146
0.0000000 0.0000000 0.0000000 1.0000000
-0.7543229 0.6516456 -0.0798668 -121.4276193
-0.6505424 -0.7582805 -0.0427043 -297.0141739
-0.0883877 0.0197422 0.9959271 -13.1699009
0.0000000 0.0000000 0.0000000 1.0000000
-0.7560024 0.6498460 -0.0786402 -122.0567245
-0.6485115 -0.7598892 -0.0449395 -297.5878915
-0.0889598 0.0170231 0.9959264 -13.2534310
0.0000000 0.0000000 0.0000000 1.0000000
-0.7601263 0.6450998 -0.0779618 -121.9893124
-0.6435887 -0.7639683 -0.0465217 -297.6078333
-0.0895697 0.0148113 0.9959073 -13.2821251
0.0000000 0.0000000 0.0000000 1.0000000
-0.7640333 0.6407726 -0.0754193 -122.6591183
-0.6389907 -0.7676682 -0.0489380 -298.1966866
-0.0892533 0.0108003 0.9959880 -13.3661891
0.0000000 0.0000000 0.0000000 1.0000000
-0.7694289 0.6344625 -0.0738995 -123.6615644
-0.6322617 -0.7729448 -0.0531055 -299.0654524
-0.0908119 0.0058611 0.9958886 -13.4798482
0.0000000 0.0000000 0.0000000 1.0000000
-0.7691980 0.6344793 -0.0761258 -124.1520466
-0.6321743 -0.7729276 -0.0543815 -299.4973858
-0.0933418 0.0062928 0.9956524 -13.5484513
0.0000000 0.0000000 0.0000000 1.0000000
-0.7682605 0.6357980 -0.0745744 -124.1641582
-0.6332271 -0.7718618 -0.0571958 -299.5021148
-0.0939244 0.0032794 0.9956120 -13.5680152
0.0000000 0.0000000 0.0000000 1.0000000
-0.7700141 0.6339226 -0.0724181 -124.8586784
-0.6310122 -0.7734090 -0.0606665 -300.1000253
-0.0944649 -0.0010192 0.9955655 -13.6590545
0.0000000 0.0000000 0.0000000 1.0000000
-0.7609370 0.6450064 -0.0704697 -125.6158642
-0.6417849 -0.7641809 -0.0644831 -300.8157514
-0.0954419 -0.0038432 0.9954659 -13.7733039
0.0000000 0.0000000 0.0000000 1.0000000
-0.7637247 0.6417867 -0.0697035 -126.7200098
-0.6381405 -0.7668544 -0.0687704 -301.7776297
-0.0975867 -0.0080430 0.9952327 -13.9080161
0.0000000 0.0000000 0.0000000 1.0000000
-0.7662916 0.6390561 -0.0665433 -127.4611799
-0.6350429 -0.7690550 -0.0727522 -302.4783957
-0.0976665 -0.0134937 0.9951653 -14.0009730
0.0000000 0.0000000 0.0000000 1.0000000
-0.7638818 0.6420777 -0.0651463 -127.5685469
-0.6379951 -0.7665103 -0.0737719 -302.5869773
-0.0973009 -0.0147922 0.9951826 -14.0264630
0.0000000 0.0000000 0.0000000 1.0000000
-0.7715049 0.6317340 -0.0756021 -128.7696475
-0.6288913 -0.7751971 -0.0598589 -303.4693227
-0.0964197 0.0013622 0.9953775 -14.2331654
0.0000000 0.0000000 0.0000000 1.0000000
-0.7665753 0.6382984 -0.0704396 -129.7393310
-0.6349710 -0.7697844 -0.0652914 -304.2833149
-0.0958968 -0.0053257 0.9954159 -14.3304092
0.0000000 0.0000000 0.0000000 1.0000000
-0.7578827 0.6490290 -0.0663280 -131.3692941
-0.6453368 -0.7607099 -0.0698517 -305.6645760
-0.0957904 -0.0101377 0.9953883 -14.5134676
0.0000000 0.0000000 0.0000000 1.0000000
-0.7465036 0.6632944 -0.0528851 -132.6562654
-0.6586849 -0.7478940 -0.0825073 -306.7352813
-0.0942774 -0.0267599 0.9952246 -14.6443306
0.0000000 0.0000000 0.0000000 1.0000000
-0.7361764 0.6758017 -0.0368817 -133.7268183
-0.6713864 -0.7360771 -0.0863095 -307.6544874
-0.0854740 -0.0387799 0.9956235 -14.7773522
0.0000000 0.0000000 0.0000000 1.0000000
-0.7337000 0.6785419 -0.0359028 -135.2854518
-0.6748665 -0.7338415 -0.0777830 -308.9827965
-0.0791240 -0.0328425 0.9963617 -14.9079372
0.0000000 0.0000000 0.0000000 1.0000000
-0.7310863 0.6809891 -0.0423173 -136.7316281
-0.6770619 -0.7317456 -0.0784480 -310.2475948
-0.0843859 -0.0287035 0.9960579 -15.0303389
0.0000000 0.0000000 0.0000000 1.0000000
-0.7293394 0.6824648 -0.0482715 -138.3659876
-0.6777605 -0.7303402 -0.0852229 -311.7404878
-0.0934144 -0.0294426 0.9952306 -15.2181418
0.0000000 0.0000000 0.0000000 1.0000000
-0.7310721 0.6805140 -0.0495903 -140.1434383
-0.6747325 -0.7318387 -0.0957491 -313.3911846
-0.1014490 -0.0365421 0.9942089 -15.4447528
0.0000000 0.0000000 0.0000000 1.0000000
-0.7293339 0.6826928 -0.0450312 -141.4670791
-0.6763062 -0.7293350 -0.1034386 -314.6248706
-0.1034579 -0.0449893 0.9936554 -15.6308151
0.0000000 0.0000000 0.0000000 1.0000000
-0.7284904 0.6837166 -0.0431189 -143.0129736
-0.6774653 -0.7283251 -0.1029716 -316.0557379
-0.1018061 -0.0458053 0.9937895 -15.8425273
0.0000000 0.0000000 0.0000000 1.0000000
-0.7301119 0.6819351 -0.0438905 -144.8553054
-0.6758744 -0.7301097 -0.1007613 -317.7397455
-0.1007558 -0.0439055 0.9939815 -16.0519151
0.0000000 0.0000000 0.0000000 1.0000000
-0.7305590 0.6813406 -0.0456448 -146.5128526
-0.6757956 -0.7309709 -0.0948732 -319.2495658
-0.0980042 -0.0384667 0.9944816 -16.2385546
0.0000000 0.0000000 0.0000000 1.0000000
-0.7316600 0.6802405 -0.0444051 -148.2963699
-0.6750832 -0.7320779 -0.0913449 -320.9100753
-0.0946425 -0.0368591 0.9948683 -16.4419212
0.0000000 0.0000000 0.0000000 1.0000000
-0.7350103 0.6766707 -0.0436050 -150.1532210
-0.6717122 -0.7353962 -0.0895194 -322.5970411
-0.0926400 -0.0365104 0.9950691 -16.6505946
0.0000000 0.0000000 0.0000000 1.0000000
-0.7367619 0.6747132 -0.0443647 -151.8764598
-0.6697414 -0.7372117 -0.0893487 -324.1311453
-0.0929889 -0.0361185 0.9950502 -16.8377122
0.0000000 0.0000000 0.0000000 1.0000000
-0.7381080 0.6731422 -0.0458285 -153.7614681
-0.6680431 -0.7386563 -0.0901294 -325.8177223
-0.0945195 -0.0359125 0.9949134 -17.0433733
0.0000000 0.0000000 0.0000000 1.0000000
-0.7381577 0.6730755 -0.0460089 -155.6354298
-0.6680220 -0.7387422 -0.0895811 -327.5018802
-0.0942816 -0.0353927 0.9949546 -17.2444582
0.0000000 0.0000000 0.0000000 1.0000000
-0.7404591 0.6705101 -0.0464949 -157.6301251
-0.6654604 -0.7410804 -0.0893382 -329.3028849
-0.0943566 -0.0352134 0.9949547 -17.4683195
0.0000000 0.0000000 0.0000000 1.0000000
-0.7419913 0.6688037 -0.0466447 -159.6146453
-0.6637395 -0.7426121 -0.0894221 -331.0873388
-0.0944427 -0.0353932 0.9949401 -17.6957381
0.0000000 0.0000000 0.0000000 1.0000000
-0.7439619 0.6665894 -0.0469575 -161.6264863
-0.6613348 -0.7445294 -0.0912795 -332.8991500
-0.0958053 -0.0368566 0.9947571 -17.9149203
0.0000000 0.0000000 0.0000000 1.0000000
-0.7442726 0.6658584 -0.0521284 -163.5498541
-0.6605539 -0.7453859 -0.0899370 -334.5861422
-0.0987391 -0.0325067 0.9946222 -18.1398029
0.0000000 0.0000000 0.0000000 1.0000000
-0.7465772 0.6630932 -0.0543637 -165.5735563
-0.6577317 -0.7479003 -0.0897418 -336.3480436
-0.1001639 -0.0312450 0.9945193 -18.3711342
0.0000000 0.0000000 0.0000000 1.0000000
-0.7477715 0.6618356 -0.0532643 -167.5642341
