1.0000000 0.0000000 0.0000000 0.0000000
0.0000000 1.0000000 0.0000000 0.0000000
0.0000000 0.0000000 1.0000000 0.0000000
0.0000000 0.0000000 0.0000000 1.0000000
0.9999986 0.0012943 0.0009596 1.4291103
-0.0012940 0.9999989 -0.0003284 -0.0237244
-0.0009600 0.0003272 0.9999993 0.0182574
0.0000000 0.0000000 0.0000000 1.0000000
0.9999989 -0.0011774 0.0010078 2.9074411
0.0011784 0.9999986 -0.0009501 -0.0306902
-0.0010067 0.0009513 0.9999990 0.0268712
0.0000000 0.0000000 0.0000000 1.0000000
0.9999941 -0.0032031 0.0014264 4.3912550
0.0032040 0.9999944 -0.0005109 -0.0208600
-0.0014247 0.0005155 0.9999988 0.0384146
0.0000000 0.0000000 0.0000000 1.0000000
0.9999912 -0.0041589 0.0008523 5.9587791
0.0041591 0.9999912 -0.0001196 -0.0243724
-0.0008518 0.0001232 0.9999998 0.0458546
0.0000000 0.0000000 0.0000000 1.0000000
0.9999842 -0.0055717 0.0008635 7.3941428
0.0055723 0.9999842 -0.0007124 -0.0218366
-0.0008595 0.0007172 0.9999995 0.0524925
0.0000000 0.0000000 0.0000000 1.0000000
0.9999819 -0.0059574 0.0008081 8.8688591
0.0059588 0.9999808 -0.0017218 -0.0653362
-0.0007978 0.0017266 0.9999983 0.0651371
0.0000000 0.0000000 0.0000000 1.0000000
0.9999536 -0.0096056 0.0007640 10.3311470
0.0096080 0.9999489 -0.0032398 -0.0538256
-0.0007329 0.0032470 0.9999950 0.0696562
0.0000000 0.0000000 0.0000000 1.0000000
0.9999202 -0.0125355 0.0017300 11.8310550
0.0125393 0.9999193 -0.0022310 -0.0854386
-0.0017019 0.0022525 0.9999972 0.0820417
0.0000000 0.0000000 0.0000000 1.0000000
0.9998970 -0.0142071 0.0020492 13.3000196
0.0142112 0.9998970 -0.0020178 -0.0754358
-0.0020204 0.0020467 0.9999964 0.0902135
0.0000000 0.0000000 0.0000000 1.0000000
0.9998643 -0.0161947 0.0029162 14.7031928
0.0161960 0.9998688 -0.0004433 -0.0735725
-0.0029086 0.0004904 0.9999957 0.0930305
0.0000000 0.0000000 0.0000000 1.0000000
0.9998258 -0.0183494 0.0033615 16.1472078
0.0183483 0.9998316 0.0003541 -0.0469647
-0.0033674 -0.0002924 0.9999945 0.0902373
0.0000000 0.0000000 0.0000000 1.0000000
0.9998249 -0.0182484 0.0041597 17.5798195
0.0182451 0.9998332 0.0008123 -0.0366032
-0.0041738 -0.0007362 0.9999915 0.0952559
0.0000000 0.0000000 0.0000000 1.0000000
0.9997999 -0.0196249 0.0039387 19.0308496
0.0196207 0.9998070 0.0010781 -0.0306168
-0.0039591 -0.0010006 0.9999924 0.0964685
0.0000000 0.0000000 0.0000000 1.0000000
0.9998226 -0.0186156 0.0030973 20.5537202
0.0186099 0.9998253 0.0018144 -0.0757151
-0.0031306 -0.0017564 0.9999948 0.1014547
0.0000000 0.0000000 0.0000000 1.0000000
0.9998154 -0.0189579 0.0033871 22.0687780
0.0189468 0.9998155 0.0032592 -0.0840105
-0.0034482 -0.0031944 0.9999905 0.1093062
0.0000000 0.0000000 0.0000000 1.0000000
0.9998301 -0.0180725 0.0039606 23.6154049
0.0180625 0.9998342 0.0025061 -0.0694771
-0.0040052 -0.0024341 0.9999915 0.1214819
0.0000000 0.0000000 0.0000000 1.0000000
0.9998996 -0.0139704 0.0030720 25.1117435
0.0139621 0.9999002 0.0026503 -0.0699338
-0.0031088 -0.0026070 0.9999956 0.1383342
0.0000000 0.0000000 0.0000000 1.0000000
0.9999105 -0.0133093 0.0022287 26.5432108
0.0133045 0.9999102 0.0020860 -0.0204656
-0.0022562 -0.0020561 0.9999987 0.1518424
0.0000000 0.0000000 0.0000000 1.0000000
0.9999390 -0.0111149 0.0014492 27.9507038
0.0111140 0.9999393 0.0006259 -0.0294750
-0.0014561 -0.0006097 1.0000028 0.1619055
0.0000000 0.0000000 0.0000000 1.0000000
0.9999410 -0.0105940 0.0029369 29.3712365
0.0105976 0.9999443 -0.0012152 -0.0367900
-0.0029238 0.0012464 0.9999986 0.1689367
0.0000000 0.0000000 0.0000000 1.0000000
0.9999694 -0.0068799 0.0041393 30.7296703
0.0068945 0.9999716 -0.0034720 -0.0379550
-0.0041153 0.0035006 0.9999893 0.1800204
0.0000000 0.0000000 0.0000000 1.0000000
0.9999752 -0.0067314 0.0027800 32.0343824
0.0067437 0.9999692 -0.0043737 -0.0305574
-0.0027505 0.0043924 0.9999908 0.1850577
0.0000000 0.0000000 0.0000000 1.0000000
1.0000014 -0.0000522 0.0013965 33.3460354
0.0000583 0.9999915 -0.0043939 -0.0680609
-0.0013963 0.0043941 0.9999939 0.2005381
0.0000000 0.0000000 0.0000000 1.0000000
1.0000015 0.0003836 0.0014643 34.6714818
-0.0003788 0.9999957 -0.0033477 -0.0695534
-0.0014656 0.0033472 0.9999984 0.2107297
0.0000000 0.0000000 0.0000000 1.0000000
0.9999944 0.0040037 0.0007014 35.8429839
-0.0040021 0.9999897 -0.0026531 -0.0801874
-0.0007120 0.0026503 1.0000012 0.2289296
0.0000000 0.0000000 0.0000000 1.0000000
0.9999973 0.0025699 0.0020873 37.0551941
-0.0025644 0.9999946 -0.0027010 -0.0936664
-0.0020942 0.0026957 0.9999997 0.2395486
0.0000000 0.0000000 0.0000000 1.0000000
0.9999734 0.0067315 0.0035906 38.3614854
-0.0067183 0.9999720 -0.0037043 -0.0495117
-0.0036155 0.0036801 0.9999918 0.2519124
0.0000000 0.0000000 0.0000000 1.0000000
0.9999338 0.0108182 0.0044837 39.5675788
-0.0107970 0.9999324 -0.0047039 -0.0684394
-0.0045344 0.0046552 0.9999841 0.2720772
0.0000000 0.0000000 0.0000000 1.0000000
0.9998874 0.0143484 0.0049753 40.7210653
-0.0143242 0.9998871 -0.0048774 -0.0573417
-0.0050447 0.0048056 0.9999810 0.2799518
0.0000000 0.0000000 0.0000000 1.0000000
0.9997924 0.0201379 0.0038764 41.9027746
-0.0201185 0.9997870 -0.0049725 -0.1107797
-0.0039757 0.0048935 0.9999855 0.2924981
0.0000000 0.0000000 0.0000000 1.0000000
0.9996719 0.0256769 0.0017133 43.0706816
-0.0256648 0.9996501 -0.0067013 -0.1477129
-0.0018848 0.0066552 0.9999823 0.3104296
0.0000000 0.0000000 0.0000000 1.0000000
0.9994873 0.0321220 0.0002057 44.2833362
-0.0321196 0.9994586 -0.0073735 -0.2114269
-0.0004425 0.0073632 0.9999789 0.3270894
0.0000000 0.0000000 0.0000000 1.0000000
0.9993564 0.0359471 0.0009446 45.3670703
-0.0359388 0.9993282 -0.0074728 -0.2950381
-0.0012126 0.0074341 0.9999782 0.3360128
0.0000000 0.0000000 0.0000000 1.0000000
0.9989650 0.0455489 0.0009082 46.3327986
-0.0455395 0.9989306 -0.0082672 -0.4003088
-0.0012839 0.0082174 0.9999720 0.3502821
0.0000000 0.0000000 0.0000000 1.0000000
0.9986373 0.0522450 0.0006370 47.3569448
-0.0522374 0.9986015 -0.0084029 -0.4210921
-0.0010751 0.0083583 0.9999710 0.3558599
0.0000000 0.0000000 0.0000000 1.0000000
0.9979938 0.0633595 0.0006508 48.2954971
-0.0633512 0.9979572 -0.0085302 -0.5163506
-0.0011900 0.0084720 0.9999703 0.3631891
0.0000000 0.0000000 0.0000000 1.0000000
0.9976469 0.0685875 0.0017613 49.3223850
-0.0685705 0.9976145 -0.0082485 -0.5386220
-0.0023229 0.0081084 0.9999713 0.3720760
0.0000000 0.0000000 0.0000000 1.0000000
0.9970626 0.0765565 0.0034180 50.2608257
-0.0765258 0.9970355 -0.0082912 -0.5967128
-0.0040427 0.0080053 0.9999665 0.3823480
0.0000000 0.0000000 0.0000000 1.0000000
0.9959199 0.0901992 0.0038179 51.2352265
-0.0901736 0.9959080 -0.0063741 -0.7124557
-0.0043773 0.0060040 0.9999794 0.3887056
0.0000000 0.0000000 0.0000000 1.0000000
0.9947047 0.1027177 0.0043583 52.2175019
-0.1026911 0.9946978 -0.0059440 -0.8126185
-0.0049458 0.0054651 0.9999800 0.3993776
0.0000000 0.0000000 0.0000000 1.0000000
0.9930743 0.1173746 0.0058125 53.3161094
-0.1173448 0.9930798 -0.0052085 -0.8636993
-0.0063836 0.0044904 0.9999767 0.4060639
0.0000000 0.0000000 0.0000000 1.0000000
0.9911156 0.1328362 0.0072234 54.2600934
-0.1327995 0.9911305 -0.0053714 -0.9872336
-0.0078729 0.0043645 0.9999670 0.4130318
0.0000000 0.0000000 0.0000000 1.0000000
0.9882923 0.1524061 0.0076694 55.1240143
-0.1523483 0.9882995 -0.0076493 -1.1187520
-0.0087456 0.0063914 0.9999492 0.4225501
0.0000000 0.0000000 0.0000000 1.0000000
0.9849142 0.1729055 0.0075239 56.0979530
-0.1728465 0.9849189 -0.0079452 -1.3472539
-0.0087843 0.0065250 0.9999482 0.4220521
0.0000000 0.0000000 0.0000000 1.0000000
0.9808491 0.1946404 0.0076796 57.0220359
-0.1945565 0.9808363 -0.0105482 -1.5737898
-0.0095856 0.0088522 0.9999227 0.4194456
0.0000000 0.0000000 0.0000000 1.0000000
0.9761048 0.2171413 0.0088913 58.0330524
-0.2169896 0.9760522 -0.0155343 -1.8208466
-0.0120516 0.0132340 0.9998483 0.4262241
0.0000000 0.0000000 0.0000000 1.0000000
0.9704805 0.2410413 0.0087661 59.0233339
-0.2408108 0.9703331 -0.0216273 -2.0339011
-0.0137192 0.0188780 0.9997364 0.4223365
0.0000000 0.0000000 0.0000000 1.0000000
0.9639254 0.2660938 0.0072223 60.0411872
-0.2658162 0.9636480 -0.0269874 -2.3583016
-0.0141410 0.0240941 0.9996187 0.4209141
0.0000000 0.0000000 0.0000000 1.0000000
0.9555704 0.2947491 0.0043366 60.9776032
-0.2944714 0.9551327 -0.0318106 -2.7283716
-0.0135182 0.0291205 0.9994938 0.4231541
0.0000000 0.0000000 0.0000000 1.0000000
0.9472231 0.3205632 0.0041386 61.8319531
-0.3202335 0.9466954 -0.0349449 -3.0597801
-0.0151202 0.0317755 0.9993888 0.4181804
0.0000000 0.0000000 0.0000000 1.0000000
0.9368388 0.3497506 0.0041267 62.6723038
-0.3493623 0.9362378 -0.0375201 -3.4892000
-0.0169864 0.0337087 0.9992956 0.4068433
0.0000000 0.0000000 0.0000000 1.0000000
0.9258155 0.3779619 0.0045256 63.5081598
-0.3774821 0.9251247 -0.0406846 -3.9102222
-0.0195641 0.0359583 0.9991709 0.3941055
0.0000000 0.0000000 0.0000000 1.0000000
0.9134693 0.4069023 0.0037886 64.4222735
-0.4063671 0.9126698 -0.0436188 -4.3336582
-0.0212064 0.0383050 0.9990499 0.3953038
0.0000000 0.0000000 0.0000000 1.0000000
0.8988996 0.4381663 -0.0009664 65.2851375
-0.4378026 0.8980551 -0.0427768 -4.8233942
-0.0178756 0.0388753 0.9990939 0.3734080
0.0000000 0.0000000 0.0000000 1.0000000
0.8841556 0.4671627 -0.0062543 66.0363824
-0.4669737 0.8832149 -0.0432554 -5.2993755
-0.0146835 0.0411653 0.9990541 0.3655419
0.0000000 0.0000000 0.0000000 1.0000000
0.8680539 0.4964057 -0.0086325 66.7362437
-0.4962654 0.8670310 -0.0445167 -5.7974932
-0.0146138 0.0429271 0.9989808 0.3546860
0.0000000 0.0000000 0.0000000 1.0000000
0.8496390 0.5273271 -0.0071146 67.5291892
-0.5270662 0.8486001 -0.0456424 -6.3739708
-0.0180311 0.0425295 0.9989423 0.3491463
0.0000000 0.0000000 0.0000000 1.0000000
0.8306164 0.5568526 -0.0014735 68.3298685
-0.5563430 0.8297349 -0.0450175 -6.9529141
-0.0238456 0.0382122 0.9989949 0.3300880
0.0000000 0.0000000 0.0000000 1.0000000
0.8087242 0.5881971 0.0005953 69.1561792
-0.5875341 0.8078571 -0.0466355 -7.4779560
-0.0279119 0.0373656 0.9989221 0.3135642
0.0000000 0.0000000 0.0000000 1.0000000
0.7870882 0.6168500 -0.0003460 69.7858456
-0.6162843 0.7863386 -0.0432421 -7.9336727
-0.0264020 0.0342487 0.9990760 0.3029500
0.0000000 0.0000000 0.0000000 1.0000000
0.7655208 0.6434117 -0.0032434 70.4917144
-0.6430499 0.7648984 -0.0377064 -8.4014904
-0.0217799 0.0309509 0.9992947 0.2875041
0.0000000 0.0000000 0.0000000 1.0000000
0.7407477 0.6717804 -0.0038448 71.0983922
-0.6714503 0.7401755 -0.0360418 -9.0065199
-0.0213664 0.0292796 0.9993538 0.2664043
0.0000000 0.0000000 0.0000000 1.0000000
0.7161453 0.6979528 -0.0029527 71.7501500
-0.6975228 0.7155399 -0.0383248 -9.7241577
-0.0246363 0.0295058 0.9992718 0.2591901
0.0000000 0.0000000 0.0000000 1.0000000
0.6915973 0.7222852 -0.0028140 72.3486469
-0.7218122 0.6909911 -0.0390235 -10.3207317
-0.0262417 0.0290199 0.9992453 0.2366062
0.0000000 0.0000000 0.0000000 1.0000000
0.6661273 0.7458282 -0.0051008 73.0285122
-0.7454224 0.6655012 -0.0381888 -11.0067833
-0.0250879 0.0292410 0.9992688 0.2330414
0.0000000 0.0000000 0.0000000 1.0000000
0.6387344 0.7694163 -0.0053399 73.4868218
-0.7690458 0.6381735 -0.0361684 -11.6437451
-0.0244209 0.0272088 0.9993432 0.2173776
0.0000000 0.0000000 0.0000000 1.0000000
0.6126440 0.7903488 -0.0052446 74.0259193
-0.7899876 0.6121311 -0.0349322 -12.3219757
-0.0243984 0.0255444 0.9993877 0.1917500
0.0000000 0.0000000 0.0000000 1.0000000
0.5835737 0.8120470 -0.0057103 74.5794983
-0.8116811 0.5830646 -0.0348464 -13.0138823
-0.0249676 0.0249705 0.9993881 0.1791504
0.0000000 0.0000000 0.0000000 1.0000000
0.5564802 0.8308384 -0.0070235 75.0582965
-0.8305949 0.5560595 -0.0302600 -13.6753189
-0.0212358 0.0226729 0.9995301 0.1652804
0.0000000 0.0000000 0.0000000 1.0000000
0.5265024 0.8501269 -0.0095370 75.5208606
-0.8500649 0.5262122 -0.0222648 -14.4507926
-0.0139095 0.0198297 0.9997190 0.1468858
0.0000000 0.0000000 0.0000000 1.0000000
0.4946341 0.8690290 -0.0117239 76.0212918
-0.8690718 0.4944463 -0.0155785 -15.1928353
-0.0077414 0.0178946 0.9998226 0.1354502
0.0000000 0.0000000 0.0000000 1.0000000
0.4625901 0.8865136 -0.0107581 76.4439628
-0.8865591 0.4624655 -0.0120049 -15.9544811
-0.0056673 0.0150912 0.9998831 0.1253106
0.0000000 0.0000000 0.0000000 1.0000000
0.4313019 0.9021774 -0.0081558 76.7986693
-0.9021828 0.4311936 -0.0119979 -16.8288754
-0.0073075 0.0125328 0.9999079 0.1209343
0.0000000 0.0000000 0.0000000 1.0000000
0.3946982 0.9188146 -0.0024290 77.1029722
-0.9187402 0.3946267 -0.0138927 -17.6989669
-0.0118064 0.0077152 0.9999148 0.1178532
0.0000000 0.0000000 0.0000000 1.0000000
0.3598877 0.9329999 0.0024366 77.4635678
-0.9329145 0.3598851 -0.0126860 -18.5569306
-0.0127130 0.0022925 0.9999318 0.1085387
0.0000000 0.0000000 0.0000000 1.0000000
0.3269330 0.9450060 0.0096045 77.8083338
-0.9449450 0.3270286 -0.0118053 -19.2434285
-0.0142971 -0.0052161 0.9998993 0.1000336
0.0000000 0.0000000 0.0000000 1.0000000
0.2970328 0.9547490 0.0154871 78.1506340
-0.9547442 0.2972158 -0.0116164 -19.9262673
-0.0156938 -0.0113357 0.9998282 0.0822549
0.0000000 0.0000000 0.0000000 1.0000000
0.2644562 0.9642300 0.0183578 78.4288399
-0.9642568 0.2646953 -0.0124042 -20.7478102
-0.0168199 -0.0144212 0.9997701 0.0678047
0.0000000 0.0000000 0.0000000 1.0000000
0.2314448 0.9726408 0.0204001 78.7628476
-0.9726915 0.2317330 -0.0133762 -21.4989296
-0.0177378 -0.0167471 0.9997174 0.0539466
0.0000000 0.0000000 0.0000000 1.0000000
0.1988944 0.9798149 0.0204094 79.0126129
-0.9798525 0.1992029 -0.0146627 -22.3444441
-0.0184325 -0.0170819 0.9996988 0.0404172
0.0000000 0.0000000 0.0000000 1.0000000
0.1613927 0.9867209 0.0186339 79.1963159
-0.9867241 0.1616829 -0.0155400 -23.2656961
-0.0183465 -0.0158784 0.9997202 0.0164935
0.0000000 0.0000000 0.0000000 1.0000000
0.1315157 0.9912411 0.0125710 79.3330117
-0.9911404 0.1317178 -0.0172846 -24.1756380
-0.0187892 -0.0101864 0.9997865 0.0096088
0.0000000 0.0000000 0.0000000 1.0000000
0.0980792 0.9951166 0.0117324 79.4072778
-0.9950507 0.0982477 -0.0151446 -25.2243888
-0.0162235 -0.0101889 0.9998317 0.0053907
0.0000000 0.0000000 0.0000000 1.0000000
0.0684369 0.9975956 0.0115539 79.5017845
-0.9976067 0.0685440 -0.0094828 -26.2138400
-0.0102521 -0.0108772 0.9999033 -0.0236884
0.0000000 0.0000000 0.0000000 1.0000000
0.0474764 0.9988688 0.0046377 79.6224951
-0.9988495 0.0475047 -0.0070319 -27.2743846
-0.0072443 -0.0042985 0.9999793 -0.0252646
0.0000000 0.0000000 0.0000000 1.0000000
0.0313459 0.9995160 0.0002699 80.0448285
-0.9994774 0.0313436 -0.0083128 -28.2801784
-0.0083173 -0.0000092 0.9999805 -0.0465951
0.0000000 0.0000000 0.0000000 1.0000000
0.0271193 0.9996391 -0.0009221 80.0998396
-0.9995812 0.0271047 -0.0104801 -29.5081995
-0.0104515 0.0012060 0.9999601 -0.0635317
0.0000000 0.0000000 0.0000000 1.0000000
0.0170866 0.9998563 -0.0032346 80.1034820
-0.9997852 0.0170429 -0.0120513 -30.6349661
-0.0119946 0.0034399 0.9999375 -0.0730915
0.0000000 0.0000000 0.0000000 1.0000000
0.0125165 0.9999150 -0.0053067 80.1240748
-0.9998775 0.0124606 -0.0098021 -31.6641834
-0.0097352 0.0054288 0.9999532 -0.0817684
0.0000000 0.0000000 0.0000000 1.0000000
-0.0010339 0.9999784 -0.0075826 80.1209102
-0.9999879 -0.0010786 -0.0054262 -32.6295979
-0.0054343 0.0075771 0.9999721 -0.0941228
0.0000000 0.0000000 0.0000000 1.0000000
-0.0052872 0.9999385 -0.0105194 80.0903757
-0.9999885 -0.0053078 -0.0016200 -33.6976870
-0.0016758 0.0105108 0.9999600 -0.0971987
0.0000000 0.0000000 0.0000000 1.0000000
-0.0118011 0.9998122 -0.0158880 80.0594919
-0.9999331 -0.0117830 0.0014484 -34.6301042
0.0012609 0.0159042 0.9998895 -0.0996140
0.0000000 0.0000000 0.0000000 1.0000000
-0.0137684 0.9997473 -0.0182125 79.9833615
-0.9998912 -0.0136617 0.0061575 -35.6088313
0.0059071 0.0182954 0.9998317 -0.0953993
0.0000000 0.0000000 0.0000000 1.0000000
-0.0160148 0.9996769 -0.0201494 79.9447172
-0.9998250 -0.0158116 0.0103699 -36.5873631
0.0100479 0.0203121 0.9997602 -0.0958662
0.0000000 0.0000000 0.0000000 1.0000000
-0.0173404 0.9996193 -0.0218399 79.9074630
-0.9997622 -0.0170431 0.0138787 -37.5504897
0.0135012 0.0220756 0.9996822 -0.0807725
0.0000000 0.0000000 0.0000000 1.0000000
-0.0173131 0.9996112 -0.0222269 79.8663983
-0.9997258 -0.0169543 0.0163834 -38.5069868
0.0160002 0.0225046 0.9996358 -0.0673763
0.0000000 0.0000000 0.0000000 1.0000000
-0.0192509 0.9995656 -0.0226983 79.8169912
-0.9996329 -0.0188082 0.0197049 -39.4983532
0.0192694 0.0230695 0.9995659 -0.0499601
0.0000000 0.0000000 0.0000000 1.0000000
-0.0231178 0.9994892 -0.0224545 79.7387646
-0.9994940 -0.0226149 0.0225443 -40.4176931
0.0220250 0.0229645 0.9995114 -0.0305775
0.0000000 0.0000000 0.0000000 1.0000000
-0.0259391 0.9993680 -0.0246571 79.6787607
-0.9994029 -0.0253601 0.0236449 -41.2711139
0.0230046 0.0252559 0.9994342 -0.0072660
0.0000000 0.0000000 0.0000000 1.0000000
-0.0275393 0.9992961 -0.0258122 79.6621562
-0.9993808 -0.0269560 0.0228073 -42.2610021
0.0220955 0.0264245 0.9994247 0.0040134
0.0000000 0.0000000 0.0000000 1.0000000
-0.0294992 0.9992268 -0.0263304 79.6478893
-0.9993431 -0.0289256 0.0220277 -43.2454337
0.0212491 0.0269631 0.9994288 0.0251980
0.0000000 0.0000000 0.0000000 1.0000000
-0.0290356 0.9992653 -0.0253560 79.5862068
-0.9993382 -0.0284617 0.0228365 -44.1567700
0.0220981 0.0260025 0.9994354 0.0445419
0.0000000 0.0000000 0.0000000 1.0000000
-0.0302338 0.9992682 -0.0237792 79.5308328
-0.9992554 -0.0296454 0.0248556 -45.1074378
0.0241325 0.0245131 0.9994257 0.0567115
0.0000000 0.0000000 0.0000000 1.0000000
-0.0330823 0.9992110 -0.0223417 79.4825602
-0.9991185 -0.0324852 0.0267257 -46.1400123
0.0259789 0.0232064 0.9994104 0.0764919
0.0000000 0.0000000 0.0000000 1.0000000
-0.0343064 0.9992245 -0.0197246 79.4058327
-0.9989836 -0.0337082 0.0300599 -47.2731125
0.0293718 0.0207360 0.9993708 0.0987500
0.0000000 0.0000000 0.0000000 1.0000000
-0.0353507 0.9992521 -0.0161712 79.3171627
-0.9988009 -0.0347788 0.0345667 -48.4059769
0.0339786 0.0173740 0.9992888 0.1315613
0.0000000 0.0000000 0.0000000 1.0000000
-0.0388230 0.9991613 -0.0136325 79.1950315
-0.9985458 -0.0382831 0.0380645 -49.5858581
0.0375108 0.0150906 0.9992000 0.1782985
0.0000000 0.0000000 0.0000000 1.0000000
-0.0371190 0.9992395 -0.0125887 79.1373254
-0.9986683 -0.0366422 0.0364305 -50.6429144
0.0359417 0.0139244 0.9992743 0.2310326
0.0000000 0.0000000 0.0000000 1.0000000
-0.0449177 0.9989285 -0.0118409 79.1664550
-0.9984536 -0.0445034 0.0334418 -51.7966093
0.0328791 0.0133248 0.9993881 0.2617615
0.0000000 0.0000000 0.0000000 1.0000000
-0.0424078 0.9990354 -0.0120737 79.1080520
-0.9986422 -0.0420207 0.0309362 -52.8907144
0.0303991 0.0133694 0.9994666 0.3057221
0.0000000 0.0000000 0.0000000 1.0000000
-0.0478943 0.9987869 -0.0121352 79.0691139
-0.9983780 -0.0474949 0.0315491 -53.8843460
0.0309345 0.0136267 0.9994471 0.3364237
0.0000000 0.0000000 0.0000000 1.0000000
-0.0519019 0.9985848 -0.0122859 79.0117645
-0.9981251 -0.0514722 0.0332717 -54.8051635
0.0325923 0.0139899 0.9993896 0.3662394
0.0000000 0.0000000 0.0000000 1.0000000
-0.0537486 0.9984921 -0.0118954 78.9370566
-0.9979646 -0.0533049 0.0351468 -55.8571786
0.0344599 0.0137604 0.9993303 0.4012826
0.0000000 0.0000000 0.0000000 1.0000000
-0.0533219 0.9985156 -0.0118428 78.9218224
-0.9979854 -0.0528796 0.0351993 -56.8547510
0.0345209 0.0136960 0.9993293 0.4371579
0.0000000 0.0000000 0.0000000 1.0000000
-0.0547228 0.9984651 -0.0094968 78.8922428
-0.9979146 -0.0543637 0.0349491 -57.8563238
0.0343792 0.0113897 0.9993638 0.4681092
0.0000000 0.0000000 0.0000000 1.0000000
-0.0579297 0.9983105 -0.0061028 78.8297879
-0.9977514 -0.0576912 0.0342621 -58.8106131
0.0338522 0.0080740 0.9994137 0.4995827
0.0000000 0.0000000 0.0000000 1.0000000
-0.0587584 0.9982781 -0.0022820 78.7211171
-0.9976542 -0.0586441 0.0354625 -59.7930671
0.0352676 0.0043605 0.9993883 0.5370850
0.0000000 0.0000000 0.0000000 1.0000000
-0.0566499 0.9984008 0.0018346 78.6404245
-0.9977675 -0.0566828 0.0354724 -60.7925479
0.0355197 0.0001791 0.9993891 0.5749955
0.0000000 0.0000000 0.0000000 1.0000000
-0.0601501 0.9981889 0.0042476 78.6115417
-0.9975920 -0.0602644 0.0344907 -61.7277348
0.0346843 -0.0021627 0.9994166 0.6056734
0.0000000 0.0000000 0.0000000 1.0000000
-0.0611779 0.9981280 0.0038867 78.5518335
-0.9976478 -0.0612723 0.0309136 -62.8167192
0.0310939 -0.0019863 0.9995353 0.6419248
0.0000000 0.0000000 0.0000000 1.0000000
-0.0629201 0.9980252 0.0021443 78.4065219
-0.9977463 -0.0629561 0.0234401 -63.8848583
0.0235288 -0.0006646 0.9997439 0.6763620
0.0000000 0.0000000 0.0000000 1.0000000
-0.0638266 0.9979655 -0.0028956 78.2862392
-0.9978104 -0.0637683 0.0178656 -64.9883684
0.0176445 0.0040297 0.9998573 0.7005429
0.0000000 0.0000000 0.0000000 1.0000000
-0.0650608 0.9978554 -0.0083342 78.1345254
-0.9977075 -0.0648919 0.0194908 -66.0685776
0.0189081 0.0095834 0.9997965 0.7341094
0.0000000 0.0000000 0.0000000 1.0000000
-0.0666888 0.9977073 -0.0122904 78.0241529
-0.9974989 -0.0663763 0.0245133 -67.1696421
0.0236412 0.0138946 0.9996455 0.7611986
0.0000000 0.0000000 0.0000000 1.0000000
-0.0688559 0.9975235 -0.0149554 77.9497375
-0.9972085 -0.0683855 0.0301681 -68.1999453
0.0290706 0.0169912 0.9994546 0.7770915
0.0000000 0.0000000 0.0000000 1.0000000
-0.0708614 0.9973826 -0.0150080 77.8563333
-0.9969943 -0.0703461 0.0326550 -69.1950778
0.0315137 0.0172771 0.9993765 0.8248889
0.0000000 0.0000000 0.0000000 1.0000000
-0.0753350 0.9970845 -0.0128721 77.8086479
-0.9966627 -0.0748848 0.0326867 -70.2605383
0.0316274 0.0152918 0.9994054 0.8428676
0.0000000 0.0000000 0.0000000 1.0000000
-0.0770549 0.9969532 -0.0128450 77.7712514
-0.9966529 -0.0766668 0.0286193 -71.3436460
0.0275472 0.0150075 0.9995307 0.8706537
0.0000000 0.0000000 0.0000000 1.0000000
-0.0799181 0.9967539 -0.0106378 77.6986625
-0.9964837 -0.0796190 0.0263597 -72.4494056
0.0254270 0.0127072 0.9996191 0.9028261
0.0000000 0.0000000 0.0000000 1.0000000
-0.0807727 0.9967029 -0.0088280 77.6148805
-0.9964068 -0.0805173 0.0265603 -73.4355066
0.0257618 0.0109417 0.9996321 0.9212286
0.0000000 0.0000000 0.0000000 1.0000000
-0.0800198 0.9967783 -0.0069191 77.4725608
-0.9963606 -0.0797801 0.0302631 -74.4841188
0.0296135 0.0093157 0.9995417 0.9542525
0.0000000 0.0000000 0.0000000 1.0000000
-0.0821197 0.9966159 -0.0056502 77.3267461
-0.9960828 -0.0818893 0.0335851 -75.6478031
0.0330087 0.0083862 0.9994436 0.9938782
0.0000000 0.0000000 0.0000000 1.0000000
-0.0823742 0.9965963 -0.0053924 77.2388182
-0.9961094 -0.0821643 0.0320832 -76.7370365
0.0315308 0.0080144 0.9994944 1.0298090
0.0000000 0.0000000 0.0000000 1.0000000
-0.0840594 0.9964450 -0.0070682 77.0126781
-0.9961034 -0.0838384 0.0276382 -78.0346615
0.0269472 0.0093640 0.9996170 1.0857648
0.0000000 0.0000000 0.0000000 1.0000000
-0.0838340 0.9964690 -0.0063283 76.8225977
-0.9961808 -0.0836528 0.0253195 -79.4107188
0.0247006 0.0084270 0.9996837 1.1484523
0.0000000 0.0000000 0.0000000 1.0000000
-0.0891291 0.9960264 -0.0025465 76.7352999
-0.9956287 -0.0890245 0.0285138 -80.6710560
0.0281737 0.0050769 0.9996146 1.1865274
0.0000000 0.0000000 0.0000000 1.0000000
-0.0905536 0.9958997 -0.0015353 76.6475211
-0.9954175 -0.0904655 0.0312224 -81.8447893
0.0309554 0.0043557 0.9995354 1.2182138
0.0000000 0.0000000 0.0000000 1.0000000
-0.0904996 0.9959058 -0.0008757 76.5676563
-0.9954584 -0.0904365 0.0299899 -82.9376667
0.0297878 0.0035859 0.9995747 1.2524155
0.0000000 0.0000000 0.0000000 1.0000000
-0.0873141 0.9961891 -0.0015876 76.4843604
-0.9958380 -0.0872446 0.0266598 -84.1173128
0.0264196 0.0039089 0.9996680 1.2870156
0.0000000 0.0000000 0.0000000 1.0000000
-0.0870899 0.9962077 -0.0021911 76.3691112
-0.9959075 -0.0870133 0.0247376 -85.2674709
0.0244529 0.0043366 0.9997162 1.3249265
0.0000000 0.0000000 0.0000000 1.0000000
-0.0884715 0.9960835 -0.0030048 76.2461046
-0.9957753 -0.0883719 0.0252399 -86.3952630
0.0248754 0.0052252 0.9997012 1.3593019
0.0000000 0.0000000 0.0000000 1.0000000
-0.0893011 0.9960059 -0.0040190 76.1241926
-0.9957260 -0.0891816 0.0243244 -87.4995251
0.0238687 0.0061741 0.9997204 1.3943919
0.0000000 0.0000000 0.0000000 1.0000000
-0.0884438 0.9960828 -0.0039097 76.0274955
-0.9958281 -0.0883337 0.0232304 -88.5897175
0.0227939 0.0059481 0.9997473 1.4168078
0.0000000 0.0000000 0.0000000 1.0000000
-0.0893595 0.9960001 -0.0041723 75.9044607
-0.9957635 -0.0892475 0.0225107 -89.5991564
0.0220481 0.0061663 0.9997632 1.4455271
0.0000000 0.0000000 0.0000000 1.0000000
-0.0871245 0.9961947 -0.0048562 75.7736620
-0.9959904 -0.0870065 0.0212165 -90.7720625
0.0207131 0.0066853 0.9997883 1.4755960
0.0000000 0.0000000 0.0000000 1.0000000
-0.0884618 0.9960837 -0.0032253 75.6761228
-0.9958861 -0.0883817 0.0204043 -91.9374954
0.0200391 0.0050171 0.9998118 1.4984905
0.0000000 0.0000000 0.0000000 1.0000000
-0.0867401 0.9962352 -0.0031235 75.5206348
-0.9960721 -0.0866713 0.0185576 -93.0535223
0.0182169 0.0047210 0.9998478 1.5253290
0.0000000 0.0000000 0.0000000 1.0000000
-0.0840291 0.9964712 -0.0016796 75.4221726
-0.9962895 -0.0839850 0.0192271 -94.1933093
0.0190180 0.0032891 0.9998389 1.5471837
0.0000000 0.0000000 0.0000000 1.0000000
-0.0852341 0.9963697 -0.0013654 75.2858133
-0.9961340 -0.0851877 0.0218366 -95.4204758
0.0216408 0.0032215 0.9997865 1.5811445
0.0000000 0.0000000 0.0000000 1.0000000
-0.0867134 0.9962424 0.0011175 75.1723617
-0.9960396 -0.0867219 0.0200373 -96.5312041
0.0200588 0.0006245 0.9998248 1.6017441
0.0000000 0.0000000 0.0000000 1.0000000
-0.0873094 0.9961842 0.0037036 75.0803762
-0.9959837 -0.0873699 0.0200094 -97.6663025
0.0202564 -0.0019416 0.9998192 1.6247349
0.0000000 0.0000000 0.0000000 1.0000000
-0.0867709 0.9962091 0.0076110 74.9592518
-0.9960226 -0.0869116 0.0200743 -98.8513868
0.0206595 -0.0058388 0.9997961 1.6588718
0.0000000 0.0000000 0.0000000 1.0000000
-0.0885467 0.9960324 0.0098876 74.8540378
-0.9959077 -0.0887153 0.0177561 -99.9851565
0.0185627 -0.0082749 0.9998198 1.6791339
0.0000000 0.0000000 0.0000000 1.0000000
-0.0884735 0.9960176 0.0118857 74.7419495
-0.9959601 -0.0886502 0.0149377 -101.1722205
0.0159316 -0.0105160 0.9998450 1.7018012
0.0000000 0.0000000 0.0000000 1.0000000
-0.0910525 0.9957556 0.0141567 74.6599547
-0.9957633 -0.0912314 0.0122844 -102.3498249
0.0135235 -0.0129781 0.9998521 1.7202029
0.0000000 0.0000000 0.0000000 1.0000000
-0.0930547 0.9955441 0.0159142 74.5287722
-0.9955919 -0.0932396 0.0110741 -103.5218986
0.0125084 -0.0148135 0.9998403 1.7393132
0.0000000 0.0000000 0.0000000 1.0000000
-0.0964916 0.9952137 0.0161144 74.3854152
-0.9952544 -0.0966897 0.0117710 -104.6938393
0.0132725 -0.0149021 0.9998291 1.7598899
0.0000000 0.0000000 0.0000000 1.0000000
-0.0983091 0.9950143 0.0174025 74.2271629
-0.9950977 -0.0984940 0.0098827 -105.8925996
0.0115471 -0.0163456 0.9998279 1.7906896
0.0000000 0.0000000 0.0000000 1.0000000
-0.1012511 0.9947136 0.0177327 74.1104235
-0.9948358 -0.1013830 0.0064886 -107.1499914
0.0082518 -0.0169841 0.9998503 1.7973678
0.0000000 0.0000000 0.0000000 1.0000000
-0.1032253 0.9944814 0.0192991 73.9800513
-0.9946448 -0.1033373 0.0047111 -108.3130902
0.0066790 -0.0187094 0.9998315 1.8156404
0.0000000 0.0000000 0.0000000 1.0000000
-0.1094129 0.9936948 0.0249026 73.8653333
-0.9939440 -0.1096546 0.0084119 -109.5002383
0.0110892 -0.0238314 0.9996833 1.8285508
0.0000000 0.0000000 0.0000000 1.0000000
-0.1173177 0.9927317 0.0272213 73.7048810
-0.9930187 -0.1176265 0.0099033 -110.7108206
0.0130330 -0.0258695 0.9996096 1.8482533
0.0000000 0.0000000 0.0000000 1.0000000
-0.1280362 0.9914922 0.0238974 73.5544552
-0.9917296 -0.1282379 0.0069602 -111.9778893
0.0099652 -0.0228086 0.9997201 1.8706295
0.0000000 0.0000000 0.0000000 1.0000000
-0.1412020 0.9897438 0.0221429 73.3692536
-0.9899658 -0.1413271 0.0040381 -113.1717976
0.0071257 -0.0213505 0.9997771 1.8845922
0.0000000 0.0000000 0.0000000 1.0000000
-0.1561956 0.9874817 0.0224510 73.1519762
-0.9877130 -0.1563127 0.0034079 -114.4268172
0.0068743 -0.0216428 0.9997728 1.9140143
0.0000000 0.0000000 0.0000000 1.0000000
-0.1732676 0.9846447 0.0217919 72.9829194
-0.9848632 -0.1733734 0.0028959 -115.5521328
0.0066292 -0.0209603 0.9997894 1.9260923
0.0000000 0.0000000 0.0000000 1.0000000
-0.1875423 0.9820435 0.0209715 72.7762925
-0.9822516 -0.1876211 0.0016830 -116.7214917
0.0055871 -0.0202836 0.9998100 1.9248901
0.0000000 0.0000000 0.0000000 1.0000000
-0.2034682 0.9788872 0.0200331 72.5006169
-0.9790778 -0.2035384 0.0013563 -117.8631716
0.0054048 -0.0193379 0.9998295 1.9559103
0.0000000 0.0000000 0.0000000 1.0000000
-0.2174328 0.9758507 0.0214240 72.2265629
-0.9760453 -0.2175761 0.0044302 -119.0135569
0.0089842 -0.0199475 0.9997919 1.9670493
0.0000000 0.0000000 0.0000000 1.0000000
-0.2379036 0.9709852 0.0247017 71.8898717
-0.9712292 -0.2381192 0.0060225 -120.1720864
0.0117294 -0.0225582 0.9997081 1.9955626
0.0000000 0.0000000 0.0000000 1.0000000
-0.2537764 0.9668575 0.0283727 71.6134537
-0.9672082 -0.2539957 0.0042437 -121.2851191
0.0113093 -0.0263654 0.9996202 2.0116006
0.0000000 0.0000000 0.0000000 1.0000000
-0.2625383 0.9643835 0.0325498 71.3566928
-0.9648958 -0.2626772 -0.0001085 -122.5018710
0.0084450 -0.0314357 0.9995021 2.0185889
0.0000000 0.0000000 0.0000000 1.0000000
-0.2839714 0.9581607 0.0361744 71.0228387
-0.9588258 -0.2839999 -0.0045323 -123.6278431
0.0059304 -0.0359721 0.9993668 2.0302242
0.0000000 0.0000000 0.0000000 1.0000000
-0.2995301 0.9532716 0.0396905 70.6547254
-0.9540708 -0.2995799 -0.0048994 -124.7864141
0.0072196 -0.0393352 0.9992317 2.0492021
0.0000000 0.0000000 0.0000000 1.0000000
-0.3161970 0.9478011 0.0413805 70.2840952
-0.9486541 -0.3163344 -0.0034226 -125.9287213
0.0098458 -0.0403381 0.9991696 2.0680873
0.0000000 0.0000000 0.0000000 1.0000000
-0.3304309 0.9428710 0.0427812 69.8871891
-0.9437677 -0.3306354 -0.0024787 -127.0470470
0.0118075 -0.0411947 0.9991138 2.0918835
0.0000000 0.0000000 0.0000000 1.0000000
-0.3445616 0.9378708 0.0411909 69.5192581
-0.9387062 -0.3447397 -0.0029972 -128.0776998
0.0113888 -0.0396990 0.9991798 2.1073817
0.0000000 0.0000000 0.0000000 1.0000000
-0.3588329 0.9324880 0.0415428 69.1104875
-0.9333487 -0.3589810 -0.0041628 -129.2159690
0.0110310 -0.0402678 0.9991613 2.1235376
0.0000000 0.0000000 0.0000000 1.0000000
-0.3713828 0.9275662 0.0414322 68.7344890
-0.9284340 -0.3714912 -0.0054019 -130.2558020
0.0103806 -0.0404733 0.9991601 2.1399264
0.0000000 0.0000000 0.0000000 1.0000000
-0.3844140 0.9221523 0.0433876 68.3210309
-0.9231081 -0.3845238 -0.0061817 -131.3096244
0.0109827 -0.0424278 0.9990737 2.1540623
0.0000000 0.0000000 0.0000000 1.0000000
-0.4011879 0.9149624 0.0437416 67.8449470
-0.9159246 -0.4013425 -0.0056343 -132.3638800
0.0123998 -0.0423245 0.9990614 2.1730915
0.0000000 0.0000000 0.0000000 1.0000000
-0.4140542 0.9091846 0.0443222 67.4375212
-0.9101495 -0.4142891 -0.0042443 -133.3468175
0.0145030 -0.0420973 0.9990434 2.1867177
0.0000000 0.0000000 0.0000000 1.0000000
-0.4233541 0.9049622 0.0428550 66.9697093
-0.9058258 -0.4236776 -0.0017412 -134.3915505
0.0165806 -0.0395563 0.9991152 2.2065129
0.0000000 0.0000000 0.0000000 1.0000000
-0.4377223 0.8979786 0.0453425 66.4655796
-0.8988988 -0.4381868 0.0002775 -135.4440827
0.0201173 -0.0406368 0.9990077 2.2317575
0.0000000 0.0000000 0.0000000 1.0000000
-0.4526269 0.8904300 0.0478009 65.9743385
-0.8914056 -0.4532311 0.0019854 -136.4686378
0.0234324 -0.0417114 0.9988906 2.2542195
0.0000000 0.0000000 0.0000000 1.0000000
-0.4677961 0.8824627 0.0494764 65.4675034
-0.8835375 -0.4683886 0.0003787 -137.4820465
0.0235080 -0.0435371 0.9988113 2.2827814
0.0000000 0.0000000 0.0000000 1.0000000
-0.4815014 0.8749026 0.0521839 64.9234275
-0.8761885 -0.4819810 -0.0038411 -138.5022784
0.0217908 -0.0475725 0.9986662 2.3035697
0.0000000 0.0000000 0.0000000 1.0000000
-0.4980477 0.8654472 0.0545054 64.3411127
-0.8668597 -0.4985548 -0.0048730 -139.5236747
0.0229562 -0.0496756 0.9985375 2.3333511
0.0000000 0.0000000 0.0000000 1.0000000
-0.5112217 0.8575578 0.0571696 63.7827197
-0.8591174 -0.5117732 -0.0056869 -140.4890148
0.0243807 -0.0520228 0.9983847 2.3564112
0.0000000 0.0000000 0.0000000 1.0000000
-0.5266625 0.8481273 0.0576918 63.2714468
-0.8497139 -0.5272353 -0.0060653 -141.4770005
0.0252727 -0.0522159 0.9983532 2.3808090
0.0000000 0.0000000 0.0000000 1.0000000
-0.5433422 0.8373499 0.0603833 62.6389500
-0.8391158 -0.5439212 -0.0078697 -142.4354041
0.0262537 -0.0549447 0.9981816 2.4063182
0.0000000 0.0000000 0.0000000 1.0000000
-0.5574090 0.8279380 0.0619266 62.0491868
-0.8298181 -0.5579809 -0.0092809 -143.3489901
0.0268695 -0.0565612 0.9980744 2.4369545
0.0000000 0.0000000 0.0000000 1.0000000
-0.5705593 0.8188823 0.0625694 61.4025923
-0.8208626 -0.5710232 -0.0119939 -144.3557240
0.0259066 -0.0582044 0.9980054 2.4687771
0.0000000 0.0000000 0.0000000 1.0000000
-0.5856384 0.8082638 0.0613093 60.7064983
-0.8102076 -0.5860059 -0.0137217 -145.3464986
0.0248365 -0.0577093 0.9980621 2.4958765
0.0000000 0.0000000 0.0000000 1.0000000
-0.5998528 0.7977848 0.0611346 59.9850451
-0.7997899 -0.6000636 -0.0169343 -146.3355866
0.0231743 -0.0590532 0.9980232 2.5273187
0.0000000 0.0000000 0.0000000 1.0000000
-0.6116380 0.7887699 0.0613404 59.3762790
-0.7908240 -0.6117824 -0.0186315 -147.2198063
0.0228306 -0.0599055 0.9979807 2.5523771
0.0000000 0.0000000 0.0000000 1.0000000
-0.6263491 0.7767135 0.0665236 58.6254375
-0.7790682 -0.6267014 -0.0180627 -148.1827140
0.0276604 -0.0631402 0.9976598 2.5858251
0.0000000 0.0000000 0.0000000 1.0000000
-0.6416807 0.7636981 0.0709459 57.8369102
-0.7663501 -0.6421731 -0.0186885 -149.1362253
0.0312868 -0.0663618 0.9973435 2.6234902
0.0000000 0.0000000 0.0000000 1.0000000
-0.6567883 0.7506064 0.0724038 57.1324441
-0.7534161 -0.6572341 -0.0208792 -149.9856075
0.0319138 -0.0682637 0.9971962 2.6597345
0.0000000 0.0000000 0.0000000 1.0000000
-0.6722466 0.7368257 0.0720785 56.2973622
-0.7397518 -0.6724141 -0.0255889 -150.9161396
0.0296116 -0.0705226 0.9971101 2.6901025
0.0000000 0.0000000 0.0000000 1.0000000
-0.6901914 0.7199131 0.0733735 55.5455357
-0.7230345 -0.6902197 -0.0290890 -151.7803828
0.0297018 -0.0731289 0.9969196 2.7287497
0.0000000 0.0000000 0.0000000 1.0000000
-0.7079782 0.7022945 0.0746491 54.7501427
-0.7055500 -0.7080277 -0.0304116 -152.6669183
0.0314952 -0.0741998 0.9967860 2.7687096
0.0000000 0.0000000 0.0000000 1.0000000
-0.7251408 0.6843929 0.0761632 53.9106023
-0.6878830 -0.7250372 -0.0341651 -153.5374176
0.0318383 -0.0771663 0.9965503 2.8016782
0.0000000 0.0000000 0.0000000 1.0000000
-0.7417561 0.6664602 0.0751838 53.0878188
-0.6699201 -0.7416048 -0.0354808 -154.3381076
0.0321096 -0.0766856 0.9965792 2.8394299
0.0000000 0.0000000 0.0000000 1.0000000
-0.7583061 0.6473171 0.0773099 52.1598500
-0.6509823 -0.7582300 -0.0365942 -155.1461804
0.0349301 -0.0780774 0.9963766 2.9013328
0.0000000 0.0000000 0.0000000 1.0000000
-0.7751578 0.6274013 0.0743102 51.2577169
-0.6307965 -0.7751592 -0.0354058 -155.9077238
0.0353880 -0.0743201 0.9966475 2.9328164
0.0000000 0.0000000 0.0000000 1.0000000
-0.7910310 0.6075693 0.0717907 50.3780946
-0.6107524 -0.7910826 -0.0346380 -156.5721656
0.0357468 -0.0712464 0.9968596 2.9851161
0.0000000 0.0000000 0.0000000 1.0000000
-0.8054083 0.5882438 0.0728758 49.3961238
-0.5914711 -0.8056345 -0.0338327 -157.3215759
0.0388089 -0.0703534 0.9968083 3.0341032
0.0000000 0.0000000 0.0000000 1.0000000
-0.8190508 0.5686712 0.0761120 48.4519879
-0.5720760 -0.8195623 -0.0328120 -158.0553929
0.0437189 -0.0704169 0.9966006 3.0884640
0.0000000 0.0000000 0.0000000 1.0000000
-0.8338128 0.5468737 0.0755600 47.4912457
-0.5501903 -0.8344421 -0.0320421 -158.7341386
0.0455270 -0.0682899 0.9966674 3.1385735
0.0000000 0.0000000 0.0000000 1.0000000
-0.8463423 0.5276460 0.0729345 46.4760272
-0.5308077 -0.8468741 -0.0328307 -159.3820028
0.0444428 -0.0665005 0.9968384 3.2000774
0.0000000 0.0000000 0.0000000 1.0000000
-0.8569571 0.5101874 0.0731968 45.4564598
-0.5133504 -0.8575719 -0.0327389 -159.9994943
0.0460681 -0.0656318 0.9968216 3.2552360
0.0000000 0.0000000 0.0000000 1.0000000
-0.8682792 0.4905290 0.0741439 44.4422984
-0.4936094 -0.8691796 -0.0301149 -160.5538967
0.0496716 -0.0627466 0.9968348 3.3285412
0.0000000 0.0000000 0.0000000 1.0000000
-0.8774275 0.4737817 0.0753444 43.4873916
-0.4770017 -0.8783475 -0.0317097 -161.1467863
0.0511546 -0.0637628 0.9966952 3.3802292
0.0000000 0.0000000 0.0000000 1.0000000
-0.8862052 0.4571279 0.0754897 42.5124139
-0.4603926 -0.8871287 -0.0327309 -161.7316432
0.0520064 -0.0637617 0.9966506 3.4335598
0.0000000 0.0000000 0.0000000 1.0000000
-0.8926421 0.4445604 0.0747011 41.5461399
-0.4478402 -0.8934746 -0.0342414 -162.3245995
0.0515208 -0.0640200 0.9966592 3.4911332
0.0000000 0.0000000 0.0000000 1.0000000
-0.8989064 0.4319762 0.0734022 40.4781159
-0.4351734 -0.8997033 -0.0344711 -162.9059192
0.0511490 -0.0629294 0.9967480 3.5535800
0.0000000 0.0000000 0.0000000 1.0000000
-0.9048428 0.4194726 0.0729815 39.4353923
-0.4227528 -0.9055136 -0.0368232 -163.4640146
0.0506389 -0.0641729 0.9966949 3.6080564
0.0000000 0.0000000 0.0000000 1.0000000
-0.9108741 0.4066121 0.0707028 38.2967895
-0.4099066 -0.9112552 -0.0402599 -164.0199931
0.0480576 -0.0656539 0.9967262 3.6688665
0.0000000 0.0000000 0.0000000 1.0000000
-0.9154109 0.3967165 0.0682812 37.1483008
-0.3999163 -0.9156189 -0.0417019 -164.6039082
0.0459751 -0.0654818 0.9968355 3.7257386
0.0000000 0.0000000 0.0000000 1.0000000
-0.9199386 0.3866866 0.0648864 35.9761907
-0.3896543 -0.9200439 -0.0414615 -165.0828044
0.0436651 -0.0634259 0.9970726 3.7810170
0.0000000 0.0000000 0.0000000 1.0000000
-0.9236013 0.3781817 0.0629489 34.8676350
-0.3809079 -0.9238185 -0.0387113 -165.5520967
0.0435128 -0.0597321 0.9973072 3.8487959
0.0000000 0.0000000 0.0000000 1.0000000
-0.9264109 0.3711677 0.0634151 33.7216317
-0.3736767 -0.9269753 -0.0333597 -166.0040862
0.0464016 -0.0546019 0.9974717 3.9095939
0.0000000 0.0000000 0.0000000 1.0000000
-0.9277719 0.3677501 0.0634335 32.6586811
-0.3701504 -0.9284684 -0.0310780 -166.4022875
0.0474665 -0.0523136 0.9975446 3.9727583
0.0000000 0.0000000 0.0000000 1.0000000
-0.9293517 0.3637329 0.0634729 31.5907820
-0.3662036 -0.9299809 -0.0325763 -166.7938021
0.0471789 -0.0535192 0.9974946 4.0306895
0.0000000 0.0000000 0.0000000 1.0000000
-0.9313536 0.3586947 0.0628004 30.4317532
-0.3614221 -0.9316013 -0.0390374 -167.2398251
0.0445017 -0.0590555 0.9973054 4.0847183
0.0000000 0.0000000 0.0000000 1.0000000
-0.9331165 0.3539882 0.0633338 29.2986841
-0.3569497 -0.9331216 -0.0436106 -167.6594361
0.0436598 -0.0633013 0.9970821 4.1416389
0.0000000 0.0000000 0.0000000 1.0000000
-0.9344997 0.3497180 0.0665794 28.1735955
-0.3531306 -0.9343122 -0.0488852 -168.1472134
0.0451092 -0.0691950 0.9966256 4.1886023
0.0000000 0.0000000 0.0000000 1.0000000
-0.9355827 0.3461036 0.0701611 27.0297182
-0.3498849 -0.9354027 -0.0513109 -168.5693975
0.0478694 -0.0725545 0.9962580 4.2478030
0.0000000 0.0000000 0.0000000 1.0000000
-0.9359755 0.3447398 0.0716147 25.9572186
-0.3486363 -0.9358585 -0.0514940 -169.0058629
0.0492686 -0.0731653 0.9961447 4.3044201
0.0000000 0.0000000 0.0000000 1.0000000
-0.9359498 0.3446624 0.0723173 24.8762775
-0.3485611 -0.9359400 -0.0505091 -169.4110052
0.0502756 -0.0724817 0.9961442 4.3618041
0.0000000 0.0000000 0.0000000 1.0000000
-0.9362209 0.3437440 0.0731750 23.7423438
-0.3475778 -0.9364351 -0.0480546 -169.8240020
0.0520046 -0.0704244 0.9962035 4.4348810
0.0000000 0.0000000 0.0000000 1.0000000
-0.9368207 0.3419062 0.0741017 22.6735875
-0.3457784 -0.9371267 -0.0475523 -170.2373967
0.0531837 -0.0701715 0.9961590 4.4938152
0.0000000 0.0000000 0.0000000 1.0000000
-0.9372286 0.3405076 0.0753736 21.5483237
-0.3443656 -0.9377404 -0.0456688 -170.6818537
0.0551298 -0.0687589 0.9961518 4.5604031
0.0000000 0.0000000 0.0000000 1.0000000
-0.9374325 0.3401167 0.0745989 20.4161261
-0.3438533 -0.9379877 -0.0444334 -171.0855535
0.0548598 -0.0673050 0.9962660 4.6305353
0.0000000 0.0000000 0.0000000 1.0000000
-0.9372717 0.3404647 0.0750359 19.2641365
-0.3442270 -0.9378544 -0.0443580 -171.5222638
0.0552699 -0.0674055 0.9962370 4.7045266
0.0000000 0.0000000 0.0000000 1.0000000
-0.9357659 0.3445057 0.0753806 18.2142324
-0.3483609 -0.9362683 -0.0455710 -171.9183231
0.0548765 -0.0689041 0.9961559 4.7674484
0.0000000 0.0000000 0.0000000 1.0000000
-0.9344290 0.3483663 0.0742157 17.0769068
-0.3521330 -0.9348652 -0.0453837 -172.3696558
0.0535710 -0.0685422 0.9962523 4.8331233
0.0000000 0.0000000 0.0000000 1.0000000
-0.9334021 0.3514841 0.0724214 15.9016600
