1.0000000 0.0000000 0.0000000 0.0000000
0.0000000 1.0000000 0.0000000 0.0000000
0.0000000 0.0000000 1.0000000 0.0000000
0.0000000 0.0000000 0.0000000 1.0000000
0.9999963 0.0005353 -0.0026537 0.9443113
-0.0005362 0.9999997 -0.0003353 -0.0398462
0.0026535 0.0003368 0.9999965 0.0154637
0.0000000 0.0000000 0.0000000 1.0000000
1.0000002 -0.0004925 -0.0001443 1.9037455
0.0004924 0.9999997 -0.0008306 -0.0407320
0.0001447 0.0008305 1.0000005 0.0211392
0.0000000 0.0000000 0.0000000 1.0000000
0.9999932 0.0005822 0.0037995 2.8577772
-0.0005672 0.9999923 -0.0039198 -0.0351741
-0.0038018 0.0039177 0.9999861 0.0332250
0.0000000 0.0000000 0.0000000 1.0000000
0.9999883 -0.0014979 0.0046634 3.7732506
0.0015270 0.9999796 -0.0062490 -0.0424142
-0.0046540 0.0062560 0.9999706 0.0487154
0.0000000 0.0000000 0.0000000 1.0000000
0.9999953 0.0005210 0.0031293 4.6813084
-0.0004981 0.9999733 -0.0073085 -0.0572783
-0.0031330 0.0073069 0.9999692 0.0597389
0.0000000 0.0000000 0.0000000 1.0000000
0.9999990 -0.0008859 0.0006019 5.5890733
0.0008895 0.9999819 -0.0059796 -0.0696258
-0.0005966 0.0059802 0.9999820 0.0677409
0.0000000 0.0000000 0.0000000 1.0000000
0.9999969 -0.0025530 -0.0000203 6.5042486
0.0025528 0.9999750 -0.0066496 -0.0683627
0.0000373 0.0066496 0.9999789 0.0764042
0.0000000 0.0000000 0.0000000 1.0000000
0.9999986 -0.0012667 0.0008675 7.4370855
0.0012727 0.9999750 -0.0070669 -0.0765618
-0.0008585 0.0070680 0.9999757 0.0872112
0.0000000 0.0000000 0.0000000 1.0000000
0.9999921 0.0003556 0.0037864 8.3817783
-0.0003252 0.9999686 -0.0080370 -0.0417840
-0.0037891 0.0080357 0.9999615 0.1082446
0.0000000 0.0000000 0.0000000 1.0000000
0.9999882 0.0004054 0.0047429 9.3223364
-0.0003572 0.9999492 -0.0101885 -0.0155116
-0.0047468 0.0101867 0.9999383 0.1256262
0.0000000 0.0000000 0.0000000 1.0000000
0.9999750 0.0030975 0.0062540 10.2296081
-0.0030230 0.9999256 -0.0118896 -0.0090488
-0.0062903 0.0118704 0.9999107 0.1405083
0.0000000 0.0000000 0.0000000 1.0000000
0.9999794 -0.0005982 0.0063655 11.1183867
0.0006807 0.9999166 -0.0129657 0.0110885
-0.0063572 0.0129698 0.9998970 0.1564510
0.0000000 0.0000000 0.0000000 1.0000000
0.9999738 -0.0031227 0.0065287 12.0209185
0.0032177 0.9998896 -0.0145840 -0.0033818
-0.0064825 0.0146047 0.9998741 0.1673855
0.0000000 0.0000000 0.0000000 1.0000000
0.9999930 -0.0007321 0.0037733 12.9209393
0.0007947 0.9998627 -0.0166024 -0.0002124
-0.0037606 0.0166053 0.9998568 0.1820089
0.0000000 0.0000000 0.0000000 1.0000000
0.9999922 -0.0023129 0.0033402 13.8074119
0.0023785 0.9998030 -0.0197348 0.0123398
-0.0032939 0.0197426 0.9998013 0.1986951
0.0000000 0.0000000 0.0000000 1.0000000
0.9999866 -0.0044152 0.0029137 14.6782904
0.0044768 0.9997609 -0.0214358 0.0098377
-0.0028184 0.0214485 0.9997678 0.2137685
0.0000000 0.0000000 0.0000000 1.0000000
0.9999891 0.0020108 0.0043325 15.5415994
-0.0019225 0.9997938 -0.0202646 0.0087772
-0.0043723 0.0202561 0.9997873 0.2204554
0.0000000 0.0000000 0.0000000 1.0000000
0.9999860 0.0022132 0.0049275 16.4308046
-0.0021138 0.9997976 -0.0200733 0.0204928
-0.0049709 0.0200626 0.9997887 0.2257313
0.0000000 0.0000000 0.0000000 1.0000000
0.9999661 0.0049679 0.0066715 17.2891323
-0.0048207 0.9997499 -0.0218961 0.0194212
-0.0067786 0.0218632 0.9997407 0.2352182
0.0000000 0.0000000 0.0000000 1.0000000
0.9999496 0.0076177 0.0067177 18.1931826
-0.0074712 0.9997414 -0.0215259 0.0329695
-0.0068800 0.0214746 0.9997489 0.2457218
0.0000000 0.0000000 0.0000000 1.0000000
0.9999496 0.0069412 0.0073497 19.0491383
-0.0067913 0.9997740 -0.0201984 0.0212093
-0.0074883 0.0201475 0.9997718 0.2513511
0.0000000 0.0000000 0.0000000 1.0000000
0.9999419 0.0073941 0.0079575 19.8816903
-0.0072330 0.9997737 -0.0200762 -0.0012141
-0.0081041 0.0200175 0.9997703 0.2622773
0.0000000 0.0000000 0.0000000 1.0000000
0.9999456 0.0064913 0.0083103 20.7470468
-0.0063244 0.9997829 -0.0199200 -0.0092282
-0.0084378 0.0198663 0.9997707 0.2702710
0.0000000 0.0000000 0.0000000 1.0000000
0.9999414 0.0077404 0.0077372 21.5874087
-0.0075817 0.9997666 -0.0203101 -0.0187064
-0.0078926 0.0202503 0.9997679 0.2709504
0.0000000 0.0000000 0.0000000 1.0000000
0.9999160 0.0086539 0.0097864 22.4351495
-0.0084491 0.9997504 -0.0207487 -0.0272318
-0.0099635 0.0206642 0.9997408 0.2747272
0.0000000 0.0000000 0.0000000 1.0000000
0.9998362 0.0125782 0.0131293 23.2630011
-0.0122837 0.9996782 -0.0222600 -0.0657947
-0.0134051 0.0220951 0.9996705 0.2795719
0.0000000 0.0000000 0.0000000 1.0000000
0.9998218 0.0121115 0.0145930 24.0833750
-0.0117895 0.9996914 -0.0219394 -0.0839260
-0.0148542 0.0217634 0.9996578 0.2815756
0.0000000 0.0000000 0.0000000 1.0000000
0.9998692 0.0089925 0.0135775 24.9075980
-0.0086898 0.9997180 -0.0221769 -0.1092264
-0.0137731 0.0220560 0.9996675 0.2871466
0.0000000 0.0000000 0.0000000 1.0000000
0.9998798 0.0105858 0.0114504 25.7064991
-0.0103336 0.9997093 -0.0218585 -0.1332274
-0.0116785 0.0217375 0.9997010 0.2870447
0.0000000 0.0000000 0.0000000 1.0000000
0.9999102 0.0097387 0.0093196 26.4845183
-0.0095345 0.9997206 -0.0217276 -0.1505435
-0.0095286 0.0216368 0.9997263 0.2854934
0.0000000 0.0000000 0.0000000 1.0000000
0.9999090 0.0098257 0.0094170 27.2577717
-0.0096309 0.9997453 -0.0205264 -0.1681764
-0.0096163 0.0204338 0.9997514 0.2817217
0.0000000 0.0000000 0.0000000 1.0000000
0.9999085 0.0102550 0.0089772 28.0334451
-0.0100692 0.9997408 -0.0205314 -0.1821107
-0.0091854 0.0204391 0.9997551 0.2881229
0.0000000 0.0000000 0.0000000 1.0000000
0.9999269 0.0087398 0.0084492 28.8068947
-0.0085939 0.9998178 -0.0171802 -0.1987450
-0.0085978 0.0171063 0.9998223 0.2978086
0.0000000 0.0000000 0.0000000 1.0000000
0.9998777 0.0128212 0.0090404 29.5432496
-0.0126754 0.9997935 -0.0160376 -0.2348224
-0.0092441 0.0159211 0.9998363 0.3068634
0.0000000 0.0000000 0.0000000 1.0000000
0.9998586 0.0136771 0.0098688 30.2893538
-0.0135207 0.9997867 -0.0157695 -0.2627745
-0.0100823 0.0156339 0.9998330 0.3089391
0.0000000 0.0000000 0.0000000 1.0000000
0.9998865 0.0090478 0.0121301 31.1187459
-0.0088757 0.9998625 -0.0141886 -0.2890801
-0.0122568 0.0140793 0.9998320 0.3125513
0.0000000 0.0000000 0.0000000 1.0000000
0.9998640 0.0108420 0.0124996 31.8678209
-0.0106731 0.9998542 -0.0135250 -0.2991630
-0.0126444 0.0133898 0.9998367 0.3098744
0.0000000 0.0000000 0.0000000 1.0000000
0.9998577 0.0108375 0.0130078 32.5906770
-0.0106879 0.9998794 -0.0115412 -0.3061221
-0.0131313 0.0114006 0.9998555 0.3141312
0.0000000 0.0000000 0.0000000 1.0000000
0.9998810 0.0083369 0.0130403 33.3060258
-0.0082238 0.9999314 -0.0087306 -0.3065715
-0.0131122 0.0086223 0.9998836 0.3179390
0.0000000 0.0000000 0.0000000 1.0000000
0.9998842 0.0089737 0.0123384 33.9973700
-0.0089147 0.9999520 -0.0048599 -0.2806157
-0.0123814 0.0047493 0.9999186 0.3196414
0.0000000 0.0000000 0.0000000 1.0000000
0.9998782 0.0070714 0.0139568 34.6727111
-0.0070267 0.9999734 -0.0032723 -0.2726695
-0.0139796 0.0031738 0.9999036 0.3138308
0.0000000 0.0000000 0.0000000 1.0000000
0.9998752 0.0060148 0.0146211 35.4149939
-0.0060022 0.9999850 -0.0009273 -0.2786455
-0.0146265 0.0008394 0.9998986 0.3083886
0.0000000 0.0000000 0.0000000 1.0000000
0.9998539 0.0052356 0.0162795 36.0976735
-0.0052551 0.9999889 0.0011286 -0.2733770
-0.0162734 -0.0012140 0.9998725 0.3133946
0.0000000 0.0000000 0.0000000 1.0000000
0.9998888 0.0047372 0.0141938 36.8283987
-0.0048017 0.9999812 0.0044982 -0.2861676
-0.0141722 -0.0045659 0.9998947 0.3171779
0.0000000 0.0000000 0.0000000 1.0000000
0.9999292 0.0051292 0.0108060 37.5027990
-0.0052159 0.9999571 0.0079899 -0.3064943
-0.0107646 -0.0080457 0.9999149 0.3185123
0.0000000 0.0000000 0.0000000 1.0000000
0.9999282 0.0083522 0.0086899 38.1366075
-0.0084374 0.9999187 0.0097927 -0.3096995
-0.0086074 -0.0098654 0.9999191 0.3157622
0.0000000 0.0000000 0.0000000 1.0000000
0.9999008 0.0108113 0.0091699 38.7709770
-0.0109108 0.9998838 0.0108623 -0.3039784
-0.0090514 -0.0109614 0.9999046 0.3099279
0.0000000 0.0000000 0.0000000 1.0000000
0.9998625 0.0122650 0.0112646 39.4606677
-0.0124482 0.9997923 0.0163274 -0.2811037
-0.0110620 -0.0164654 0.9998095 0.3078579
0.0000000 0.0000000 0.0000000 1.0000000
0.9998196 0.0132469 0.0137016 40.1346473
-0.0135220 0.9997083 0.0201735 -0.2861892
-0.0134304 -0.0203552 0.9997091 0.2995925
0.0000000 0.0000000 0.0000000 1.0000000
0.9997287 0.0177545 0.0151445 40.7407746
-0.0181178 0.9995462 0.0241963 -0.2959504
-0.0147080 -0.0244642 0.9995985 0.3036274
0.0000000 0.0000000 0.0000000 1.0000000
0.9995908 0.0240883 0.0155099 41.3074404
-0.0245197 0.9993036 0.0282387 -0.3094774
-0.0148188 -0.0286075 0.9994871 0.3026560
0.0000000 0.0000000 0.0000000 1.0000000
0.9994912 0.0274136 0.0164098 41.9014236
-0.0279179 0.9991230 0.0313208 -0.2789551
-0.0155368 -0.0317630 0.9993817 0.2947404
0.0000000 0.0000000 0.0000000 1.0000000
0.9992845 0.0331015 0.0184017 42.4505709
-0.0337349 0.9988130 0.0352459 -0.3168405
-0.0172131 -0.0358415 0.9992170 0.2943356
0.0000000 0.0000000 0.0000000 1.0000000
0.9989707 0.0414989 0.0184188 42.9719534
-0.0422024 0.9983276 0.0396144 -0.3181153
-0.0167441 -0.0403510 0.9990532 0.2916264
0.0000000 0.0000000 0.0000000 1.0000000
0.9986559 0.0482259 0.0191120 43.4601761
-0.0490138 0.9978701 0.0431395 -0.2915390
-0.0169909 -0.0440183 0.9988944 0.2913372
0.0000000 0.0000000 0.0000000 1.0000000
0.9985109 0.0509659 0.0195753 43.9853900
-0.0518578 0.9974981 0.0481342 -0.3253368
-0.0170731 -0.0490777 0.9986576 0.2876821
0.0000000 0.0000000 0.0000000 1.0000000
0.9981448 0.0580277 0.0185587 44.4886391
-0.0589471 0.9968264 0.0535816 -0.3754158
-0.0153906 -0.0545762 0.9983998 0.2870605
0.0000000 0.0000000 0.0000000 1.0000000
0.9976931 0.0657861 0.0168934 44.9793675
-0.0666068 0.9963328 0.0537909 -0.3735797
-0.0132928 -0.0547921 0.9984182 0.2857912
0.0000000 0.0000000 0.0000000 1.0000000
0.9970466 0.0747795 0.0176197 45.3809215
-0.0756541 0.9955768 0.0557895 -0.3564552
-0.0133700 -0.0569578 0.9982959 0.2751688
0.0000000 0.0000000 0.0000000 1.0000000
0.9965627 0.0808258 0.0182967 45.7987286
-0.0817223 0.9951294 0.0552132 -0.4446850
-0.0137450 -0.0565186 0.9983165 0.2808995
0.0000000 0.0000000 0.0000000 1.0000000
0.9958862 0.0883957 0.0200583 46.1258754
-0.0893952 0.9944182 0.0561321 -0.4183935
-0.0149845 -0.0576943 0.9982319 0.2697962
0.0000000 0.0000000 0.0000000 1.0000000
0.9948904 0.0987362 0.0212187 46.4425307
-0.0998198 0.9933068 0.0582075 -0.3879064
-0.0153295 -0.0600280 0.9980896 0.2666951
0.0000000 0.0000000 0.0000000 1.0000000
0.9939547 0.1076168 0.0218982 46.7188090
-0.1087823 0.9921489 0.0617890 -0.4570565
-0.0150768 -0.0637975 0.9978606 0.2620482
0.0000000 0.0000000 0.0000000 1.0000000
0.9929759 0.1159409 0.0237406 46.9750958
-0.1172651 0.9909601 0.0652557 -0.4809017
-0.0159602 -0.0675812 0.9975985 0.2636429
0.0000000 0.0000000 0.0000000 1.0000000
0.9917027 0.1261817 0.0247163 47.2741256
-0.1275369 0.9897491 0.0643610 -0.5114209
-0.0163418 -0.0669790 0.9976329 0.2639856
0.0000000 0.0000000 0.0000000 1.0000000
0.9906024 0.1345454 0.0247417 47.5016229
-0.1358648 0.9887288 0.0629870 -0.5460052
-0.0159882 -0.0657564 0.9977204 0.2642450
0.0000000 0.0000000 0.0000000 1.0000000
0.9892087 0.1449633 0.0214466 47.7713671
-0.1460253 0.9873871 0.0612816 -0.5385839
-0.0122925 -0.0637518 0.9979036 0.2610617
0.0000000 0.0000000 0.0000000 1.0000000
0.9871277 0.1588122 0.0191381 48.0815773
-0.1597115 0.9851985 0.0623569 -0.5452707
-0.0089518 -0.0646106 0.9978843 0.2634653
0.0000000 0.0000000 0.0000000 1.0000000
0.9850189 0.1714657 0.0186082 48.1944520
-0.1723085 0.9830468 0.0627804 -0.4297205
-0.0075281 -0.0650459 0.9978681 0.2525744
0.0000000 0.0000000 0.0000000 1.0000000
0.9816813 0.1896058 0.0189996 48.3551169
-0.1904453 0.9796236 0.0638843 -0.3873085
-0.0064996 -0.0663321 0.9977912 0.2397594
0.0000000 0.0000000 0.0000000 1.0000000
0.9787379 0.2042483 0.0190981 48.5271063
-0.2050644 0.9766523 0.0641313 -0.3603089
-0.0055536 -0.0666837 0.9977743 0.2336982
0.0000000 0.0000000 0.0000000 1.0000000
0.9749596 0.2214828 0.0202194 48.7480231
-0.2223356 0.9728779 0.0639464 -0.4206065
-0.0055080 -0.0668403 0.9977639 0.2359483
0.0000000 0.0000000 0.0000000 1.0000000
0.9707213 0.2393591 0.0204273 48.9963491
-0.2401812 0.9687092 0.0626852 -0.5387194
-0.0047839 -0.0657558 0.9978402 0.2359579
0.0000000 0.0000000 0.0000000 1.0000000
0.9658409 0.2582802 0.0212874 49.1979691
-0.2591190 0.9638152 0.0627039 -0.5894023
-0.0043221 -0.0660776 0.9978214 0.2323759
0.0000000 0.0000000 0.0000000 1.0000000
0.9600489 0.2790680 0.0209337 49.3128586
-0.2798415 0.9579386 0.0636932 -0.5231254
-0.0022787 -0.0670063 0.9977668 0.2246205
0.0000000 0.0000000 0.0000000 1.0000000
0.9527161 0.3031489 0.0210649 49.5046945
-0.3038772 0.9505840 0.0637455 -0.5363311
-0.0006998 -0.0671322 0.9977610 0.2220646
0.0000000 0.0000000 0.0000000 1.0000000
0.9453091 0.3254128 0.0225394 49.7031488
-0.3261902 0.9431373 0.0640830 -0.5238622
-0.0004046 -0.0679301 0.9977070 0.2165426
0.0000000 0.0000000 0.0000000 1.0000000
0.9360632 0.3510307 0.0239593 49.9563592
-0.3518451 0.9337905 0.0652306 -0.4806688
0.0005248 -0.0694896 0.9975999 0.2127436
0.0000000 0.0000000 0.0000000 1.0000000
0.9258466 0.3770263 0.0258778 50.2013851
-0.3779096 0.9234872 0.0661042 -0.4617935
0.0010249 -0.0709816 0.9974938 0.2072157
0.0000000 0.0000000 0.0000000 1.0000000
0.9135790 0.4057893 0.0268063 50.4519271
-0.4066637 0.9111566 0.0665733 -0.4816535
0.0025897 -0.0717208 0.9974380 0.2084439
0.0000000 0.0000000 0.0000000 1.0000000
0.9002274 0.4345728 0.0273288 50.6494846
-0.4354118 0.8978639 0.0653458 -0.6998313
0.0038596 -0.0707251 0.9975045 0.2136410
0.0000000 0.0000000 0.0000000 1.0000000
0.8839944 0.4667285 0.0269844 50.8194330
-0.4674721 0.8817678 0.0629951 -0.9176255
0.0056073 -0.0683015 0.9976652 0.2259475
0.0000000 0.0000000 0.0000000 1.0000000
0.8658718 0.4996335 0.0253516 50.8887219
-0.5001890 0.8636796 0.0623047 -1.0462027
0.0092335 -0.0666282 0.9977521 0.2293648
0.0000000 0.0000000 0.0000000 1.0000000
0.8451166 0.5340048 0.0250308 50.9133773
-0.5344290 0.8427922 0.0640302 -1.0619873
0.0130963 -0.0674900 0.9976504 0.2271054
0.0000000 0.0000000 0.0000000 1.0000000
0.8210451 0.5703140 0.0252233 50.9861305
-0.5706226 0.8185893 0.0656816 -1.0801512
0.0168112 -0.0683203 0.9975380 0.2252325
0.0000000 0.0000000 0.0000000 1.0000000
0.7953512 0.6055727 0.0266051 51.1071236
-0.6058263 0.7927090 0.0678214 -1.0974975
0.0199804 -0.0700597 0.9973593 0.2248284
0.0000000 0.0000000 0.0000000 1.0000000
0.7672336 0.6407257 0.0288571 51.3733505
-0.6409697 0.7643790 0.0699664 -1.3948515
0.0227711 -0.0721770 0.9971484 0.2336783
0.0000000 0.0000000 0.0000000 1.0000000
0.7355868 0.6766835 0.0319658 51.6138622
-0.6769179 0.7323609 0.0737771 -1.6813590
0.0265129 -0.0759075 0.9967796 0.2434427
0.0000000 0.0000000 0.0000000 1.0000000
0.7009879 0.7123423 0.0345652 51.8915186
-0.7126198 0.6976981 0.0735110 -1.8730818
0.0282485 -0.0761620 0.9967127 0.2500759
0.0000000 0.0000000 0.0000000 1.0000000
0.6643504 0.7465541 0.0361451 52.1140683
-0.7468688 0.6612101 0.0707264 -2.1954960
0.0289011 -0.0739826 0.9968587 0.2667464
0.0000000 0.0000000 0.0000000 1.0000000
0.6256683 0.7791821 0.0377580 52.3448961
-0.7794940 0.6225556 0.0694829 -2.5267361
0.0306329 -0.0729053 0.9968867 0.2819126
0.0000000 0.0000000 0.0000000 1.0000000
0.5834887 0.8111841 0.0391534 52.6006560
-0.8114397 0.5803357 0.0692137 -2.8269667
0.0334224 -0.0721560 0.9968520 0.2866278
0.0000000 0.0000000 0.0000000 1.0000000
0.5372367 0.8425339 0.0390552 52.7173410
-0.8426223 0.5341091 0.0687743 -3.1289671
0.0370844 -0.0698567 0.9968866 0.2999631
0.0000000 0.0000000 0.0000000 1.0000000
0.4879209 0.8720095 0.0392988 52.9425358
-0.8720098 0.4849089 0.0669118 -3.5444056
0.0392908 -0.0669165 0.9970039 0.3164714
0.0000000 0.0000000 0.0000000 1.0000000
0.4399728 0.8970717 0.0412039 53.2081094
-0.8971048 0.4369976 0.0651983 -3.9533366
0.0404810 -0.0656496 0.9970404 0.3305018
0.0000000 0.0000000 0.0000000 1.0000000
0.3885041 0.9203659 0.0447565 53.3287452
-0.9205804 0.3855667 0.0623319 -4.3979350
0.0401109 -0.0654182 0.9970712 0.3523443
0.0000000 0.0000000 0.0000000 1.0000000
0.3398176 0.9391246 0.0508018 53.4541238
-0.9396429 0.3367126 0.0609191 -4.8508314
0.0401044 -0.0684370 0.9968689 0.3613944
0.0000000 0.0000000 0.0000000 1.0000000
0.2902208 0.9555636 0.0517803 53.6593674
-0.9559483 0.2869949 0.0617376 -5.3530037
0.0441329 -0.0674169 0.9967674 0.3724671
0.0000000 0.0000000 0.0000000 1.0000000
0.2419989 0.9691379 0.0471129 53.7487459
-0.9692167 0.2391742 0.0585663 -5.8531681
0.0454900 -0.0598356 0.9971907 0.4153356
0.0000000 0.0000000 0.0000000 1.0000000
0.1967433 0.9796925 0.0388079 53.8380735
-0.9794003 0.1945374 0.0542720 -6.3269160
0.0456196 -0.0486861 0.9977912 0.4359645
0.0000000 0.0000000 0.0000000 1.0000000
0.1528942 0.9876668 0.0339005 53.8505594
-0.9871489 0.1510186 0.0523972 -6.9157039
0.0466307 -0.0414761 0.9980703 0.4823994
0.0000000 0.0000000 0.0000000 1.0000000
0.1122374 0.9931365 0.0330788 53.8488784
-0.9923835 0.1103250 0.0549448 -7.3869627
0.0509177 -0.0389937 0.9979616 0.4886084
0.0000000 0.0000000 0.0000000 1.0000000
0.0790434 0.9964820 0.0280608 53.9104103
-0.9954945 0.0774222 0.0548822 -7.9205260
0.0525159 -0.0322725 0.9981194 0.5281610
0.0000000 0.0000000 0.0000000 1.0000000
0.0486293 0.9985523 0.0232606 53.9028323
-0.9973817 0.0472971 0.0548566 -8.5377319
0.0536762 -0.0258673 0.9982451 0.5703020
0.0000000 0.0000000 0.0000000 1.0000000
0.0223508 0.9995697 0.0193191 53.9448040
-0.9983611 0.0212967 0.0532707 -9.1129014
0.0528356 -0.0204780 0.9984152 0.5984098
0.0000000 0.0000000 0.0000000 1.0000000
0.0011260 0.9998834 0.0156194 53.9622440
-0.9986642 0.0003176 0.0518231 -9.7127195
0.0518113 -0.0156569 0.9985557 0.6332247
0.0000000 0.0000000 0.0000000 1.0000000
-0.0176826 0.9997154 0.0164041 53.9007005
-0.9984092 -0.0185332 0.0534052 -10.2789668
0.0536933 -0.0154336 0.9984606 0.6681836
0.0000000 0.0000000 0.0000000 1.0000000
-0.0309998 0.9993779 0.0171856 53.8150160
-0.9980627 -0.0318776 0.0535814 -10.8007816
0.0540951 -0.0154913 0.9984379 0.6998731
0.0000000 0.0000000 0.0000000 1.0000000
-0.0412724 0.9989999 0.0175298 53.7977869
-0.9976706 -0.0421585 0.0537778 -11.3720357
0.0544623 -0.0152694 0.9984208 0.7315728
0.0000000 0.0000000 0.0000000 1.0000000
-0.0501068 0.9986511 0.0140058 53.7693171
-0.9970808 -0.0508264 0.0571124 -12.0155974
0.0577465 -0.0111032 0.9982910 0.7760465
0.0000000 0.0000000 0.0000000 1.0000000
-0.0608955 0.9980738 0.0123280 53.7793856
-0.9963732 -0.0615167 0.0589162 -12.6468156
0.0595604 -0.0086956 0.9982086 0.8237316
0.0000000 0.0000000 0.0000000 1.0000000
-0.0645156 0.9978358 0.0131522 53.6984699
-0.9961547 -0.0651778 0.0586829 -13.1828795
0.0594124 -0.0093157 0.9982122 0.8588776
0.0000000 0.0000000 0.0000000 1.0000000
-0.0683506 0.9975563 0.0149037 53.7111855
-0.9959825 -0.0690933 0.0571122 -13.8785990
0.0580015 -0.0109401 0.9982798 0.8963834
0.0000000 0.0000000 0.0000000 1.0000000
-0.0711036 0.9973360 0.0166694 53.6686554
-0.9961083 -0.0718689 0.0511872 -14.5073450
0.0522480 -0.0129649 0.9985733 0.9247449
0.0000000 0.0000000 0.0000000 1.0000000
-0.0703291 0.9973915 0.0166250 53.6001957
-0.9964457 -0.0710180 0.0454910 -15.1845860
0.0465521 -0.0133665 0.9988496 0.9701235
0.0000000 0.0000000 0.0000000 1.0000000
-0.0712118 0.9973554 0.0149284 53.4600193
-0.9964617 -0.0718023 0.0438857 -15.8672802
0.0448406 -0.0117504 0.9989481 1.0110861
0.0000000 0.0000000 0.0000000 1.0000000
-0.0721843 0.9973200 0.0124188 53.4212165
-0.9963234 -0.0726767 0.0455558 -16.5781630
0.0463354 -0.0090847 0.9989079 1.0601383
0.0000000 0.0000000 0.0000000 1.0000000
-0.0712038 0.9973933 0.0121998 53.3643677
-0.9960897 -0.0717407 0.0517295 -17.2531481
0.0524690 -0.0084687 0.9986099 1.0929202
0.0000000 0.0000000 0.0000000 1.0000000
-0.0695920 0.9974988 0.0128661 53.3284681
-0.9958342 -0.0702252 0.0583083 -17.8921945
0.0590652 -0.0087547 0.9982390 1.1272436
0.0000000 0.0000000 0.0000000 1.0000000
-0.0668817 0.9976841 0.0128470 53.2604532
-0.9959788 -0.0675246 0.0590231 -18.5801440
0.0597531 -0.0088477 0.9981969 1.1636477
0.0000000 0.0000000 0.0000000 1.0000000
-0.0644539 0.9978409 0.0130973 53.2015043
-0.9963428 -0.0650832 0.0555244 -19.3386795
0.0562561 -0.0094706 0.9983951 1.2146005
0.0000000 0.0000000 0.0000000 1.0000000
-0.0621358 0.9979872 0.0131326 53.1600232
-0.9967938 -0.0627149 0.0498664 -20.0662706
0.0505888 -0.0099919 0.9986930 1.2606739
0.0000000 0.0000000 0.0000000 1.0000000
-0.0596137 0.9981141 0.0150409 53.1275634
-0.9970378 -0.0602695 0.0479687 -20.8045869
0.0487839 -0.0121367 0.9987592 1.3046196
0.0000000 0.0000000 0.0000000 1.0000000
-0.0558810 0.9983933 0.0100030 53.0684679
-0.9970647 -0.0563251 0.0520244 -21.5207721
0.0525034 -0.0070664 0.9986192 1.3592608
0.0000000 0.0000000 0.0000000 1.0000000
-0.0512064 0.9986536 0.0089666 53.0136595
-0.9970889 -0.0516286 0.0562639 -22.2316847
0.0566503 -0.0060593 0.9983993 1.4117419
0.0000000 0.0000000 0.0000000 1.0000000
-0.0478047 0.9987520 0.0149106 52.9846149
-0.9971461 -0.0485900 0.0579265 -22.9871268
0.0585778 -0.0120989 0.9982338 1.4485099
0.0000000 0.0000000 0.0000000 1.0000000
-0.0466756 0.9987240 0.0196044 52.9722070
-0.9973352 -0.0476947 0.0553578 -23.7122393
0.0562213 -0.0169683 0.9982983 1.4859178
0.0000000 0.0000000 0.0000000 1.0000000
-0.0415394 0.9990171 0.0158817 52.8964597
-0.9977438 -0.0423150 0.0522722 -24.4605213
0.0528919 -0.0136744 0.9985303 1.5428385
0.0000000 0.0000000 0.0000000 1.0000000
-0.0407999 0.9991014 0.0120491 52.8639026
-0.9977140 -0.0413869 0.0535690 -25.2171521
0.0540186 -0.0098359 0.9985157 1.6012220
0.0000000 0.0000000 0.0000000 1.0000000
-0.0383565 0.9991803 0.0134534 52.8188137
-0.9975834 -0.0390684 0.0575880 -25.9373796
0.0580655 -0.0112119 0.9982740 1.6524553
0.0000000 0.0000000 0.0000000 1.0000000
-0.0348689 0.9992477 0.0173731 52.8082372
-0.9976136 -0.0358380 0.0591473 -26.6495601
0.0597245 -0.0152692 0.9981228 1.6927298
0.0000000 0.0000000 0.0000000 1.0000000
-0.0366937 0.9991143 0.0209461 52.8546017
-0.9976099 -0.0378512 0.0579503 -27.3169606
0.0586908 -0.0187696 0.9981251 1.7553518
0.0000000 0.0000000 0.0000000 1.0000000
-0.0312983 0.9993558 0.0179867 52.7988586
-0.9978972 -0.0322650 0.0563691 -28.1513226
0.0569121 -0.0161845 0.9982739 1.8167809
0.0000000 0.0000000 0.0000000 1.0000000
-0.0290741 0.9994554 0.0160838 52.7794252
-0.9979932 -0.0299299 0.0559518 -28.8233357
0.0564017 -0.0144247 0.9983299 1.8755974
0.0000000 0.0000000 0.0000000 1.0000000
-0.0248082 0.9995843 0.0152164 52.7352861
-0.9980823 -0.0256292 0.0564875 -29.5688041
0.0568530 -0.0137857 0.9983131 1.9407102
0.0000000 0.0000000 0.0000000 1.0000000
-0.0213043 0.9996672 0.0150559 52.6581561
-0.9981820 -0.0221174 0.0562074 -30.3196473
0.0565206 -0.0138310 0.9983311 1.9886831
0.0000000 0.0000000 0.0000000 1.0000000
-0.0188843 0.9997097 0.0154298 52.6260392
-0.9982807 -0.0197095 0.0553443 -31.0341614
0.0556314 -0.0143581 0.9983732 2.0344038
0.0000000 0.0000000 0.0000000 1.0000000
-0.0178255 0.9997776 0.0119058 52.6400114
-0.9983264 -0.0184522 0.0549545 -31.7693532
0.0551609 -0.0109061 0.9984434 2.0843360
0.0000000 0.0000000 0.0000000 1.0000000
-0.0159394 0.9997701 0.0148548 52.6597395
-0.9983338 -0.0167373 0.0553728 -32.4314818
0.0556076 -0.0139474 0.9983814 2.1256513
0.0000000 0.0000000 0.0000000 1.0000000
-0.0117207 0.9997772 0.0179895 52.6190299
-0.9983726 -0.0127054 0.0557501 -33.2302068
0.0559651 -0.0173067 0.9983093 2.1734709
0.0000000 0.0000000 0.0000000 1.0000000
-0.0089672 0.9998157 0.0174366 52.5859856
-0.9983504 -0.0099413 0.0566934 -33.9064963
0.0568552 -0.0168993 0.9982658 2.2206402
0.0000000 0.0000000 0.0000000 1.0000000
-0.0070953 0.9997950 0.0193779 52.5884916
-0.9983722 -0.0081807 0.0565920 -34.5664456
0.0567377 -0.0189447 0.9982360 2.2586945
0.0000000 0.0000000 0.0000000 1.0000000
-0.0039035 0.9997674 0.0215797 52.6009190
-0.9983950 -0.0051173 0.0565500 -35.1816746
0.0566462 -0.0213242 0.9981935 2.2973543
0.0000000 0.0000000 0.0000000 1.0000000
-0.0010036 0.9997250 0.0237764 52.6330805
-0.9983707 -0.0023603 0.0571584 -35.9068342
0.0571977 -0.0236802 0.9981094 2.3456617
0.0000000 0.0000000 0.0000000 1.0000000
0.0005743 0.9996751 0.0258076 52.5904624
-0.9981968 -0.0009783 0.0601605 -36.6883087
0.0601650 -0.0257955 0.9978832 2.3942964
0.0000000 0.0000000 0.0000000 1.0000000
0.0009813 0.9996328 0.0273783 52.6081444
-0.9980618 -0.0007267 0.0623654 -37.4314597
0.0623613 -0.0273863 0.9977059 2.4486157
0.0000000 0.0000000 0.0000000 1.0000000
0.0032488 0.9996295 0.0273292 52.6149197
-0.9978621 0.0014547 0.0654777 -38.2053182
0.0654125 -0.0274834 0.9975085 2.5033345
0.0000000 0.0000000 0.0000000 1.0000000
0.0053781 0.9994581 0.0327369 52.5918040
-0.9977215 0.0031586 0.0675323 -38.9425341
0.0673912 -0.0330254 0.9972095 2.5502912
0.0000000 0.0000000 0.0000000 1.0000000
0.0063661 0.9993180 0.0366143 52.5930101
-0.9977919 0.0039236 0.0664455 -39.6838430
0.0662553 -0.0369564 0.9971482 2.5913681
0.0000000 0.0000000 0.0000000 1.0000000
0.0106959 0.9993551 0.0345374 52.5695539
-0.9977208 0.0083611 0.0670957 -40.4406502
0.0667625 -0.0351762 0.9971787 2.6558101
0.0000000 0.0000000 0.0000000 1.0000000
0.0115828 0.9993453 0.0345336 52.5655444
-0.9975663 0.0091705 0.0692532 -41.2020084
0.0688900 -0.0352516 0.9970316 2.7177766
0.0000000 0.0000000 0.0000000 1.0000000
0.0138622 0.9991770 0.0383508 52.5626725
-0.9974807 0.0111462 0.0701866 -41.9758846
0.0697002 -0.0392271 0.9968268 2.7678693
0.0000000 0.0000000 0.0000000 1.0000000
0.0153816 0.9990957 0.0398616 52.5861878
-0.9975294 0.0125962 0.0692404 -42.7663426
0.0686744 -0.0408281 0.9968336 2.8126808
0.0000000 0.0000000 0.0000000 1.0000000
0.0188547 0.9990765 0.0388485 52.5869804
-0.9975251 0.0161605 0.0685578 -43.5436016
0.0678653 -0.0400449 0.9969212 2.8893785
0.0000000 0.0000000 0.0000000 1.0000000
0.0215442 0.9988792 0.0423604 52.5990202
-0.9972291 0.0184482 0.0721896 -44.3310881
0.0713260 -0.0437982 0.9965216 2.9367308
0.0000000 0.0000000 0.0000000 1.0000000
0.0282805 0.9986635 0.0434725 52.6493153
-0.9965457 0.0247661 0.0793794 -45.0588779
0.0781955 -0.0455672 0.9959269 2.9928297
0.0000000 0.0000000 0.0000000 1.0000000
0.0350378 0.9984146 0.0442774 52.6791128
-0.9960477 0.0312637 0.0832422 -45.7932159
0.0817247 -0.0470190 0.9955767 3.0496211
0.0000000 0.0000000 0.0000000 1.0000000
0.0416943 0.9980121 0.0474666 52.7278531
-0.9956381 0.0375281 0.0855254 -46.6264564
0.0835728 -0.0508254 0.9952364 3.1117945
0.0000000 0.0000000 0.0000000 1.0000000
0.0465262 0.9976707 0.0500813 52.8153014
-0.9956483 0.0422577 0.0831700 -47.3740694
0.0808587 -0.0537329 0.9953082 3.1752064
0.0000000 0.0000000 0.0000000 1.0000000
0.0531002 0.9973043 0.0508367 52.8459920
-0.9954665 0.0488368 0.0817300 -48.2149865
0.0790256 -0.0549461 0.9953892 3.2548097
0.0000000 0.0000000 0.0000000 1.0000000
0.0606650 0.9968362 0.0515473 52.8676962
-0.9952808 0.0564849 0.0790176 -49.0747196
0.0758546 -0.0560976 0.9955717 3.3283368
0.0000000 0.0000000 0.0000000 1.0000000
0.0666662 0.9964013 0.0525300 52.9389405
-0.9953265 0.0627176 0.0735491 -49.8351088
0.0699884 -0.0571877 0.9959390 3.3940347
0.0000000 0.0000000 0.0000000 1.0000000
0.0729039 0.9957996 0.0555620 53.0086640
-0.9953221 0.0690946 0.0676579 -50.6417309
0.0635333 -0.0602346 0.9961920 3.4494733
0.0000000 0.0000000 0.0000000 1.0000000
0.0800628 0.9952789 0.0550334 53.0575507
-0.9949825 0.0764642 0.0646642 -51.4378285
0.0601493 -0.0599344 0.9964208 3.5137135
0.0000000 0.0000000 0.0000000 1.0000000
0.0827405 0.9950523 0.0551689 53.1191848
-0.9946334 0.0789944 0.0669532 -52.2291223
0.0622624 -0.0604125 0.9962622 3.5703067
0.0000000 0.0000000 0.0000000 1.0000000
0.0864588 0.9946478 0.0567418 53.1538603
-0.9939666 0.0822539 0.0726862 -53.0182344
0.0676285 -0.0626837 0.9957721 3.6264635
0.0000000 0.0000000 0.0000000 1.0000000
0.0903774 0.9941814 0.0587713 53.2033825
-0.9933590 0.0857618 0.0768285 -53.7936328
0.0713398 -0.0653245 0.9953439 3.6830183
0.0000000 0.0000000 0.0000000 1.0000000
0.0924065 0.9939431 0.0596416 53.2832560
-0.9929876 0.0875441 0.0795666 -54.6130430
0.0738621 -0.0665758 0.9950769 3.7488307
0.0000000 0.0000000 0.0000000 1.0000000
0.0918765 0.9937260 0.0639275 53.3658584
-0.9930635 0.0866989 0.0795440 -55.4005980
0.0735011 -0.0707923 0.9948128 3.8084521
0.0000000 0.0000000 0.0000000 1.0000000
0.0920324 0.9938195 0.0622220 53.4158311
-0.9932273 0.0871604 0.0769533 -56.2042828
0.0710530 -0.0688827 0.9951243 3.8767109
0.0000000 0.0000000 0.0000000 1.0000000
0.0904035 0.9939510 0.0625065 53.4881908
-0.9937433 0.0858873 0.0715264 -56.9777081
0.0657237 -0.0685816 0.9955110 3.9325785
0.0000000 0.0000000 0.0000000 1.0000000
0.0882791 0.9940564 0.0638492 53.5626195
-0.9943443 0.0841328 0.0649624 -57.7513214
0.0592029 -0.0692229 0.9958761 3.9896513
0.0000000 0.0000000 0.0000000 1.0000000
0.0890060 0.9937424 0.0676183 53.6305878
-0.9944824 0.0848662 0.0618244 -58.4849890
0.0556975 -0.0727480 0.9958274 4.0377021
0.0000000 0.0000000 0.0000000 1.0000000
0.0913174 0.9934110 0.0693847 53.6965706
-0.9943067 0.0871021 0.0615418 -59.2073911
0.0550911 -0.0746095 0.9957239 4.0897162
0.0000000 0.0000000 0.0000000 1.0000000
0.0919368 0.9931837 0.0717795 53.7748112
-0.9941636 0.0874511 0.0633328 -59.8627066
0.0566223 -0.0771831 0.9954419 4.1270207
0.0000000 0.0000000 0.0000000 1.0000000
0.0927344 0.9928719 0.0750012 53.8496008
-0.9939350 0.0878238 0.0663335 -60.5956187
0.0592721 -0.0806978 0.9950096 4.1720391
0.0000000 0.0000000 0.0000000 1.0000000
0.0920112 0.9927769 0.0771238 53.9088742
-0.9936897 0.0865432 0.0714875 -61.2951507
0.0642950 -0.0832148 0.9944904 4.2212725
0.0000000 0.0000000 0.0000000 1.0000000
0.0915116 0.9926726 0.0790332 53.9587046
-0.9933836 0.0854597 0.0768473 -61.9594283
0.0695286 -0.0855428 0.9939404 4.2671755
0.0000000 0.0000000 0.0000000 1.0000000
0.0921012 0.9926624 0.0784710 54.0170834
-0.9932262 0.0859636 0.0783112 -62.6234995
0.0709895 -0.0851521 0.9938708 4.3214056
0.0000000 0.0000000 0.0000000 1.0000000
0.0931518 0.9923235 0.0814606 54.0784794
-0.9930877 0.0867202 0.0792308 -63.2591527
0.0715569 -0.0882780 0.9935576 4.3612407
0.0000000 0.0000000 0.0000000 1.0000000
0.0944556 0.9920438 0.0833460 54.1327656
-0.9931131 0.0880536 0.0774220 -63.9458719
0.0694656 -0.0900849 0.9935443 4.4213792
0.0000000 0.0000000 0.0000000 1.0000000
0.0951467 0.9918698 0.0846242 54.1781702
-0.9932086 0.0888556 0.0752515 -64.6106313
0.0671188 -0.0912094 0.9936037 4.4684514
0.0000000 0.0000000 0.0000000 1.0000000
0.0942853 0.9918879 0.0853728 54.2188529
-0.9933413 0.0880134 0.0744842 -65.2753358
0.0663644 -0.0918271 0.9935976 4.5208318
0.0000000 0.0000000 0.0000000 1.0000000
0.0904630 0.9920961 0.0870715 54.2558816
-0.9937030 0.0840997 0.0741820 -65.8909079
0.0662714 -0.0932339 0.9934730 4.5705946
0.0000000 0.0000000 0.0000000 1.0000000
0.0868877 0.9921116 0.0904701 54.3012479
-0.9939978 0.0802608 0.0744912 -66.5049978
0.0666407 -0.0963993 0.9931468 4.6196492
0.0000000 0.0000000 0.0000000 1.0000000
0.0814368 0.9923474 0.0929203 54.3590658
-0.9942193 0.0743208 0.0776410 -67.1351075
0.0701393 -0.0987058 0.9926797 4.6643429
0.0000000 0.0000000 0.0000000 1.0000000
0.0781028 0.9925093 0.0940486 54.3948954
-0.9941778 0.0704984 0.0816408 -67.7458578
0.0743974 -0.0998772 0.9922533 4.7162927
0.0000000 0.0000000 0.0000000 1.0000000
0.0750186 0.9928076 0.0934094 54.4376297
-0.9943172 0.0673629 0.0825857 -68.3572216
0.0756979 -0.0990737 0.9922356 4.7646843
0.0000000 0.0000000 0.0000000 1.0000000
0.0728715 0.9927938 0.0952391 54.4571391
-0.9945175 0.0651360 0.0819588 -68.9497356
0.0751631 -0.1006891 0.9921139 4.8144609
0.0000000 0.0000000 0.0000000 1.0000000
0.0698075 0.9927830 0.0976190 54.5174300
-0.9949320 0.0621728 0.0791862 -69.5844736
0.0725438 -0.1026517 0.9921083 4.8642597
0.0000000 0.0000000 0.0000000 1.0000000
0.0681853 0.9928194 0.0983949 54.5294091
-0.9952699 0.0608299 0.0759194 -70.1499896
0.0693872 -0.1031057 0.9922876 4.9160168
0.0000000 0.0000000 0.0000000 1.0000000
0.0627920 0.9930698 0.0994493 54.5770165
-0.9956536 0.0554435 0.0750147 -70.7314845
0.0689792 -0.1037269 0.9922513 4.9839340
0.0000000 0.0000000 0.0000000 1.0000000
0.0614641 0.9933418 0.0975484 54.5970134
-0.9955742 0.0540350 0.0770622 -71.3254600
0.0712763 -0.1018528 0.9922831 5.0325069
0.0000000 0.0000000 0.0000000 1.0000000
0.0564547 0.9937591 0.0963181 54.6407229
-0.9956767 0.0488934 0.0791418 -71.9151605
0.0739368 -0.1003692 0.9922397 5.0904138
0.0000000 0.0000000 0.0000000 1.0000000
0.0535190 0.9937550 0.0980195 54.6820051
-0.9956206 0.0455520 0.0817951 -72.4910594
0.0768176 -0.1019675 0.9918577 5.1293253
0.0000000 0.0000000 0.0000000 1.0000000
0.0521583 0.9936736 0.0995674 54.7425751
-0.9954921 0.0438102 0.0842708 -73.0396501
0.0793739 -0.1035137 0.9914960 5.1750451
0.0000000 0.0000000 0.0000000 1.0000000
0.0505977 0.9937955 0.0991576 54.7625814
-0.9956243 0.0423649 0.0834501 -73.5878890
0.0787299 -0.1029457 0.9916073 5.2177492
0.0000000 0.0000000 0.0000000 1.0000000
0.0501838 0.9942884 0.0943060 54.7633299
-0.9957125 0.0424452 0.0823523 -74.1500221
0.0778774 -0.0980339 0.9921721 5.2688537
0.0000000 0.0000000 0.0000000 1.0000000
0.0531888 0.9944606 0.0907788 54.7719765
-0.9956292 0.0458067 0.0815581 -74.7173069
0.0769463 -0.0947194 0.9925672 5.3157185
0.0000000 0.0000000 0.0000000 1.0000000
0.0556203 0.9944832 0.0890551 54.7929484
-0.9955388 0.0484120 0.0811587 -75.2795740
0.0763980 -0.0931711 0.9927563 5.3626279
0.0000000 0.0000000 0.0000000 1.0000000
0.0535387 0.9944246 0.0909634 54.8066997
-0.9956048 0.0461308 0.0816832 -75.8335224
0.0770299 -0.0949360 0.9925404 5.4100763
0.0000000 0.0000000 0.0000000 1.0000000
0.0600912 0.9938643 0.0929708 54.8241207
-0.9952943 0.0525456 0.0815910 -76.3735050
0.0762036 -0.0974354 0.9923619 5.4497975
0.0000000 0.0000000 0.0000000 1.0000000
0.0652269 0.9935577 0.0927887 54.8275338
-0.9950382 0.0577409 0.0812030 -76.9322509
0.0753205 -0.0976241 0.9924110 5.4994527
0.0000000 0.0000000 0.0000000 1.0000000
0.0715261 0.9930472 0.0936127 54.8506161
-0.9946913 0.0640342 0.0807351 -77.5064370
0.0741776 -0.0988895 0.9923727 5.5415305
0.0000000 0.0000000 0.0000000 1.0000000
0.0797492 0.9922480 0.0954270 54.8921843
-0.9942473 0.0722918 0.0792173 -78.0958323
0.0717028 -0.1011947 0.9923222 5.5785974
0.0000000 0.0000000 0.0000000 1.0000000
0.0879038 0.9914140 0.0969237 54.9486906
-0.9936897 0.0804460 0.0783532 -78.6792900
0.0698814 -0.1031987 0.9922467 5.6285844
0.0000000 0.0000000 0.0000000 1.0000000
0.0966953 0.9903682 0.0992181 54.9815758
-0.9929528 0.0891007 0.0783316 -79.2651503
0.0687348 -0.1060922 0.9920219 5.6699485
0.0000000 0.0000000 0.0000000 1.0000000
0.1098600 0.9886058 0.1030185 55.0521355
-0.9915772 0.1018317 0.0802161 -79.8673649
0.0688096 -0.1109624 0.9914838 5.7124779
0.0000000 0.0000000 0.0000000 1.0000000
0.1210014 0.9869745 0.1061285 55.1295936
-0.9901981 0.1124732 0.0829903 -80.4943670
0.0699709 -0.1151293 0.9909272 5.7495240
0.0000000 0.0000000 0.0000000 1.0000000
0.1320400 0.9853219 0.1083033 55.2218490
-0.9888473 0.1233140 0.0836904 -81.1498765
0.0691048 -0.1181451 0.9906331 5.7915799
0.0000000 0.0000000 0.0000000 1.0000000
0.1428085 0.9837025 0.1093538 55.2958038
-0.9873065 0.1338014 0.0857388 -81.7673511
0.0697081 -0.1202093 0.9903415 5.8363896
0.0000000 0.0000000 0.0000000 1.0000000
0.1511296 0.9822020 0.1116346 55.3792963
-0.9861060 0.1418958 0.0865351 -82.3802396
0.0691527 -0.1231609 0.9900178 5.8779300
0.0000000 0.0000000 0.0000000 1.0000000
0.1602966 0.9805766 0.1131275 55.4546758
-0.9847394 0.1509713 0.0867383 -82.9941665
0.0679727 -0.1253044 0.9898306 5.9220486
0.0000000 0.0000000 0.0000000 1.0000000
0.1691701 0.9787819 0.1157175 55.5766353
-0.9833762 0.1597379 0.0865046 -83.6402098
0.0661828 -0.1284273 0.9895519 5.9636773
0.0000000 0.0000000 0.0000000 1.0000000
0.1808238 0.9766360 0.1162241 55.6851931
-0.9816458 0.1719029 0.0827621 -84.3225199
0.0608473 -0.1290555 0.9898130 6.0020326
0.0000000 0.0000000 0.0000000 1.0000000
0.1909001 0.9748745 0.1148919 55.7579528
-0.9801492 0.1828899 0.0767358 -84.9530442
0.0537933 -0.1272591 0.9904545 6.0465516
0.0000000 0.0000000 0.0000000 1.0000000
0.1990617 0.9734890 0.1127674 55.8377610
-0.9787390 0.1916454 0.0732917 -85.6454266
0.0497353 -0.1249584 0.9909592 6.0918271
0.0000000 0.0000000 0.0000000 1.0000000
0.2069428 0.9718911 0.1123591 55.9334361
-0.9772859 0.1999470 0.0704485 -86.3401506
0.0460004 -0.1243847 0.9912115 6.1290031
0.0000000 0.0000000 0.0000000 1.0000000
0.2134328 0.9709992 0.1078393 56.0427468
-0.9759572 0.2068779 0.0688360 -87.0362687
0.0445280 -0.1199372 0.9918269 6.1722713
0.0000000 0.0000000 0.0000000 1.0000000
0.2183237 0.9705798 0.1016469 56.1595750
-0.9749357 0.2123161 0.0667217 -87.7934513
0.0431754 -0.1136647 0.9926254 6.1987955
0.0000000 0.0000000 0.0000000 1.0000000
0.2226145 0.9702620 0.0951691 56.2696118
-0.9742462 0.2177656 0.0587563 -88.5495699
0.0362823 -0.1057966 0.9937708 6.2341460
0.0000000 0.0000000 0.0000000 1.0000000
0.2267573 0.9696913 0.0911179 56.4297100
-0.9734279 0.2225287 0.0543028 -89.2919808
0.0323783 -0.1010086 0.9944037 6.2733513
0.0000000 0.0000000 0.0000000 1.0000000
0.2343007 0.9681389 0.0885043 56.5956244
-0.9716264 0.2301279 0.0548856 -90.0536241
0.0327674 -0.0988512 0.9946075 6.2937688
0.0000000 0.0000000 0.0000000 1.0000000
0.2381566 0.9674466 0.0857357 56.7463249
-0.9704232 0.2334061 0.0618799 -90.8193121
0.0398522 -0.0979354 0.9944387 6.3301563
0.0000000 0.0000000 0.0000000 1.0000000
0.2452836 0.9660521 0.0812514 56.9300204
-0.9684497 0.2403304 0.0661413 -91.5673675
0.0443668 -0.0949097 0.9945407 6.3589560
0.0000000 0.0000000 0.0000000 1.0000000
0.2476870 0.9654268 0.0813883 57.0867498
-0.9677744 0.2425730 0.0678144 -92.3160375
0.0457254 -0.0955607 0.9944165 6.3962763
0.0000000 0.0000000 0.0000000 1.0000000
0.2505214 0.9640782 0.0883992 57.2631154
-0.9670947 0.2449991 0.0687839 -93.0551069
0.0446535 -0.1027208 0.9937515 6.4276207
0.0000000 0.0000000 0.0000000 1.0000000
0.2557729 0.9621402 0.0942795 57.4394066
-0.9657417 0.2498353 0.0703763 -93.7590978
0.0441556 -0.1090487 0.9930991 6.4612933
0.0000000 0.0000000 0.0000000 1.0000000
0.2595741 0.9610201 0.0953093 57.6360243
-0.9645996 0.2532163 0.0738675 -94.5203215
0.0468525 -0.1111081 0.9927472 6.5124892
0.0000000 0.0000000 0.0000000 1.0000000
0.2621798 0.9603114 0.0953193 57.8190725
-0.9637440 0.2554480 0.0772730 -95.2587416
0.0498552 -0.1121216 0.9924869 6.5527427
0.0000000 0.0000000 0.0000000 1.0000000
0.2648377 0.9593940 0.0971920 57.9926072
-0.9629183 0.2577053 0.0800206 -95.9561601
0.0517226 -0.1147793 0.9920874 6.5985993
0.0000000 0.0000000 0.0000000 1.0000000
0.2689352 0.9580237 0.0994360 58.1875031
-0.9619008 0.2618453 0.0788103 -96.6510180
0.0494634 -0.1168413 0.9919626 6.6345714
0.0000000 0.0000000 0.0000000 1.0000000
0.2710372 0.9574856 0.0989069 58.3807219
-0.9614556 0.2643192 0.0759286 -97.3701019
0.0465557 -0.1156730 0.9922396 6.6831709
0.0000000 0.0000000 0.0000000 1.0000000
0.2719507 0.9571310 0.0998255 58.5857411
-0.9613033 0.2654212 0.0739859 -98.0838307
0.0443166 -0.1160820 0.9922941 6.7219249
0.0000000 0.0000000 0.0000000 1.0000000
0.2725426 0.9568231 0.1011536 58.7682009
-0.9611894 0.2660483 0.0732093 -98.7393892
0.0431347 -0.1171793 0.9922172 6.7600030
0.0000000 0.0000000 0.0000000 1.0000000
0.2770313 0.9552687 0.1036215 58.9502889
-0.9599203 0.2703403 0.0741333 -99.3608258
0.0428023 -0.1200045 0.9918944 6.7917151
0.0000000 0.0000000 0.0000000 1.0000000
0.2793364 0.9547685 0.1020323 59.0917588
-0.9592309 0.2726863 0.0744619 -99.9687075
0.0432692 -0.1186713 0.9920345 6.8319370
0.0000000 0.0000000 0.0000000 1.0000000
0.2801855 0.9544579 0.1026093 59.2360892
-0.9590256 0.2735989 0.0737570 -100.5634422
0.0423223 -0.1190694 0.9920280 6.8635405
0.0000000 0.0000000 0.0000000 1.0000000
0.2816925 0.9541010 0.1017974 59.4002838
-0.9585790 0.2751384 0.0738362 -101.1625513
0.0424370 -0.1183788 0.9921056 6.8987732
0.0000000 0.0000000 0.0000000 1.0000000
0.2828098 0.9535700 0.1036598 59.5703458
-0.9583012 0.2762473 0.0732958 -101.7363564
0.0412551 -0.1200650 0.9919528 6.9244876
0.0000000 0.0000000 0.0000000 1.0000000
0.2867295 0.9523966 0.1036820 59.7277954
-0.9571999 0.2803120 0.0722524 -102.3029173
0.0397477 -0.1199601 0.9920280 6.9594234
0.0000000 0.0000000 0.0000000 1.0000000
