1.0000000 0.0000000 0.0000000 0.0000000
0.0000000 1.0000000 0.0000000 0.0000000
0.0000000 0.0000000 1.0000000 0.0000000
0.0000000 0.0000000 0.0000000 1.0000000
1.0000002 0.0001735 0.0000754 1.2976965
-0.0001735 1.0000000 -0.0005359 -0.0644311
-0.0000755 0.0005359 1.0000002 0.0121907
0.0000000 0.0000000 0.0000000 1.0000000
1.0000005 -0.0002750 -0.0003434 2.5456322
0.0002741 0.9999969 -0.0026892 -0.0893114
0.0003442 0.0026891 0.9999975 0.0299396
0.0000000 0.0000000 0.0000000 1.0000000
1.0000006 0.0007358 -0.0005613 3.7022404
-0.0007375 0.9999957 -0.0030079 -0.1170688
0.0005590 0.0030083 0.9999969 0.0359887
0.0000000 0.0000000 0.0000000 1.0000000
1.0000005 0.0001004 -0.0010106 4.8912004
-0.0001039 0.9999949 -0.0034099 -0.1859439
0.0010102 0.0034101 0.9999952 0.0427130
0.0000000 0.0000000 0.0000000 1.0000000
1.0000004 -0.0010238 -0.0001129 6.1700639
0.0010231 0.9999885 -0.0049146 -0.1976740
0.0001179 0.0049145 0.9999897 0.0573622
0.0000000 0.0000000 0.0000000 1.0000000
1.0000014 -0.0000783 -0.0008444 7.4532210
0.0000737 0.9999878 -0.0052909 -0.2391506
0.0008448 0.0052909 0.9999891 0.0678152
0.0000000 0.0000000 0.0000000 1.0000000
0.9999913 -0.0033025 -0.0033998 8.8047644
0.0032871 0.9999865 -0.0045232 -0.2967938
0.0034146 0.0045120 0.9999885 0.0936110
0.0000000 0.0000000 0.0000000 1.0000000
0.9999814 -0.0024177 -0.0060617 10.0739638
0.0024062 0.9999977 -0.0018816 -0.3520419
0.0060662 0.0018670 0.9999849 0.1151903
0.0000000 0.0000000 0.0000000 1.0000000
0.9999729 -0.0028908 -0.0071725 11.4315249
0.0028932 0.9999984 0.0003564 -0.3584458
0.0071714 -0.0003771 0.9999798 0.1438555
0.0000000 0.0000000 0.0000000 1.0000000
0.9999770 -0.0002230 -0.0071817 12.7127354
0.0002347 1.0000014 0.0016851 -0.3092319
0.0071812 -0.0016867 0.9999785 0.1669396
0.0000000 0.0000000 0.0000000 1.0000000
0.9999764 0.0001134 -0.0072233 14.0364546
-0.0000939 0.9999992 0.0028181 -0.3052155
0.0072235 -0.0028174 0.9999757 0.1926605
0.0000000 0.0000000 0.0000000 1.0000000
0.9999926 -0.0002897 -0.0044396 15.3985204
0.0002915 1.0000030 0.0006184 -0.3357856
0.0044394 -0.0006197 0.9999958 0.2151504
0.0000000 0.0000000 0.0000000 1.0000000
0.9999977 -0.0002191 -0.0031207 16.7015138
0.0002061 0.9999952 -0.0039491 -0.2951322
0.0031215 0.0039484 0.9999931 0.2422652
0.0000000 0.0000000 0.0000000 1.0000000
0.9999906 -0.0007407 -0.0048111 18.0547913
0.0007102 0.9999835 -0.0061958 -0.2900067
0.0048156 0.0061923 0.9999747 0.2704279
0.0000000 0.0000000 0.0000000 1.0000000
0.9999775 -0.0002704 -0.0070546 19.3426435
0.0002190 0.9999774 -0.0071633 -0.3203552
0.0070563 0.0071617 0.9999552 0.2916277
0.0000000 0.0000000 0.0000000 1.0000000
0.9999782 -0.0012778 -0.0068341 20.7194088
0.0012375 0.9999856 -0.0057630 -0.2944900
0.0068413 0.0057544 0.9999656 0.3261486
0.0000000 0.0000000 0.0000000 1.0000000
0.9999850 0.0004499 -0.0058721 21.9900299
-0.0004765 0.9999934 -0.0043551 -0.2747941
0.0058700 0.0043579 0.9999788 0.3316391
0.0000000 0.0000000 0.0000000 1.0000000
0.9999996 -0.0000720 -0.0023587 23.4348711
0.0000616 0.9999951 -0.0039860 -0.2257076
0.0023589 0.0039858 0.9999949 0.3498513
0.0000000 0.0000000 0.0000000 1.0000000
1.0000010 -0.0016491 -0.0005528 24.8807711
0.0016445 0.9999790 -0.0067178 -0.1906582
0.0005638 0.0067169 0.9999832 0.3579718
0.0000000 0.0000000 0.0000000 1.0000000
0.9999875 -0.0055242 -0.0007315 26.3741735
0.0055160 0.9999401 -0.0097944 -0.1746953
0.0007854 0.0097903 0.9999588 0.3887828
0.0000000 0.0000000 0.0000000 1.0000000
0.9999681 -0.0076574 -0.0034287 27.8064862
0.0076227 0.9999261 -0.0098123 -0.1557742
0.0035035 0.0097858 0.9999536 0.3908803
0.0000000 0.0000000 0.0000000 1.0000000
0.9999496 -0.0092967 -0.0045728 29.3152752
0.0092499 0.9999105 -0.0099952 -0.1797011
0.0046652 0.0099524 0.9999473 0.4200228
0.0000000 0.0000000 0.0000000 1.0000000
0.9999167 -0.0112064 -0.0069484 30.7693525
0.0111602 0.9999194 -0.0065420 -0.1585958
0.0070210 0.0064639 0.9999623 0.4284737
0.0000000 0.0000000 0.0000000 1.0000000
0.9998891 -0.0129548 -0.0078245 32.2780440
0.0129082 0.9999021 -0.0058866 -0.1673944
0.0078999 0.0057850 0.9999595 0.4607824
0.0000000 0.0000000 0.0000000 1.0000000
0.9998829 -0.0130495 -0.0083663 33.7482986
0.0129971 0.9998992 -0.0061984 -0.1382902
0.0084463 0.0060889 0.9999530 0.4810291
0.0000000 0.0000000 0.0000000 1.0000000
0.9998959 -0.0128814 -0.0070047 35.1029716
0.0128155 0.9998780 -0.0092770 -0.1170316
0.0071233 0.0091863 0.9999405 0.4970477
0.0000000 0.0000000 0.0000000 1.0000000
0.9999116 -0.0121695 -0.0060338 36.4726096
0.0121237 0.9999022 -0.0074471 -0.1283854
0.0061238 0.0073734 0.9999629 0.5192701
0.0000000 0.0000000 0.0000000 1.0000000
0.9998948 -0.0138525 -0.0051161 37.8642176
0.0138246 0.9998938 -0.0053447 -0.0958961
0.0051895 0.0052734 0.9999818 0.5445398
0.0000000 0.0000000 0.0000000 1.0000000
0.9999160 -0.0122342 -0.0051131 39.1695977
0.0122178 0.9999242 -0.0031171 -0.0239234
0.0051507 0.0030544 0.9999914 0.5647079
0.0000000 0.0000000 0.0000000 1.0000000
0.9999254 -0.0118048 -0.0043041 40.5147135
0.0117992 0.9999336 -0.0011391 0.0479080
0.0043171 0.0010882 1.0000001 0.5833511
0.0000000 0.0000000 0.0000000 1.0000000
0.9998843 -0.0149859 -0.0040660 41.9713112
0.0149883 0.9998915 0.0007834 0.0652963
0.0040537 -0.0008442 1.0000023 0.6159011
0.0000000 0.0000000 0.0000000 1.0000000
0.9998899 -0.0147516 -0.0036169 43.3278663
0.0147487 0.9998954 -0.0005081 0.1168642
0.0036239 0.0004547 1.0000049 0.6338239
0.0000000 0.0000000 0.0000000 1.0000000
0.9998874 -0.0149159 -0.0037117 44.6534178
0.0149118 0.9998930 -0.0007854 0.1515190
0.0037229 0.0007300 1.0000054 0.6531064
0.0000000 0.0000000 0.0000000 1.0000000
0.9998961 -0.0143854 -0.0035668 46.0013090
0.0143738 0.9998972 -0.0028008 0.1936309
0.0036066 0.0027492 1.0000027 0.6740606
0.0000000 0.0000000 0.0000000 1.0000000
0.9998729 -0.0161314 -0.0025442 47.3362152
0.0161224 0.9998705 -0.0027783 0.2434155
0.0025886 0.0027369 1.0000063 0.6910740
0.0000000 0.0000000 0.0000000 1.0000000
0.9998765 -0.0157458 -0.0034963 48.7192221
0.0157380 0.9998793 -0.0016285 0.2855191
0.0035214 0.0015733 1.0000066 0.7106608
0.0000000 0.0000000 0.0000000 1.0000000
0.9998968 -0.0142903 -0.0039036 49.9579104
0.0142827 0.9999013 -0.0014200 0.3269133
0.0039233 0.0013641 1.0000051 0.7218873
0.0000000 0.0000000 0.0000000 1.0000000
0.9998870 -0.0152495 -0.0026005 51.2668612
0.0152401 0.9998846 -0.0026797 0.3706742
0.0026409 0.0026398 1.0000071 0.7334679
0.0000000 0.0000000 0.0000000 1.0000000
0.9998248 -0.0190111 -0.0019131 52.6602304
0.0190000 0.9998145 -0.0043642 0.3631415
0.0019955 0.0043270 1.0000035 0.7544471
0.0000000 0.0000000 0.0000000 1.0000000
0.9998527 -0.0175068 -0.0017486 53.9996137
0.0174943 0.9998361 -0.0055897 0.4188225
0.0018460 0.0055583 0.9999982 0.7687841
0.0000000 0.0000000 0.0000000 1.0000000
0.9998597 -0.0169765 -0.0025954 55.4098957
0.0169538 0.9998309 -0.0077888 0.4688954
0.0027270 0.0077437 0.9999817 0.7855377
0.0000000 0.0000000 0.0000000 1.0000000
0.9998317 -0.0186577 -0.0015129 56.7560219
0.0186433 0.9998003 -0.0078369 0.5011383
0.0016586 0.0078074 0.9999832 0.8059668
0.0000000 0.0000000 0.0000000 1.0000000
0.9998367 -0.0184569 0.0002960 58.1356687
0.0184565 0.9998065 -0.0074506 0.5607557
-0.0001586 0.0074549 0.9999873 0.8344239
0.0000000 0.0000000 0.0000000 1.0000000
0.9998913 -0.0152407 0.0006771 59.4394732
0.0152443 0.9998353 -0.0102873 0.5917481
-0.0005204 0.0102965 0.9999625 0.8472273
0.0000000 0.0000000 0.0000000 1.0000000
0.9998863 -0.0155842 0.0005346 60.8817919
0.0155863 0.9998249 -0.0107713 0.6417664
-0.0003668 0.0107784 0.9999579 0.8654187
0.0000000 0.0000000 0.0000000 1.0000000
0.9998806 -0.0159210 0.0005574 62.2625067
0.0159247 0.9997831 -0.0137608 0.6904126
-0.0003384 0.0137680 0.9999213 0.8743327
0.0000000 0.0000000 0.0000000 1.0000000
0.9998521 -0.0176048 -0.0002964 63.5737892
0.0175983 0.9997835 -0.0115307 0.7255247
0.0004991 0.0115238 0.9999494 0.9029269
0.0000000 0.0000000 0.0000000 1.0000000
0.9998052 -0.0200850 0.0002644 64.8837466
0.0200848 0.9997483 -0.0104788 0.8012997
-0.0000541 0.0104821 0.9999609 0.9241886
0.0000000 0.0000000 0.0000000 1.0000000
0.9998151 -0.0195318 0.0013649 66.1650332
0.0195412 0.9997754 -0.0087839 0.8581897
-0.0011933 0.0088090 0.9999763 0.9381144
0.0000000 0.0000000 0.0000000 1.0000000
0.9997664 -0.0218379 0.0020917 67.4495825
0.0218492 0.9997449 -0.0065125 0.9374603
-0.0019492 0.0065567 0.9999926 0.9543322
0.0000000 0.0000000 0.0000000 1.0000000
0.9997732 -0.0213392 0.0036724 68.7420654
0.0213531 0.9997671 -0.0043909 0.9765378
-0.0035781 0.0044683 1.0000000 0.9666336
0.0000000 0.0000000 0.0000000 1.0000000
0.9996776 -0.0254339 0.0037538 70.0894967
0.0254339 0.9996809 -0.0005821 1.0423853
-0.0037380 0.0006774 1.0000096 0.9697441
0.0000000 0.0000000 0.0000000 1.0000000
0.9995730 -0.0292570 0.0037631 71.4045199
0.0292423 0.9995715 0.0033421 1.1013312
-0.0038595 -0.0032306 1.0000045 0.9886846
0.0000000 0.0000000 0.0000000 1.0000000
0.9994814 -0.0322481 0.0036873 72.6487019
0.0322262 0.9994714 0.0052506 1.1809651
-0.0038550 -0.0051291 0.9999966 1.0015746
0.0000000 0.0000000 0.0000000 1.0000000
0.9995439 -0.0300493 0.0050532 73.6428416
0.0300184 0.9995380 0.0056444 1.2418979
-0.0052207 -0.0054902 0.9999883 1.0182236
0.0000000 0.0000000 0.0000000 1.0000000
0.9995015 -0.0314028 0.0052415 74.9398779
0.0313930 0.9995102 0.0014892 1.3044720
-0.0052859 -0.0013240 1.0000020 1.0240457
0.0000000 0.0000000 0.0000000 1.0000000
0.9993675 -0.0354523 0.0050108 74.9630529
0.0354375 0.9993728 0.0025268 1.3044347
-0.0050975 -0.0023476 1.0000016 1.0162291
0.0000000 0.0000000 0.0000000 1.0000000
0.9992060 -0.0397308 0.0051329 76.0599338
0.0397164 0.9992119 0.0023847 1.3223666
-0.0052239 -0.0021790 1.0000009 1.0265257
0.0000000 0.0000000 0.0000000 1.0000000
0.9990314 -0.0439809 0.0043183 77.1851207
0.0439725 0.9990358 0.0014493 1.3998319
-0.0043781 -0.0012580 1.0000065 1.0277227
0.0000000 0.0000000 0.0000000 1.0000000
0.9988948 -0.0470321 0.0037177 78.3574867
0.0470395 0.9988935 -0.0026440 1.4734602
-0.0035895 0.0028159 1.0000065 1.0322652
0.0000000 0.0000000 0.0000000 1.0000000
0.9987162 -0.0507006 0.0035082 79.5755726
0.0507049 0.9987160 -0.0018999 1.5499882
-0.0034076 0.0020754 1.0000093 1.0396515
0.0000000 0.0000000 0.0000000 1.0000000
0.9985826 -0.0531918 0.0044940 80.5705651
0.0531999 0.9985853 -0.0022817 1.6294665
-0.0043665 0.0025176 1.0000044 1.0527521
0.0000000 0.0000000 0.0000000 1.0000000
0.9984494 -0.0555850 0.0051112 81.7363027
0.0555984 0.9984524 -0.0030565 1.6968255
-0.0049337 0.0033359 0.9999995 1.0672077
0.0000000 0.0000000 0.0000000 1.0000000
0.9980579 -0.0621563 0.0058376 83.0198810
0.0621926 0.9980453 -0.0067639 1.7704965
-0.0054061 0.0071139 0.9999773 1.0766003
0.0000000 0.0000000 0.0000000 1.0000000
0.9978860 -0.0647783 0.0066540 84.1023139
0.0648303 0.9978652 -0.0083619 1.8744224
-0.0060984 0.0087757 0.9999600 1.0857895
0.0000000 0.0000000 0.0000000 1.0000000
0.9974915 -0.0706067 0.0065249 85.4094007
0.0706674 0.9974534 -0.0100541 1.9622956
-0.0057987 0.0104901 0.9999456 1.1020103
0.0000000 0.0000000 0.0000000 1.0000000
0.9970645 -0.0764095 0.0062872 86.6388925
0.0764789 0.9970014 -0.0121363 2.0998811
-0.0053413 0.0125816 0.9999234 1.1116143
0.0000000 0.0000000 0.0000000 1.0000000
0.9967730 -0.0802430 0.0044766 87.8570538
0.0802781 0.9967357 -0.0090182 2.1946321
-0.0037386 0.0093485 0.9999661 1.1264576
0.0000000 0.0000000 0.0000000 1.0000000
0.9967039 -0.0810614 0.0051203 87.9461266
0.0811010 0.9966719 -0.0086894 2.2407861
-0.0043991 0.0090761 0.9999663 1.1259263
0.0000000 0.0000000 0.0000000 1.0000000
0.9963621 -0.0852114 0.0042070 89.1199376
0.0852374 0.9963387 -0.0071922 2.3612553
-0.0035790 0.0075247 0.9999828 1.1402897
0.0000000 0.0000000 0.0000000 1.0000000
0.9959403 -0.0899105 0.0060117 90.4278184
0.0899571 0.9959135 -0.0085060 2.5207138
-0.0052226 0.0090123 0.9999639 1.1454700
0.0000000 0.0000000 0.0000000 1.0000000
0.9954304 -0.0953663 0.0064112 91.6984777
0.0954162 0.9954049 -0.0085009 2.6590694
-0.0055713 0.0090739 0.9999614 1.1572929
0.0000000 0.0000000 0.0000000 1.0000000
0.9951474 -0.0981672 0.0079860 92.8414337
0.0982200 0.9951445 -0.0069071 2.8056116
-0.0072694 0.0076579 0.9999627 1.1593747
0.0000000 0.0000000 0.0000000 1.0000000
0.9950854 -0.0989441 0.0058131 94.0794781
0.0989672 0.9950853 -0.0043668 2.9686872
-0.0053527 0.0049207 0.9999926 1.1778901
0.0000000 0.0000000 0.0000000 1.0000000
0.9946434 -0.1033712 0.0042675 95.4345478
0.1033927 0.9946268 -0.0059547 3.1332741
-0.0036293 0.0063640 0.9999921 1.1852992
0.0000000 0.0000000 0.0000000 1.0000000
0.9940175 -0.1092926 0.0016154 96.7320481
0.1092981 0.9939903 -0.0066771 3.2744909
-0.0008762 0.0068138 0.9999944 1.1974450
0.0000000 0.0000000 0.0000000 1.0000000
0.9938077 -0.1111451 0.0032980 97.9696775
0.1111616 0.9937851 -0.0064625 3.4779160
-0.0025595 0.0067891 0.9999914 1.2184220
0.0000000 0.0000000 0.0000000 1.0000000
0.9938565 -0.1106131 0.0057426 99.1568172
0.1106519 0.9938343 -0.0075300 3.6287182
-0.0048746 0.0081193 0.9999731 1.2235114
0.0000000 0.0000000 0.0000000 1.0000000
0.9936732 -0.1122019 0.0065800 100.4081415
0.1122477 0.9936552 -0.0075656 3.7775956
-0.0056896 0.0082564 0.9999675 1.2375369
0.0000000 0.0000000 0.0000000 1.0000000
0.9934401 -0.1142932 0.0057973 101.6123403
0.1143240 0.9934303 -0.0058458 3.9317991
-0.0050913 0.0064703 0.9999847 1.2544970
0.0000000 0.0000000 0.0000000 1.0000000
0.9933448 -0.1151589 0.0049685 102.8555299
0.1151867 0.9933272 -0.0064225 4.0920915
-0.0041960 0.0069520 0.9999858 1.2613746
0.0000000 0.0000000 0.0000000 1.0000000
0.9931078 -0.1172324 0.0037521 104.1273293
0.1172549 0.9930779 -0.0074633 4.2689430
-0.0028515 0.0078519 0.9999844 1.2709327
0.0000000 0.0000000 0.0000000 1.0000000
0.9928734 -0.1191779 0.0044688 105.3329571
0.1192037 0.9928503 -0.0068225 4.4332442
-0.0036241 0.0073066 0.9999860 1.2752262
0.0000000 0.0000000 0.0000000 1.0000000
0.9924705 -0.1223996 0.0064842 106.5724864
0.1224327 0.9924659 -0.0054679 4.5855050
-0.0057664 0.0062206 0.9999838 1.2836338
0.0000000 0.0000000 0.0000000 1.0000000
0.9921443 -0.1248335 0.0094056 107.8552160
0.1249000 0.9921475 -0.0071740 4.7586480
-0.0084365 0.0082924 0.9999503 1.2872059
0.0000000 0.0000000 0.0000000 1.0000000
0.9915313 -0.1296332 0.0091607 109.0944610
0.1297172 0.9915083 -0.0096117 4.9250036
-0.0078372 0.0107186 0.9999324 1.2928052
0.0000000 0.0000000 0.0000000 1.0000000
0.9913282 -0.1313075 0.0070032 110.2859457
0.1313746 0.9912793 -0.0106720 5.1122142
-0.0055411 0.0114995 0.9999389 1.3005540
0.0000000 0.0000000 0.0000000 1.0000000
0.9911809 -0.1324325 0.0067132 111.4250979
0.1324796 0.9911604 -0.0076172 5.2841561
-0.0056454 0.0084393 0.9999691 1.3150212
0.0000000 0.0000000 0.0000000 1.0000000
0.9908947 -0.1345706 0.0065213 112.6274282
0.1346030 0.9908893 -0.0052554 5.4850467
-0.0057550 0.0060853 0.9999859 1.3231787
0.0000000 0.0000000 0.0000000 1.0000000
0.9904415 -0.1379261 0.0051313 113.7657646
0.1379530 0.9904243 -0.0059174 5.6503780
-0.0042663 0.0065686 0.9999901 1.3345779
0.0000000 0.0000000 0.0000000 1.0000000
0.9903709 -0.1384481 0.0047081 115.1025130
0.1384751 0.9903466 -0.0066679 5.8748976
-0.0037398 0.0072556 0.9999878 1.3409269
0.0000000 0.0000000 0.0000000 1.0000000
0.9900707 -0.1405885 0.0044346 116.3608488
0.1406253 0.9900119 -0.0103119 6.0691514
-0.0029408 0.0108330 0.9999579 1.3438054
0.0000000 0.0000000 0.0000000 1.0000000
0.9900472 -0.1406941 0.0060176 117.5255259
0.1407483 0.9899942 -0.0103299 6.2389905
-0.0045044 0.0110740 0.9999491 1.3560162
0.0000000 0.0000000 0.0000000 1.0000000
0.9904767 -0.1376242 0.0062674 118.7176262
0.1376930 0.9903939 -0.0128735 6.4375239
-0.0044357 0.0136139 0.9999179 1.3638994
0.0000000 0.0000000 0.0000000 1.0000000
0.9902859 -0.1389732 0.0066229 119.8146363
0.1390531 0.9901852 -0.0142648 6.5835561
-0.0045758 0.0150471 0.9998972 1.3688645
0.0000000 0.0000000 0.0000000 1.0000000
0.9898568 -0.1419457 0.0076394 121.0384824
0.1420429 0.9897552 -0.0146663 6.7934470
-0.0054796 0.0156026 0.9998845 1.3831625
0.0000000 0.0000000 0.0000000 1.0000000
0.9890149 -0.1475443 0.0102086 122.2733607
0.1476846 0.9889234 -0.0150544 6.9856169
-0.0078746 0.0163967 0.9998563 1.3942477
0.0000000 0.0000000 0.0000000 1.0000000
0.9885466 -0.1505569 0.0115065 123.4845634
0.1507263 0.9884509 -0.0159354 7.1818684
-0.0089748 0.0174872 0.9998292 1.4026759
0.0000000 0.0000000 0.0000000 1.0000000
0.9890194 -0.1471659 0.0143653 124.0637175
0.1474567 0.9888250 -0.0221250 7.3363696
-0.0109490 0.0240004 0.9996745 1.3758126
0.0000000 0.0000000 0.0000000 1.0000000
0.9884088 -0.1510008 0.0164351 125.3409974
0.1513824 0.9881528 -0.0254042 7.5610637
-0.0124047 0.0275978 0.9995645 1.3674597
0.0000000 0.0000000 0.0000000 1.0000000
0.9874719 -0.1569684 0.0168503 126.6293262
0.1573380 0.9872646 -0.0236832 7.7950465
-0.0129186 0.0260377 0.9996001 1.3716525
0.0000000 0.0000000 0.0000000 1.0000000
0.9871980 -0.1586067 0.0175259 127.8604876
0.1589970 0.9869927 -0.0239402 7.9734847
-0.0135012 0.0264204 0.9995820 1.3644264
0.0000000 0.0000000 0.0000000 1.0000000
0.9870293 -0.1597108 0.0169747 129.1518904
0.1600880 0.9868131 -0.0240738 8.1875067
-0.0129064 0.0264790 0.9995882 1.3620715
0.0000000 0.0000000 0.0000000 1.0000000
0.9870733 -0.1595387 0.0159846 130.5041659
0.1598935 0.9868368 -0.0243814 8.4123831
-0.0118848 0.0266221 0.9995965 1.3591958
0.0000000 0.0000000 0.0000000 1.0000000
0.9868561 -0.1610334 0.0143312 131.8083244
0.1613653 0.9865427 -0.0264910 8.6088609
-0.0098727 0.0284555 0.9995679 1.3635271
0.0000000 0.0000000 0.0000000 1.0000000
0.9867504 -0.1616317 0.0148575 133.1520839
0.1620364 0.9862578 -0.0323586 8.8248377
-0.0094234 0.0343375 0.9993875 1.3748605
0.0000000 0.0000000 0.0000000 1.0000000
0.9864931 -0.1627819 0.0188220 134.4874726
0.1634173 0.9857597 -0.0397413 9.0369741
-0.0120852 0.0422806 0.9990537 1.3777259
0.0000000 0.0000000 0.0000000 1.0000000
0.9864038 -0.1629407 0.0218590 135.8572786
0.1637814 0.9854759 -0.0449452 9.1980252
-0.0142185 0.0479145 0.9987710 1.3794820
0.0000000 0.0000000 0.0000000 1.0000000
0.9861986 -0.1644220 0.0199353 137.0457903
0.1652116 0.9850699 -0.0484805 9.3964159
-0.0116667 0.0511053 0.9986462 1.3820842
0.0000000 0.0000000 0.0000000 1.0000000
0.9864307 -0.1633592 0.0169644 138.3641274
0.1639873 0.9853381 -0.0471719 9.6063206
-0.0090100 0.0493141 0.9987642 1.3856752
0.0000000 0.0000000 0.0000000 1.0000000
0.9860368 -0.1659201 0.0148499 139.5832361
0.1664332 0.9849836 -0.0459995 9.8274528
-0.0069949 0.0478291 0.9988527 1.3812514
0.0000000 0.0000000 0.0000000 1.0000000
0.9862615 -0.1645607 0.0150317 140.8211160
0.1650739 0.9852751 -0.0446401 10.0620722
-0.0074646 0.0465085 0.9989116 1.3979847
0.0000000 0.0000000 0.0000000 1.0000000
0.9865092 -0.1627241 0.0183654 142.0992480
0.1634348 0.9853699 -0.0484191 10.2870687
-0.0102181 0.0507679 0.9986792 1.3991183
0.0000000 0.0000000 0.0000000 1.0000000
0.9863664 -0.1629605 0.0232677 143.3794972
0.1640344 0.9848559 -0.0562299 10.4437629
-0.0137524 0.0592805 0.9981678 1.3959129
0.0000000 0.0000000 0.0000000 1.0000000
0.9861955 -0.1638043 0.0245695 144.6432327
0.1649778 0.9846068 -0.0578067 10.6509090
-0.0147226 0.0610626 0.9980467 1.3953391
0.0000000 0.0000000 0.0000000 1.0000000
0.9862159 -0.1635423 0.0254716 145.8347649
0.1648013 0.9845212 -0.0597379 10.8589632
-0.0153080 0.0631128 0.9979104 1.3867021
0.0000000 0.0000000 0.0000000 1.0000000
0.9861072 -0.1642008 0.0254595 147.0308593
0.1654383 0.9844908 -0.0584652 11.0600644
-0.0154650 0.0618655 0.9979865 1.3741197
0.0000000 0.0000000 0.0000000 1.0000000
0.9863892 -0.1626557 0.0244299 148.2745012
0.1637788 0.9849746 -0.0548790 11.2828454
-0.0151368 0.0581336 0.9982158 1.3636636
0.0000000 0.0000000 0.0000000 1.0000000
0.9863886 -0.1629931 0.0221206 149.6342490
0.1639748 0.9849726 -0.0543275 11.5339437
-0.0129335 0.0572157 0.9983005 1.3522672
0.0000000 0.0000000 0.0000000 1.0000000
0.9863883 -0.1631609 0.0208459 150.9146010
0.1640242 0.9851652 -0.0505567 11.7539642
-0.0122881 0.0532882 0.9985257 1.3577380
0.0000000 0.0000000 0.0000000 1.0000000
0.9863545 -0.1631955 0.0221658 152.0706935
0.1641050 0.9852416 -0.0487752 11.9462817
-0.0138791 0.0517476 0.9985866 1.3587429
0.0000000 0.0000000 0.0000000 1.0000000
0.9858537 -0.1661654 0.0224047 153.2382008
0.1670525 0.9848538 -0.0465532 12.1412205
-0.0143301 0.0496378 0.9986879 1.3647027
0.0000000 0.0000000 0.0000000 1.0000000
0.9856167 -0.1679881 0.0189547 154.4888128
0.1686942 0.9846113 -0.0457605 12.3468816
-0.0109761 0.0483002 0.9987959 1.3652813
0.0000000 0.0000000 0.0000000 1.0000000
0.9858675 -0.1667709 0.0165029 155.7315190
0.1673397 0.9849482 -0.0434217 12.5703180
-0.0090133 0.0455699 0.9989439 1.3681986
0.0000000 0.0000000 0.0000000 1.0000000
0.9858959 -0.1667222 0.0152716 156.9089687
0.1672001 0.9851512 -0.0391504 12.8041266
-0.0085179 0.0411519 0.9991404 1.3701143
0.0000000 0.0000000 0.0000000 1.0000000
0.9858253 -0.1670392 0.0163155 158.0214907
0.1675305 0.9852097 -0.0361419 13.0068994
-0.0100374 0.0383632 0.9992367 1.3655821
0.0000000 0.0000000 0.0000000 1.0000000
0.9856133 -0.1680507 0.0185980 159.2883990
0.1686056 0.9850952 -0.0342155 13.2451672
-0.0125711 0.0368592 0.9992649 1.3653983
0.0000000 0.0000000 0.0000000 1.0000000
0.9851792 -0.1703562 0.0205105 160.6581918
0.1709818 0.9846830 -0.0342919 13.5200185
-0.0143548 0.0372909 0.9992248 1.3596135
0.0000000 0.0000000 0.0000000 1.0000000
0.9846113 -0.1733901 0.0222972 162.0038775
0.1741082 0.9840743 -0.0359949 13.7806447
-0.0157013 0.0393233 0.9991273 1.3564398
0.0000000 0.0000000 0.0000000 1.0000000
0.9837267 -0.1781485 0.0237836 163.3333958
0.1789967 0.9830235 -0.0404511 14.0247700
-0.0161738 0.0440503 0.9989226 1.3457495
0.0000000 0.0000000 0.0000000 1.0000000
0.9832446 -0.1812761 0.0197457 164.6766236
0.1819362 0.9825147 -0.0396917 14.2680117
-0.0122056 0.0426193 0.9990411 1.3453877
0.0000000 0.0000000 0.0000000 1.0000000
0.9831392 -0.1823168 0.0147544 166.1030043
0.1827537 0.9824261 -0.0380919 14.5206753
-0.0075506 0.0401463 0.9991889 1.3417869
0.0000000 0.0000000 0.0000000 1.0000000
0.9828964 -0.1837542 0.0129757 167.4613357
0.1840996 0.9822931 -0.0349112 14.8070200
-0.0063311 0.0367032 0.9993297 1.3546232
0.0000000 0.0000000 0.0000000 1.0000000
0.9827795 -0.1843770 0.0130319 168.7637558
0.1846973 0.9823148 -0.0309233 15.0664480
-0.0071001 0.0327979 0.9994612 1.3669578
0.0000000 0.0000000 0.0000000 1.0000000
0.9827037 -0.1845607 0.0158102 170.2311680
0.1849413 0.9823616 -0.0278281 15.3617737
-0.0103956 0.0302709 0.9995120 1.3833253
0.0000000 0.0000000 0.0000000 1.0000000
0.9829686 -0.1829928 0.0174968 171.5970101
0.1834133 0.9826753 -0.0268421 15.6529465
-0.0122821 0.0295942 0.9995109 1.3918508
0.0000000 0.0000000 0.0000000 1.0000000
0.9827212 -0.1843646 0.0169822 172.9300366
0.1847773 0.9824015 -0.0275220 15.9355778
-0.0116095 0.0301846 0.9995019 1.3922432
0.0000000 0.0000000 0.0000000 1.0000000
0.9824049 -0.1859463 0.0180117 174.1308788
0.1863822 0.9821147 -0.0269275 16.1879208
-0.0126828 0.0298110 0.9995002 1.3919515
0.0000000 0.0000000 0.0000000 1.0000000
0.9821213 -0.1872845 0.0195764 175.5076970
0.1877588 0.9818682 -0.0263513 16.4668064
-0.0142866 0.0295559 0.9994867 1.4055564
0.0000000 0.0000000 0.0000000 1.0000000
0.9815076 -0.1905545 0.0187704 176.8254936
0.1910056 0.9812389 -0.0264663 16.7393865
-0.0133753 0.0295623 0.9994994 1.4177323
0.0000000 0.0000000 0.0000000 1.0000000
0.9811821 -0.1921328 0.0196881 178.1334342
0.1926103 0.9809262 -0.0264325 17.0127715
-0.0142343 0.0297273 0.9994829 1.4336610
0.0000000 0.0000000 0.0000000 1.0000000
0.9810852 -0.1923599 0.0221747 179.5777276
0.1928574 0.9809591 -0.0232234 17.3181589
-0.0172856 0.0270608 0.9995117 1.4578380
0.0000000 0.0000000 0.0000000 1.0000000
0.9808507 -0.1935639 0.0220671 180.9435446
0.1940933 0.9806643 -0.0252851 17.5640747
-0.0167465 0.0290841 0.9994641 1.4567645
0.0000000 0.0000000 0.0000000 1.0000000
0.9807726 -0.1942626 0.0192217 182.2804548
0.1946893 0.9805819 -0.0238329 17.8423941
-0.0142190 0.0271170 0.9995584 1.4493843
0.0000000 0.0000000 0.0000000 1.0000000
0.9809284 -0.1939211 0.0140318 183.6505454
0.1941516 0.9808161 -0.0178422 18.1299921
-0.0103029 0.0202262 0.9997702 1.4529300
0.0000000 0.0000000 0.0000000 1.0000000
0.9810473 -0.1934806 0.0115857 184.9576967
0.1935973 0.9810334 -0.0103240 18.4267431
-0.0093688 0.0123712 0.9999076 1.4533909
0.0000000 0.0000000 0.0000000 1.0000000
0.9808263 -0.1945412 0.0125121 186.3504330
0.1945857 0.9808882 -0.0027042 18.7462743
-0.0117472 0.0050869 0.9999461 1.4489763
0.0000000 0.0000000 0.0000000 1.0000000
0.9808189 -0.1944955 0.0137331 187.7388038
0.1944978 0.9809091 0.0009409 19.0355861
-0.0136543 0.0017481 0.9999333 1.4579744
0.0000000 0.0000000 0.0000000 1.0000000
0.9799421 -0.1988102 0.0145132 189.0132158
0.1988232 0.9800416 0.0003262 19.3115422
-0.0142888 0.0025657 0.9999222 1.4559542
0.0000000 0.0000000 0.0000000 1.0000000
0.9791889 -0.2024756 0.0146937 190.2605760
0.2025541 0.9792682 -0.0042955 19.6153679
-0.0135196 0.0071823 0.9999110 1.4481506
0.0000000 0.0000000 0.0000000 1.0000000
0.9788253 -0.2043191 0.0133217 191.6160913
0.2044065 0.9788753 -0.0058437 19.9172773
-0.0118467 0.0084429 0.9999225 1.4535713
0.0000000 0.0000000 0.0000000 1.0000000
0.9781247 -0.2076953 0.0125656 192.9795918
0.2077810 0.9781618 -0.0062400 20.2177308
-0.0109954 0.0087143 0.9999300 1.4553376
0.0000000 0.0000000 0.0000000 1.0000000
0.9776712 -0.2099195 0.0108090 194.2870374
0.2099765 0.9777014 -0.0047657 20.5254420
-0.0095678 0.0069288 0.9999594 1.4581352
0.0000000 0.0000000 0.0000000 1.0000000
0.9775228 -0.2105600 0.0117720 195.5464802
0.2106183 0.9775657 -0.0042340 20.8240802
-0.0106167 0.0066181 0.9999513 1.4598692
0.0000000 0.0000000 0.0000000 1.0000000
0.9771575 -0.2122455 0.0118354 196.8464339
0.2123107 0.9771967 -0.0048369 21.1186727
-0.0105392 0.0072390 0.9999479 1.4632382
0.0000000 0.0000000 0.0000000 1.0000000
0.9763087 -0.2161412 0.0113497 198.1498944
0.2162085 0.9763389 -0.0053982 21.4187420
-0.0099147 0.0077241 0.9999504 1.4700484
0.0000000 0.0000000 0.0000000 1.0000000
0.9752640 -0.2208881 0.0096717 199.3793265
0.2209576 0.9752631 -0.0072215 21.7016327
-0.0078376 0.0091797 0.9999566 1.4730735
0.0000000 0.0000000 0.0000000 1.0000000
0.9745049 -0.2241417 0.0112228 200.4307567
0.2242402 0.9745004 -0.0087935 21.9312482
-0.0089660 0.0110858 0.9999280 1.4759153
0.0000000 0.0000000 0.0000000 1.0000000
0.9745293 -0.2240436 0.0110146 201.7733582
0.2241422 0.9745203 -0.0090782 22.2750533
-0.0087003 0.0113157 0.9999273 1.4848745
0.0000000 0.0000000 0.0000000 1.0000000
0.9735711 -0.2281962 0.0104792 202.8317041
0.2283035 0.9735343 -0.0109475 22.5318906
-0.0077040 0.0130505 0.9999139 1.4820813
0.0000000 0.0000000 0.0000000 1.0000000
0.9725658 -0.2324152 0.0111202 203.0468821
0.2325263 0.9725405 -0.0103954 22.5620976
-0.0083991 0.0126959 0.9999133 1.4653836
0.0000000 0.0000000 0.0000000 1.0000000
0.9719986 -0.2347628 0.0113964 203.2168641
0.2349111 0.9719141 -0.0145364 22.5967091
-0.0076640 0.0168065 0.9998587 1.4487844
0.0000000 0.0000000 0.0000000 1.0000000
0.9719801 -0.2347945 0.0123258 203.5732533
0.2349573 0.9719053 -0.0143946 22.7092128
-0.0086000 0.0168873 0.9998506 1.4375839
0.0000000 0.0000000 0.0000000 1.0000000
0.9715261 -0.2365773 0.0139494 204.5596662
0.2367838 0.9714368 -0.0159979 22.9669719
-0.0097666 0.0188453 0.9998053 1.4342376
0.0000000 0.0000000 0.0000000 1.0000000
0.9715298 -0.2366051 0.0131911 204.7136190
0.2368036 0.9714201 -0.0166940 22.9886666
-0.0088645 0.0193424 0.9998042 1.4154227
0.0000000 0.0000000 0.0000000 1.0000000
0.9709047 -0.2390348 0.0152397 205.3121102
0.2393032 0.9707537 -0.0195562 23.1505143
-0.0101198 0.0226341 0.9997229 1.4048015
0.0000000 0.0000000 0.0000000 1.0000000
0.9707755 -0.2394767 0.0164631 206.5402838
0.2397931 0.9705941 -0.0213825 23.4994893
-0.0108588 0.0247053 0.9996657 1.4028839
0.0000000 0.0000000 0.0000000 1.0000000
0.9700878 -0.2422043 0.0170973 207.6233173
0.2425295 0.9699266 -0.0208244 23.7649411
-0.0115397 0.0243481 0.9996674 1.4011238
0.0000000 0.0000000 0.0000000 1.0000000
0.9695925 -0.2440207 0.0192387 207.6731664
0.2444160 0.9694239 -0.0221395 23.7745023
-0.0132483 0.0261685 0.9996005 1.3896968
0.0000000 0.0000000 0.0000000 1.0000000
0.9703712 -0.2410029 0.0179473 208.6957968
0.2413569 0.9702053 -0.0214606 24.0617761
-0.0122409 0.0251565 0.9996391 1.3835244
0.0000000 0.0000000 0.0000000 1.0000000
0.9703428 -0.2410334 0.0190443 209.9022707
0.2413999 0.9702188 -0.0203269 24.3854600
-0.0135780 0.0243214 0.9996425 1.3790699
0.0000000 0.0000000 0.0000000 1.0000000
0.9701564 -0.2414865 0.0225026 211.2592926
0.2419334 0.9700921 -0.0200213 24.7415986
-0.0169951 0.0248679 0.9995768 1.3766620
0.0000000 0.0000000 0.0000000 1.0000000
0.9699546 -0.2422715 0.0227619 212.4404297
0.2427263 0.9698925 -0.0201090 25.0366989
-0.0172052 0.0250298 0.9995695 1.3704784
0.0000000 0.0000000 0.0000000 1.0000000
0.9698109 -0.2429993 0.0210639 212.4516732
0.2433961 0.9697449 -0.0191008 25.0570649
-0.0157856 0.0236510 0.9996265 1.3500996
0.0000000 0.0000000 0.0000000 1.0000000
0.9686635 -0.2475836 0.0204779 212.5008527
0.2479604 0.9685952 -0.0187148 25.0686649
-0.0152018 0.0232060 0.9996460 1.3313790
0.0000000 0.0000000 0.0000000 1.0000000
0.9682872 -0.2490747 0.0201855 213.7245792
0.2494457 0.9682126 -0.0187938 25.4246607
-0.0148631 0.0232330 0.9996511 1.3234595
0.0000000 0.0000000 0.0000000 1.0000000
0.9679361 -0.2503698 0.0209759 215.0132305
0.2507665 0.9678621 -0.0192651 25.7822953
-0.0154788 0.0239074 0.9996259 1.3237042
0.0000000 0.0000000 0.0000000 1.0000000
0.9674279 -0.2522220 0.0222035 216.3486849
0.2526283 0.9674005 -0.0180877 26.1386749
-0.0169180 0.0231078 0.9996215 1.3261582
0.0000000 0.0000000 0.0000000 1.0000000
0.9661750 -0.2570706 0.0211236 217.6932178
0.2574255 0.9661641 -0.0164335 26.5404709
-0.0161847 0.0213154 0.9996732 1.3260969
0.0000000 0.0000000 0.0000000 1.0000000
0.9658608 -0.2582683 0.0208987 219.0620488
0.2585679 0.9659068 -0.0133447 26.9207639
-0.0167401 0.0182928 0.9997244 1.3223361
0.0000000 0.0000000 0.0000000 1.0000000
0.9650468 -0.2612416 0.0215374 220.4958222
0.2615656 0.9650889 -0.0140692 27.3396925
-0.0171105 0.0192108 0.9997009 1.3121995
0.0000000 0.0000000 0.0000000 1.0000000
0.9644811 -0.2633299 0.0214519 221.7942783
0.2636331 0.9645420 -0.0129364 27.6990475
-0.0172851 0.0181323 0.9997181 1.2959247
0.0000000 0.0000000 0.0000000 1.0000000
0.9639788 -0.2651564 0.0215538 223.0722999
0.2654910 0.9640075 -0.0146506 28.0432596
-0.0168937 0.0198452 0.9996926 1.2900312
0.0000000 0.0000000 0.0000000 1.0000000
0.9641673 -0.2643287 0.0232223 224.3677424
0.2647368 0.9641791 -0.0168429 28.3762602
-0.0179388 0.0223871 0.9996208 1.2775520
0.0000000 0.0000000 0.0000000 1.0000000
0.9639987 -0.2648624 0.0241239 225.6737658
0.2653425 0.9639596 -0.0196502 28.7151103
-0.0180503 0.0253439 0.9995485 1.2679064
0.0000000 0.0000000 0.0000000 1.0000000
0.9640504 -0.2646642 0.0242380 227.0572575
0.2652321 0.9638792 -0.0244956 29.0640032
-0.0168798 0.0300437 0.9994391 1.2575016
0.0000000 0.0000000 0.0000000 1.0000000
0.9656448 -0.2589306 0.0226216 228.4871242
0.2593921 0.9655539 -0.0207934 29.4992727
-0.0164587 0.0259469 0.9995603 1.2609415
0.0000000 0.0000000 0.0000000 1.0000000
0.9655860 -0.2587666 0.0266503 229.8498622
0.2594357 0.9654184 -0.0259112 29.8343496
-0.0190242 0.0319336 0.9993414 1.2528584
0.0000000 0.0000000 0.0000000 1.0000000
0.9661409 -0.2562967 0.0301729 231.2509289
0.2571496 0.9659403 -0.0290486 30.2050252
-0.0217007 0.0358241 0.9991547 1.2403487
0.0000000 0.0000000 0.0000000 1.0000000
0.9666454 -0.2541703 0.0319654 232.4065091
0.2551273 0.9664248 -0.0307173 30.4931764
-0.0230852 0.0378481 0.9990497 1.2242223
0.0000000 0.0000000 0.0000000 1.0000000
0.9673941 -0.2512812 0.0321657 232.4728300
0.2521966 0.9672587 -0.0286162 30.5242373
-0.0239224 0.0357953 0.9991068 1.2106591
0.0000000 0.0000000 0.0000000 1.0000000
0.9677390 -0.2498879 0.0326372 233.8733652
0.2507984 0.9676482 -0.0277188 30.8869674
-0.0246553 0.0350100 0.9991169 1.1981941
0.0000000 0.0000000 0.0000000 1.0000000
0.9680582 -0.2486426 0.0326791 235.1623123
0.2494981 0.9680464 -0.0254656 31.2299832
-0.0253036 0.0328056 0.9991755 1.1822602
0.0000000 0.0000000 0.0000000 1.0000000
0.9685492 -0.2466708 0.0330802 235.8184215
0.2475260 0.9685665 -0.0249410 31.4034090
-0.0258887 0.0323448 0.9991761 1.1639792
0.0000000 0.0000000 0.0000000 1.0000000
0.9692115 -0.2439054 0.0341676 236.8606728
0.2447866 0.9692710 -0.0245957 31.6746182
-0.0271192 0.0322022 0.9991480 1.1427600
0.0000000 0.0000000 0.0000000 1.0000000
0.9701835 -0.2396679 0.0364969 236.9868458
0.2406793 0.9702493 -0.0264735 31.7210453
-0.0290668 0.0344682 0.9990177 1.1109886
0.0000000 0.0000000 0.0000000 1.0000000
0.9706793 -0.2375531 0.0371295 237.0663282
0.2386183 0.9707280 -0.0275536 31.7431179
-0.0294978 0.0356055 0.9989649 1.0894346
0.0000000 0.0000000 0.0000000 1.0000000
0.9712274 -0.2354162 0.0363903 238.3507771
0.2365016 0.9711980 -0.0291765 32.0526812
-0.0284742 0.0369434 0.9989452 1.0692027
0.0000000 0.0000000 0.0000000 1.0000000
0.9719560 -0.2322982 0.0369775 239.7311385
0.2333635 0.9719986 -0.0277489 32.3883244
-0.0294967 0.0356000 0.9989647 1.0485034
0.0000000 0.0000000 0.0000000 1.0000000
0.9718715 -0.2323309 0.0389400 241.1068369
0.2335119 0.9719207 -0.0291970 32.7043050
-0.0310639 0.0374687 0.9988490 1.0214393
0.0000000 0.0000000 0.0000000 1.0000000
0.9715437 -0.2336195 0.0394102 242.5487066
0.2348557 0.9715603 -0.0303886 33.0645577
-0.0311906 0.0387797 0.9987954 0.9945326
0.0000000 0.0000000 0.0000000 1.0000000
0.9723494 -0.2306079 0.0372162 244.0259367
0.2318267 0.9722124 -0.0327066 33.3756390
-0.0286403 0.0404300 0.9988064 0.9677188
0.0000000 0.0000000 0.0000000 1.0000000
0.9725339 -0.2302086 0.0347935 245.4511160
0.2313760 0.9722592 -0.0344632 33.7051179
-0.0258951 0.0415671 0.9988348 0.9355003
0.0000000 0.0000000 0.0000000 1.0000000
0.9731236 -0.2277388 0.0345674 246.9019775
0.2289033 0.9728366 -0.0346839 34.0499421
-0.0257301 0.0416644 0.9988355 0.9141259
0.0000000 0.0000000 0.0000000 1.0000000
0.9730238 -0.2281795 0.0344605 248.3265084
0.2293485 0.9727188 -0.0350414 34.3824216
-0.0255251 0.0419997 0.9988264 0.8946408
0.0000000 0.0000000 0.0000000 1.0000000
0.9727936 -0.2292120 0.0340970 249.3415240
0.2303636 0.9724815 -0.0349672 34.6312213
-0.0251444 0.0418707 0.9988410 0.8738067
0.0000000 0.0000000 0.0000000 1.0000000
0.9727868 -0.2291655 0.0346012 250.5083364
0.2303139 0.9725266 -0.0340274 34.9045829
-0.0258532 0.0410707 0.9988561 0.8519946
0.0000000 0.0000000 0.0000000 1.0000000
0.9730727 -0.2278864 0.0350041 251.7008056
0.2290734 0.9727903 -0.0348498 35.1476310
-0.0261104 0.0419300 0.9988137 0.8222805
0.0000000 0.0000000 0.0000000 1.0000000
0.9721533 -0.2316172 0.0360445 253.0556927
0.2328596 0.9718738 -0.0353193 35.4733851
-0.0268507 0.0427293 0.9987599 0.7995750
0.0000000 0.0000000 0.0000000 1.0000000
0.9725604 -0.2296563 0.0375790 254.4978324
0.2309829 0.9722988 -0.0359459 35.8141656
-0.0282834 0.0436398 0.9986816 0.7698616
0.0000000 0.0000000 0.0000000 1.0000000
0.9720689 -0.2314357 0.0393329 255.9983102
0.2328203 0.9718830 -0.0353330 36.1735846
-0.0300502 0.0435038 0.9986358 0.7386511
0.0000000 0.0000000 0.0000000 1.0000000
0.9710489 -0.2354787 0.0405112 257.3989116
0.2369753 0.9708046 -0.0373126 36.5145965
-0.0305427 0.0458328 0.9985169 0.7157885
0.0000000 0.0000000 0.0000000 1.0000000
0.9714021 -0.2338000 0.0417541 258.6892203
0.2354375 0.9710737 -0.0399535 36.8200937
-0.0312058 0.0486417 0.9983641 0.6897210
0.0000000 0.0000000 0.0000000 1.0000000
0.9705369 -0.2370247 0.0436411 260.1391490
0.2388101 0.9701772 -0.0416805 37.1902423
-0.0324609 0.0508747 0.9982127 0.6553195
0.0000000 0.0000000 0.0000000 1.0000000
0.9706248 -0.2365673 0.0441656 261.4357992
0.2384571 0.9701594 -0.0440426 37.4697160
-0.0324292 0.0532808 0.9980879 0.6233211
0.0000000 0.0000000 0.0000000 1.0000000
0.9704023 -0.2375512 0.0437790 263.0016048
0.2394847 0.9698112 -0.0460792 37.8549537
-0.0315118 0.0552001 0.9980130 0.5899267
0.0000000 0.0000000 0.0000000 1.0000000
0.9699292 -0.2394388 0.0439875 264.5275596
0.2414456 0.9692285 -0.0480790 38.2435367
-0.0311225 0.0572542 0.9979105 0.5485645
0.0000000 0.0000000 0.0000000 1.0000000
0.9698712 -0.2399205 0.0426362 266.0792288
0.2418739 0.9690806 -0.0488974 38.6333252
-0.0295870 0.0577370 0.9979301 0.5174963
0.0000000 0.0000000 0.0000000 1.0000000
0.9680805 -0.2469264 0.0433253 267.5964055
0.2488905 0.9673415 -0.0481121 39.0436797
-0.0300308 0.0573599 0.9979384 0.4808823
0.0000000 0.0000000 0.0000000 1.0000000
0.9668639 -0.2510742 0.0465286 269.1776980
0.2531738 0.9662989 -0.0466927 39.4809691
-0.0332378 0.0569256 0.9978615 0.4428523
0.0000000 0.0000000 0.0000000 1.0000000
0.9659647 -0.2541764 0.0483347 270.7684479
0.2564507 0.9653300 -0.0488020 39.8620363
-0.0342552 0.0595368 0.9976751 0.4027468
0.0000000 0.0000000 0.0000000 1.0000000
0.9655388 -0.2557931 0.0483137 272.3261043
0.2581429 0.9647596 -0.0510977 40.2860712
-0.0335413 0.0618090 0.9975608 0.3695690
0.0000000 0.0000000 0.0000000 1.0000000
0.9654267 -0.2564808 0.0468843 273.9006935
0.2587954 0.9644943 -0.0527754 40.7091940
-0.0316844 0.0630846 0.9975415 0.3356833
0.0000000 0.0000000 0.0000000 1.0000000
0.9651829 -0.2575131 0.0462413 275.4322785
0.2598226 0.9641532 -0.0539550 41.1131290
-0.0306902 0.0640914 0.9975087 0.2982868
0.0000000 0.0000000 0.0000000 1.0000000
0.9646557 -0.2593310 0.0470820 276.9143245
0.2616760 0.9636812 -0.0534229 41.5077777
-0.0315185 0.0638553 0.9974980 0.2695203
0.0000000 0.0000000 0.0000000 1.0000000
0.9640148 -0.2617351 0.0469047 278.4606339
0.2640787 0.9630033 -0.0538131 41.9033083
-0.0310852 0.0642636 0.9974848 0.2389429
0.0000000 0.0000000 0.0000000 1.0000000
0.9640146 -0.2619129 0.0459154 279.9646301
0.2641586 0.9630441 -0.0526742 42.2953126
-0.0304231 0.0629079 0.9975919 0.2050024
0.0000000 0.0000000 0.0000000 1.0000000
0.9635621 -0.2637198 0.0450684 281.6022472
0.2658991 0.9625858 -0.0522960 42.7524091
-0.0295913 0.0623744 0.9976508 0.1785064
0.0000000 0.0000000 0.0000000 1.0000000
0.9635610 -0.2633970 0.0469468 283.1597885
0.2657157 0.9626000 -0.0529659 43.1854496
-0.0312406 0.0635106 0.9975296 0.1410176
0.0000000 0.0000000 0.0000000 1.0000000
0.9629246 -0.2655197 0.0480423 284.7896933
0.2679238 0.9619577 -0.0535117 43.6531023
-0.0320069 0.0643996 0.9974489 0.1066241
0.0000000 0.0000000 0.0000000 1.0000000
0.9625860 -0.2670772 0.0461546 286.3222861
0.2693752 0.9615208 -0.0540815 44.0761586
-0.0299353 0.0644912 0.9975075 0.0751396
0.0000000 0.0000000 0.0000000 1.0000000
0.9621572 -0.2685971 0.0462800 288.0220226
0.2708688 0.9611618 -0.0529938 44.5352354
-0.0302492 0.0635243 0.9975606 0.0490586
0.0000000 0.0000000 0.0000000 1.0000000
0.9620549 -0.2695054 0.0430113 289.7093532
0.2714402 0.9612460 -0.0483421 45.0071455
-0.0283165 0.0581828 0.9979432 0.0031359
0.0000000 0.0000000 0.0000000 1.0000000
0.9612860 -0.2726636 0.0402056 291.3995644
0.2743718 0.9605301 -0.0459630 45.4707564
-0.0260868 0.0552149 0.9981728 -0.0186293
0.0000000 0.0000000 0.0000000 1.0000000
0.9611781 -0.2730982 0.0398402 293.1036981
0.2747698 0.9604468 -0.0453259 45.9732477
-0.0258865 0.0545131 0.9982174 -0.0390019
0.0000000 0.0000000 0.0000000 1.0000000
0.9597535 -0.2778164 0.0415322 294.6817528
0.2794931 0.9592222 -0.0422794 46.4618225
-0.0280932 0.0521857 0.9982825 -0.0568170
0.0000000 0.0000000 0.0000000 1.0000000
0.9591965 -0.2793909 0.0437806 296.2621025
0.2811575 0.9587752 -0.0413729 46.9384350
-0.0304172 0.0519938 0.9982247 -0.0837058
0.0000000 0.0000000 0.0000000 1.0000000
0.9583703 -0.2824330 0.0423331 297.8153359
0.2841301 0.9578883 -0.0416139 47.3891683
-0.0287978 0.0519095 0.9982775 -0.1090976
0.0000000 0.0000000 0.0000000 1.0000000
0.9581940 -0.2832193 0.0410544 299.4496078
0.2848349 0.9577024 -0.0410736 47.9039130
-0.0276856 0.0510501 0.9983534 -0.1320843
0.0000000 0.0000000 0.0000000 1.0000000
0.9570677 -0.2868619 0.0420377 300.9443100
0.2885396 0.9565733 -0.0415283 48.3098107
-0.0282998 0.0518747 0.9982943 -0.1549302
0.0000000 0.0000000 0.0000000 1.0000000
0.9561406 -0.2897143 0.0435543 302.4905856
0.2915144 0.9556045 -0.0430367 48.7526675
-0.0291529 0.0538456 0.9981661 -0.1731773
