1.0000000 0.0000000 0.0000000 0.0000000
0.0000000 1.0000000 0.0000000 0.0000000
0.0000000 0.0000000 1.0000000 0.0000000
0.0000000 0.0000000 0.0000000 1.0000000
0.9999967 -0.0023519 -0.0009003 0.5663038
0.0023515 0.9999975 -0.0000695 -0.0015209
0.0009005 0.0000673 1.0000000 0.0144880
0.0000000 0.0000000 0.0000000 1.0000000
0.9999867 -0.0046366 -0.0022742 1.0956054
0.0046369 0.9999893 0.0002543 -0.0044255
0.0022730 -0.0002649 0.9999979 0.0229212
0.0000000 0.0000000 0.0000000 1.0000000
0.9999794 -0.0052611 -0.0036732 1.6699883
0.0052573 0.9999855 -0.0010237 0.0359026
0.0036786 0.0010044 0.9999931 0.0362939
0.0000000 0.0000000 0.0000000 1.0000000
0.9999700 -0.0059801 -0.0049486 2.2901877
0.0059745 0.9999816 -0.0011350 0.0246928
0.0049553 0.0011054 0.9999877 0.0497208
0.0000000 0.0000000 0.0000000 1.0000000
0.9999496 -0.0079248 -0.0062043 2.8245926
0.0079054 0.9999641 -0.0031270 0.0600249
0.0062289 0.0030778 0.9999771 0.0602455
0.0000000 0.0000000 0.0000000 1.0000000
0.9999434 -0.0088330 -0.0060808 3.3974542
0.0088168 0.9999577 -0.0027251 0.0627960
0.0061046 0.0026713 0.9999795 0.0682895
0.0000000 0.0000000 0.0000000 1.0000000
0.9999284 -0.0101357 -0.0065176 3.9203793
0.0101149 0.9999439 -0.0032395 0.0834360
0.0065501 0.0031734 0.9999754 0.0767157
0.0000000 0.0000000 0.0000000 1.0000000
0.9998742 -0.0137820 -0.0079507 4.5592821
0.0137600 0.9999017 -0.0028307 0.1123462
0.0079889 0.0027210 0.9999662 0.0910684
0.0000000 0.0000000 0.0000000 1.0000000
0.9997351 -0.0196809 -0.0119908 5.2017161
0.0196586 0.9998053 -0.0019725 0.1567084
0.0120272 0.0017363 0.9999282 0.1012261
0.0000000 0.0000000 0.0000000 1.0000000
0.9996202 -0.0232750 -0.0148226 5.8493735
0.0232864 0.9997296 0.0005991 0.2114722
0.0148047 -0.0009440 0.9998933 0.1097752
0.0000000 0.0000000 0.0000000 1.0000000
0.9995462 -0.0263501 -0.0146449 6.4978446
0.0263807 0.9996512 0.0019133 0.2726237
0.0145894 -0.0022988 0.9998942 0.1166071
0.0000000 0.0000000 0.0000000 1.0000000
0.9996182 -0.0262122 -0.0088095 7.0984705
0.0262392 0.9996520 0.0030144 0.3834484
0.0087274 -0.0032444 0.9999599 0.1128360
0.0000000 0.0000000 0.0000000 1.0000000
0.9996298 -0.0272475 0.0005313 7.7765414
0.0272453 0.9996243 0.0031913 0.4349530
-0.0006181 -0.0031756 0.9999986 0.1231565
0.0000000 0.0000000 0.0000000 1.0000000
0.9996104 -0.0271877 0.0065268 8.4604226
0.0271546 0.9996191 0.0050614 0.4318589
-0.0066620 -0.0048822 0.9999700 0.1325980
0.0000000 0.0000000 0.0000000 1.0000000
0.9996153 -0.0269815 0.0066219 9.0872696
0.0269323 0.9996112 0.0073384 0.4704615
-0.0068174 -0.0071572 0.9999554 0.1397771
0.0000000 0.0000000 0.0000000 1.0000000
0.9995973 -0.0284265 0.0004038 9.7461969
0.0284210 0.9995501 0.0096765 0.4888412
-0.0006787 -0.0096611 0.9999578 0.1424885
0.0000000 0.0000000 0.0000000 1.0000000
0.9994970 -0.0314681 -0.0043031 10.4181979
0.0315110 0.9994506 0.0104027 0.4993531
0.0039733 -0.0105330 0.9999418 0.1370491
0.0000000 0.0000000 0.0000000 1.0000000
0.9995036 -0.0314046 -0.0031073 11.1009363
0.0314314 0.9994655 0.0091597 0.4668916
0.0028179 -0.0092528 0.9999587 0.1393539
0.0000000 0.0000000 0.0000000 1.0000000
0.9994845 -0.0318035 0.0047962 11.8551316
0.0317678 0.9994707 0.0072678 0.4779576
-0.0050248 -0.0071116 0.9999681 0.1418448
0.0000000 0.0000000 0.0000000 1.0000000
0.9994753 -0.0302338 0.0117915 12.6065082
0.0301437 0.9995177 0.0076942 0.4755305
-0.0120185 -0.0073346 0.9999071 0.1399483
0.0000000 0.0000000 0.0000000 1.0000000
0.9994448 -0.0301130 0.0144072 13.3970108
0.0299960 0.9995181 0.0082320 0.4344874
-0.0146482 -0.0077952 0.9998693 0.1486701
0.0000000 0.0000000 0.0000000 1.0000000
0.9993929 -0.0320833 0.0137571 14.1918522
0.0319795 0.9994609 0.0076402 0.4346211
-0.0139948 -0.0071955 0.9998828 0.1498206
0.0000000 0.0000000 0.0000000 1.0000000
0.9994815 -0.0302164 0.0113458 15.0027734
0.0301231 0.9995140 0.0082427 0.4587978
-0.0115894 -0.0078965 0.9999087 0.1475846
0.0000000 0.0000000 0.0000000 1.0000000
0.9994906 -0.0304972 0.0096861 15.7759869
0.0303963 0.9994864 0.0102990 0.4655589
-0.0099953 -0.0099992 0.9999072 0.1327413
0.0000000 0.0000000 0.0000000 1.0000000
0.9995900 -0.0280867 0.0060837 16.5177000
0.0280303 0.9995682 0.0089693 0.4756211
-0.0063331 -0.0087950 0.9999487 0.1363847
0.0000000 0.0000000 0.0000000 1.0000000
0.9996506 -0.0265422 0.0009949 17.3078416
0.0265348 0.9996334 0.0056325 0.4909978
-0.0011441 -0.0056040 0.9999913 0.1356759
0.0000000 0.0000000 0.0000000 1.0000000
0.9996841 -0.0250835 -0.0030811 18.1724223
0.0251019 0.9996649 0.0065429 0.5336895
0.0029159 -0.0066181 0.9999818 0.1405409
0.0000000 0.0000000 0.0000000 1.0000000
0.9997303 -0.0229121 -0.0047687 19.0394618
0.0229651 0.9996690 0.0117375 0.5308330
0.0044981 -0.0118437 0.9999289 0.1484661
0.0000000 0.0000000 0.0000000 1.0000000
0.9997346 -0.0228424 -0.0041055 19.8489635
0.0228856 0.9996776 0.0111754 0.5593455
0.0038489 -0.0112662 0.9999385 0.1573554
0.0000000 0.0000000 0.0000000 1.0000000
0.9997639 -0.0212772 -0.0052928 20.6805574
0.0213428 0.9996910 0.0129251 0.5785539
0.0050161 -0.0130349 0.9999127 0.1720150
0.0000000 0.0000000 0.0000000 1.0000000
0.9997547 -0.0210836 -0.0073651 21.5915258
0.0212004 0.9996440 0.0163394 0.5722541
0.0070180 -0.0164914 0.9998493 0.1910406
0.0000000 0.0000000 0.0000000 1.0000000
0.9997352 -0.0220694 -0.0071469 22.5119968
0.0222107 0.9995454 0.0205080 0.5948289
0.0066910 -0.0206611 0.9997745 0.2010967
0.0000000 0.0000000 0.0000000 1.0000000
0.9997183 -0.0228455 -0.0070780 23.4171018
0.0230146 0.9994252 0.0249933 0.6134105
0.0065029 -0.0251490 0.9996731 0.2250933
0.0000000 0.0000000 0.0000000 1.0000000
0.9997419 -0.0219922 -0.0063595 24.3127027
0.0221483 0.9994252 0.0257688 0.6460202
0.0057891 -0.0259029 0.9996583 0.2409088
0.0000000 0.0000000 0.0000000 1.0000000
0.9997962 -0.0192677 -0.0067501 25.2088344
0.0194419 0.9994504 0.0269539 0.6688235
0.0062271 -0.0270794 0.9996255 0.2549943
0.0000000 0.0000000 0.0000000 1.0000000
0.9997914 -0.0199206 -0.0054241 26.1631212
0.0200605 0.9994298 0.0272791 0.6818160
0.0048776 -0.0273820 0.9996254 0.2715278
0.0000000 0.0000000 0.0000000 1.0000000
0.9998447 -0.0174782 -0.0038338 27.1785147
0.0175765 0.9994674 0.0276179 0.7150561
0.0033490 -0.0276808 0.9996238 0.2839537
0.0000000 0.0000000 0.0000000 1.0000000
0.9998415 -0.0179258 -0.0024997 28.1891471
0.0179923 0.9993831 0.0302747 0.7504710
0.0019554 -0.0303146 0.9995516 0.2978249
0.0000000 0.0000000 0.0000000 1.0000000
0.9998179 -0.0191555 -0.0028901 29.1811516
0.0192384 0.9992878 0.0325663 0.8044504
0.0022641 -0.0326157 0.9994790 0.3260290
0.0000000 0.0000000 0.0000000 1.0000000
0.9997044 -0.0241906 -0.0041382 30.2827822
0.0243157 0.9991353 0.0338179 0.8570076
0.0033165 -0.0339082 0.9994332 0.3350578
0.0000000 0.0000000 0.0000000 1.0000000
0.9996850 -0.0250568 -0.0035630 31.3633282
0.0251570 0.9991742 0.0320022 0.9092160
0.0027581 -0.0320815 0.9994949 0.3306463
0.0000000 0.0000000 0.0000000 1.0000000
0.9997449 -0.0227980 -0.0011576 32.5149536
0.0228221 0.9992390 0.0317305 0.9338361
0.0004332 -0.0317486 0.9995094 0.3448329
0.0000000 0.0000000 0.0000000 1.0000000
0.9997818 -0.0211219 0.0010078 33.6617723
0.0210781 0.9992760 0.0317744 0.9772076
-0.0016783 -0.0317460 0.9995081 0.3533433
0.0000000 0.0000000 0.0000000 1.0000000
0.9998443 -0.0174955 0.0039345 34.8166028
0.0173597 0.9993399 0.0320094 1.0003888
-0.0044920 -0.0319358 0.9994933 0.3694499
0.0000000 0.0000000 0.0000000 1.0000000
0.9996653 -0.0256349 0.0047758 35.8112252
0.0254637 0.9991410 0.0327729 0.9967635
-0.0056119 -0.0326401 0.9994650 0.3891168
0.0000000 0.0000000 0.0000000 1.0000000
0.9997854 -0.0207396 0.0032349 36.9296021
0.0206162 0.9992107 0.0340270 1.0280698
-0.0039381 -0.0339527 0.9994293 0.4080010
0.0000000 0.0000000 0.0000000 1.0000000
0.9996986 -0.0245596 0.0032805 37.9872947
0.0244302 0.9991054 0.0345973 1.0972520
-0.0041273 -0.0345065 0.9994097 0.4133051
0.0000000 0.0000000 0.0000000 1.0000000
0.9996252 -0.0273486 0.0037988 39.0541074
0.0272008 0.9990428 0.0343491 1.1329243
-0.0047347 -0.0342325 0.9994180 0.4250040
0.0000000 0.0000000 0.0000000 1.0000000
0.9997533 -0.0218795 0.0052661 40.1567932
0.0216898 0.9992066 0.0334968 1.1922580
-0.0059949 -0.0333739 0.9994409 0.4382039
0.0000000 0.0000000 0.0000000 1.0000000
0.9997349 -0.0220896 0.0074778 41.2653584
0.0218279 0.9992114 0.0332651 1.2199877
-0.0082068 -0.0330926 0.9994351 0.4502087
0.0000000 0.0000000 0.0000000 1.0000000
0.9996605 -0.0251324 0.0078615 42.3466178
0.0248414 0.9990824 0.0349928 1.2613749
-0.0087339 -0.0347852 0.9993742 0.4551918
0.0000000 0.0000000 0.0000000 1.0000000
0.9996995 -0.0243522 0.0047166 43.4092451
0.0241660 0.9990664 0.0359140 1.3079449
-0.0055869 -0.0357888 0.9993613 0.4719281
0.0000000 0.0000000 0.0000000 1.0000000
0.9997226 -0.0238678 -0.0001445 44.4579385
0.0238538 0.9989566 0.0390477 1.3551673
-0.0007877 -0.0390399 0.9992553 0.4874906
0.0000000 0.0000000 0.0000000 1.0000000
0.9996421 -0.0270224 0.0002914 45.5279106
0.0269871 0.9988232 0.0404050 1.3872762
-0.0013830 -0.0403822 0.9992016 0.5048237
0.0000000 0.0000000 0.0000000 1.0000000
0.9996668 -0.0259769 0.0025404 46.6264283
0.0258577 0.9989202 0.0387161 1.4252649
-0.0035435 -0.0386370 0.9992658 0.5246686
0.0000000 0.0000000 0.0000000 1.0000000
0.9997072 -0.0242783 0.0032913 47.7244216
0.0241252 0.9989055 0.0401889 1.4675189
-0.0042635 -0.0400972 0.9992056 0.5389523
0.0000000 0.0000000 0.0000000 1.0000000
0.9997090 -0.0240021 0.0045257 48.7946950
0.0238015 0.9989270 0.0398505 1.4968047
-0.0054775 -0.0397307 0.9992145 0.5623547
0.0000000 0.0000000 0.0000000 1.0000000
0.9997088 -0.0240003 0.0045915 49.8130471
0.0237940 0.9989048 0.0404079 1.5380115
-0.0055564 -0.0402864 0.9991919 0.5716873
0.0000000 0.0000000 0.0000000 1.0000000
0.9996691 -0.0257633 0.0035803 50.8763146
0.0255955 0.9988529 0.0405948 1.5690400
-0.0046222 -0.0404892 0.9991887 0.5951270
0.0000000 0.0000000 0.0000000 1.0000000
0.9996471 -0.0268109 0.0014239 51.9688853
0.0267271 0.9987810 0.0416136 1.6079090
-0.0025380 -0.0415604 0.9991519 0.6087383
0.0000000 0.0000000 0.0000000 1.0000000
0.9996741 -0.0257895 -0.0006727 53.0261814
0.0257938 0.9988100 0.0415100 1.6329427
-0.0003987 -0.0415134 0.9991566 0.6320281
0.0000000 0.0000000 0.0000000 1.0000000
0.9997166 -0.0236703 -0.0046260 54.1363176
0.0238384 0.9988847 0.0408763 1.6705118
0.0036533 -0.0409745 0.9991730 0.6527648
0.0000000 0.0000000 0.0000000 1.0000000
0.9997313 -0.0227701 -0.0057491 55.1736051
0.0229807 0.9989403 0.0399997 1.7105594
0.0048322 -0.0401206 0.9992023 0.6807361
0.0000000 0.0000000 0.0000000 1.0000000
0.9997156 -0.0237373 -0.0043687 56.2411922
0.0238893 0.9989487 0.0392607 1.7494440
0.0034321 -0.0393534 0.9992391 0.7031778
0.0000000 0.0000000 0.0000000 1.0000000
0.9997882 -0.0208646 0.0014040 57.3207595
0.0207952 0.9990725 0.0378325 1.7777354
-0.0021922 -0.0377948 0.9993023 0.7220844
0.0000000 0.0000000 0.0000000 1.0000000
0.9997889 -0.0199342 0.0062536 58.4095025
0.0196974 0.9991737 0.0356861 1.8129808
-0.0069600 -0.0355549 0.9993630 0.7347150
0.0000000 0.0000000 0.0000000 1.0000000
0.9998052 -0.0188949 0.0068589 59.4834584
0.0186644 0.9993167 0.0320572 1.8346093
-0.0074601 -0.0319224 0.9994823 0.7480590
0.0000000 0.0000000 0.0000000 1.0000000
0.9998129 -0.0191014 0.0047480 60.6015411
0.0189427 0.9993372 0.0312462 1.8683078
-0.0053418 -0.0311499 0.9995198 0.7637627
0.0000000 0.0000000 0.0000000 1.0000000
0.9998411 -0.0181809 0.0010773 61.7195403
0.0181400 0.9994085 0.0293749 1.8841998
-0.0016109 -0.0293502 0.9995873 0.7831758
0.0000000 0.0000000 0.0000000 1.0000000
0.9998481 -0.0175605 -0.0031697 62.8031552
0.0176512 0.9993415 0.0318506 1.9146941
0.0026082 -0.0319012 0.9995073 0.7995404
0.0000000 0.0000000 0.0000000 1.0000000
0.9997526 -0.0212094 -0.0077388 63.8827771
0.0214380 0.9992960 0.0309537 1.9441683
0.0070768 -0.0311113 0.9995111 0.8179450
0.0000000 0.0000000 0.0000000 1.0000000
0.9997230 -0.0222418 -0.0086650 64.9790299
0.0225118 0.9992206 0.0325936 1.9835324
0.0079333 -0.0327791 0.9994518 0.8381656
0.0000000 0.0000000 0.0000000 1.0000000
0.9997412 -0.0219793 -0.0071005 66.1268885
0.0222068 0.9991825 0.0339477 2.0054952
0.0063485 -0.0340960 0.9994191 0.8574950
0.0000000 0.0000000 0.0000000 1.0000000
0.9997205 -0.0235056 -0.0047522 67.2502905
0.0236636 0.9990476 0.0368180 2.0692919
0.0038821 -0.0369196 0.9993317 0.8889583
0.0000000 0.0000000 0.0000000 1.0000000
0.9997388 -0.0228989 -0.0037048 68.3134065
0.0230114 0.9991510 0.0343347 2.0984494
0.0029154 -0.0344104 0.9994241 0.9141467
0.0000000 0.0000000 0.0000000 1.0000000
0.9998007 -0.0200320 -0.0036064 69.4398732
0.0201357 0.9992931 0.0319306 2.1063402
0.0029641 -0.0319962 0.9995046 0.9409152
0.0000000 0.0000000 0.0000000 1.0000000
0.9997660 -0.0219055 -0.0021913 70.5903703
0.0219598 0.9993206 0.0298087 2.1395339
0.0015367 -0.0298492 0.9995752 0.9679447
0.0000000 0.0000000 0.0000000 1.0000000
0.9996919 -0.0251456 -0.0005033 71.7485895
0.0251488 0.9993471 0.0261826 2.1812501
-0.0001556 -0.0261865 0.9996791 0.9848096
0.0000000 0.0000000 0.0000000 1.0000000
0.9996295 -0.0275156 0.0010149 72.8190535
0.0274792 0.9992988 0.0256683 2.2066540
-0.0017207 -0.0256302 0.9996924 1.0099745
0.0000000 0.0000000 0.0000000 1.0000000
0.9996284 -0.0275744 0.0007171 73.9042013
0.0275469 0.9993183 0.0248091 2.2167299
-0.0014008 -0.0247793 0.9997146 1.0301034
0.0000000 0.0000000 0.0000000 1.0000000
0.9996107 -0.0280986 -0.0026474 74.9986584
0.0281586 0.9992461 0.0269439 2.2514249
0.0018882 -0.0270072 0.9996564 1.0578236
0.0000000 0.0000000 0.0000000 1.0000000
0.9995537 -0.0299629 -0.0035667 76.1198643
0.0300501 0.9991599 0.0280835 2.2764397
0.0027221 -0.0281774 0.9996224 1.0832477
0.0000000 0.0000000 0.0000000 1.0000000
0.9993922 -0.0350761 -0.0018688 77.1873390
0.0351161 0.9989047 0.0311109 2.3208807
0.0007754 -0.0311569 0.9995374 1.1076422
0.0000000 0.0000000 0.0000000 1.0000000
0.9993984 -0.0349463 0.0010302 78.2985705
0.0348932 0.9988668 0.0325399 2.3724307
-0.0021663 -0.0324836 0.9994932 1.1287131
0.0000000 0.0000000 0.0000000 1.0000000
0.9993694 -0.0355682 0.0038861 79.3934186
0.0354148 0.9988003 0.0339919 2.4038200
-0.0050906 -0.0338321 0.9994381 1.1495500
0.0000000 0.0000000 0.0000000 1.0000000
0.9993321 -0.0363161 0.0059950 80.4549916
0.0360767 0.9987079 0.0359540 2.4456247
-0.0072932 -0.0357130 0.9993590 1.1693964
0.0000000 0.0000000 0.0000000 1.0000000
0.9994079 -0.0343578 0.0047679 81.5186866
0.0341562 0.9987313 0.0371655 2.4824833
-0.0060390 -0.0369799 0.9993214 1.1867179
0.0000000 0.0000000 0.0000000 1.0000000
0.9993491 -0.0361202 0.0040297 82.5704836
0.0359432 0.9986590 0.0374293 2.5195316
-0.0053764 -0.0372594 0.9993154 1.2038035
0.0000000 0.0000000 0.0000000 1.0000000
0.9993514 -0.0360199 0.0044136 83.5899890
0.0358279 0.9986574 0.0375804 2.5608559
-0.0057615 -0.0373971 0.9993083 1.2182431
0.0000000 0.0000000 0.0000000 1.0000000
0.9993787 -0.0352227 0.0045520 84.6140202
0.0350344 0.9987378 0.0361525 2.6176372
-0.0058199 -0.0359699 0.9993594 1.2332586
0.0000000 0.0000000 0.0000000 1.0000000
0.9992998 -0.0371656 0.0061731 85.6272546
0.0369361 0.9987552 0.0337041 2.6475154
-0.0074183 -0.0334517 0.9994367 1.2461912
0.0000000 0.0000000 0.0000000 1.0000000
0.9992603 -0.0377105 0.0087670 86.6469537
0.0373989 0.9987541 0.0332214 2.6997800
-0.0100091 -0.0328681 0.9994338 1.2580152
0.0000000 0.0000000 0.0000000 1.0000000
0.9992061 -0.0389242 0.0096356 87.6149759
0.0385912 0.9987322 0.0325132 2.7330392
-0.0108892 -0.0321147 0.9994496 1.2739822
0.0000000 0.0000000 0.0000000 1.0000000
0.9991043 -0.0412350 0.0105872 88.5383596
0.0408755 0.9986548 0.0320926 2.7831059
-0.0118965 -0.0316302 0.9994539 1.2822531
0.0000000 0.0000000 0.0000000 1.0000000
0.9989572 -0.0448848 0.0095964 89.4368306
0.0445561 0.9985009 0.0319903 2.8265990
-0.0110181 -0.0315284 0.9994679 1.2976735
0.0000000 0.0000000 0.0000000 1.0000000
0.9986382 -0.0515407 0.0093666 90.3354060
0.0512161 0.9981810 0.0320035 2.8780229
-0.0109993 -0.0314793 0.9994696 1.3050274
0.0000000 0.0000000 0.0000000 1.0000000
0.9985214 -0.0537386 0.0094680 91.1972282
0.0534130 0.9980749 0.0317131 2.9256458
-0.0111542 -0.0311595 0.9994776 1.3119370
0.0000000 0.0000000 0.0000000 1.0000000
0.9982892 -0.0577022 0.0105983 92.0442101
0.0573398 0.9978567 0.0317190 2.9790473
-0.0124061 -0.0310560 0.9994663 1.3201350
0.0000000 0.0000000 0.0000000 1.0000000
0.9981882 -0.0591423 0.0120693 92.8813030
0.0587157 0.9977349 0.0330036 3.0347000
-0.0139941 -0.0322343 0.9994080 1.3268101
0.0000000 0.0000000 0.0000000 1.0000000
0.9979135 -0.0631793 0.0141398 93.6495259
0.0626869 0.9974985 0.0328460 3.1061015
-0.0161798 -0.0318901 0.9993860 1.3272362
0.0000000 0.0000000 0.0000000 1.0000000
0.9976683 -0.0667038 0.0152181 94.4187904
0.0661428 0.9972119 0.0347225 3.1539088
-0.0174920 -0.0336341 0.9993072 1.3297564
0.0000000 0.0000000 0.0000000 1.0000000
0.9973368 -0.0711453 0.0167854 95.1788038
0.0704950 0.9968490 0.0365311 3.2424952
-0.0193318 -0.0352495 0.9992182 1.3379983
0.0000000 0.0000000 0.0000000 1.0000000
0.9971647 -0.0737598 0.0156965 95.8846852
0.0730933 0.9965509 0.0394253 3.2940911
-0.0185506 -0.0381652 0.9991255 1.3487761
0.0000000 0.0000000 0.0000000 1.0000000
0.9970923 -0.0753175 0.0126025 96.5688742
0.0747432 0.9963630 0.0410435 3.3571573
-0.0156482 -0.0399812 0.9991042 1.3563507
0.0000000 0.0000000 0.0000000 1.0000000
0.9967469 -0.0801979 0.0094141 97.2572342
0.0797248 0.9959006 0.0428461 3.4309549
-0.0128119 -0.0419552 0.9990635 1.3636256
0.0000000 0.0000000 0.0000000 1.0000000
0.9967291 -0.0806473 0.0071996 97.9002218
0.0802473 0.9957783 0.0446783 3.4854724
-0.0107726 -0.0439535 0.9990020 1.3659318
0.0000000 0.0000000 0.0000000 1.0000000
0.9964823 -0.0837279 0.0060908 98.4957437
0.0833558 0.9954405 0.0464832 3.5311349
-0.0099551 -0.0458110 0.9989273 1.3762597
0.0000000 0.0000000 0.0000000 1.0000000
0.9965967 -0.0823110 0.0066430 99.0669025
0.0818886 0.9954422 0.0489905 3.5777499
-0.0106454 -0.0482789 0.9988043 1.3865485
0.0000000 0.0000000 0.0000000 1.0000000
0.9966637 -0.0814680 0.0069370 99.6326972
0.0810095 0.9954098 0.0510656 3.6457155
-0.0110656 -0.0503324 0.9986981 1.3904565
0.0000000 0.0000000 0.0000000 1.0000000
0.9970617 -0.0763266 0.0081037 100.1965912
0.0757847 0.9956861 0.0536396 3.7021241
-0.0121631 -0.0528670 0.9985549 1.3980575
0.0000000 0.0000000 0.0000000 1.0000000
0.9973730 -0.0719338 0.0097761 100.7209878
0.0712951 0.9959608 0.0546867 3.7700591
-0.0136707 -0.0538453 0.9984829 1.4024490
0.0000000 0.0000000 0.0000000 1.0000000
0.9979355 -0.0634366 0.0111692 101.2189959
0.0627300 0.9965188 0.0550208 3.7972068
-0.0146209 -0.0542057 0.9984508 1.4079099
0.0000000 0.0000000 0.0000000 1.0000000
0.9985616 -0.0522465 0.0130052 101.7218564
0.0514610 0.9971814 0.0547100 3.8125001
-0.0158272 -0.0539612 0.9984458 1.4122297
0.0000000 0.0000000 0.0000000 1.0000000
0.9991755 -0.0385621 0.0136166 102.1222893
0.0377856 0.9978731 0.0532325 3.8180228
-0.0156407 -0.0526732 0.9985174 1.4133506
0.0000000 0.0000000 0.0000000 1.0000000
0.9996808 -0.0219056 0.0135227 102.5072908
0.0211597 0.9983775 0.0529806 3.8013095
-0.0146617 -0.0526766 0.9985329 1.4194795
0.0000000 0.0000000 0.0000000 1.0000000
0.9999273 -0.0056240 0.0117430 102.9450283
0.0049967 0.9986031 0.0527197 3.8144497
-0.0120234 -0.0526563 0.9985692 1.4318492
0.0000000 0.0000000 0.0000000 1.0000000
0.9998734 0.0137538 0.0094073 103.3895243
-0.0142320 0.9985128 0.0527462 3.7943465
-0.0086682 -0.0528725 0.9985928 1.4364276
0.0000000 0.0000000 0.0000000 1.0000000
0.9992875 0.0376470 0.0055821 103.8540839
-0.0378829 0.9979949 0.0508304 3.7916045
-0.0036575 -0.0510048 0.9987208 1.4383956
0.0000000 0.0000000 0.0000000 1.0000000
0.9979547 0.0640435 0.0029376 104.2539784
-0.0641111 0.9967995 0.0478872 3.7496722
0.0001384 -0.0479767 0.9988774 1.4450762
0.0000000 0.0000000 0.0000000 1.0000000
0.9955596 0.0942357 0.0019374 104.6137926
-0.0942251 0.9944933 0.0460142 3.7105924
0.0024092 -0.0459915 0.9989675 1.4491730
0.0000000 0.0000000 0.0000000 1.0000000
0.9919928 0.1263865 0.0006184 104.9826652
-0.1263050 0.9911454 0.0411148 3.6685216
0.0045831 -0.0408627 0.9991835 1.4495138
0.0000000 0.0000000 0.0000000 1.0000000
0.9868790 0.1615316 -0.0013510 105.3502155
-0.1613589 0.9861427 0.0387094 3.6167198
0.0075848 -0.0379824 0.9992793 1.4548830
0.0000000 0.0000000 0.0000000 1.0000000
0.9796343 0.2008380 -0.0022476 105.6454989
-0.2006536 0.9791034 0.0332770 3.5288063
0.0088836 -0.0321472 0.9994735 1.4616285
0.0000000 0.0000000 0.0000000 1.0000000
0.9704505 0.2413386 -0.0024619 105.9219645
-0.2411470 0.9699947 0.0311587 3.4068351
0.0099074 -0.0296432 0.9995414 1.4732660
0.0000000 0.0000000 0.0000000 1.0000000
0.9592252 0.2826805 -0.0020154 106.1715344
-0.2824740 0.9587496 0.0319489 3.2845075
0.0109631 -0.0300758 0.9995179 1.4842045
0.0000000 0.0000000 0.0000000 1.0000000
0.9449212 0.3273356 -0.0003453 106.5171992
-0.3271209 0.9443360 0.0351318 3.1639912
0.0118254 -0.0330828 0.9994129 1.4927898
0.0000000 0.0000000 0.0000000 1.0000000
0.9280220 0.3725569 0.0012017 106.8549300
-0.3723793 0.9274681 0.0338851 3.0111521
0.0115090 -0.0318926 0.9994550 1.5037603
0.0000000 0.0000000 0.0000000 1.0000000
0.9094330 0.4158713 0.0026756 107.1717238
-0.4157219 0.9088911 0.0332431 2.8834495
0.0113923 -0.0313437 0.9994742 1.5084498
0.0000000 0.0000000 0.0000000 1.0000000
0.8878051 0.4602375 0.0029705 107.3564298
-0.4600902 0.8873151 0.0316630 2.6839157
0.0119360 -0.0294763 0.9995256 1.5219488
0.0000000 0.0000000 0.0000000 1.0000000
0.8642973 0.5029999 0.0023611 107.5075428
-0.5028152 0.8638320 0.0313821 2.5040182
0.0137448 -0.0283097 0.9995360 1.5347816
0.0000000 0.0000000 0.0000000 1.0000000
0.8379291 0.5458006 -0.0001356 107.8327880
-0.5455093 0.8374900 0.0323114 2.2891241
0.0177483 -0.0269999 0.9995091 1.5458755
0.0000000 0.0000000 0.0000000 1.0000000
0.8096023 0.5869978 -0.0013114 108.0474719
-0.5865534 0.8090721 0.0370398 2.0460917
0.0228025 -0.0292175 0.9993448 1.5583959
0.0000000 0.0000000 0.0000000 1.0000000
0.7776789 0.6286804 -0.0002050 108.3153133
-0.6281056 0.7769819 0.0423897 1.8152784
0.0268080 -0.0328361 0.9991331 1.5695538
0.0000000 0.0000000 0.0000000 1.0000000
0.7420156 0.6703998 0.0004164 108.5656212
-0.6696703 0.7411792 0.0469984 1.5599411
0.0311982 -0.0351518 0.9989264 1.5753096
0.0000000 0.0000000 0.0000000 1.0000000
0.7052995 0.7089262 0.0004336 108.7509185
-0.7081475 0.7044958 0.0471885 1.3647590
0.0331468 -0.0335885 0.9989179 1.5871817
0.0000000 0.0000000 0.0000000 1.0000000
0.6651980 0.7466817 0.0014176 108.9089085
-0.7459333 0.6644441 0.0459534 1.0331992
0.0333697 -0.0316250 0.9989752 1.6169378
0.0000000 0.0000000 0.0000000 1.0000000
0.6238488 0.7815531 0.0033188 109.1920429
-0.7808857 0.6231296 0.0440592 0.7204253
0.0323656 -0.0300774 0.9990561 1.6210863
0.0000000 0.0000000 0.0000000 1.0000000
0.5810414 0.8138661 0.0060830 109.4460663
-0.8132812 0.5803040 0.0428420 0.3634351
0.0313366 -0.0298398 0.9990966 1.6429960
0.0000000 0.0000000 0.0000000 1.0000000
0.5363828 0.8439533 0.0077638 109.6727186
-0.8434321 0.5356725 0.0411272 0.0575796
0.0305494 -0.0286078 0.9991570 1.6508495
0.0000000 0.0000000 0.0000000 1.0000000
0.4865390 0.8736323 0.0084266 109.8410376
-0.8732500 0.4859817 0.0356505 -0.2890727
0.0270490 -0.0247035 0.9993626 1.6833721
0.0000000 0.0000000 0.0000000 1.0000000
0.4378143 0.8989919 0.0125013 110.0215157
-0.8986829 0.4371681 0.0356008 -0.6216626
0.0265384 -0.0268211 0.9993212 1.6919727
0.0000000 0.0000000 0.0000000 1.0000000
0.3884189 0.9213797 0.0146463 110.0956088
-0.9209733 0.3876165 0.0396936 -0.9920643
0.0308945 -0.0289065 0.9991377 1.7093701
0.0000000 0.0000000 0.0000000 1.0000000
0.3395972 0.9404448 0.0161766 110.2381695
-0.9399498 0.3386885 0.0424148 -1.3909343
0.0344087 -0.0296091 0.9990028 1.7183751
0.0000000 0.0000000 0.0000000 1.0000000
0.2943669 0.9555823 0.0153189 110.3621227
-0.9549488 0.2934599 0.0443723 -1.8012793
0.0379047 -0.0276905 0.9989315 1.7330198
0.0000000 0.0000000 0.0000000 1.0000000
0.2515830 0.9678039 0.0092703 110.4656211
-0.9670330 0.2509669 0.0433390 -2.2075123
0.0396159 -0.0198681 0.9990520 1.7536481
0.0000000 0.0000000 0.0000000 1.0000000
0.2172443 0.9761241 0.0032990 110.5141592
-0.9753155 0.2169237 0.0414641 -2.6134026
0.0397573 -0.0122254 0.9991690 1.7738989
0.0000000 0.0000000 0.0000000 1.0000000
0.1869375 0.9823837 0.0005984 110.6056688
-0.9815622 0.1867557 0.0409016 -3.0107498
0.0400682 -0.0082333 0.9991971 1.7888658
0.0000000 0.0000000 0.0000000 1.0000000
0.1584193 0.9873794 0.0029042 110.6905691
-0.9866316 0.1581829 0.0393902 -3.4371596
0.0384325 -0.0091056 0.9992536 1.8109309
0.0000000 0.0000000 0.0000000 1.0000000
0.1345332 0.9908684 0.0101913 110.7838603
-0.9903085 0.1340818 0.0364316 -3.9185727
0.0347311 -0.0149940 0.9993188 1.8207119
0.0000000 0.0000000 0.0000000 1.0000000
0.1118576 0.9936207 0.0151315 110.8394300
-0.9932464 0.1113124 0.0329837 -4.4193056
0.0310877 -0.0187190 0.9993762 1.8393855
0.0000000 0.0000000 0.0000000 1.0000000
0.0904412 0.9958365 0.0123737 110.8710242
-0.9954665 0.0900222 0.0309542 -4.9820229
0.0297101 -0.0151174 0.9994783 1.8706467
0.0000000 0.0000000 0.0000000 1.0000000
0.0697477 0.9975545 0.0066671 110.9013537
-0.9971118 0.0695098 0.0308591 -5.5209806
0.0303189 -0.0088004 0.9995366 1.8981531
0.0000000 0.0000000 0.0000000 1.0000000
0.0516018 0.9986800 -0.0002151 110.9546451
-0.9981765 0.0515819 0.0315899 -6.0662994
0.0315579 -0.0014155 0.9995358 1.9187944
0.0000000 0.0000000 0.0000000 1.0000000
0.0380107 0.9992877 -0.0020132 110.9667950
-0.9986081 0.0380582 0.0367249 -6.6531183
0.0367740 0.0006143 0.9993588 1.9339700
0.0000000 0.0000000 0.0000000 1.0000000
0.0282261 0.9996130 -0.0011534 110.9948573
-0.9987648 0.0282489 0.0410643 -7.2908880
0.0410798 -0.0000072 0.9991910 1.9461130
0.0000000 0.0000000 0.0000000 1.0000000
0.0202861 0.9997974 -0.0042839 111.0060944
-0.9989570 0.0204443 0.0410196 -7.9371154
0.0410976 0.0034473 0.9991848 1.9689276
0.0000000 0.0000000 0.0000000 1.0000000
0.0195099 0.9997979 -0.0068917 111.0230997
-0.9990987 0.0197560 0.0377682 -8.5953803
0.0378954 0.0061486 0.9992975 2.0085332
0.0000000 0.0000000 0.0000000 1.0000000
0.0198469 0.9997934 -0.0065250 111.0396664
-0.9991114 0.0200759 0.0372506 -9.3192768
0.0373727 0.0057799 0.9993187 2.0466181
0.0000000 0.0000000 0.0000000 1.0000000
0.0214581 0.9997706 -0.0045709 111.0622338
-0.9991233 0.0216085 0.0360514 -9.9961805
0.0361407 0.0037933 0.9993729 2.0790804
0.0000000 0.0000000 0.0000000 1.0000000
0.0198601 0.9998144 -0.0000553 111.1113908
-0.9991433 0.0198483 0.0365152 -10.6914515
0.0365083 -0.0006701 0.9993674 2.1007660
0.0000000 0.0000000 0.0000000 1.0000000
0.0242641 0.9997132 -0.0028840 111.1599153
-0.9990016 0.0243549 0.0376465 -11.4089480
0.0377047 0.0019676 0.9993216 2.1317762
0.0000000 0.0000000 0.0000000 1.0000000
0.0262931 0.9996475 -0.0060764 111.2055579
-0.9988840 0.0265112 0.0392817 -12.1409895
0.0394277 0.0050367 0.9992445 2.1547718
0.0000000 0.0000000 0.0000000 1.0000000
0.0247059 0.9996909 -0.0055766 111.2499519
-0.9989321 0.0249049 0.0391219 -12.8365518
0.0392474 0.0046040 0.9992543 2.1856697
0.0000000 0.0000000 0.0000000 1.0000000
0.0225113 0.9997476 -0.0046802 111.2882841
-0.9990635 0.0226690 0.0370767 -13.5782369
0.0371722 0.0038411 0.9993375 2.2180114
0.0000000 0.0000000 0.0000000 1.0000000
0.0224876 0.9997434 -0.0055860 111.3111967
-0.9990666 0.0226787 0.0369975 -14.3351085
0.0371134 0.0047488 0.9993362 2.2585218
0.0000000 0.0000000 0.0000000 1.0000000
0.0228967 0.9997300 -0.0062279 111.3356765
-0.9991808 0.0230925 0.0334926 -15.1354095
0.0336260 0.0054559 0.9994559 2.2951066
0.0000000 0.0000000 0.0000000 1.0000000
0.0224713 0.9997462 -0.0050495 111.3584837
-0.9992416 0.0226210 0.0319602 -15.8957773
0.0320650 0.0043274 0.9995125 2.3294978
0.0000000 0.0000000 0.0000000 1.0000000
0.0178226 0.9998476 -0.0031690 111.3827535
-0.9993275 0.0179152 0.0322679 -16.6736011
0.0323184 0.0025917 0.9995107 2.3605831
0.0000000 0.0000000 0.0000000 1.0000000
0.0194903 0.9998157 -0.0033619 111.3943065
-0.9993502 0.0195837 0.0305572 -17.4799086
0.0306160 0.0027640 0.9995639 2.4011767
0.0000000 0.0000000 0.0000000 1.0000000
0.0177328 0.9998497 -0.0030081 111.4051418
-0.9994211 0.0178131 0.0293097 -18.2959252
0.0293575 0.0024865 0.9996032 2.4396897
0.0000000 0.0000000 0.0000000 1.0000000
0.0157552 0.9998873 0.0002081 111.4196732
-0.9994434 0.0157418 0.0297323 -19.0995164
0.0297243 -0.0006766 0.9995953 2.4732435
0.0000000 0.0000000 0.0000000 1.0000000
0.0141716 0.9999095 0.0017497 111.4473056
-0.9993325 0.0141037 0.0339749 -19.8830827
0.0339458 -0.0022303 0.9994585 2.5128580
0.0000000 0.0000000 0.0000000 1.0000000
0.0113795 0.9999467 0.0005672 111.4620254
-0.9992321 0.0113496 0.0377659 -20.7017663
0.0377561 -0.0009967 0.9993248 2.5443732
0.0000000 0.0000000 0.0000000 1.0000000
0.0101627 0.9999601 0.0006611 111.4762514
-0.9992111 0.0101292 0.0386474 -21.5749175
0.0386379 -0.0010536 0.9992908 2.5966478
0.0000000 0.0000000 0.0000000 1.0000000
0.0078855 0.9999518 0.0076711 111.5045714
-0.9993345 0.0076048 0.0359279 -22.4243090
0.0358665 -0.0079497 0.9993629 2.6347805
0.0000000 0.0000000 0.0000000 1.0000000
0.0081483 0.9999470 0.0080591 111.5547654
-0.9994630 0.0078854 0.0321022 -23.3260768
0.0320354 -0.0083167 0.9994910 2.6742226
0.0000000 0.0000000 0.0000000 1.0000000
0.0079979 0.9999278 0.0102770 111.5654695
-0.9995958 0.0077103 0.0277069 -24.2079561
0.0276241 -0.0104949 0.9996020 2.7197322
0.0000000 0.0000000 0.0000000 1.0000000
0.0110453 0.9998688 0.0128835 111.5822720
-0.9996676 0.0107356 0.0238439 -25.1541178
0.0237008 -0.0131430 0.9996719 2.7559431
0.0000000 0.0000000 0.0000000 1.0000000
0.0131886 0.9997795 0.0170991 111.6089637
-0.9996638 0.0127941 0.0229638 -26.0382853
0.0227384 -0.0173967 0.9996292 2.7819645
0.0000000 0.0000000 0.0000000 1.0000000
0.0155920 0.9997909 0.0141544 111.6232292
-0.9995136 0.0151973 0.0275552 -26.8616494
0.0273328 -0.0145776 0.9995588 2.8286713
0.0000000 0.0000000 0.0000000 1.0000000
0.0164402 0.9997949 0.0128416 111.6397584
-0.9992113 0.0159601 0.0366118 -27.6281993
0.0363979 -0.0134338 0.9992860 2.8707100
0.0000000 0.0000000 0.0000000 1.0000000
0.0178832 0.9997737 0.0125777 111.6493405
-0.9989912 0.0173453 0.0416248 -28.4265867
0.0413959 -0.0133098 0.9990926 2.9130421
0.0000000 0.0000000 0.0000000 1.0000000
0.0186679 0.9997728 0.0114364 111.6631097
-0.9991148 0.0182192 0.0381282 -29.2463724
0.0379098 -0.0121385 0.9992452 2.9501448
0.0000000 0.0000000 0.0000000 1.0000000
0.0184366 0.9998003 0.0091873 111.6779498
-0.9993268 0.0181323 0.0321373 -30.0839748
0.0319628 -0.0097740 0.9994788 2.9989186
0.0000000 0.0000000 0.0000000 1.0000000
0.0198019 0.9997851 0.0078751 111.7086280
-0.9993622 0.0195559 0.0301379 -30.8976223
0.0299759 -0.0084672 0.9995520 3.0515854
0.0000000 0.0000000 0.0000000 1.0000000
0.0211846 0.9997246 0.0112307 111.7653067
-0.9993069 0.0208261 0.0310950 -31.7289555
0.0308511 -0.0118820 0.9994905 3.0990774
0.0000000 0.0000000 0.0000000 1.0000000
0.0221913 0.9996817 0.0129654 111.8086394
-0.9992497 0.0217629 0.0322830 -32.5451730
0.0319891 -0.0136725 0.9994324 3.1386619
0.0000000 0.0000000 0.0000000 1.0000000
0.0195322 0.9997328 0.0133046 111.8377744
-0.9992643 0.0190769 0.0334997 -33.3723727
0.0332355 -0.0139496 0.9993878 3.1888899
0.0000000 0.0000000 0.0000000 1.0000000
0.0154494 0.9997995 0.0136398 111.8421248
-0.9993133 0.0149763 0.0341108 -34.1864444
0.0338983 -0.0141579 0.9993621 3.2420598
0.0000000 0.0000000 0.0000000 1.0000000
0.0121012 0.9997749 0.0181129 111.8872195
-0.9993753 0.0114863 0.0336530 -35.0112571
0.0334360 -0.0185094 0.9993072 3.3022502
0.0000000 0.0000000 0.0000000 1.0000000
0.0103287 0.9996191 0.0260665 111.9110041
-0.9993652 0.0094240 0.0345893 -35.8105034
0.0343291 -0.0264079 0.9990996 3.3547136
0.0000000 0.0000000 0.0000000 1.0000000
0.0098227 0.9995742 0.0279157 111.9384312
-0.9994001 0.0088794 0.0337098 -36.6613853
0.0334461 -0.0282308 0.9990794 3.4144098
0.0000000 0.0000000 0.0000000 1.0000000
0.0081916 0.9995820 0.0281581 111.9551234
-0.9994475 0.0072699 0.0326860 -37.5140915
0.0324662 -0.0284110 0.9991071 3.4720897
0.0000000 0.0000000 0.0000000 1.0000000
0.0054699 0.9996128 0.0277178 111.9843549
-0.9994639 0.0045634 0.0326718 -38.3305282
0.0325313 -0.0278824 0.9991196 3.5093988
0.0000000 0.0000000 0.0000000 1.0000000
0.0035568 0.9996460 0.0268261 112.0026468
-0.9994476 0.0026606 0.0333706 -39.1256990
0.0332860 -0.0269307 0.9991211 3.5579324
0.0000000 0.0000000 0.0000000 1.0000000
0.0021541 0.9996350 0.0273853 111.9956027
-0.9994567 0.0012447 0.0331796 -39.9106715
0.0331320 -0.0274426 0.9991126 3.5918486
0.0000000 0.0000000 0.0000000 1.0000000
0.0001791 0.9996882 0.0254591 111.9900611
-0.9994841 -0.0006452 0.0323737 -40.7186287
0.0323785 -0.0254524 0.9991903 3.6363384
0.0000000 0.0000000 0.0000000 1.0000000
-0.0008284 0.9997573 0.0225629 111.9959723
-0.9994959 -0.0015499 0.0319893 -41.5061615
0.0320150 -0.0225256 0.9992728 3.6831700
0.0000000 0.0000000 0.0000000 1.0000000
-0.0022500 0.9997481 0.0228778 112.0161940
-0.9995438 -0.0029443 0.0303727 -42.2704341
0.0304309 -0.0227997 0.9993170 3.7151820
0.0000000 0.0000000 0.0000000 1.0000000
-0.0022600 0.9997252 0.0238731 112.0154749
-0.9995675 -0.0029655 0.0295712 -43.0374362
0.0296323 -0.0237966 0.9993178 3.7574232
0.0000000 0.0000000 0.0000000 1.0000000
-0.0050564 0.9996544 0.0262966 111.9973777
-0.9995653 -0.0058245 0.0292298 -43.7991653
0.0293713 -0.0261381 0.9992676 3.7883376
0.0000000 0.0000000 0.0000000 1.0000000
-0.0035556 0.9997324 0.0234181 111.9725721
-0.9996068 -0.0042124 0.0280699 -44.5054606
0.0281594 -0.0233097 0.9993725 3.8366071
0.0000000 0.0000000 0.0000000 1.0000000
-0.0058044 0.9996802 0.0251295 111.9552793
-0.9995186 -0.0065729 0.0306229 -45.2935704
0.0307767 -0.0249404 0.9992550 3.8762361
0.0000000 0.0000000 0.0000000 1.0000000
-0.0089106 0.9997047 0.0231678 111.9376508
-0.9994588 -0.0096438 0.0317479 -46.0295551
0.0319604 -0.0228730 0.9992676 3.9251675
0.0000000 0.0000000 0.0000000 1.0000000
-0.0090824 0.9996980 0.0233919 111.9366533
-0.9993715 -0.0098824 0.0343289 -46.7512299
0.0345483 -0.0230660 0.9991773 3.9575151
0.0000000 0.0000000 0.0000000 1.0000000
-0.0083603 0.9997268 0.0224202 111.9310240
-0.9993865 -0.0091222 0.0341130 -47.4632708
0.0343068 -0.0221219 0.9992076 3.9962675
0.0000000 0.0000000 0.0000000 1.0000000
-0.0114052 0.9997115 0.0217503 111.9130862
-0.9993451 -0.0121488 0.0343808 -48.1798443
0.0346336 -0.0213445 0.9992132 4.0314569
0.0000000 0.0000000 0.0000000 1.0000000
-0.0157164 0.9996773 0.0206090 111.9018127
-0.9993225 -0.0163959 0.0332453 -48.9071678
0.0335710 -0.0200732 0.9992755 4.0738009
0.0000000 0.0000000 0.0000000 1.0000000
-0.0179558 0.9995925 0.0227867 111.9066180
-0.9992619 -0.0187209 0.0338341 -49.5996037
0.0342454 -0.0221630 0.9992089 4.1031255
0.0000000 0.0000000 0.0000000 1.0000000
-0.0189291 0.9995327 0.0245572 111.8969033
-0.9992595 -0.0197426 0.0333357 -50.2941293
0.0338034 -0.0239086 0.9991845 4.1418389
0.0000000 0.0000000 0.0000000 1.0000000
-0.0194618 0.9995005 0.0254526 111.8886656
-0.9992964 -0.0202695 0.0318840 -50.9916054
0.0323824 -0.0248148 0.9992100 4.1798370
0.0000000 0.0000000 0.0000000 1.0000000
-0.0222126 0.9994310 0.0259246 111.8726442
-0.9992409 -0.0230319 0.0317566 -51.6883867
0.0323340 -0.0252002 0.9992022 4.2189027
0.0000000 0.0000000 0.0000000 1.0000000
-0.0269585 0.9992334 0.0288749 111.8626448
-0.9990912 -0.0278948 0.0325431 -52.3974129
0.0333220 -0.0279720 0.9990955 4.2642838
0.0000000 0.0000000 0.0000000 1.0000000
-0.0270666 0.9990348 0.0350019 111.8310325
-0.9990591 -0.0282312 0.0332301 -52.9965439
0.0341846 -0.0340704 0.9988772 4.2942552
0.0000000 0.0000000 0.0000000 1.0000000
-0.0321862 0.9987472 0.0386826 111.7959078
-0.9987795 -0.0336002 0.0364872 -53.6902129
0.0377397 -0.0374619 0.9986281 4.3379327
0.0000000 0.0000000 0.0000000 1.0000000
-0.0411990 0.9985154 0.0360312 111.7705824
-0.9983691 -0.0425748 0.0383026 -54.3696429
0.0397782 -0.0343953 0.9986596 4.3772799
0.0000000 0.0000000 0.0000000 1.0000000
-0.0513887 0.9978106 0.0419792 111.7419069
-0.9977756 -0.0530933 0.0405654 -55.0866328
0.0427039 -0.0398022 0.9983382 4.4176133
0.0000000 0.0000000 0.0000000 1.0000000
-0.0592485 0.9972924 0.0438979 111.7045363
-0.9973503 -0.0610076 0.0398907 -55.7753854
0.0424593 -0.0414192 0.9982831 4.4649021
0.0000000 0.0000000 0.0000000 1.0000000
-0.0668135 0.9968115 0.0439536 111.6590709
-0.9968891 -0.0685458 0.0391740 -56.4626076
0.0420604 -0.0412005 0.9983092 4.5126317
0.0000000 0.0000000 0.0000000 1.0000000
-0.0747632 0.9961742 0.0455691 111.6235584
-0.9963421 -0.0765279 0.0383070 -57.1491408
0.0416463 -0.0425395 0.9982706 4.5554882
0.0000000 0.0000000 0.0000000 1.0000000
-0.0810244 0.9955501 0.0484198 111.5789680
-0.9958530 -0.0828872 0.0378004 -57.8341360
0.0416441 -0.0451573 0.9981563 4.5921297
0.0000000 0.0000000 0.0000000 1.0000000
-0.0863391 0.9951342 0.0477907 111.5219906
-0.9955139 -0.0880505 0.0349560 -58.5640322
0.0389923 -0.0445593 0.9982911 4.6314145
0.0000000 0.0000000 0.0000000 1.0000000
-0.0908566 0.9949425 0.0431814 111.4668121
-0.9952706 -0.0922261 0.0308696 -59.2433371
0.0346942 -0.0401735 0.9986355 4.6760510
0.0000000 0.0000000 0.0000000 1.0000000
-0.0944675 0.9943697 0.0483292 111.3994158
-0.9950079 -0.0958909 0.0280423 -59.9963621
0.0325169 -0.0454400 0.9984834 4.7132601
0.0000000 0.0000000 0.0000000 1.0000000
-0.0959136 0.9941247 0.0504708 111.3365203
-0.9948993 -0.0973506 0.0268354 -60.7176594
0.0315894 -0.0476406 0.9984104 4.7498641
0.0000000 0.0000000 0.0000000 1.0000000
-0.0976436 0.9939705 0.0501961 111.2623505
-0.9946383 -0.0992040 0.0296062 -61.4769839
0.0344056 -0.0470372 0.9983469 4.7866169
0.0000000 0.0000000 0.0000000 1.0000000
-0.0996291 0.9939536 0.0464838 111.1765407
-0.9942890 -0.1012546 0.0340433 -62.2372916
0.0385426 -0.0428277 0.9983841 4.8241593
0.0000000 0.0000000 0.0000000 1.0000000
-0.1006225 0.9940364 0.0423972 111.0961058
-0.9941068 -0.1021862 0.0365030 -62.9652159
0.0406161 -0.0384753 0.9984797 4.8775745
0.0000000 0.0000000 0.0000000 1.0000000
-0.1027408 0.9938107 0.0426137 111.0192429
-0.9937926 -0.1043993 0.0387270 -63.6784710
0.0429346 -0.0383714 0.9983871 4.9117865
0.0000000 0.0000000 0.0000000 1.0000000
-0.1016264 0.9939171 0.0428052 110.9522886
-0.9940011 -0.1032073 0.0365133 -64.4439921
0.0407074 -0.0388387 0.9984626 4.9492744
0.0000000 0.0000000 0.0000000 1.0000000
-0.1006605 0.9940444 0.0421216 110.8688563
-0.9942427 -0.1020761 0.0329401 -65.1930677
0.0370418 -0.0385643 0.9986157 4.9844635
0.0000000 0.0000000 0.0000000 1.0000000
-0.0992840 0.9942941 0.0394126 110.7976390
-0.9944362 -0.1005568 0.0317586 -65.9709184
0.0355388 -0.0360411 0.9987652 5.0339193
0.0000000 0.0000000 0.0000000 1.0000000
-0.0971172 0.9945902 0.0372883 110.7396469
-0.9946362 -0.0983376 0.0324373 -66.7110072
0.0359269 -0.0339389 0.9988251 5.0761899
0.0000000 0.0000000 0.0000000 1.0000000
-0.0989823 0.9943258 0.0393849 110.6774501
-0.9944299 -0.1002908 0.0327762 -67.4320179
0.0365384 -0.0359222 0.9987340 5.1177091
0.0000000 0.0000000 0.0000000 1.0000000
-0.0996970 0.9942448 0.0396405 110.6103216
-0.9943266 -0.1010444 0.0335880 -68.1737388
0.0373983 -0.0360679 0.9986977 5.1619594
0.0000000 0.0000000 0.0000000 1.0000000
-0.0973181 0.9941611 0.0469712 110.5583803
-0.9945463 -0.0989325 0.0333698 -68.9105337
0.0378202 -0.0434686 0.9983870 5.2039620
0.0000000 0.0000000 0.0000000 1.0000000
-0.0940120 0.9944193 0.0482228 110.5055461
-0.9948705 -0.0956659 0.0332208 -69.6584584
0.0376469 -0.0448534 0.9983322 5.2437692
0.0000000 0.0000000 0.0000000 1.0000000
-0.0928863 0.9945984 0.0466909 110.4469624
-0.9950291 -0.0944289 0.0320002 -70.3911147
0.0362344 -0.0434875 0.9984455 5.2850478
0.0000000 0.0000000 0.0000000 1.0000000
-0.0927423 0.9945729 0.0475157 110.3872829
-0.9949845 -0.0943811 0.0334970 -71.1359147
0.0377980 -0.0441718 0.9983577 5.3174513
0.0000000 0.0000000 0.0000000 1.0000000
-0.0949594 0.9943292 0.0482290 110.3177791
-0.9947716 -0.0966234 0.0334334 -71.8916910
0.0379020 -0.0448031 0.9983256 5.3686931
0.0000000 0.0000000 0.0000000 1.0000000
-0.0939824 0.9944173 0.0483276 110.2795895
-0.9948192 -0.0957040 0.0346393 -72.6355784
0.0390693 -0.0448228 0.9982795 5.3987238
0.0000000 0.0000000 0.0000000 1.0000000
