1.0000000 0.0000000 0.0000000 0.0000000
0.0000000 1.0000000 0.0000000 0.0000000
0.0000000 0.0000000 1.0000000 0.0000000
0.0000000 0.0000000 0.0000000 1.0000000
0.9999983 0.0019808 -0.0005720 1.1213214
-0.0019804 0.9999979 0.0006089 -0.0121455
0.0005732 -0.0006077 1.0000004 0.0152059
0.0000000 0.0000000 0.0000000 1.0000000
0.9999841 0.0056734 -0.0008974 2.1705142
-0.0056729 0.9999839 0.0005071 -0.0647085
0.0009002 -0.0005020 1.0000005 0.0339481
0.0000000 0.0000000 0.0000000 1.0000000
0.9999715 0.0076206 -0.0003364 3.2280945
-0.0076203 0.9999706 0.0008861 -0.0775949
0.0003431 -0.0008835 1.0000005 0.0525170
0.0000000 0.0000000 0.0000000 1.0000000
0.9999475 0.0103487 -0.0006008 4.2943597
-0.0103480 0.9999452 0.0014336 -0.0757041
0.0006156 -0.0014273 1.0000003 0.0675122
0.0000000 0.0000000 0.0000000 1.0000000
0.9999419 0.0108443 -0.0012189 5.4055289
-0.0108417 0.9999384 0.0022516 -0.0840406
0.0012432 -0.0022382 0.9999984 0.0881388
0.0000000 0.0000000 0.0000000 1.0000000
0.9999222 0.0124972 -0.0014087 6.4676135
-0.0124933 0.9999174 0.0028246 -0.0924070
0.0014438 -0.0028068 0.9999967 0.1038672
0.0000000 0.0000000 0.0000000 1.0000000
0.9999191 0.0127942 -0.0009861 7.6001628
-0.0127907 0.9999118 0.0035399 -0.1003950
0.0010313 -0.0035269 0.9999957 0.1262397
0.0000000 0.0000000 0.0000000 1.0000000
0.9999088 0.0136070 -0.0012386 8.7304747
-0.0136001 0.9998920 0.0055543 -0.1220324
0.0013140 -0.0055369 0.9999873 0.1408426
0.0000000 0.0000000 0.0000000 1.0000000
0.9999244 0.0123953 -0.0014186 9.8144527
-0.0123862 0.9999036 0.0063188 -0.1559696
0.0014967 -0.0063006 0.9999830 0.1680017
0.0000000 0.0000000 0.0000000 1.0000000
0.9999380 0.0109411 -0.0030617 10.9118592
-0.0109174 0.9999109 0.0077097 -0.1624080
0.0031457 -0.0076757 0.9999700 0.1922955
0.0000000 0.0000000 0.0000000 1.0000000
0.9999462 0.0101577 -0.0031623 11.9937157
-0.0101273 0.9999036 0.0095302 -0.1600765
0.0032587 -0.0094976 0.9999542 0.2170142
0.0000000 0.0000000 0.0000000 1.0000000
0.9999402 0.0108102 -0.0027986 13.1064115
-0.0107752 0.9998665 0.0122945 -0.1722291
0.0029311 -0.0122636 0.9999247 0.2382201
0.0000000 0.0000000 0.0000000 1.0000000
0.9999439 0.0105493 -0.0024653 14.2157890
-0.0105147 0.9998514 0.0136989 -0.2018762
0.0026094 -0.0136722 0.9999079 0.2687006
0.0000000 0.0000000 0.0000000 1.0000000
0.9999473 0.0103358 -0.0020831 15.3487185
-0.0103034 0.9998311 0.0152212 -0.2224326
0.0022400 -0.0151989 0.9998865 0.2987586
0.0000000 0.0000000 0.0000000 1.0000000
0.9999416 0.0110225 -0.0014656 16.4667351
-0.0109986 0.9998141 0.0158355 -0.2238963
0.0016399 -0.0158184 0.9998787 0.3193274
0.0000000 0.0000000 0.0000000 1.0000000
0.9999444 0.0106658 -0.0019273 17.6605658
-0.0106338 0.9998122 0.0161869 -0.2265327
0.0020996 -0.0161655 0.9998717 0.3435369
0.0000000 0.0000000 0.0000000 1.0000000
0.9999429 0.0104048 -0.0036557 18.7553114
-0.0103452 0.9998168 0.0161156 -0.2247612
0.0038227 -0.0160767 0.9998692 0.3622793
0.0000000 0.0000000 0.0000000 1.0000000
0.9999601 0.0090282 -0.0025978 19.8841121
-0.0089842 0.9998213 0.0166682 -0.2400915
0.0027478 -0.0166440 0.9998646 0.3837405
0.0000000 0.0000000 0.0000000 1.0000000
0.9999523 0.0097502 -0.0029544 21.0058380
-0.0096979 0.9998020 0.0174007 -0.2333046
0.0031234 -0.0173711 0.9998510 0.4036238
0.0000000 0.0000000 0.0000000 1.0000000
0.9999565 0.0086452 -0.0046215 22.0852139
-0.0085622 0.9998045 0.0178447 -0.2333304
0.0047748 -0.0178041 0.9998370 0.4238148
0.0000000 0.0000000 0.0000000 1.0000000
0.9999535 0.0094106 -0.0037408 23.1823434
-0.0093421 0.9997927 0.0181131 -0.2155247
0.0039104 -0.0180771 0.9998361 0.4427884
0.0000000 0.0000000 0.0000000 1.0000000
0.9999730 0.0076316 -0.0022636 24.3247741
-0.0075939 0.9998370 0.0164285 -0.2244176
0.0023885 -0.0164107 0.9998698 0.4608560
0.0000000 0.0000000 0.0000000 1.0000000
0.9999960 0.0034051 -0.0025125 25.4452644
-0.0033627 0.9998518 0.0169282 -0.2179155
0.0025697 -0.0169195 0.9998614 0.4824681
0.0000000 0.0000000 0.0000000 1.0000000
0.9999959 0.0020272 -0.0037853 26.5583576
-0.0019695 0.9998808 0.0153584 -0.2125819
0.0038160 -0.0153507 0.9998830 0.4999374
0.0000000 0.0000000 0.0000000 1.0000000
0.9999899 -0.0010167 -0.0053210 27.6848161
0.0011011 0.9998724 0.0159920 -0.2188229
0.0053040 -0.0159975 0.9998657 0.5224165
0.0000000 0.0000000 0.0000000 1.0000000
0.9999901 -0.0007302 -0.0053613 28.7912694
0.0008120 0.9998824 0.0153794 -0.2189070
0.0053493 -0.0153834 0.9998756 0.5408337
0.0000000 0.0000000 0.0000000 1.0000000
0.9999878 -0.0023140 -0.0053231 29.9226193
0.0023860 0.9999046 0.0136689 -0.2173727
0.0052909 -0.0136812 0.9999005 0.5578230
0.0000000 0.0000000 0.0000000 1.0000000
0.9999884 -0.0024772 -0.0050767 31.0451323
0.0025415 0.9999155 0.0128066 -0.2274250
0.0050445 -0.0128191 0.9999127 0.5761237
0.0000000 0.0000000 0.0000000 1.0000000
0.9999912 -0.0031563 -0.0040202 32.1869600
0.0032112 0.9999003 0.0138090 -0.2359653
0.0039762 -0.0138216 0.9999039 0.6073578
0.0000000 0.0000000 0.0000000 1.0000000
0.9999919 -0.0023948 -0.0043477 33.3238797
0.0024554 0.9998988 0.0140790 -0.2458093
0.0043135 -0.0140894 0.9998989 0.6295432
0.0000000 0.0000000 0.0000000 1.0000000
0.9999982 -0.0006284 -0.0033239 34.4949387
0.0006780 0.9998888 0.0149599 -0.2499292
0.0033141 -0.0149620 0.9998900 0.6636053
0.0000000 0.0000000 0.0000000 1.0000000
0.9999993 -0.0022361 -0.0021034 35.6740097
0.0022675 0.9998861 0.0150041 -0.2499190
0.0020695 -0.0150086 0.9998930 0.6881664
0.0000000 0.0000000 0.0000000 1.0000000
1.0000024 -0.0017356 -0.0001945 36.8509828
0.0017386 0.9998649 0.0164156 -0.2264636
0.0001659 -0.0164159 0.9998726 0.7143585
0.0000000 0.0000000 0.0000000 1.0000000
1.0000023 -0.0015042 -0.0000267 38.0153024
0.0015046 0.9998541 0.0170683 -0.2028335
0.0000010 -0.0170682 0.9998611 0.7345619
0.0000000 0.0000000 0.0000000 1.0000000
0.9999987 -0.0029905 -0.0007762 39.1538305
0.0030042 0.9998303 0.0182189 -0.1795489
0.0007215 -0.0182211 0.9998403 0.7525856
0.0000000 0.0000000 0.0000000 1.0000000
0.9999995 -0.0029946 0.0003835 40.3689566
0.0029851 0.9997291 0.0231388 -0.0932653
-0.0004528 -0.0231375 0.9997398 0.7607055
0.0000000 0.0000000 0.0000000 1.0000000
0.9999951 -0.0023657 0.0034770 41.5862820
0.0022839 0.9997235 0.0234635 -0.0660038
-0.0035317 -0.0234553 0.9997264 0.7804309
0.0000000 0.0000000 0.0000000 1.0000000
0.9999775 -0.0009496 0.0072391 42.7676730
0.0007699 0.9996920 0.0248785 -0.0524671
-0.0072606 -0.0248722 0.9996726 0.7903265
0.0000000 0.0000000 0.0000000 1.0000000
0.9999495 -0.0000746 0.0104842 43.9517807
-0.0001778 0.9997114 0.0240953 -0.0220482
-0.0104831 -0.0240958 0.9996633 0.7927043
0.0000000 0.0000000 0.0000000 1.0000000
0.9999249 0.0003115 0.0126402 45.1602322
-0.0005954 0.9997492 0.0224674 -0.0011873
-0.0126302 -0.0224731 0.9996768 0.7932104
0.0000000 0.0000000 0.0000000 1.0000000
0.9999467 0.0013278 0.0106911 46.4037615
-0.0015627 0.9997585 0.0220071 0.0029571
-0.0106594 -0.0220224 0.9997100 0.7876893
0.0000000 0.0000000 0.0000000 1.0000000
0.9999617 0.0035660 0.0085419 47.5508660
-0.0037578 0.9997404 0.0225527 0.0281431
-0.0084594 -0.0225837 0.9997182 0.7902040
0.0000000 0.0000000 0.0000000 1.0000000
0.9999578 0.0041689 0.0087341 48.6868147
-0.0043543 0.9997649 0.0213298 0.0260623
-0.0086433 -0.0213667 0.9997436 0.7863131
0.0000000 0.0000000 0.0000000 1.0000000
0.9999588 0.0053298 0.0079884 49.8649809
-0.0054919 0.9997789 0.0203956 0.0277689
-0.0078781 -0.0204384 0.9997698 0.7914042
0.0000000 0.0000000 0.0000000 1.0000000
0.9999622 0.0037577 0.0084453 51.0145603
-0.0039279 0.9997897 0.0202265 0.0108488
-0.0083676 -0.0202587 0.9997695 0.7997089
0.0000000 0.0000000 0.0000000 1.0000000
0.9999666 0.0028821 0.0082302 52.1742292
-0.0030504 0.9997870 0.0205166 0.0154973
-0.0081695 -0.0205408 0.9997654 0.7971463
0.0000000 0.0000000 0.0000000 1.0000000
0.9999539 0.0033039 0.0095909 53.2925227
-0.0034877 0.9998114 0.0192167 0.0227355
-0.0095257 -0.0192489 0.9997801 0.8015777
0.0000000 0.0000000 0.0000000 1.0000000
0.9999578 0.0016624 0.0096245 54.4456943
-0.0018475 0.9998153 0.0192598 0.0235468
-0.0095908 -0.0192764 0.9997797 0.8050788
0.0000000 0.0000000 0.0000000 1.0000000
0.9999493 0.0019869 0.0104562 55.5338255
-0.0021905 0.9998100 0.0195023 0.0262156
-0.0104156 -0.0195239 0.9997676 0.8045280
0.0000000 0.0000000 0.0000000 1.0000000
0.9999507 0.0013078 0.0104322 56.6619873
-0.0015139 0.9998060 0.0197732 0.0428794
-0.0104045 -0.0197877 0.9997627 0.8041208
0.0000000 0.0000000 0.0000000 1.0000000
0.9999516 0.0013346 0.0103656 57.8267285
-0.0015234 0.9998348 0.0182458 0.0439962
-0.0103396 -0.0182604 0.9997926 0.7995028
0.0000000 0.0000000 0.0000000 1.0000000
0.9999492 0.0011262 0.0105989 58.9337455
-0.0013120 0.9998476 0.0175480 0.0773324
-0.0105776 -0.0175607 0.9998028 0.8095842
0.0000000 0.0000000 0.0000000 1.0000000
0.9999373 0.0047440 0.0107246 60.0836901
-0.0049137 0.9998645 0.0158651 0.0792054
-0.0106481 -0.0159164 0.9998296 0.8058653
0.0000000 0.0000000 0.0000000 1.0000000
0.9999098 0.0058989 0.0125073 61.3078880
-0.0060905 0.9998666 0.0153381 0.0715167
-0.0124153 -0.0154125 0.9998169 0.8109692
0.0000000 0.0000000 0.0000000 1.0000000
0.9999121 0.0059932 0.0122827 62.4673198
-0.0062031 0.9998374 0.0171216 0.0915274
-0.0121783 -0.0171959 0.9997913 0.8164176
0.0000000 0.0000000 0.0000000 1.0000000
0.9999165 0.0073380 0.0111408 63.6365796
-0.0075402 0.9998091 0.0182107 0.0820444
-0.0110052 -0.0182929 0.9997857 0.8148921
0.0000000 0.0000000 0.0000000 1.0000000
0.9999032 0.0083343 0.0116170 64.7401746
-0.0085761 0.9997480 0.0209169 0.1177056
-0.0114399 -0.0210142 0.9997274 0.8194490
0.0000000 0.0000000 0.0000000 1.0000000
0.9998797 0.0087198 0.0132350 65.8814289
-0.0090087 0.9997230 0.0219168 0.1098227
-0.0130403 -0.0220331 0.9996861 0.8204421
0.0000000 0.0000000 0.0000000 1.0000000
0.9998856 0.0081867 0.0131388 67.0377656
-0.0084924 0.9996948 0.0233708 0.1451765
-0.0129436 -0.0234794 0.9996551 0.8186900
0.0000000 0.0000000 0.0000000 1.0000000
0.9998973 0.0032924 0.0143363 68.3303543
-0.0036076 0.9997551 0.0220116 0.1808899
-0.0142604 -0.0220608 0.9996695 0.8224619
0.0000000 0.0000000 0.0000000 1.0000000
0.9998819 0.0049108 0.0149452 69.5790136
-0.0052543 0.9997247 0.0230304 0.1641337
-0.0148281 -0.0231059 0.9996375 0.8085945
0.0000000 0.0000000 0.0000000 1.0000000
0.9998744 0.0108275 0.0120612 70.7948163
-0.0110734 0.9997327 0.0205009 0.2006562
-0.0118361 -0.0206316 0.9997320 0.8125279
0.0000000 0.0000000 0.0000000 1.0000000
0.9998723 0.0140803 0.0082519 72.0003364
-0.0142165 0.9997635 0.0166921 0.1926321
-0.0080150 -0.0168069 0.9998411 0.8172414
0.0000000 0.0000000 0.0000000 1.0000000
0.9998262 0.0174834 0.0072579 73.1573919
-0.0175919 0.9997345 0.0151496 0.1624650
-0.0069912 -0.0152742 0.9998735 0.8131391
0.0000000 0.0000000 0.0000000 1.0000000
0.9997836 0.0179056 0.0110756 74.3917901
-0.0180661 0.9997351 0.0145456 0.1379575
-0.0108124 -0.0147422 0.9998475 0.8112697
0.0000000 0.0000000 0.0000000 1.0000000
0.9997236 0.0199056 0.0129241 75.5876288
-0.0200829 0.9997087 0.0137011 0.1097535
-0.0126477 -0.0139565 0.9998376 0.8205960
0.0000000 0.0000000 0.0000000 1.0000000
0.9997361 0.0202607 0.0113283 76.7144271
-0.0204117 0.9997069 0.0133465 0.1129267
-0.0110547 -0.0135738 0.9998621 0.8076195
0.0000000 0.0000000 0.0000000 1.0000000
0.9996308 0.0259065 0.0088489 77.8594190
-0.0260015 0.9996090 0.0107142 0.0684420
-0.0085680 -0.0109399 0.9999193 0.8114173
0.0000000 0.0000000 0.0000000 1.0000000
0.9995521 0.0292921 0.0070227 79.0117368
-0.0293673 0.9995153 0.0107743 0.0291182
-0.0067037 -0.0109753 0.9999337 0.8175959
0.0000000 0.0000000 0.0000000 1.0000000
0.9994665 0.0323364 0.0057246 80.1253908
-0.0323906 0.9994348 0.0095165 0.0191989
-0.0054137 -0.0096964 0.9999553 0.8267367
0.0000000 0.0000000 0.0000000 1.0000000
0.9992956 0.0372512 0.0057278 81.2359748
-0.0373044 0.9992653 0.0093529 0.0149145
-0.0053752 -0.0095595 0.9999572 0.8500618
0.0000000 0.0000000 0.0000000 1.0000000
0.9990988 0.0421027 0.0064395 82.3100885
-0.0421872 0.9990242 0.0134799 0.0862782
-0.0058658 -0.0137391 0.9999063 0.8823783
0.0000000 0.0000000 0.0000000 1.0000000
0.9990210 0.0441220 0.0047723 83.5903399
-0.0441835 0.9989374 0.0135125 0.1454505
-0.0041711 -0.0137097 0.9999152 0.9082435
0.0000000 0.0000000 0.0000000 1.0000000
0.9989359 0.0461349 0.0033634 84.7948148
-0.0461816 0.9988234 0.0151848 0.2369114
-0.0026590 -0.0153236 0.9998976 0.9382473
0.0000000 0.0000000 0.0000000 1.0000000
0.9988902 0.0470990 0.0035626 86.0189501
-0.0471459 0.9987917 0.0142808 0.2160452
-0.0028858 -0.0144325 0.9999105 0.9546227
0.0000000 0.0000000 0.0000000 1.0000000
0.9987652 0.0496446 0.0040069 87.1450114
-0.0496890 0.9987023 0.0116651 0.1647464
-0.0034227 -0.0118494 0.9999428 0.9665403
0.0000000 0.0000000 0.0000000 1.0000000
0.9986185 0.0523702 0.0055500 88.2717766
-0.0524306 0.9985670 0.0112552 0.1408436
-0.0049527 -0.0115302 0.9999401 0.9828616
0.0000000 0.0000000 0.0000000 1.0000000
0.9985810 0.0528654 0.0073465 89.4374260
-0.0529358 0.9985573 0.0096515 0.0854872
-0.0068258 -0.0100262 0.9999460 0.9971691
0.0000000 0.0000000 0.0000000 1.0000000
0.9986304 0.0517079 0.0088188 90.5550517
-0.0517677 0.9986436 0.0065758 0.0168473
-0.0084669 -0.0070228 0.9999599 1.0016993
0.0000000 0.0000000 0.0000000 1.0000000
0.9985963 0.0527104 0.0064205 91.7609123
-0.0527408 0.9986045 0.0044986 -0.0146783
-0.0061745 -0.0048304 0.9999900 1.0085857
0.0000000 0.0000000 0.0000000 1.0000000
0.9985116 0.0546088 0.0026533 92.9908021
-0.0546158 0.9985112 0.0023067 -0.0527870
-0.0025235 -0.0024476 1.0000149 1.0164061
0.0000000 0.0000000 0.0000000 1.0000000
0.9986377 0.0523252 0.0000261 94.2172600
-0.0523261 0.9986358 0.0013215 -0.0474103
0.0000430 -0.0013205 1.0000205 1.0211037
0.0000000 0.0000000 0.0000000 1.0000000
0.9987279 0.0505657 -0.0010582 95.4820063
-0.0505664 0.9987274 0.0001751 -0.1274465
0.0010657 -0.0001209 1.0000211 1.0296338
0.0000000 0.0000000 0.0000000 1.0000000
0.9987075 0.0509773 -0.0002218 96.6034932
-0.0509781 0.9987066 -0.0004396 -0.1624603
0.0001990 0.0004509 1.0000221 1.0373338
0.0000000 0.0000000 0.0000000 1.0000000
0.9988291 0.0485283 0.0003729 97.7594422
-0.0485282 0.9988281 -0.0011535 -0.2177096
-0.0004285 0.0011346 1.0000211 1.0463255
0.0000000 0.0000000 0.0000000 1.0000000
0.9988350 0.0483888 0.0015375 98.8279248
-0.0483861 0.9988338 -0.0019769 -0.2707922
-0.0016315 0.0019007 1.0000191 1.0628492
0.0000000 0.0000000 0.0000000 1.0000000
0.9988652 0.0477590 0.0018542 99.9382449
-0.0477553 0.9988634 -0.0023159 -0.3450745
-0.0019628 0.0022253 1.0000182 1.0711247
0.0000000 0.0000000 0.0000000 1.0000000
0.9990414 0.0439074 0.0022154 101.0593768
-0.0439033 0.9990406 -0.0021515 -0.3739232
-0.0023078 0.0020527 1.0000182 1.0799067
0.0000000 0.0000000 0.0000000 1.0000000
0.9991713 0.0408344 0.0023809 102.1326606
-0.0408329 0.9991727 -0.0009537 -0.4472654
-0.0024180 0.0008562 1.0000198 1.0914360
0.0000000 0.0000000 0.0000000 1.0000000
0.9993321 0.0366823 0.0026741 103.2241627
-0.0366836 0.9993343 0.0001705 -0.4439478
-0.0026662 -0.0002680 1.0000201 1.1059639
0.0000000 0.0000000 0.0000000 1.0000000
0.9994706 0.0326901 0.0026956 104.2825645
-0.0326916 0.9994729 0.0001807 -0.4713342
-0.0026884 -0.0002682 1.0000200 1.1170782
0.0000000 0.0000000 0.0000000 1.0000000
0.9995779 0.0291182 0.0037930 105.4239994
-0.0291197 0.9995834 0.0000200 -0.5139659
-0.0037910 -0.0001299 1.0000172 1.1260273
0.0000000 0.0000000 0.0000000 1.0000000
0.9996862 0.0248981 0.0051109 106.5740373
-0.0249022 0.9996971 0.0004918 -0.5587795
-0.0050973 -0.0006184 1.0000111 1.1359273
0.0000000 0.0000000 0.0000000 1.0000000
0.9997766 0.0205134 0.0066986 107.7020787
-0.0205136 0.9997968 -0.0002332 -0.6024329
-0.0067022 0.0000963 1.0000023 1.1425902
0.0000000 0.0000000 0.0000000 1.0000000
0.9998742 0.0146513 0.0074315 108.8259401
-0.0146607 0.9998993 0.0010375 -0.6043897
-0.0074157 -0.0011458 0.9999961 1.1497351
0.0000000 0.0000000 0.0000000 1.0000000
0.9999437 0.0081129 0.0080789 109.9320747
-0.0081251 0.9999738 0.0013098 -0.5957410
-0.0080683 -0.0013749 0.9999915 1.1597465
0.0000000 0.0000000 0.0000000 1.0000000
0.9999733 0.0032787 0.0078390 110.9809162
-0.0032911 1.0000014 0.0014025 -0.6102475
-0.0078346 -0.0014277 0.9999937 1.1639112
0.0000000 0.0000000 0.0000000 1.0000000
0.9999766 -0.0033618 0.0074271 112.1463999
0.0033405 0.9999988 0.0027097 -0.5961971
-0.0074364 -0.0026842 0.9999950 1.1722185
0.0000000 0.0000000 0.0000000 1.0000000
0.9999615 -0.0070210 0.0069093 113.2804223
0.0069981 0.9999787 0.0031333 -0.5723255
-0.0069313 -0.0030843 0.9999979 1.1794344
0.0000000 0.0000000 0.0000000 1.0000000
0.9999488 -0.0086858 0.0068765 114.5003731
0.0086509 0.9999587 0.0048974 -0.5447762
-0.0069189 -0.0048371 0.9999912 1.1834999
0.0000000 0.0000000 0.0000000 1.0000000
0.9999328 -0.0099749 0.0074492 115.6418770
0.0099314 0.9999426 0.0056757 -0.5132344
-0.0075055 -0.0056008 0.9999830 1.1970157
0.0000000 0.0000000 0.0000000 1.0000000
0.9999291 -0.0105878 0.0070662 116.7936522
0.0105369 0.9999281 0.0070231 -0.4611903
-0.0071402 -0.0069476 0.9999773 1.2032387
0.0000000 0.0000000 0.0000000 1.0000000
0.9999049 -0.0121242 0.0079625 117.9891546
0.0120615 0.9999058 0.0077088 -0.4323575
-0.0080554 -0.0076115 0.9999653 1.2070307
0.0000000 0.0000000 0.0000000 1.0000000
0.9998725 -0.0143820 0.0082807 119.1474111
0.0143113 0.9998707 0.0083708 -0.4574539
-0.0084001 -0.0082507 0.9999575 1.2201769
0.0000000 0.0000000 0.0000000 1.0000000
0.9998278 -0.0163432 0.0098969 120.4195381
0.0162468 0.9998302 0.0096189 -0.3458004
-0.0100526 -0.0094559 0.9999322 1.2091080
0.0000000 0.0000000 0.0000000 1.0000000
0.9997574 -0.0188166 0.0123018 121.6564209
0.0186902 0.9997816 0.0102148 -0.2795312
-0.0124915 -0.0099819 0.9998996 1.2063403
0.0000000 0.0000000 0.0000000 1.0000000
0.9997504 -0.0189274 0.0127232 122.8261525
0.0188204 0.9997963 0.0084025 -0.2967735
-0.0128798 -0.0081604 0.9999121 1.2187135
0.0000000 0.0000000 0.0000000 1.0000000
0.9997359 -0.0204283 0.0115130 124.0808401
0.0203175 0.9997565 0.0095695 -0.2554121
-0.0117058 -0.0093325 0.9999166 1.2196025
0.0000000 0.0000000 0.0000000 1.0000000
0.9997330 -0.0203926 0.0118141 125.2729905
0.0203153 0.9997812 0.0065530 -0.2370641
-0.0119453 -0.0063107 0.9999377 1.2113047
0.0000000 0.0000000 0.0000000 1.0000000
0.9996798 -0.0215350 0.0141028 126.5503533
0.0214726 0.9997683 0.0044842 -0.1947888
-0.0141963 -0.0041794 0.9999199 1.2198821
0.0000000 0.0000000 0.0000000 1.0000000
0.9996792 -0.0201214 0.0160811 127.8133916
0.0200760 0.9998032 0.0029161 -0.1908877
-0.0161368 -0.0025917 0.9998958 1.2178315
0.0000000 0.0000000 0.0000000 1.0000000
0.9996572 -0.0205791 0.0168826 129.1037827
0.0205511 0.9997962 0.0017469 -0.2063728
-0.0169153 -0.0013987 0.9998860 1.2170865
0.0000000 0.0000000 0.0000000 1.0000000
0.9996524 -0.0209861 0.0166928 130.3063461
0.0210338 0.9997840 -0.0027785 -0.2033272
-0.0166311 0.0031293 0.9998875 1.2226621
0.0000000 0.0000000 0.0000000 1.0000000
0.9996480 -0.0215000 0.0162835 131.5282147
0.0215806 0.9997641 -0.0048816 -0.1754577
-0.0161749 0.0052320 0.9998857 1.2226405
0.0000000 0.0000000 0.0000000 1.0000000
0.9996384 -0.0217175 0.0165981 132.7429854
0.0218376 0.9997444 -0.0072004 -0.1771255
-0.0164377 0.0075610 0.9998669 1.2283807
0.0000000 0.0000000 0.0000000 1.0000000
0.9996712 -0.0195639 0.0172716 133.8846740
0.0197064 0.9997807 -0.0082215 -0.1403022
-0.0171072 0.0085599 0.9998472 1.2200568
0.0000000 0.0000000 0.0000000 1.0000000
0.9996473 -0.0190693 0.0190930 135.1234658
0.0192054 0.9997994 -0.0070528 -0.1317625
-0.0189549 0.0074177 0.9998227 1.2215666
0.0000000 0.0000000 0.0000000 1.0000000
0.9995575 -0.0217395 0.0208587 136.3479082
0.0218570 0.9997547 -0.0054964 -0.0800208
-0.0207343 0.0059506 0.9997974 1.2075424
0.0000000 0.0000000 0.0000000 1.0000000
0.9996010 -0.0208446 0.0196409 137.5876725
0.0209633 0.9997714 -0.0059328 -0.0469412
-0.0195130 0.0063429 0.9998193 1.2069480
0.0000000 0.0000000 0.0000000 1.0000000
0.9996840 -0.0183248 0.0178482 138.8598597
0.0184137 0.9998276 -0.0048948 -0.0331125
-0.0177557 0.0052226 0.9998589 1.2001213
0.0000000 0.0000000 0.0000000 1.0000000
0.9997258 -0.0177847 0.0159611 140.1741425
0.0178683 0.9998366 -0.0051750 0.0157460
-0.0158667 0.0054594 0.9998899 1.1993837
0.0000000 0.0000000 0.0000000 1.0000000
0.9998053 -0.0166284 0.0116726 141.4767371
0.0166935 0.9998548 -0.0055880 0.0166605
-0.0115782 0.0057825 0.9999477 1.2017259
0.0000000 0.0000000 0.0000000 1.0000000
0.9998580 -0.0151417 0.0088621 142.7907967
0.0151764 0.9998872 -0.0039725 0.0370091
-0.0088011 0.0041072 0.9999852 1.2051732
0.0000000 0.0000000 0.0000000 1.0000000
0.9998429 -0.0169877 0.0070548 144.0540423
0.0170219 0.9998537 -0.0049554 0.0251321
-0.0069697 0.0050754 0.9999962 1.2133762
0.0000000 0.0000000 0.0000000 1.0000000
0.9997634 -0.0212037 0.0068882 145.1273500
0.0212398 0.9997710 -0.0053517 0.0242648
-0.0067733 0.0054974 0.9999952 1.2193061
0.0000000 0.0000000 0.0000000 1.0000000
0.9997384 -0.0223042 0.0071031 146.1928859
0.0223334 0.9997524 -0.0042240 0.0688139
-0.0070073 0.0043822 0.9999994 1.2255381
0.0000000 0.0000000 0.0000000 1.0000000
0.9996919 -0.0240777 0.0077935 147.3216192
0.0241090 0.9997119 -0.0040777 0.1069917
-0.0076932 0.0042650 0.9999951 1.2328691
0.0000000 0.0000000 0.0000000 1.0000000
0.9996932 -0.0237875 0.0084470 148.4854483
0.0238100 0.9997240 -0.0026628 0.1429624
-0.0083814 0.0028638 0.9999945 1.2357134
0.0000000 0.0000000 0.0000000 1.0000000
0.9996255 -0.0263370 0.0089154 149.5976346
0.0263629 0.9996592 -0.0029017 0.1787065
-0.0088361 0.0031363 0.9999904 1.2422755
0.0000000 0.0000000 0.0000000 1.0000000
0.9995929 -0.0273499 0.0095156 150.7301601
0.0273723 0.9996336 -0.0023317 0.2177562
-0.0094485 0.0025919 0.9999866 1.2509956
0.0000000 0.0000000 0.0000000 1.0000000
0.9995186 -0.0298320 0.0098492 151.9426792
0.0298609 0.9995608 -0.0028979 0.2709550
-0.0097585 0.0031913 0.9999815 1.2535365
0.0000000 0.0000000 0.0000000 1.0000000
0.9994569 -0.0318437 0.0098335 153.1548435
0.0318645 0.9995009 -0.0020694 0.2689608
-0.0097628 0.0023823 0.9999840 1.2582945
0.0000000 0.0000000 0.0000000 1.0000000
0.9993402 -0.0353786 0.0096050 154.3388482
0.0353930 0.9993836 -0.0014279 0.3008155
-0.0095487 0.0017676 0.9999875 1.2650052
0.0000000 0.0000000 0.0000000 1.0000000
0.9993247 -0.0358317 0.0095608 155.6148995
0.0358425 0.9993684 -0.0010447 0.3792166
-0.0095175 0.0013874 0.9999889 1.2665348
0.0000000 0.0000000 0.0000000 1.0000000
0.9992421 -0.0382332 0.0089488 156.6811408
0.0382447 0.9992793 -0.0012269 0.4292798
-0.0088956 0.0015689 0.9999954 1.2677689
0.0000000 0.0000000 0.0000000 1.0000000
0.9991103 -0.0414119 0.0094945 157.8952206
0.0414306 0.9991511 -0.0018933 0.4871711
-0.0094082 0.0022857 0.9999893 1.2752652
0.0000000 0.0000000 0.0000000 1.0000000
0.9990132 -0.0436166 0.0098027 159.1184821
0.0436342 0.9990578 -0.0016815 0.5445737
-0.0097203 0.0021083 0.9999867 1.2781135
0.0000000 0.0000000 0.0000000 1.0000000
0.9989408 -0.0453081 0.0095181 160.2803254
0.0453162 0.9989846 -0.0007389 0.6246593
-0.0094751 0.0011701 0.9999915 1.2756815
0.0000000 0.0000000 0.0000000 1.0000000
0.9989537 -0.0448128 0.0104692 161.5145212
0.0448237 0.9990070 -0.0008985 0.7007893
-0.0104186 0.0013675 0.9999822 1.2796956
0.0000000 0.0000000 0.0000000 1.0000000
0.9989403 -0.0449513 0.0111853 162.7065326
0.0449625 0.9990009 -0.0008371 0.7576541
-0.0111366 0.0013399 0.9999753 1.2800944
0.0000000 0.0000000 0.0000000 1.0000000
0.9988664 -0.0462299 0.0124880 163.8829459
0.0462418 0.9989426 -0.0007435 0.8282874
-0.0124406 0.0013208 0.9999600 1.2842873
0.0000000 0.0000000 0.0000000 1.0000000
0.9989509 -0.0442603 0.0128219 165.0585686
0.0442714 0.9990316 -0.0006542 0.9072950
-0.0127807 0.0012219 0.9999550 1.2858600
0.0000000 0.0000000 0.0000000 1.0000000
0.9989656 -0.0435718 0.0139799 166.2769614
0.0435729 0.9990627 0.0001501 1.0011335
-0.0139735 0.0004599 0.9999399 1.2896638
0.0000000 0.0000000 0.0000000 1.0000000
0.9987666 -0.0482278 0.0128702 167.4784056
0.0482263 0.9988489 0.0003457 1.0761614
-0.0128722 0.0002761 0.9999551 1.2848153
0.0000000 0.0000000 0.0000000 1.0000000
0.9987295 -0.0490017 0.0128351 168.6623850
0.0489875 0.9988112 0.0013366 1.1259063
-0.0128855 -0.0007055 0.9999552 1.2856038
0.0000000 0.0000000 0.0000000 1.0000000
0.9986772 -0.0502642 0.0119931 169.9394314
0.0502410 0.9987473 0.0021588 1.1884888
-0.0120868 -0.0015527 0.9999640 1.2863870
0.0000000 0.0000000 0.0000000 1.0000000
0.9989440 -0.0449268 0.0108803 171.2353376
0.0449131 0.9990027 0.0013846 1.2679698
-0.0109318 -0.0008938 0.9999782 1.2907408
0.0000000 0.0000000 0.0000000 1.0000000
0.9988744 -0.0464539 0.0108833 172.4886705
0.0464659 0.9989324 -0.0009823 1.3394312
-0.0108262 0.0014877 0.9999791 1.2994804
0.0000000 0.0000000 0.0000000 1.0000000
0.9988018 -0.0472793 0.0136343 173.7688954
0.0472857 0.9988947 -0.0002807 1.3885399
-0.0136061 0.0009258 0.9999459 1.2980861
0.0000000 0.0000000 0.0000000 1.0000000
0.9986183 -0.0500589 0.0167666 175.0553657
0.0500829 0.9987574 -0.0011305 1.4157051
-0.0166894 0.0019694 0.9998968 1.3030013
0.0000000 0.0000000 0.0000000 1.0000000
0.9985637 -0.0512899 0.0162777 176.3151918
0.0513019 0.9986962 -0.0004491 1.4887192
-0.0162337 0.0012842 0.9999054 1.3153777
0.0000000 0.0000000 0.0000000 1.0000000
0.9986498 -0.0506213 0.0127171 177.5938848
0.0506125 0.9987309 0.0008811 1.5536335
-0.0127457 -0.0002356 0.9999569 1.3159663
0.0000000 0.0000000 0.0000000 1.0000000
0.9986487 -0.0511308 0.0106239 178.8819692
0.0511060 0.9987035 0.0024355 1.6484134
-0.0107347 -0.0018885 0.9999796 1.3276699
0.0000000 0.0000000 0.0000000 1.0000000
0.9986930 -0.0501523 0.0111281 179.9790629
0.0501370 0.9987544 0.0015227 1.7278296
-0.0111907 -0.0009620 0.9999759 1.3406090
0.0000000 0.0000000 0.0000000 1.0000000
0.9986966 -0.0499467 0.0117463 181.2003251
0.0499183 0.9987631 0.0025981 1.8215537
-0.0118616 -0.0020077 0.9999672 1.3470120
0.0000000 0.0000000 0.0000000 1.0000000
0.9987379 -0.0488614 0.0127834 182.4242730
0.0488408 0.9988181 0.0018345 1.8858497
-0.0128581 -0.0012072 0.9999566 1.3487937
0.0000000 0.0000000 0.0000000 1.0000000
0.9987158 -0.0490103 0.0139257 183.5314737
0.0489890 0.9988109 0.0017963 1.9519845
-0.0139973 -0.0011111 0.9999420 1.3545696
0.0000000 0.0000000 0.0000000 1.0000000
0.9987865 -0.0476741 0.0134912 184.7646991
0.0476341 0.9988731 0.0032016 2.0227949
-0.0136288 -0.0025543 0.9999446 1.3586740
0.0000000 0.0000000 0.0000000 1.0000000
0.9988594 -0.0464531 0.0123130 186.0806279
0.0464380 0.9989336 0.0014306 2.1049190
-0.0123664 -0.0008565 0.9999643 1.3674811
0.0000000 0.0000000 0.0000000 1.0000000
0.9988484 -0.0468850 0.0115627 187.3049241
0.0468689 0.9989133 0.0015776 2.1840649
-0.0116242 -0.0010331 0.9999735 1.3829841
0.0000000 0.0000000 0.0000000 1.0000000
0.9989439 -0.0450147 0.0107142 188.4514397
0.0449947 0.9989987 0.0020200 2.2714619
-0.0107945 -0.0015350 0.9999824 1.4003227
0.0000000 0.0000000 0.0000000 1.0000000
0.9988834 -0.0460344 0.0119921 189.7123926
0.0460078 0.9989516 0.0024151 2.3450565
-0.0120909 -0.0018600 0.9999675 1.4098516
0.0000000 0.0000000 0.0000000 1.0000000
0.9986967 -0.0496177 0.0131883 190.9432616
0.0495921 0.9987806 0.0022029 2.4291537
-0.0132817 -0.0015452 0.9999530 1.4197110
0.0000000 0.0000000 0.0000000 1.0000000
0.9987210 -0.0488695 0.0141097 192.0980516
0.0488279 0.9988156 0.0032192 2.5532454
-0.0142505 -0.0025254 0.9999379 1.4317909
0.0000000 0.0000000 0.0000000 1.0000000
0.9987193 -0.0487846 0.0145080 193.2598913
0.0487392 0.9988191 0.0034126 2.6376122
-0.0146575 -0.0027004 0.9999313 1.4376074
0.0000000 0.0000000 0.0000000 1.0000000
0.9985112 -0.0526631 0.0152492 194.4923033
0.0526059 0.9986200 0.0040720 2.7406080
-0.0154428 -0.0032631 0.9999172 1.4447688
0.0000000 0.0000000 0.0000000 1.0000000
0.9984405 -0.0539495 0.0154076 195.7153945
0.0538906 0.9985509 0.0041545 2.8460579
-0.0156097 -0.0033170 0.9999145 1.4565894
0.0000000 0.0000000 0.0000000 1.0000000
0.9981719 -0.0586698 0.0155689 196.9233875
0.0586174 0.9982865 0.0037424 2.9246567
-0.0157620 -0.0028223 0.9999143 1.4591090
0.0000000 0.0000000 0.0000000 1.0000000
0.9980849 -0.0602445 0.0151234 198.0421139
0.0602047 0.9981943 0.0030131 3.0086388
-0.0152779 -0.0020961 0.9999235 1.4560597
0.0000000 0.0000000 0.0000000 1.0000000
0.9979886 -0.0615082 0.0163543 199.2180584
0.0614998 0.9981195 0.0009619 3.1131147
-0.0163829 0.0000465 0.9999083 1.4623295
0.0000000 0.0000000 0.0000000 1.0000000
0.9977906 -0.0644848 0.0169500 200.3186855
0.0644703 0.9979317 0.0013499 3.1929804
-0.0170022 -0.0002534 0.9998981 1.4600065
0.0000000 0.0000000 0.0000000 1.0000000
0.9977633 -0.0645544 0.0182479 201.4577799
0.0645436 0.9979269 0.0011301 3.2863416
-0.0182833 0.0000510 0.9998754 1.4616679
0.0000000 0.0000000 0.0000000 1.0000000
0.9975807 -0.0672780 0.0183992 202.5313411
0.0672712 0.9977470 0.0009357 3.3530439
-0.0184209 0.0003051 0.9998732 1.4619409
0.0000000 0.0000000 0.0000000 1.0000000
0.9973988 -0.0698951 0.0185378 203.6787908
0.0698846 0.9975675 0.0011656 3.4641702
-0.0185744 0.0001337 0.9998714 1.4713404
0.0000000 0.0000000 0.0000000 1.0000000
0.9972540 -0.0722295 0.0173165 204.7590628
0.0722200 0.9974012 0.0011161 3.5383708
-0.0173524 0.0001383 0.9998931 1.4689946
0.0000000 0.0000000 0.0000000 1.0000000
0.9971443 -0.0739242 0.0164582 205.8386863
0.0739113 0.9972774 0.0013268 3.5952767
-0.0165117 -0.0001058 0.9999077 1.4729577
0.0000000 0.0000000 0.0000000 1.0000000
0.9970023 -0.0757428 0.0167693 206.8690239
0.0757490 0.9971405 0.0002084 3.6623405
-0.0167374 0.0010633 0.9999033 1.4779542
0.0000000 0.0000000 0.0000000 1.0000000
0.9966529 -0.0802068 0.0168037 207.8632667
0.0802229 0.9967904 -0.0003476 3.7350681
-0.0167221 0.0016953 0.9999028 1.4771950
0.0000000 0.0000000 0.0000000 1.0000000
0.9963769 -0.0830032 0.0193952 208.9777300
0.0830101 0.9965620 0.0003926 3.8340342
-0.0193614 0.0012196 0.9998560 1.4824086
0.0000000 0.0000000 0.0000000 1.0000000
0.9960631 -0.0863133 0.0210217 209.9901028
0.0863172 0.9962811 0.0006687 3.9115608
-0.0210016 0.0011492 0.9998236 1.4781662
0.0000000 0.0000000 0.0000000 1.0000000
0.9957333 -0.0899044 0.0215697 210.9388743
0.0899166 0.9959628 0.0003575 4.0065157
-0.0215151 0.0015843 0.9998118 1.4813560
0.0000000 0.0000000 0.0000000 1.0000000
0.9954921 -0.0926613 0.0210552 211.8289922
0.0926426 0.9957114 0.0018125 4.0861940
-0.0211332 0.0001470 0.9998218 1.4769594
0.0000000 0.0000000 0.0000000 1.0000000
0.9950090 -0.0975040 0.0219886 212.7193547
0.0974755 0.9952489 0.0023207 4.1720691
-0.0221107 -0.0001650 0.9998002 1.4730363
0.0000000 0.0000000 0.0000000 1.0000000
0.9946682 -0.1009195 0.0219877 213.6188776
0.1008559 0.9949070 0.0039520 4.2763908
-0.0222748 -0.0017126 0.9997950 1.4745793
0.0000000 0.0000000 0.0000000 1.0000000
0.9943691 -0.1038760 0.0217571 214.4508957
0.1037781 0.9945988 0.0055466 4.3637043
-0.0222161 -0.0032567 0.9997929 1.4742850
0.0000000 0.0000000 0.0000000 1.0000000
0.9938436 -0.1089260 0.0210742 215.2965691
0.1088056 0.9940540 0.0067310 4.4484869
-0.0216824 -0.0043959 0.9998007 1.4729998
0.0000000 0.0000000 0.0000000 1.0000000
0.9934807 -0.1121918 0.0210636 216.1182927
0.1120612 0.9936889 0.0072185 4.5209978
-0.0217408 -0.0048104 0.9997976 1.4743283
0.0000000 0.0000000 0.0000000 1.0000000
0.9928252 -0.1177337 0.0217191 216.9251529
0.1175800 0.9930439 0.0081572 4.6410071
-0.0225287 -0.0055442 0.9997768 1.4704175
0.0000000 0.0000000 0.0000000 1.0000000
0.9924435 -0.1210642 0.0208417 217.6953110
0.1209094 0.9926417 0.0084476 4.7707966
-0.0217113 -0.0058631 0.9997931 1.4702279
0.0000000 0.0000000 0.0000000 1.0000000
0.9919915 -0.1246497 0.0212276 218.4498778
0.1244535 0.9921864 0.0102685 4.9013096
-0.0223420 -0.0075437 0.9997680 1.4659493
0.0000000 0.0000000 0.0000000 1.0000000
0.9916501 -0.1274201 0.0207341 219.2168089
0.1272237 0.9918328 0.0104888 5.0191734
-0.0219015 -0.0077627 0.9997766 1.4654608
0.0000000 0.0000000 0.0000000 1.0000000
0.9918521 -0.1256670 0.0217684 219.9764597
0.1254817 0.9920630 0.0096787 5.1281978
-0.0228122 -0.0068676 0.9997632 1.4621253
0.0000000 0.0000000 0.0000000 1.0000000
0.9916358 -0.1271266 0.0231084 220.7146030
0.1269256 0.9918766 0.0099576 5.2192595
-0.0241869 -0.0069406 0.9997307 1.4579434
0.0000000 0.0000000 0.0000000 1.0000000
0.9918004 -0.1259560 0.0224347 221.4182885
0.1257596 0.9920256 0.0099396 5.3060583
-0.0235081 -0.0070360 0.9997463 1.4568697
0.0000000 0.0000000 0.0000000 1.0000000
0.9920902 -0.1240444 0.0201478 222.1645463
0.1238842 0.9922709 0.0089928 5.4249013
-0.0211078 -0.0064250 0.9998041 1.4459171
0.0000000 0.0000000 0.0000000 1.0000000
0.9920577 -0.1245667 0.0184481 222.9163862
0.1244108 0.9922021 0.0093507 5.5045335
-0.0194693 -0.0069806 0.9998340 1.4514731
0.0000000 0.0000000 0.0000000 1.0000000
0.9922065 -0.1234569 0.0179250 223.6025664
0.1232955 0.9923370 0.0098230 5.5834908
-0.0190006 -0.0075357 0.9998397 1.4554537
0.0000000 0.0000000 0.0000000 1.0000000
0.9923372 -0.1224974 0.0172379 224.2571501
0.1223133 0.9924429 0.0113239 5.6499102
-0.0184950 -0.0091280 0.9998358 1.4589405
0.0000000 0.0000000 0.0000000 1.0000000
0.9921067 -0.1244001 0.0168531 224.9392741
0.1242241 0.9922086 0.0110792 5.7418501
-0.0181002 -0.0088975 0.9998451 1.4622807
0.0000000 0.0000000 0.0000000 1.0000000
0.9922897 -0.1228540 0.0173936 225.6607084
0.1226607 0.9923955 0.0117423 5.8256937
-0.0187041 -0.0095176 0.9998283 1.4663742
0.0000000 0.0000000 0.0000000 1.0000000
0.9925131 -0.1211439 0.0166545 226.2955123
0.1209556 0.9926036 0.0118419 5.9175088
-0.0179661 -0.0097381 0.9998400 1.4687855
0.0000000 0.0000000 0.0000000 1.0000000
0.9924338 -0.1218205 0.0164358 226.9372766
0.1216273 0.9925167 0.0122458 6.0549828
-0.0178048 -0.0101535 0.9998390 1.4774470
0.0000000 0.0000000 0.0000000 1.0000000
0.9926627 -0.1197684 0.0176678 227.6169822
0.1195485 0.9927598 0.0129798 6.1461690
-0.0190947 -0.0107718 0.9998089 1.4738097
0.0000000 0.0000000 0.0000000 1.0000000
0.9928116 -0.1183757 0.0186725 228.3317769
0.1181287 0.9929190 0.0137821 6.2215887
-0.0201719 -0.0114766 0.9997804 1.4763715
0.0000000 0.0000000 0.0000000 1.0000000
0.9932311 -0.1146619 0.0195026 229.0461411
0.1144034 0.9933538 0.0138631 6.3161801
-0.0209627 -0.0115374 0.9997630 1.4805897
0.0000000 0.0000000 0.0000000 1.0000000
0.9936313 -0.1110526 0.0200089 229.7292327
0.1108017 0.9937706 0.0132110 6.4103217
-0.0213516 -0.0109092 0.9997618 1.4832026
0.0000000 0.0000000 0.0000000 1.0000000
0.9937067 -0.1103378 0.0202267 230.4077821
0.1100921 0.9938545 0.0128564 6.5087816
-0.0215212 -0.0105480 0.9997626 1.4783420
0.0000000 0.0000000 0.0000000 1.0000000
0.9940028 -0.1075879 0.0205091 231.0872596
0.1073353 0.9941541 0.0130158 6.5854848
-0.0217898 -0.0107357 0.9997555 1.4761117
0.0000000 0.0000000 0.0000000 1.0000000
0.9940422 -0.1072797 0.0202364 231.7510434
0.1070056 0.9941745 0.0141449 6.6721662
-0.0216362 -0.0118945 0.9997467 1.4734140
0.0000000 0.0000000 0.0000000 1.0000000
0.9944281 -0.1035354 0.0207829 232.4020308
0.1032312 0.9945582 0.0151855 6.7742245
-0.0222422 -0.0129548 0.9997204 1.4753694
0.0000000 0.0000000 0.0000000 1.0000000
0.9946246 -0.1015895 0.0209813 233.0879449
0.1012697 0.9947511 0.0157507 6.8581565
-0.0224715 -0.0135406 0.9997076 1.4774403
0.0000000 0.0000000 0.0000000 1.0000000
0.9948715 -0.0988799 0.0221858 233.8343200
0.0985107 0.9950054 0.0171368 6.9451234
-0.0237697 -0.0148627 0.9996590 1.4751749
0.0000000 0.0000000 0.0000000 1.0000000
0.9950802 -0.0969842 0.0211906 234.4641185
0.0966414 0.9951980 0.0166237 7.0008939
-0.0227013 -0.0144934 0.9996905 1.4860538
0.0000000 0.0000000 0.0000000 1.0000000
0.9951006 -0.0969064 0.0205671 235.1860435
0.0965838 0.9952118 0.0161428 7.0684317
-0.0220332 -0.0140766 0.9997113 1.4838103
0.0000000 0.0000000 0.0000000 1.0000000
0.9952314 -0.0959086 0.0188563 235.9599998
0.0956218 0.9953140 0.0155702 7.1680328
-0.0202614 -0.0136922 0.9997545 1.4769464
0.0000000 0.0000000 0.0000000 1.0000000
0.9951275 -0.0972560 0.0173984 236.7257396
0.0969910 0.9951831 0.0154794 7.2844348
-0.0188203 -0.0137158 0.9997829 1.4704717
0.0000000 0.0000000 0.0000000 1.0000000
0.9950979 -0.0975740 0.0173174 237.4289515
0.0973157 0.9951560 0.0151766 7.3729319
-0.0187145 -0.0134163 0.9997891 1.4621547
0.0000000 0.0000000 0.0000000 1.0000000
0.9948704 -0.0998352 0.0175019 238.0746761
0.0995660 0.9949265 0.0156437 7.4366729
-0.0189750 -0.0138201 0.9997790 1.4656330
0.0000000 0.0000000 0.0000000 1.0000000
0.9949336 -0.0993081 0.0169020 238.8035450
0.0990269 0.9949626 0.0167483 7.5198954
-0.0184802 -0.0149890 0.9997719 1.4551801
0.0000000 0.0000000 0.0000000 1.0000000
0.9949576 -0.0994048 0.0147983 239.5020187
0.0991556 0.9949503 0.0167346 7.6052636
-0.0163872 -0.0151822 0.9998057 1.4470816
0.0000000 0.0000000 0.0000000 1.0000000
0.9953858 -0.0951518 0.0139049 240.2617048
0.0949184 0.9953661 0.0165917 7.6896670
-0.0154192 -0.0151946 0.9998210 1.4466083
0.0000000 0.0000000 0.0000000 1.0000000
0.9951949 -0.0971970 0.0133860 241.0704095
0.0970307 0.9952215 0.0125714 7.7643512
-0.0145440 -0.0112114 0.9998864 1.4504128
0.0000000 0.0000000 0.0000000 1.0000000
0.9952458 -0.0967083 0.0131509 241.8664629
0.0965661 0.9952850 0.0110605 7.8396794
-0.0141586 -0.0097373 0.9999080 1.4511265
0.0000000 0.0000000 0.0000000 1.0000000
0.9951572 -0.0971859 0.0159867 242.7121372
0.0969942 0.9952275 0.0123733 7.9390977
-0.0171130 -0.0107620 0.9998503 1.4398906
0.0000000 0.0000000 0.0000000 1.0000000
0.9949956 -0.0979877 0.0205242 243.4944499
0.0975864 0.9950514 0.0197297 8.0327077
-0.0223560 -0.0176275 0.9996501 1.4328856
0.0000000 0.0000000 0.0000000 1.0000000
0.9949670 -0.0972027 0.0251409 244.3158718
0.0967687 0.9951646 0.0179437 8.1521530
-0.0267638 -0.0154199 0.9995782 1.4250293
0.0000000 0.0000000 0.0000000 1.0000000
0.9950139 -0.0975210 0.0218250 245.2522960
0.0970912 0.9950950 0.0199686 8.3180024
-0.0236655 -0.0177494 0.9996177 1.4492942
0.0000000 0.0000000 0.0000000 1.0000000
0.9953387 -0.0954999 0.0147952 246.1061690
0.0951608 0.9952349 0.0221674 8.3895353
-0.0168418 -0.0206556 0.9996996 1.4480029
0.0000000 0.0000000 0.0000000 1.0000000
0.9956805 -0.0923735 0.0112630 247.0004981
0.0920679 0.9954543 0.0251833 8.5032954
-0.0135381 -0.0240371 0.9996752 1.4481960
0.0000000 0.0000000 0.0000000 1.0000000
0.9958437 -0.0906382 0.0109731 247.8228807
0.0903232 0.9955814 0.0264355 8.5680953
-0.0133207 -0.0253339 0.9996462 1.4507271
0.0000000 0.0000000 0.0000000 1.0000000
0.9957753 -0.0910927 0.0131960 248.6889312
0.0907242 0.9955498 0.0262463 8.6467161
-0.0155282 -0.0249377 0.9996243 1.4501669
0.0000000 0.0000000 0.0000000 1.0000000
0.9959261 -0.0889287 0.0162567 249.6229543
0.0885472 0.9958298 0.0228502 8.7341000
-0.0182211 -0.0213171 0.9996632 1.4483716
0.0000000 0.0000000 0.0000000 1.0000000
0.9959118 -0.0889694 0.0168905 250.4879103
0.0886194 0.9958756 0.0204560 8.7983266
-0.0186409 -0.0188748 0.9997047 1.4477207
0.0000000 0.0000000 0.0000000 1.0000000
0.9962480 -0.0851104 0.0169645 251.2626233
0.0847420 0.9961939 0.0213620 8.8460711
-0.0187181 -0.0198436 0.9996845 1.4457977
0.0000000 0.0000000 0.0000000 1.0000000
0.9963661 -0.0842383 0.0141432 252.1017688
0.0838988 0.9962269 0.0230891 8.9197608
-0.0160349 -0.0218180 0.9996903 1.4370845
0.0000000 0.0000000 0.0000000 1.0000000
0.9967108 -0.0804762 0.0115650 252.9433725
0.0801863 0.9965195 0.0236523 8.9943269
-0.0134282 -0.0226465 0.9997110 1.4359416
0.0000000 0.0000000 0.0000000 1.0000000
0.9967182 -0.0803773 0.0116125 253.7322492
0.0800758 0.9965093 0.0244287 9.0632981
-0.0135355 -0.0234180 0.9996914 1.4353638
0.0000000 0.0000000 0.0000000 1.0000000
0.9969503 -0.0771494 0.0134474 254.5171824
0.0767930 0.9967472 0.0252550 9.1188469
-0.0153522 -0.0241447 0.9996484 1.4319067
0.0000000 0.0000000 0.0000000 1.0000000
0.9972609 -0.0727192 0.0150126 255.3340361
0.0723229 0.9970770 0.0254391 9.1921298
-0.0168187 -0.0242830 0.9996216 1.4255802
0.0000000 0.0000000 0.0000000 1.0000000
0.9972349 -0.0731055 0.0148981 256.0849179
0.0726963 0.9970258 0.0263629 9.2494503
-0.0167812 -0.0252063 0.9995997 1.4219748
0.0000000 0.0000000 0.0000000 1.0000000
0.9976369 -0.0671729 0.0159121 256.8069705
0.0667322 0.9974320 0.0267644 9.3011047
-0.0176692 -0.0256386 0.9995738 1.4223196
0.0000000 0.0000000 0.0000000 1.0000000
0.9978815 -0.0634318 0.0159264 257.5422354
0.0629963 0.9976827 0.0264946 9.3495269
