1.0000000 0.0000000 0.0000000 0.0000000
0.0000000 1.0000000 0.0000000 0.0000000
0.0000000 0.0000000 1.0000000 0.0000000
0.0000000 0.0000000 0.0000000 1.0000000
0.9999763 -0.0067619 -0.0012667 0.0388835
0.0067623 0.9999770 0.0003045 0.0083696
0.0012646 -0.0003131 0.9999990 -0.0045638
0.0000000 0.0000000 0.0000000 1.0000000
0.9998901 -0.0147807 -0.0007952 0.0679574
0.0147816 0.9998903 0.0009643 0.0282574
0.0007808 -0.0009760 0.9999991 0.0022760
0.0000000 0.0000000 0.0000000 1.0000000
0.9997053 -0.0241931 -0.0019558 0.0794308
0.0241986 0.9997032 0.0028448 0.0352605
0.0018864 -0.0028913 0.9999941 0.0025126
0.0000000 0.0000000 0.0000000 1.0000000
0.9993352 -0.0363890 -0.0021131 0.0827250
0.0363952 0.9993333 0.0029079 0.0427177
0.0020059 -0.0029829 0.9999936 0.0109378
0.0000000 0.0000000 0.0000000 1.0000000
0.9987506 -0.0497919 -0.0043516 0.1133904
0.0498064 0.9987534 0.0033181 0.0422325
0.0041809 -0.0035307 0.9999859 0.0086671
0.0000000 0.0000000 0.0000000 1.0000000
0.9978337 -0.0657126 -0.0033489 0.1660553
0.0657256 0.9978301 0.0039455 0.0665844
0.0030824 -0.0041570 0.9999882 0.0048518
0.0000000 0.0000000 0.0000000 1.0000000
0.9965752 -0.0826213 -0.0036931 0.2445325
0.0826339 0.9965743 0.0034393 0.0691209
0.0033962 -0.0037327 0.9999894 0.0033382
0.0000000 0.0000000 0.0000000 1.0000000
0.9948497 -0.1012880 -0.0039719 0.3275068
0.1013034 0.9948487 0.0038553 0.0601083
0.0035610 -0.0042378 0.9999867 0.0109457
0.0000000 0.0000000 0.0000000 1.0000000
0.9923766 -0.1231999 -0.0033283 0.4129201
0.1232138 0.9923720 0.0042596 0.0939623
0.0027781 -0.0046372 0.9999878 0.0134799
0.0000000 0.0000000 0.0000000 1.0000000
0.9891641 -0.1467448 -0.0045327 0.5493533
0.1467779 0.9891380 0.0080160 0.1365790
0.0033071 -0.0085944 0.9999599 0.0193553
0.0000000 0.0000000 0.0000000 1.0000000
0.9847375 -0.1738748 -0.0077713 0.7118734
0.1739690 0.9846568 0.0136966 0.1903905
0.0052706 -0.0148395 0.9998787 0.0176175
0.0000000 0.0000000 0.0000000 1.0000000
0.9796105 -0.2006797 -0.0096082 0.8365139
0.2008301 0.9794480 0.0187189 0.2366699
0.0056543 -0.0202668 0.9997817 0.0236755
0.0000000 0.0000000 0.0000000 1.0000000
0.9734050 -0.2289032 -0.0093692 0.9123874
0.2290525 0.9731987 0.0205252 0.3100835
0.0044198 -0.0221253 0.9997491 0.0370204
0.0000000 0.0000000 0.0000000 1.0000000
0.9656862 -0.2595170 -0.0101804 1.0261420
0.2596874 0.9654219 0.0228961 0.3986938
0.0038865 -0.0247541 0.9996898 0.0367991
0.0000000 0.0000000 0.0000000 1.0000000
0.9565941 -0.2912342 -0.0106661 1.1696319
0.2914048 0.9563458 0.0220700 0.4992386
0.0037729 -0.0242201 0.9997038 0.0386423
0.0000000 0.0000000 0.0000000 1.0000000
0.9449818 -0.3269812 -0.0097868 1.3181494
0.3271241 0.9446810 0.0238356 0.6014143
0.0014516 -0.0257257 0.9996718 0.0465746
0.0000000 0.0000000 0.0000000 1.0000000
0.9329828 -0.3597546 -0.0110674 1.4155677
0.3599237 0.9326097 0.0263581 0.7172963
0.0008392 -0.0285750 0.9995953 0.0471800
0.0000000 0.0000000 0.0000000 1.0000000
0.9196761 -0.3925084 -0.0116834 1.5379481
0.3926822 0.9192927 0.0265174 0.8549729
0.0003322 -0.0289752 0.9995850 0.0489285
0.0000000 0.0000000 0.0000000 1.0000000
0.9045945 -0.4260972 -0.0123624 1.6831713
0.4262766 0.9042010 0.0266575 0.9701613
-0.0001806 -0.0293840 0.9995731 0.0493327
0.0000000 0.0000000 0.0000000 1.0000000
0.8869019 -0.4617601 -0.0136465 1.8088601
0.4619601 0.8865902 0.0235104 1.0915882
0.0012427 -0.0271555 0.9996358 0.0443221
0.0000000 0.0000000 0.0000000 1.0000000
0.8665256 -0.4990175 -0.0108625 1.9856353
0.4991361 0.8663067 0.0194628 1.2443449
-0.0003020 -0.0222868 0.9997570 0.0529351
0.0000000 0.0000000 0.0000000 1.0000000
0.8425646 -0.5385067 -0.0098970 2.1858259
0.5385921 0.8423227 0.0203513 1.3865914
-0.0026228 -0.0224776 0.9997494 0.0583864
0.0000000 0.0000000 0.0000000 1.0000000
0.8145334 -0.5800219 -0.0106203 2.3576631
0.5800931 0.8141831 0.0245256 1.5672931
-0.0055785 -0.0261376 0.9996489 0.0548857
0.0000000 0.0000000 0.0000000 1.0000000
0.7829617 -0.6219502 -0.0123108 2.4825658
0.6220337 0.7825356 0.0267621 1.7743078
-0.0070110 -0.0286113 0.9995724 0.0632828
0.0000000 0.0000000 0.0000000 1.0000000
0.7491279 -0.6622757 -0.0141871 2.5957602
0.6623968 0.7487074 0.0259378 1.9467555
-0.0065560 -0.0288282 0.9995700 0.0584323
0.0000000 0.0000000 0.0000000 1.0000000
0.7099744 -0.7041448 -0.0109203 2.7897807
0.7041874 0.7096731 0.0221118 2.1789162
-0.0078201 -0.0233886 0.9997027 0.0627895
0.0000000 0.0000000 0.0000000 1.0000000
0.6684621 -0.7437080 -0.0077237 2.9972199
0.7436894 0.6682400 0.0196456 2.4059516
-0.0094493 -0.0188762 0.9997842 0.0620490
0.0000000 0.0000000 0.0000000 1.0000000
0.6239896 -0.7814111 -0.0060235 3.1922941
0.7813669 0.6238135 0.0180937 2.6174445
-0.0103811 -0.0159967 0.9998252 0.0618729
0.0000000 0.0000000 0.0000000 1.0000000
0.5776618 -0.8162720 -0.0031725 3.4103054
0.8161537 0.5775001 0.0197894 2.8663623
-0.0143214 -0.0140207 0.9998068 0.0553748
0.0000000 0.0000000 0.0000000 1.0000000
0.5279026 -0.8493015 -0.0030923 3.5596640
0.8491664 0.5277440 0.0201890 3.1171806
-0.0155146 -0.0132835 0.9997995 0.0572280
0.0000000 0.0000000 0.0000000 1.0000000
0.4756071 -0.8796547 -0.0030673 3.6799471
0.8794921 0.4754440 0.0212586 3.3928477
-0.0172419 -0.0128082 0.9997776 0.0472798
0.0000000 0.0000000 0.0000000 1.0000000
0.4218800 -0.9066508 -0.0023378 3.8109696
0.9064005 0.4216987 0.0247952 3.7370991
-0.0214947 -0.0125794 0.9996986 0.0418164
0.0000000 0.0000000 0.0000000 1.0000000
0.3663987 -0.9304561 -0.0027549 3.8967433
0.9301847 0.3662154 0.0254872 4.0476068
-0.0227058 -0.0119008 0.9996808 0.0386068
0.0000000 0.0000000 0.0000000 1.0000000
0.3115693 -0.9502256 -0.0003515 4.0316974
0.9498692 0.3114413 0.0275812 4.4442803
-0.0260988 -0.0089271 0.9996296 0.0361446
0.0000000 0.0000000 0.0000000 1.0000000
0.2578363 -0.9661875 0.0026063 4.0879164
0.9657806 0.2578037 0.0285286 4.8082957
-0.0282358 -0.0048384 0.9996004 0.0332834
0.0000000 0.0000000 0.0000000 1.0000000
0.2087751 -0.9779599 0.0034277 4.1756505
0.9775223 0.2087842 0.0294671 5.1893305
-0.0295332 -0.0028011 0.9995710 0.0352043
0.0000000 0.0000000 0.0000000 1.0000000
0.1595387 -0.9871909 0.0025485 4.2109115
0.9867176 0.1595409 0.0307391 5.6010466
-0.0307519 -0.0023892 0.9995361 0.0258415
0.0000000 0.0000000 0.0000000 1.0000000
0.1157738 -0.9932777 0.0010035 4.2584596
0.9928075 0.1157494 0.0307504 5.9900183
-0.0306597 -0.0025636 0.9995391 0.0159176
0.0000000 0.0000000 0.0000000 1.0000000
0.0781521 -0.9969429 -0.0016445 4.2521190
0.9965134 0.0780688 0.0296177 6.4526841
-0.0293986 -0.0039532 0.9995732 0.0097278
0.0000000 0.0000000 0.0000000 1.0000000
0.0404514 -0.9991813 -0.0025517 4.2354624
0.9987800 0.0403614 0.0286566 6.9292694
-0.0285300 -0.0037076 0.9996000 -0.0030326
0.0000000 0.0000000 0.0000000 1.0000000
0.0058828 -0.9999773 -0.0041075 4.2314258
0.9996433 0.0057723 0.0262994 7.3927966
-0.0262749 -0.0042606 0.9996597 -0.0077492
0.0000000 0.0000000 0.0000000 1.0000000
-0.0223637 -0.9997371 -0.0056527 4.2002925
0.9994736 -0.0224921 0.0236366 7.9049375
-0.0237574 -0.0051210 0.9997192 -0.0132078
0.0000000 0.0000000 0.0000000 1.0000000
-0.0429948 -0.9990335 -0.0094417 4.1666069
0.9988615 -0.0431825 0.0205722 8.4353227
-0.0209598 -0.0085463 0.9997582 -0.0300667
0.0000000 0.0000000 0.0000000 1.0000000
-0.0591094 -0.9982154 -0.0087941 4.1119517
0.9980388 -0.0592795 0.0204144 8.9599613
-0.0208990 -0.0075700 0.9997672 -0.0445125
0.0000000 0.0000000 0.0000000 1.0000000
-0.0730904 -0.9973034 -0.0070612 4.0695043
0.9971131 -0.0732215 0.0203873 9.4789187
-0.0208491 -0.0055505 0.9997818 -0.0502117
0.0000000 0.0000000 0.0000000 1.0000000
-0.0830283 -0.9965113 -0.0087603 4.0180086
0.9963099 -0.0831999 0.0213425 10.0167326
-0.0219966 -0.0069558 0.9997476 -0.0531049
0.0000000 0.0000000 0.0000000 1.0000000
-0.0921223 -0.9956958 -0.0104345 3.9344078
0.9954717 -0.0923414 0.0228106 10.6055566
-0.0236757 -0.0082857 0.9996992 -0.0623337
0.0000000 0.0000000 0.0000000 1.0000000
-0.1011181 -0.9947640 -0.0149847 3.8838919
0.9945820 -0.1014460 0.0229491 11.2041212
-0.0243489 -0.0125829 0.9996382 -0.0727855
0.0000000 0.0000000 0.0000000 1.0000000
-0.1038950 -0.9944780 -0.0149664 3.8403266
0.9942971 -0.1042208 0.0228584 11.7880860
-0.0242918 -0.0125061 0.9996403 -0.0791357
0.0000000 0.0000000 0.0000000 1.0000000
-0.1021307 -0.9946700 -0.0143103 3.7813564
0.9944625 -0.1024501 0.0236374 12.4398342
-0.0249773 -0.0118169 0.9996309 -0.0898336
0.0000000 0.0000000 0.0000000 1.0000000
-0.1020050 -0.9946808 -0.0144865 3.7113365
0.9943979 -0.1023635 0.0265513 13.1117854
-0.0278928 -0.0116969 0.9995557 -0.0983205
0.0000000 0.0000000 0.0000000 1.0000000
-0.0996626 -0.9949028 -0.0155064 3.6454088
0.9946283 -0.1000524 0.0267219 13.7828262
-0.0281370 -0.0127598 0.9995355 -0.1013402
0.0000000 0.0000000 0.0000000 1.0000000
-0.0950761 -0.9953538 -0.0153718 3.5935274
0.9951274 -0.0954406 0.0249398 14.5583045
-0.0262908 -0.0129256 0.9995838 -0.0927031
0.0000000 0.0000000 0.0000000 1.0000000
-0.0926387 -0.9955901 -0.0149734 3.5249734
0.9953623 -0.0929918 0.0248095 15.2740333
-0.0260923 -0.0126056 0.9995934 -0.0985981
0.0000000 0.0000000 0.0000000 1.0000000
-0.0913512 -0.9956939 -0.0159569 3.4717996
0.9954401 -0.0917500 0.0262569 16.0148855
-0.0276077 -0.0134855 0.9995411 -0.1047460
0.0000000 0.0000000 0.0000000 1.0000000
-0.0871409 -0.9960394 -0.0178356 3.3901978
0.9957222 -0.0876412 0.0294233 16.7839848
-0.0308697 -0.0151952 0.9994217 -0.1110772
0.0000000 0.0000000 0.0000000 1.0000000
-0.0858548 -0.9961115 -0.0199284 3.3256957
0.9958151 -0.0864279 0.0298613 17.5241321
-0.0314673 -0.0172812 0.9993691 -0.1193122
0.0000000 0.0000000 0.0000000 1.0000000
-0.0883350 -0.9958581 -0.0216910 3.2435646
0.9955664 -0.0889781 0.0306559 18.2578339
-0.0324587 -0.0188868 0.9993089 -0.1242356
0.0000000 0.0000000 0.0000000 1.0000000
-0.0875387 -0.9958971 -0.0230950 3.1632488
0.9957151 -0.0881744 0.0280421 18.9991270
-0.0299632 -0.0205412 0.9993546 -0.1321540
0.0000000 0.0000000 0.0000000 1.0000000
-0.0884095 -0.9958050 -0.0237315 3.0980042
0.9956397 -0.0890616 0.0279294 19.7445700
-0.0299256 -0.0211587 0.9993428 -0.1472429
0.0000000 0.0000000 0.0000000 1.0000000
-0.0886917 -0.9958279 -0.0216273 3.0277435
0.9955497 -0.0893243 0.0302170 20.5238093
-0.0320226 -0.0188509 0.9993242 -0.1566832
0.0000000 0.0000000 0.0000000 1.0000000
-0.0871304 -0.9959708 -0.0213741 2.9528636
0.9956505 -0.0877776 0.0314230 21.3080986
-0.0331723 -0.0185431 0.9992928 -0.1652633
0.0000000 0.0000000 0.0000000 1.0000000
-0.0862690 -0.9960715 -0.0201384 2.8736230
0.9957123 -0.0868845 0.0319286 22.1106469
-0.0335527 -0.0172975 0.9993020 -0.1719398
0.0000000 0.0000000 0.0000000 1.0000000
-0.0854757 -0.9961596 -0.0191401 2.7946051
0.9959052 -0.0859948 0.0281023 22.8779352
-0.0296401 -0.0166595 0.9994370 -0.1813182
0.0000000 0.0000000 0.0000000 1.0000000
-0.0862762 -0.9961150 -0.0178314 2.7286485
0.9959892 -0.0866688 0.0224820 23.6634248
-0.0239399 -0.0158201 0.9996033 -0.1817096
0.0000000 0.0000000 0.0000000 1.0000000
-0.0865635 -0.9961481 -0.0142445 2.6583474
0.9960533 -0.0868240 0.0187129 24.4678912
-0.0198773 -0.0125683 0.9997382 -0.1834713
0.0000000 0.0000000 0.0000000 1.0000000
-0.0841864 -0.9963474 -0.0145924 2.5980479
0.9962655 -0.0844486 0.0182876 25.2968081
-0.0194528 -0.0129982 0.9997417 -0.1831589
0.0000000 0.0000000 0.0000000 1.0000000
-0.0836030 -0.9963923 -0.0148847 2.5050448
0.9961560 -0.0839607 0.0251890 26.1504796
-0.0263476 -0.0127214 0.9995875 -0.1884206
0.0000000 0.0000000 0.0000000 1.0000000
-0.0862504 -0.9960750 -0.0200946 2.4298770
0.9957529 -0.0868441 0.0307532 27.0350821
-0.0323773 -0.0173567 0.9993409 -0.1999040
0.0000000 0.0000000 0.0000000 1.0000000
-0.0872666 -0.9959889 -0.0199526 2.3478154
0.9954451 -0.0879598 0.0369383 27.8842396
-0.0385451 -0.0166380 0.9991341 -0.2019976
0.0000000 0.0000000 0.0000000 1.0000000
-0.0889917 -0.9956820 -0.0265567 2.2637865
0.9953081 -0.0899167 0.0358968 28.7572523
-0.0381295 -0.0232375 0.9990183 -0.2178075
0.0000000 0.0000000 0.0000000 1.0000000
-0.0902965 -0.9955123 -0.0284390 2.1762285
0.9953484 -0.0911769 0.0313074 29.5988872
-0.0337597 -0.0254796 0.9991208 -0.2212083
0.0000000 0.0000000 0.0000000 1.0000000
-0.0912765 -0.9954293 -0.0282131 2.0835050
0.9953229 -0.0920996 0.0293551 30.4491298
-0.0318192 -0.0254016 0.9991865 -0.2253194
0.0000000 0.0000000 0.0000000 1.0000000
-0.0935581 -0.9951210 -0.0314262 1.9884168
0.9951242 -0.0944616 0.0285764 31.2974438
-0.0314053 -0.0285993 0.9991133 -0.2406884
0.0000000 0.0000000 0.0000000 1.0000000
-0.0923281 -0.9950510 -0.0368079 1.8959901
0.9952438 -0.0933807 0.0279533 32.1311797
-0.0312520 -0.0340518 0.9989466 -0.2536114
0.0000000 0.0000000 0.0000000 1.0000000
-0.0939733 -0.9949025 -0.0366716 1.8124469
0.9951703 -0.0949294 0.0252341 32.9496359
-0.0285864 -0.0341231 0.9990248 -0.2532670
0.0000000 0.0000000 0.0000000 1.0000000
-0.0935903 -0.9949261 -0.0369922 1.7394443
0.9953367 -0.0943818 0.0202358 33.7416420
-0.0236243 -0.0349257 0.9991261 -0.2577739
0.0000000 0.0000000 0.0000000 1.0000000
-0.0936486 -0.9948658 -0.0384288 1.6557823
0.9954076 -0.0943424 0.0166304 34.5472648
-0.0201702 -0.0366947 0.9991386 -0.2624528
0.0000000 0.0000000 0.0000000 1.0000000
-0.0942130 -0.9948049 -0.0386295 1.5715088
0.9953178 -0.0949734 0.0183213 35.3539101
-0.0218947 -0.0367224 0.9991015 -0.2678088
0.0000000 0.0000000 0.0000000 1.0000000
-0.0950094 -0.9947254 -0.0387274 1.4838269
0.9952041 -0.0958327 0.0199633 36.1987259
-0.0235691 -0.0366448 0.9990666 -0.2728761
0.0000000 0.0000000 0.0000000 1.0000000
-0.0952987 -0.9946448 -0.0400613 1.3945413
0.9951033 -0.0962590 0.0227433 37.0190891
-0.0264776 -0.0376976 0.9989543 -0.2734958
0.0000000 0.0000000 0.0000000 1.0000000
-0.0955434 -0.9945985 -0.0406227 1.3118111
0.9949128 -0.0967328 0.0283713 37.8370743
-0.0321475 -0.0377052 0.9987877 -0.2783886
0.0000000 0.0000000 0.0000000 1.0000000
-0.0958511 -0.9944780 -0.0428017 1.2150969
0.9947786 -0.0972256 0.0312518 38.6851878
-0.0352405 -0.0395825 0.9986116 -0.2843004
0.0000000 0.0000000 0.0000000 1.0000000
-0.0978089 -0.9942380 -0.0439269 1.1358590
0.9946160 -0.0991832 0.0302543 39.5107430
-0.0344366 -0.0407311 0.9985930 -0.2970888
0.0000000 0.0000000 0.0000000 1.0000000
-0.0987808 -0.9940931 -0.0450202 1.0418086
0.9946721 -0.0999882 0.0253829 40.3347041
-0.0297343 -0.0422728 0.9986805 -0.2980637
0.0000000 0.0000000 0.0000000 1.0000000
-0.0984179 -0.9940602 -0.0465125 0.9359885
0.9947972 -0.0995256 0.0221080 41.1325465
-0.0266057 -0.0440945 0.9986902 -0.3004991
0.0000000 0.0000000 0.0000000 1.0000000
-0.0987091 -0.9938883 -0.0494736 0.8369571
0.9948605 -0.0997055 0.0180723 41.9681366
-0.0228945 -0.0474353 0.9986289 -0.3019333
0.0000000 0.0000000 0.0000000 1.0000000
-0.0999915 -0.9936429 -0.0517747 0.7397087
0.9947834 -0.1009119 0.0154580 42.7912217
-0.0205842 -0.0499588 0.9985565 -0.3053598
0.0000000 0.0000000 0.0000000 1.0000000
-0.1003930 -0.9936685 -0.0504883 0.6568202
0.9947639 -0.1012417 0.0145215 43.5823611
-0.0195408 -0.0487658 0.9986364 -0.3011358
0.0000000 0.0000000 0.0000000 1.0000000
-0.1021565 -0.9936010 -0.0482308 0.5827049
0.9946379 -0.1028323 0.0117240 44.3813500
-0.0166084 -0.0467742 0.9987852 -0.2975262
0.0000000 0.0000000 0.0000000 1.0000000
-0.1048497 -0.9933976 -0.0466132 0.4985845
0.9943814 -0.1054358 0.0102764 45.1825548
-0.0151230 -0.0452735 0.9988780 -0.3021267
0.0000000 0.0000000 0.0000000 1.0000000
-0.1088403 -0.9929372 -0.0472735 0.3989902
0.9939267 -0.1095021 0.0116185 45.9934881
-0.0167127 -0.0457216 0.9988321 -0.3050811
0.0000000 0.0000000 0.0000000 1.0000000
-0.1159556 -0.9920545 -0.0488657 0.3121527
0.9930278 -0.1168582 0.0160108 46.8199927
-0.0215937 -0.0466682 0.9986952 -0.3089889
0.0000000 0.0000000 0.0000000 1.0000000
-0.1191761 -0.9918352 -0.0454438 0.1911665
0.9925996 -0.1201086 0.0183450 47.6477767
-0.0236532 -0.0429209 0.9988164 -0.3140799
0.0000000 0.0000000 0.0000000 1.0000000
-0.1222435 -0.9914980 -0.0446450 0.0968836
0.9922276 -0.1231562 0.0182713 48.4133292
-0.0236140 -0.0420641 0.9988538 -0.3169007
0.0000000 0.0000000 0.0000000 1.0000000
-0.1272244 -0.9906461 -0.0493922 -0.0326315
0.9916623 -0.1280888 0.0147198 49.2110170
-0.0209084 -0.0471073 0.9986895 -0.3241829
0.0000000 0.0000000 0.0000000 1.0000000
-0.1315984 -0.9898238 -0.0541902 -0.1696473
0.9911634 -0.1323299 0.0101086 50.0093045
-0.0171764 -0.0523807 0.9984986 -0.3249325
0.0000000 0.0000000 0.0000000 1.0000000
-0.1330676 -0.9895099 -0.0562913 -0.2909513
0.9909772 -0.1337858 0.0091576 50.8229689
-0.0165923 -0.0545645 0.9983915 -0.3268614
0.0000000 0.0000000 0.0000000 1.0000000
-0.1360158 -0.9888468 -0.0607256 -0.3984896
0.9905665 -0.1368058 0.0090152 51.5862792
-0.0172220 -0.0589262 0.9981336 -0.3305443
0.0000000 0.0000000 0.0000000 1.0000000
-0.1403103 -0.9880715 -0.0635093 -0.5017777
0.9899542 -0.1411619 0.0090920 52.3586373
-0.0179483 -0.0615953 0.9979595 -0.3205527
0.0000000 0.0000000 0.0000000 1.0000000
-0.1446050 -0.9872455 -0.0666438 -0.6276308
0.9893485 -0.1454295 0.0076532 53.1154023
-0.0172473 -0.0648270 0.9977671 -0.3217688
0.0000000 0.0000000 0.0000000 1.0000000
-0.1473041 -0.9867341 -0.0682835 -0.7352635
0.9889634 -0.1480806 0.0064114 53.8638186
-0.0164375 -0.0665853 0.9976642 -0.3180187
0.0000000 0.0000000 0.0000000 1.0000000
-0.1488686 -0.9871616 -0.0579196 -0.8326895
0.9887117 -0.1496242 0.0088951 54.6323354
-0.0174468 -0.0559414 0.9982999 -0.2976306
0.0000000 0.0000000 0.0000000 1.0000000
-0.1482274 -0.9871341 -0.0599929 -0.9653955
0.9887598 -0.1491512 0.0111837 55.4560482
-0.0199876 -0.0576606 0.9981543 -0.2936857
0.0000000 0.0000000 0.0000000 1.0000000
-0.1465251 -0.9872871 -0.0616408 -1.0963790
0.9889584 -0.1476251 0.0136484 56.2490891
-0.0225744 -0.0589600 0.9980244 -0.2996892
0.0000000 0.0000000 0.0000000 1.0000000
-0.1477249 -0.9871043 -0.0617038 -1.2352105
0.9887654 -0.1488619 0.0142153 57.0753197
-0.0232172 -0.0589103 0.9980130 -0.2898585
0.0000000 0.0000000 0.0000000 1.0000000
-0.1498029 -0.9866657 -0.0636822 -1.3853135
0.9884221 -0.1510427 0.0150797 57.7924568
-0.0244972 -0.0606855 0.9978766 -0.2898784
0.0000000 0.0000000 0.0000000 1.0000000
-0.1502327 -0.9866207 -0.0633657 -1.5115606
0.9884064 -0.1513395 0.0130047 58.5548765
-0.0224202 -0.0606769 0.9979261 -0.2832620
0.0000000 0.0000000 0.0000000 1.0000000
-0.1534352 -0.9861223 -0.0634479 -1.6438317
0.9879802 -0.1543440 0.0096370 59.2743512
-0.0192958 -0.0612061 0.9979590 -0.2775727
0.0000000 0.0000000 0.0000000 1.0000000
-0.1549475 -0.9857768 -0.0651220 -1.7657108
0.9877795 -0.1557471 0.0073416 59.9789141
-0.0173795 -0.0631882 0.9978706 -0.2652075
0.0000000 0.0000000 0.0000000 1.0000000
-0.1560562 -0.9854543 -0.0673184 -1.9061034
0.9876442 -0.1567114 0.0045181 60.7030430
-0.0150016 -0.0657811 0.9977419 -0.2606482
0.0000000 0.0000000 0.0000000 1.0000000
-0.1544468 -0.9855047 -0.0702298 -2.0257831
0.9878933 -0.1551366 0.0044304 61.3881845
-0.0152611 -0.0686949 0.9975417 -0.2553897
0.0000000 0.0000000 0.0000000 1.0000000
-0.1523551 -0.9857418 -0.0714642 -2.1446996
0.9882022 -0.1531238 0.0053586 62.0655938
-0.0162248 -0.0698043 0.9974494 -0.2497075
0.0000000 0.0000000 0.0000000 1.0000000
-0.1512472 -0.9859255 -0.0712910 -2.2721733
0.9883519 -0.1521026 0.0066836 62.7445466
-0.0174328 -0.0694494 0.9974545 -0.2542451
0.0000000 0.0000000 0.0000000 1.0000000
-0.1472382 -0.9865282 -0.0713489 -2.3666543
0.9889477 -0.1481434 0.0075253 63.4076540
-0.0179935 -0.0694518 0.9974453 -0.2497603
0.0000000 0.0000000 0.0000000 1.0000000
-0.1403849 -0.9875668 -0.0707900 -2.4760932
0.9899171 -0.1414013 0.0095208 64.0285835
-0.0194119 -0.0687392 0.9974679 -0.2423654
0.0000000 0.0000000 0.0000000 1.0000000
-0.1316699 -0.9886580 -0.0722888 -2.5686566
0.9910818 -0.1328345 0.0115163 64.6488967
-0.0209879 -0.0701274 0.9973391 -0.2323213
0.0000000 0.0000000 0.0000000 1.0000000
-0.1175014 -0.9902424 -0.0749740 -2.6502170
0.9928335 -0.1188289 0.0134741 65.2665795
-0.0222515 -0.0728531 0.9971163 -0.2279580
0.0000000 0.0000000 0.0000000 1.0000000
-0.1017311 -0.9916199 -0.0796822 -2.7223928
0.9945702 -0.1031795 0.0142602 65.8492304
-0.0223621 -0.0777986 0.9967404 -0.2259236
0.0000000 0.0000000 0.0000000 1.0000000
-0.0802933 -0.9934462 -0.0814048 -2.7597861
0.9965332 -0.0818252 0.0156520 66.3997421
-0.0222102 -0.0798655 0.9965805 -0.2253089
0.0000000 0.0000000 0.0000000 1.0000000
-0.0577795 -0.9948742 -0.0830421 -2.7967311
0.9981182 -0.0593160 0.0161518 66.9155817
-0.0209946 -0.0819523 0.9964379 -0.2230772
0.0000000 0.0000000 0.0000000 1.0000000
-0.0345342 -0.9961750 -0.0803243 -2.8590184
0.9992140 -0.0360201 0.0171224 67.4962978
-0.0199500 -0.0796695 0.9966446 -0.2177092
0.0000000 0.0000000 0.0000000 1.0000000
-0.0064504 -0.9967801 -0.0799860 -2.8493119
0.9998421 -0.0077996 0.0165671 67.9528006
-0.0171375 -0.0798662 0.9966817 -0.2156799
0.0000000 0.0000000 0.0000000 1.0000000
0.0272077 -0.9963020 -0.0815699 -2.8456664
0.9995180 0.0258446 0.0177228 68.4039360
-0.0155489 -0.0820125 0.9965338 -0.2149203
0.0000000 0.0000000 0.0000000 1.0000000
0.0647475 -0.9946208 -0.0809235 -2.7851737
0.9978072 0.0633599 0.0196058 68.8146178
-0.0143729 -0.0820152 0.9965511 -0.2036964
0.0000000 0.0000000 0.0000000 1.0000000
0.1085244 -0.9909454 -0.0791239 -2.7238530
0.9940291 0.1072059 0.0207436 69.2657674
-0.0120731 -0.0809024 0.9966719 -0.1979255
0.0000000 0.0000000 0.0000000 1.0000000
0.1536172 -0.9852971 -0.0748480 -2.6436806
0.9880978 0.1524798 0.0207223 69.7392392
-0.0090047 -0.0771401 0.9970025 -0.1926071
0.0000000 0.0000000 0.0000000 1.0000000
0.2049958 -0.9763432 -0.0688596 -2.5341197
0.9787618 0.2041831 0.0187245 70.1849433
-0.0042214 -0.0712353 0.9974734 -0.1780943
0.0000000 0.0000000 0.0000000 1.0000000
0.2555789 -0.9647029 -0.0635484 -2.3784829
0.9667957 0.2551218 0.0153559 70.5915298
0.0013988 -0.0653626 0.9978838 -0.1618518
0.0000000 0.0000000 0.0000000 1.0000000
0.3067843 -0.9500209 -0.0579146 -2.2264959
0.9517605 0.3066674 0.0111314 71.0281163
0.0071855 -0.0585353 0.9982828 -0.1635404
0.0000000 0.0000000 0.0000000 1.0000000
0.3575901 -0.9321799 -0.0563947 -2.0353093
0.9338257 0.3576106 0.0100949 71.4106019
0.0107572 -0.0562720 0.9983813 -0.1584866
0.0000000 0.0000000 0.0000000 1.0000000
0.4082141 -0.9112103 -0.0553889 -1.8370546
0.9127911 0.4083314 0.0097227 71.7866991
0.0137577 -0.0545269 0.9984411 -0.1474608
0.0000000 0.0000000 0.0000000 1.0000000
0.4556037 -0.8888866 -0.0481443 -1.6112512
0.8900839 0.4557241 0.0091081 72.1500306
0.0138445 -0.0470016 0.9988231 -0.1342236
0.0000000 0.0000000 0.0000000 1.0000000
0.5024320 -0.8637641 -0.0385524 -1.3460209
0.8645128 0.5025903 0.0062036 72.4856595
0.0140176 -0.0364452 0.9992625 -0.1058347
0.0000000 0.0000000 0.0000000 1.0000000
0.5465393 -0.8366363 -0.0367161 -1.1125728
0.8372688 0.5467968 0.0035344 72.8365340
0.0171191 -0.0326721 0.9993452 -0.0910071
0.0000000 0.0000000 0.0000000 1.0000000
0.5888321 -0.8072530 -0.0404122 -0.8447696
0.8078975 0.5893380 -0.0007317 73.1203652
0.0244071 -0.0322172 0.9992088 -0.0753634
0.0000000 0.0000000 0.0000000 1.0000000
0.6313697 -0.7740987 -0.0464456 -0.5714963
0.7747663 0.6322384 -0.0054149 73.4195899
0.0335563 -0.0325649 0.9989319 -0.0554558
0.0000000 0.0000000 0.0000000 1.0000000
0.6754778 -0.7354641 -0.0532521 -0.2496279
0.7362134 0.6767189 -0.0076432 73.7285949
0.0416580 -0.0340414 0.9985773 -0.0417621
0.0000000 0.0000000 0.0000000 1.0000000
0.7173863 -0.6944394 -0.0558994 0.0912237
0.6950894 0.7188651 -0.0100326 74.0195528
0.0471511 -0.0316571 0.9984117 -0.0211557
0.0000000 0.0000000 0.0000000 1.0000000
0.7561950 -0.6520144 -0.0553260 0.4652944
0.6525312 0.7576982 -0.0106520 74.3125560
0.0488656 -0.0280462 0.9984376 0.0060185
0.0000000 0.0000000 0.0000000 1.0000000
0.7926673 -0.6068093 -0.0589498 0.8844558
0.6073102 0.7943981 -0.0110921 74.6017172
0.0535603 -0.0270077 0.9982252 0.0268393
0.0000000 0.0000000 0.0000000 1.0000000
0.8248763 -0.5623177 -0.0582394 1.2875945
0.5627448 0.8265760 -0.0103721 74.8735229
0.0539716 -0.0242175 0.9982749 0.0599582
0.0000000 0.0000000 0.0000000 1.0000000
0.8523517 -0.5194915 -0.0603310 1.7447208
0.5201300 0.8540774 -0.0058516 75.1469632
0.0545670 -0.0263916 0.9981880 0.0942426
0.0000000 0.0000000 0.0000000 1.0000000
0.8742926 -0.4811930 -0.0638784 2.2091234
0.4820370 0.8761575 -0.0025044 75.4128776
0.0571724 -0.0286015 0.9979814 0.1237523
0.0000000 0.0000000 0.0000000 1.0000000
0.8928455 -0.4457130 -0.0646648 2.7204188
0.4467375 0.8946741 0.0015381 75.6552296
0.0571680 -0.0302609 0.9979333 0.1593607
0.0000000 0.0000000 0.0000000 1.0000000
0.9072995 -0.4156609 -0.0636284 3.2516959
0.4166948 0.9090507 0.0032977 75.9087711
0.0564703 -0.0295050 0.9979960 0.2016259
0.0000000 0.0000000 0.0000000 1.0000000
0.9178170 -0.3920629 -0.0625590 3.7767924
0.3929432 0.9195709 0.0019202 76.1229580
0.0567742 -0.0263439 0.9980675 0.2409465
0.0000000 0.0000000 0.0000000 1.0000000
0.9275657 -0.3682937 -0.0632212 4.3181888
0.3694019 0.9292578 0.0063944 76.3540406
0.0563933 -0.0292847 0.9980073 0.2917615
0.0000000 0.0000000 0.0000000 1.0000000
0.9348287 -0.3498446 -0.0609913 4.8954531
0.3510757 0.9362992 0.0104262 76.5782742
0.0534580 -0.0311587 0.9981125 0.3285507
0.0000000 0.0000000 0.0000000 1.0000000
0.9406803 -0.3338437 -0.0607055 5.4963434
0.3352377 0.9420379 0.0141239 76.7932253
0.0524712 -0.0336364 0.9980849 0.3702819
0.0000000 0.0000000 0.0000000 1.0000000
0.9456464 -0.3197584 -0.0593632 6.1176775
0.3211451 0.9469177 0.0152280 77.0105832
0.0513422 -0.0334640 0.9981496 0.4096404
0.0000000 0.0000000 0.0000000 1.0000000
0.9493222 -0.3086986 -0.0592426 6.7439105
0.3100480 0.9506148 0.0148702 77.2126631
0.0517259 -0.0324841 0.9981627 0.4676360
0.0000000 0.0000000 0.0000000 1.0000000
0.9537559 -0.2948159 -0.0587457 7.3994148
0.2960880 0.9550673 0.0140488 77.4071247
0.0519636 -0.0307925 0.9982041 0.5169060
0.0000000 0.0000000 0.0000000 1.0000000
0.9584870 -0.2790306 -0.0588375 8.0791086
0.2803440 0.9597893 0.0152021 77.6078631
0.0522291 -0.0310653 0.9981818 0.5659415
0.0000000 0.0000000 0.0000000 1.0000000
0.9622978 -0.2654741 -0.0593670 8.7512954
0.2667418 0.9636709 0.0143878 77.7824561
0.0533900 -0.0296805 0.9981633 0.6135434
0.0000000 0.0000000 0.0000000 1.0000000
0.9660724 -0.2506561 -0.0623999 9.4530729
0.2521021 0.9675729 0.0163402 77.9669125
0.0562800 -0.0315165 0.9979482 0.6675927
0.0000000 0.0000000 0.0000000 1.0000000
0.9687221 -0.2389500 -0.0670703 10.1520326
0.2405701 0.9704917 0.0170773 78.1411501
0.0610099 -0.0326778 0.9976329 0.7234849
0.0000000 0.0000000 0.0000000 1.0000000
0.9707767 -0.2289652 -0.0720161 10.8417676
0.2306374 0.9729234 0.0156984 78.3046777
0.0664712 -0.0318487 0.9973112 0.7865666
0.0000000 0.0000000 0.0000000 1.0000000
0.9730008 -0.2193808 -0.0718390 11.5574053
0.2210558 0.9751379 0.0161406 78.4702672
0.0665114 -0.0315848 0.9973173 0.8387123
0.0000000 0.0000000 0.0000000 1.0000000
0.9752055 -0.2109117 -0.0671575 12.2820309
0.2124819 0.9770264 0.0170595 78.6296290
0.0620160 -0.0309058 0.9976285 0.8977757
0.0000000 0.0000000 0.0000000 1.0000000
0.9765654 -0.2062482 -0.0616622 13.0276987
0.2078946 0.9779250 0.0214972 78.8028920
0.0558665 -0.0338122 0.9978977 0.9489827
0.0000000 0.0000000 0.0000000 1.0000000
0.9786809 -0.1966979 -0.0592855 13.7988782
0.1983093 0.9798899 0.0225596 78.9695446
0.0536551 -0.0338351 0.9980187 1.0086136
0.0000000 0.0000000 0.0000000 1.0000000
0.9793774 -0.1927706 -0.0606613 14.5202922
0.1944761 0.9806359 0.0235090 79.1082585
0.0549540 -0.0348209 0.9979141 1.0664383
0.0000000 0.0000000 0.0000000 1.0000000
0.9799607 -0.1896666 -0.0610287 15.2630443
0.1913201 0.9812818 0.0224167 79.2618049
0.0556339 -0.0336430 0.9979169 1.1237742
0.0000000 0.0000000 0.0000000 1.0000000
0.9809279 -0.1851151 -0.0594506 16.0288530
0.1867419 0.9821501 0.0230064 79.4047675
0.0541298 -0.0336691 0.9979994 1.1748427
0.0000000 0.0000000 0.0000000 1.0000000
0.9822526 -0.1782538 -0.0585373 16.7923869
0.1797298 0.9835035 0.0209281 79.5415945
0.0538403 -0.0310771 0.9980986 1.2344494
0.0000000 0.0000000 0.0000000 1.0000000
0.9824490 -0.1777818 -0.0566437 17.5303707
0.1790915 0.9836614 0.0188789 79.6771968
0.0523611 -0.0286915 0.9982483 1.2893375
0.0000000 0.0000000 0.0000000 1.0000000
0.9832614 -0.1722001 -0.0597210 18.2802070
0.1735027 0.9846922 0.0172895 79.8133424
0.0558287 -0.0273614 0.9980992 1.3577234
0.0000000 0.0000000 0.0000000 1.0000000
0.9833582 -0.1688266 -0.0672791 18.9804818
0.1705117 0.9851613 0.0200776 79.9487396
0.0628904 -0.0312149 0.9975656 1.4117645
0.0000000 0.0000000 0.0000000 1.0000000
0.9832823 -0.1673460 -0.0719311 19.7141042
0.1692300 0.9853658 0.0208786 80.0885250
0.0673838 -0.0327020 0.9972249 1.4713997
0.0000000 0.0000000 0.0000000 1.0000000
0.9829206 -0.1678622 -0.0755728 20.4443754
0.1699634 0.9852105 0.0222172 80.2240333
0.0707250 -0.0346819 0.9969262 1.5354686
0.0000000 0.0000000 0.0000000 1.0000000
0.9831712 -0.1666664 -0.0749608 21.1888587
0.1688245 0.9853797 0.0233684 80.3577917
0.0699695 -0.0356300 0.9969462 1.6023374
0.0000000 0.0000000 0.0000000 1.0000000
0.9837023 -0.1649112 -0.0718142 21.9342403
0.1671109 0.9856133 0.0257165 80.5102777
0.0665394 -0.0372979 0.9971205 1.6635515
0.0000000 0.0000000 0.0000000 1.0000000
0.9828294 -0.1715292 -0.0681701 22.7113237
0.1736253 0.9844778 0.0260461 80.6515560
0.0626436 -0.0374346 0.9973676 1.7225424
0.0000000 0.0000000 0.0000000 1.0000000
0.9822070 -0.1753358 -0.0674394 23.4950367
0.1774881 0.9837548 0.0272922 80.8074978
0.0615579 -0.0387759 0.9973829 1.7981235
0.0000000 0.0000000 0.0000000 1.0000000
0.9820173 -0.1762076 -0.0679311 24.2506048
0.1785160 0.9835059 0.0294781 80.9477329
0.0616156 -0.0410744 0.9972878 1.8773585
0.0000000 0.0000000 0.0000000 1.0000000
0.9814264 -0.1796556 -0.0674377 24.9937483
0.1820356 0.9828175 0.0308963 81.0879631
0.0607274 -0.0425982 0.9972791 1.9459766
0.0000000 0.0000000 0.0000000 1.0000000
0.9809995 -0.1814488 -0.0688336 25.7541265
0.1838039 0.9825316 0.0294916 81.2468523
0.0622792 -0.0415827 0.9972266 2.0028421
0.0000000 0.0000000 0.0000000 1.0000000
0.9800671 -0.1864307 -0.0688038 26.5074951
0.1885931 0.9817142 0.0263030 81.3791188
0.0626411 -0.0387541 0.9973181 2.0599238
0.0000000 0.0000000 0.0000000 1.0000000
0.9796410 -0.1886005 -0.0689545 27.2551323
0.1906288 0.9813793 0.0240261 81.5205471
0.0631383 -0.0366812 0.9973652 2.1249272
0.0000000 0.0000000 0.0000000 1.0000000
0.9792107 -0.1902636 -0.0704751 28.0105106
0.1923312 0.9810548 0.0237135 81.6846453
0.0646273 -0.0367746 0.9972662 2.1841652
0.0000000 0.0000000 0.0000000 1.0000000
0.9790988 -0.1904512 -0.0715104 28.7333194
0.1927652 0.9808880 0.0268820 81.8380901
0.0650231 -0.0401044 0.9971121 2.2520332
0.0000000 0.0000000 0.0000000 1.0000000
0.9789788 -0.1907031 -0.0724712 29.4852694
0.1931799 0.9807532 0.0287534 81.9920225
0.0655921 -0.0421485 0.9969902 2.3198255
0.0000000 0.0000000 0.0000000 1.0000000
0.9789070 -0.1911929 -0.0721487 30.2492713
0.1938165 0.9805532 0.0311998 82.1409484
0.0647795 -0.0445249 0.9969404 2.3933410
0.0000000 0.0000000 0.0000000 1.0000000
0.9770610 -0.2002862 -0.0725013 31.0224756
0.2033213 0.9784203 0.0371129 82.3110991
0.0635026 -0.0510023 0.9967128 2.4601336
0.0000000 0.0000000 0.0000000 1.0000000
0.9761248 -0.2048151 -0.0724560 31.7985135
0.2082374 0.9771351 0.0432149 82.4932686
0.0619473 -0.0572709 0.9964700 2.5234947
0.0000000 0.0000000 0.0000000 1.0000000
0.9746846 -0.2104517 -0.0756225 32.5787737
0.2143075 0.9756476 0.0469842 82.6616646
0.0638920 -0.0620010 0.9960644 2.5900440
0.0000000 0.0000000 0.0000000 1.0000000
0.9740170 -0.2123217 -0.0789201 33.3403179
0.2166388 0.9749433 0.0507616 82.8152444
0.0661639 -0.0665397 0.9956227 2.6531803
0.0000000 0.0000000 0.0000000 1.0000000
0.9736010 -0.2137616 -0.0801623 34.1682899
0.2183581 0.9744049 0.0536501 82.9774454
0.0666412 -0.0697377 0.9953724 2.7213714
0.0000000 0.0000000 0.0000000 1.0000000
0.9732434 -0.2153416 -0.0802700 35.0247256
0.2202985 0.9736615 0.0589521 83.1369790
0.0654600 -0.0750581 0.9950635 2.7605121
0.0000000 0.0000000 0.0000000 1.0000000
0.9730754 -0.2164658 -0.0792749 35.9198653
0.2215450 0.9731885 0.0620115 83.3217585
0.0637250 -0.0779049 0.9949572 2.8441136
0.0000000 0.0000000 0.0000000 1.0000000
0.9731451 -0.2164316 -0.0785127 36.7874128
0.2215289 0.9731133 0.0632401 83.5048233
0.0627135 -0.0789347 0.9949406 2.9177906
0.0000000 0.0000000 0.0000000 1.0000000
0.9733429 -0.2155964 -0.0783558 37.6186211
0.2210832 0.9727732 0.0697007 83.6877868
0.0611942 -0.0851660 0.9945209 2.9830683
0.0000000 0.0000000 0.0000000 1.0000000
0.9729553 -0.2187369 -0.0743599 38.4838000
0.2238712 0.9721473 0.0695352 83.8817833
0.0570778 -0.0843020 0.9948390 3.0702317
0.0000000 0.0000000 0.0000000 1.0000000
0.9733280 -0.2181836 -0.0710364 39.3541250
0.2228428 0.9726335 0.0659499 84.0682021
0.0547020 -0.0800210 0.9953264 3.1548674
0.0000000 0.0000000 0.0000000 1.0000000
0.9745486 -0.2127430 -0.0707978 40.2165225
0.2175998 0.9735484 0.0698409 84.2710042
0.0540658 -0.0834693 0.9950773 3.2142343
0.0000000 0.0000000 0.0000000 1.0000000
0.9752330 -0.2084134 -0.0741706 41.0635713
0.2139594 0.9738268 0.0768578 84.4677954
0.0562099 -0.0908242 0.9943142 3.2660425
0.0000000 0.0000000 0.0000000 1.0000000
0.9757211 -0.2055830 -0.0756355 41.9139955
0.2112545 0.9744335 0.0766518 84.6438651
0.0579423 -0.0907696 0.9942198 3.3285428
0.0000000 0.0000000 0.0000000 1.0000000
0.9762781 -0.2026033 -0.0764887 42.7528295
0.2081552 0.9753595 0.0732817 84.8236764
0.0597557 -0.0874652 0.9944091 3.3943232
0.0000000 0.0000000 0.0000000 1.0000000
0.9766118 -0.2008964 -0.0767288 43.5910935
0.2064262 0.9757820 0.0725453 84.9999828
0.0602954 -0.0866878 0.9944447 3.4545270
0.0000000 0.0000000 0.0000000 1.0000000
0.9772109 -0.1988248 -0.0744628 44.4508062
0.2040804 0.9763749 0.0711914 85.1790089
0.0585478 -0.0847658 0.9947145 3.5149782
0.0000000 0.0000000 0.0000000 1.0000000
0.9772037 -0.1991938 -0.0735587 45.3097339
0.2043461 0.9763517 0.0707421 85.3642742
0.0577267 -0.0841614 0.9948131 3.5840140
0.0000000 0.0000000 0.0000000 1.0000000
0.9773526 -0.1982404 -0.0741598 46.1553894
0.2034792 0.9764899 0.0713379 85.5447284
0.0582730 -0.0848126 0.9947270 3.6570130
0.0000000 0.0000000 0.0000000 1.0000000
0.9770568 -0.1987699 -0.0765971 46.9823547
0.2043118 0.9762002 0.0729055 85.7245736
0.0602815 -0.0868829 0.9944286 3.7280762
0.0000000 0.0000000 0.0000000 1.0000000
0.9766878 -0.1987220 -0.0812838 47.8121933
0.2047444 0.9760298 0.0739637 85.9113410
0.0646361 -0.0888824 0.9939783 3.7965659
0.0000000 0.0000000 0.0000000 1.0000000
0.9766453 -0.1972475 -0.0852897 48.6586916
0.2037055 0.9761639 0.0750537 86.1009701
0.0684516 -0.0906753 0.9935609 3.8723654
0.0000000 0.0000000 0.0000000 1.0000000
0.9762902 -0.1963599 -0.0912006 49.4788421
0.2036395 0.9758831 0.0787942 86.3000923
0.0735281 -0.0954985 0.9927464 3.9543688
0.0000000 0.0000000 0.0000000 1.0000000
0.9764710 -0.1950164 -0.0921405 50.3246139
0.2022695 0.9762925 0.0772348 86.4915403
0.0748930 -0.0940552 0.9927821 4.0347765
0.0000000 0.0000000 0.0000000 1.0000000
0.9772770 -0.1933022 -0.0870676 51.1779695
0.1999424 0.9769219 0.0753111 86.6758759
0.0704994 -0.0910087 0.9933876 4.1184013
0.0000000 0.0000000 0.0000000 1.0000000
0.9775044 -0.1947953 -0.0809798 52.0505657
0.2009298 0.9766611 0.0760693 86.8587262
0.0642707 -0.0906297 0.9938457 4.1990338
0.0000000 0.0000000 0.0000000 1.0000000
0.9777909 -0.1955609 -0.0754918 52.8981202
0.2011545 0.9766714 0.0753392 87.0319643
0.0589960 -0.0888517 0.9943334 4.2693462
0.0000000 0.0000000 0.0000000 1.0000000
0.9774285 -0.1970878 -0.0762179 53.7120288
0.2027397 0.9763500 0.0752535 87.1962177
0.0595826 -0.0890074 0.9942849 4.3424569
0.0000000 0.0000000 0.0000000 1.0000000
0.9768887 -0.1988493 -0.0785322 54.5525197
0.2046480 0.9760249 0.0743036 87.3664221
0.0618729 -0.0886578 0.9941770 4.4274045
0.0000000 0.0000000 0.0000000 1.0000000
0.9759852 -0.2028670 -0.0794796 55.3974361
0.2087627 0.9751338 0.0745611 87.5499311
0.0623759 -0.0893630 0.9940825 4.5017168
0.0000000 0.0000000 0.0000000 1.0000000
0.9753668 -0.2050025 -0.0815681 56.2230976
0.2110546 0.9746758 0.0740928 87.7265756
0.0643120 -0.0894830 0.9939488 4.5768650
0.0000000 0.0000000 0.0000000 1.0000000
0.9742209 -0.2087541 -0.0856383 57.0220359
0.2156593 0.9730925 0.0812975 87.9757176
0.0663616 -0.0976707 0.9930424 4.6516674
0.0000000 0.0000000 0.0000000 1.0000000
0.9710554 -0.2218058 -0.0887207 57.8717285
0.2288374 0.9702754 0.0789063 88.2631692
0.0685805 -0.0969254 0.9929640 4.7146832
0.0000000 0.0000000 0.0000000 1.0000000
0.9698150 -0.2257764 -0.0922054 58.6799737
0.2333730 0.9689330 0.0820557 88.4662091
0.0708134 -0.1010975 0.9923915 4.8062663
0.0000000 0.0000000 0.0000000 1.0000000
0.9690414 -0.2277357 -0.0954633 59.4595485
0.2361156 0.9677293 0.0881915 88.6755383
0.0722970 -0.1080021 0.9915571 4.8782960
0.0000000 0.0000000 0.0000000 1.0000000
0.9686178 -0.2294761 -0.0955952 60.2559646
0.2381067 0.9669354 0.0914877 88.8921429
0.0714389 -0.1113791 0.9912460 4.9491337
0.0000000 0.0000000 0.0000000 1.0000000
0.9678189 -0.2336864 -0.0934621 61.0454261
0.2424916 0.9652452 0.0976148 89.1044064
0.0674013 -0.1171379 0.9908650 5.0277040
0.0000000 0.0000000 0.0000000 1.0000000
0.9674309 -0.2369007 -0.0892949 61.8072702
0.2454265 0.9641453 0.1010860 89.3064736
0.0621445 -0.1197097 0.9909012 5.1050417
0.0000000 0.0000000 0.0000000 1.0000000
0.9666096 -0.2407042 -0.0880121 62.6005379
0.2491177 0.9631026 0.1019917 89.5195570
0.0602134 -0.1205121 0.9909234 5.1771298
0.0000000 0.0000000 0.0000000 1.0000000
0.9647639 -0.2479084 -0.0882645 63.3706938
0.2563782 0.9611030 0.1028569 89.7298386
0.0593308 -0.1218623 0.9908111 5.2410918
0.0000000 0.0000000 0.0000000 1.0000000
0.9635376 -0.2537372 -0.0850341 64.1392597
0.2616378 0.9599686 0.1001710 89.9415326
0.0562115 -0.1187673 0.9913686 5.3117114
0.0000000 0.0000000 0.0000000 1.0000000
0.9627547 -0.2563634 -0.0860155 64.8759630
0.2642650 0.9594404 0.0983195 90.1385149
0.0573197 -0.1173890 0.9914692 5.3767215
0.0000000 0.0000000 0.0000000 1.0000000
0.9607960 -0.2628416 -0.0883305 65.6406082
0.2713698 0.9567754 0.1047309 90.3624576
0.0569833 -0.1245960 0.9906091 5.4381276
0.0000000 0.0000000 0.0000000 1.0000000
0.9589709 -0.2685145 -0.0910647 66.4046439
0.2775181 0.9547192 0.1073542 90.6106879
0.0581135 -0.1282223 0.9900815 5.4977213
0.0000000 0.0000000 0.0000000 1.0000000
0.9575777 -0.2728415 -0.0928451 67.1441172
0.2818300 0.9538700 0.1036055 90.8222624
0.0602927 -0.1253775 0.9903156 5.5593770
0.0000000 0.0000000 0.0000000 1.0000000
0.9559735 -0.2779981 -0.0940697 67.9112318
0.2870702 0.9523963 0.1027676 91.0539018
0.0610210 -0.1252483 0.9902866 5.6242360
0.0000000 0.0000000 0.0000000 1.0000000
0.9556659 -0.2803603 -0.0901053 68.6740911
0.2889400 0.9518043 0.1030144 91.3049188
0.0568799 -0.1244829 0.9906306 5.6937393
0.0000000 0.0000000 0.0000000 1.0000000
0.9547129 -0.2847910 -0.0862370 69.4847466
0.2928881 0.9505601 0.1033525 91.5469385
0.0525380 -0.1239300 0.9909404 5.7673806
0.0000000 0.0000000 0.0000000 1.0000000
0.9533833 -0.2900420 -0.0834032 70.2330916
0.2977447 0.9490918 0.1029654 91.8037396
0.0492914 -0.1229984 0.9912234 5.8377239
0.0000000 0.0000000 0.0000000 1.0000000
0.9506955 -0.2974621 -0.0878285 70.9630064
0.3057192 0.9464776 0.1036597 92.0287066
0.0522912 -0.1253998 0.9907687 5.9008948
0.0000000 0.0000000 0.0000000 1.0000000
0.9472116 -0.3064421 -0.0943582 71.6847912
0.3154446 0.9433705 0.1028399 92.2665780
0.0574988 -0.1271761 0.9902538 5.9662366
0.0000000 0.0000000 0.0000000 1.0000000
0.9445892 -0.3141400 -0.0953289 72.4029765
0.3230453 0.9411452 0.0995835 92.5122986
0.0584337 -0.1248611 0.9904942 6.0251425
0.0000000 0.0000000 0.0000000 1.0000000
0.9410364 -0.3255059 -0.0922850 73.1379088
0.3338577 0.9376097 0.0972438 92.7796111
0.0548723 -0.1223200 0.9910148 6.0870979
0.0000000 0.0000000 0.0000000 1.0000000
0.9383020 -0.3344743 -0.0879598 73.8295650
0.3424345 0.9341433 0.1007182 93.0337974
0.0484778 -0.1246245 0.9910615 6.1515609
0.0000000 0.0000000 0.0000000 1.0000000
0.9350802 -0.3449380 -0.0816352 74.5513812
0.3521527 0.9302868 0.1028824 93.3207615
0.0404543 -0.1249511 0.9913813 6.2004504
0.0000000 0.0000000 0.0000000 1.0000000
0.9316244 -0.3551337 -0.0773206 75.2732407
0.3618592 0.9262226 0.1058299 93.6168029
0.0340304 -0.1265724 0.9914179 6.2593870
0.0000000 0.0000000 0.0000000 1.0000000
