1.0000000 0.0000000 0.0000000 0.0000000
0.0000000 1.0000000 0.0000000 0.0000000
0.0000000 0.0000000 1.0000000 0.0000000
0.0000000 0.0000000 0.0000000 1.0000000
0.9999927 0.0037460 -0.0002904 0.7448649
-0.0037458 0.9999898 0.0025895 0.0037064
0.0003001 -0.0025884 0.9999964 0.0050454
0.0000000 0.0000000 0.0000000 1.0000000
0.9999979 0.0014404 -0.0011660 1.5044632
-0.0014364 0.9999913 0.0039408 0.0734727
0.0011716 -0.0039391 0.9999915 0.0197301
0.0000000 0.0000000 0.0000000 1.0000000
0.9999976 0.0018379 -0.0006912 2.2505302
-0.0018344 0.9999814 0.0058038 0.1168688
0.0007019 -0.0058026 0.9999825 0.0320920
0.0000000 0.0000000 0.0000000 1.0000000
0.9999995 0.0011892 -0.0002879 2.9573489
-0.0011872 0.9999787 0.0064525 0.1214442
0.0002956 -0.0064521 0.9999798 0.0438749
0.0000000 0.0000000 0.0000000 1.0000000
1.0000002 0.0004941 -0.0004069 3.6541070
-0.0004914 0.9999794 0.0065080 0.1033597
0.0004100 -0.0065077 0.9999800 0.0531944
0.0000000 0.0000000 0.0000000 1.0000000
1.0000003 0.0002437 0.0008156 4.3719396
-0.0002484 0.9999768 0.0069109 0.1448811
-0.0008139 -0.0069111 0.9999770 0.0626816
0.0000000 0.0000000 0.0000000 1.0000000
0.9999875 0.0021164 0.0047000 5.0695805
-0.0021454 0.9999781 0.0064068 0.0964135
-0.0046864 -0.0064168 0.9999698 0.0749695
0.0000000 0.0000000 0.0000000 1.0000000
0.9999654 0.0042672 0.0073186 5.8039856
-0.0043144 0.9999691 0.0067260 0.0366115
-0.0072897 -0.0067572 0.9999524 0.0928476
0.0000000 0.0000000 0.0000000 1.0000000
0.9999509 0.0045300 0.0089701 6.4330899
-0.0045802 0.9999739 0.0057666 -0.0273967
-0.0089438 -0.0058073 0.9999453 0.1019340
0.0000000 0.0000000 0.0000000 1.0000000
0.9999502 0.0064051 0.0078320 7.0051596
-0.0064602 0.9999536 0.0072692 -0.0514411
-0.0077851 -0.0073194 0.9999448 0.1110789
0.0000000 0.0000000 0.0000000 1.0000000
0.9999518 0.0080174 0.0059002 7.5499209
-0.0080637 0.9999331 0.0083553 -0.0696461
-0.0058329 -0.0084024 0.9999494 0.1232812
0.0000000 0.0000000 0.0000000 1.0000000
0.9999541 0.0093595 0.0025486 8.1292379
-0.0093774 0.9999227 0.0082178 -0.0529466
-0.0024715 -0.0082412 0.9999644 0.1253197
0.0000000 0.0000000 0.0000000 1.0000000
0.9999365 0.0113662 0.0001995 8.6472966
-0.0113647 0.9999138 0.0066687 -0.0931276
-0.0001237 -0.0066705 0.9999792 0.1389486
0.0000000 0.0000000 0.0000000 1.0000000
0.9999067 0.0133975 -0.0029497 9.1728159
-0.0133856 0.9999054 0.0032919 -0.1034219
0.0029934 -0.0032520 0.9999911 0.1488556
0.0000000 0.0000000 0.0000000 1.0000000
0.9998696 0.0155123 -0.0046610 9.6491098
-0.0154996 0.9998776 0.0023325 -0.1299016
0.0046965 -0.0022599 0.9999875 0.1781131
0.0000000 0.0000000 0.0000000 1.0000000
0.9997966 0.0193594 -0.0057557 10.0970676
-0.0193247 0.9997972 0.0056955 -0.1086968
0.0058647 -0.0055831 0.9999678 0.1813053
0.0000000 0.0000000 0.0000000 1.0000000
0.9996890 0.0242896 -0.0057172 10.5236496
-0.0242357 0.9996656 0.0090258 -0.1564084
0.0059344 -0.0088844 0.9999436 0.1931145
0.0000000 0.0000000 0.0000000 1.0000000
0.9996267 0.0268816 -0.0049403 10.8737816
-0.0268309 0.9995923 0.0097339 -0.1277463
0.0051999 -0.0095977 0.9999405 0.1942387
0.0000000 0.0000000 0.0000000 1.0000000
0.9994953 0.0313719 -0.0050298 11.2474138
-0.0313395 0.9994899 0.0061083 -0.1387844
0.0052188 -0.0059475 0.9999687 0.2125154
0.0000000 0.0000000 0.0000000 1.0000000
0.9994362 0.0331745 -0.0052550 11.5381895
-0.0331602 0.9994467 0.0025819 -0.0954259
0.0053377 -0.0024061 0.9999834 0.2189564
0.0000000 0.0000000 0.0000000 1.0000000
0.9993505 0.0359009 -0.0032416 11.8180045
-0.0359017 0.9993550 -0.0005037 -0.1638797
0.0032214 0.0006198 0.9999952 0.2333715
0.0000000 0.0000000 0.0000000 1.0000000
0.9992975 0.0374350 -0.0017179 12.0619130
-0.0374349 0.9992986 -0.0004855 -0.2036950
0.0016984 0.0005495 0.9999983 0.2343791
0.0000000 0.0000000 0.0000000 1.0000000
0.9991911 0.0400979 -0.0030653 12.1532414
-0.0400972 0.9991955 0.0001595 -0.1724115
0.0030692 -0.0000365 0.9999953 0.2309772
0.0000000 0.0000000 0.0000000 1.0000000
0.9990306 0.0437877 -0.0045084 12.1738261
-0.0437833 0.9990402 0.0008535 -0.1422432
0.0045414 -0.0006552 0.9999892 0.2285996
0.0000000 0.0000000 0.0000000 1.0000000
0.9988285 0.0479100 -0.0067772 12.2425997
-0.0478916 0.9988485 0.0026819 -0.0593259
0.0068978 -0.0023542 0.9999730 0.2220316
0.0000000 0.0000000 0.0000000 1.0000000
0.9986807 0.0509756 -0.0061672 12.3645874
-0.0509443 0.9986881 0.0050628 0.0554364
0.0064171 -0.0047420 0.9999676 0.2237305
0.0000000 0.0000000 0.0000000 1.0000000
0.9986531 0.0512670 -0.0079855 12.3621247
-0.0512229 0.9986715 0.0055685 0.1154889
0.0082604 -0.0051520 0.9999527 0.2227537
0.0000000 0.0000000 0.0000000 1.0000000
0.9985728 0.0524160 -0.0102877 12.3485697
-0.0523514 0.9986078 0.0064369 0.0792795
0.0106107 -0.0058891 0.9999271 0.2272194
0.0000000 0.0000000 0.0000000 1.0000000
0.9986376 0.0508668 -0.0116938 12.3377874
-0.0508003 0.9986909 0.0059663 0.0362870
0.0119819 -0.0053641 0.9999147 0.2255564
0.0000000 0.0000000 0.0000000 1.0000000
0.9986403 0.0503658 -0.0134757 12.3265696
-0.0502874 0.9987158 0.0061276 0.0056276
0.0137670 -0.0054416 0.9998909 0.2207266
0.0000000 0.0000000 0.0000000 1.0000000
0.9985432 0.0519195 -0.0147252 12.3190863
-0.0518217 0.9986319 0.0069654 0.0276396
0.0150667 -0.0061922 0.9998679 0.2105786
0.0000000 0.0000000 0.0000000 1.0000000
0.9983598 0.0549760 -0.0160357 12.2802763
-0.0548644 0.9984670 0.0073395 0.0448638
0.0164145 -0.0064476 0.9998460 0.2054713
0.0000000 0.0000000 0.0000000 1.0000000
0.9983328 0.0547516 -0.0183280 12.2377334
-0.0546245 0.9984803 0.0073459 0.0456650
0.0187023 -0.0063324 0.9998066 0.2007670
0.0000000 0.0000000 0.0000000 1.0000000
0.9982574 0.0555329 -0.0200129 12.1649031
-0.0553897 0.9984361 0.0076361 -0.0408951
0.0204055 -0.0065142 0.9997723 0.2029663
0.0000000 0.0000000 0.0000000 1.0000000
0.9983366 0.0538063 -0.0207667 12.1216755
-0.0536734 0.9985354 0.0068942 -0.0841019
0.0211072 -0.0057680 0.9997625 0.1991094
0.0000000 0.0000000 0.0000000 1.0000000
0.9984359 0.0513854 -0.0220813 12.1098838
-0.0512601 0.9986668 0.0062135 -0.1031439
0.0223711 -0.0050718 0.9997390 0.1934782
0.0000000 0.0000000 0.0000000 1.0000000
0.9985845 0.0484223 -0.0220857 12.1256898
-0.0482966 0.9988151 0.0061860 -0.1188827
0.0223589 -0.0051106 0.9997400 0.1902440
0.0000000 0.0000000 0.0000000 1.0000000
0.9987830 0.0436629 -0.0230129 12.1202580
-0.0435078 0.9990284 0.0071893 -0.0925265
0.0233043 -0.0061792 0.9997126 0.1792632
0.0000000 0.0000000 0.0000000 1.0000000
0.9989912 0.0385534 -0.0231040 12.1320766
-0.0383767 0.9992323 0.0080412 -0.0758136
0.0233962 -0.0071463 0.9997041 0.1676480
0.0000000 0.0000000 0.0000000 1.0000000
0.9992013 0.0327697 -0.0229397 12.1379422
-0.0325808 0.9994334 0.0085903 -0.0801250
0.0232081 -0.0078360 0.9997030 0.1522086
0.0000000 0.0000000 0.0000000 1.0000000
0.9993935 0.0258439 -0.0234109 12.2157095
-0.0256361 0.9996305 0.0091796 -0.0784060
0.0236394 -0.0085739 0.9996872 0.1459174
0.0000000 0.0000000 0.0000000 1.0000000
0.9995300 0.0174476 -0.0252807 12.2732486
-0.0172288 0.9998135 0.0088867 -0.0737595
0.0254309 -0.0084468 0.9996448 0.1404116
0.0000000 0.0000000 0.0000000 1.0000000
0.9996263 0.0071772 -0.0264415 12.2917576
-0.0069457 0.9999379 0.0088546 -0.1336232
0.0265032 -0.0086675 0.9996148 0.1388545
0.0000000 0.0000000 0.0000000 1.0000000
0.9996125 -0.0052286 -0.0274021 12.3060905
0.0054390 0.9999574 0.0076293 -0.2109462
0.0273609 -0.0077753 0.9995992 0.1363126
0.0000000 0.0000000 0.0000000 1.0000000
0.9993761 -0.0209035 -0.0285427 12.2913436
0.0211182 0.9997522 0.0072387 -0.2619391
0.0283842 -0.0078368 0.9995709 0.1447878
0.0000000 0.0000000 0.0000000 1.0000000
0.9987066 -0.0407034 -0.0305386 12.4430094
0.0409694 0.9991287 0.0081309 -0.2587259
0.0301809 -0.0093714 0.9995051 0.1426647
0.0000000 0.0000000 0.0000000 1.0000000
0.9976844 -0.0606496 -0.0308605 12.6745718
0.0609546 0.9981014 0.0090337 -0.2016421
0.0302539 -0.0108937 0.9994884 0.1475805
0.0000000 0.0000000 0.0000000 1.0000000
0.9959851 -0.0841931 -0.0304898 12.9589642
0.0845200 0.9963773 0.0095831 -0.1307413
0.0295724 -0.0121215 0.9994944 0.1499106
0.0000000 0.0000000 0.0000000 1.0000000
0.9935222 -0.1098667 -0.0291269 13.2459565
0.1102074 0.9938567 0.0103301 -0.0380443
0.0278129 -0.0134730 0.9995282 0.1612725
0.0000000 0.0000000 0.0000000 1.0000000
0.9897666 -0.1398232 -0.0285761 13.5577286
0.1401606 0.9900787 0.0101285 0.0809636
0.0268762 -0.0140299 0.9995462 0.1724080
0.0000000 0.0000000 0.0000000 1.0000000
0.9846820 -0.1722774 -0.0269507 13.9327562
0.1726061 0.9849382 0.0103575 0.1285997
0.0247603 -0.0148504 0.9995887 0.1874809
0.0000000 0.0000000 0.0000000 1.0000000
0.9776696 -0.2086886 -0.0248056 14.3176165
0.2090276 0.9778386 0.0119124 0.2333142
0.0217697 -0.0168312 0.9996264 0.1945572
0.0000000 0.0000000 0.0000000 1.0000000
0.9684122 -0.2486012 -0.0194991 14.4897453
0.2488554 0.9684701 0.0118340 0.2831802
0.0159422 -0.0163124 0.9997459 0.2053570
0.0000000 0.0000000 0.0000000 1.0000000
0.9564857 -0.2913149 -0.0165995 14.7907251
0.2915727 0.9564167 0.0159863 0.4337299
0.0112188 -0.0201304 0.9997402 0.1988489
0.0000000 0.0000000 0.0000000 1.0000000
0.9431163 -0.3320778 -0.0161592 15.1217084
0.3323480 0.9429759 0.0185605 0.6190795
0.0090740 -0.0228749 0.9997031 0.2099491
0.0000000 0.0000000 0.0000000 1.0000000
0.9274791 -0.3736405 -0.0134391 15.3836395
0.3738505 0.9272717 0.0201612 0.7893014
0.0049285 -0.0237230 0.9997127 0.2078309
0.0000000 0.0000000 0.0000000 1.0000000
0.9085995 -0.4175958 -0.0081385 15.6436036
0.4176705 0.9083163 0.0227323 0.9347647
-0.0021007 -0.0240534 0.9997150 0.2200626
0.0000000 0.0000000 0.0000000 1.0000000
0.8873072 -0.4611709 -0.0035318 15.8842999
0.4611011 0.8869718 0.0258876 1.0716069
-0.0088062 -0.0245985 0.9996648 0.2223789
0.0000000 0.0000000 0.0000000 1.0000000
0.8635317 -0.5042910 -0.0029043 16.1970780
0.5041469 0.8631129 0.0295889 1.2569760
-0.0124148 -0.0270149 0.9995640 0.2201847
0.0000000 0.0000000 0.0000000 1.0000000
0.8376960 -0.5461367 -0.0022143 16.4854121
0.5459214 0.8372362 0.0317661 1.5745621
-0.0154948 -0.0278189 0.9994994 0.2186581
0.0000000 0.0000000 0.0000000 1.0000000
0.8087270 -0.5881767 -0.0037596 16.7752871
0.5879057 0.8081220 0.0361934 1.7918029
-0.0182500 -0.0314806 0.9993448 0.2152917
0.0000000 0.0000000 0.0000000 1.0000000
0.7766314 -0.6299475 -0.0039803 16.9542122
0.6296336 0.7760086 0.0371044 2.1110185
-0.0202852 -0.0313222 0.9993111 0.2044138
0.0000000 0.0000000 0.0000000 1.0000000
0.7427099 -0.6696073 -0.0036639 17.1709311
0.6692200 0.7420690 0.0385080 2.4828308
-0.0230664 -0.0310519 0.9992589 0.1800460
0.0000000 0.0000000 0.0000000 1.0000000
0.7057733 -0.7084392 -0.0019607 17.4270711
0.7079460 0.7051718 0.0393656 2.7730433
-0.0265056 -0.0291709 0.9992304 0.1706490
0.0000000 0.0000000 0.0000000 1.0000000
0.6665195 -0.7454902 -0.0014035 17.6778284
0.7449388 0.6659500 0.0397606 3.0336306
-0.0287065 -0.0275464 0.9992154 0.1646290
0.0000000 0.0000000 0.0000000 1.0000000
0.6254313 -0.7802826 0.0008337 17.9918113
0.7796994 0.6250034 0.0380025 3.3624921
-0.0301738 -0.0231175 0.9992850 0.1545571
0.0000000 0.0000000 0.0000000 1.0000000
0.5829234 -0.8125229 0.0035334 18.3644014
0.8118447 0.5826044 0.0385378 3.6978078
-0.0333714 -0.0195956 0.9992587 0.1515107
0.0000000 0.0000000 0.0000000 1.0000000
0.5394293 -0.8420287 0.0031644 18.5687774
0.8412793 0.5391002 0.0403168 4.1387261
-0.0356538 -0.0190855 0.9991904 0.1260569
0.0000000 0.0000000 0.0000000 1.0000000
0.4918368 -0.8706878 0.0024154 18.6493336
0.8699756 0.4915424 0.0391637 4.5192955
-0.0352866 -0.0171604 0.9992385 0.0990354
0.0000000 0.0000000 0.0000000 1.0000000
0.4410273 -0.8974871 0.0043378 18.9057493
0.8967606 0.4408553 0.0383840 4.9910117
-0.0363614 -0.0130380 0.9992631 0.0861352
0.0000000 0.0000000 0.0000000 1.0000000
0.3904946 -0.9205840 0.0068234 19.1701634
0.9198743 0.3904677 0.0370588 5.5065062
-0.0367799 -0.0081942 0.9992999 0.0739285
0.0000000 0.0000000 0.0000000 1.0000000
0.3378226 -0.9411878 0.0069749 19.2225148
0.9405254 0.3378490 0.0357352 5.9725493
-0.0359898 -0.0055116 0.9993470 0.0652822
0.0000000 0.0000000 0.0000000 1.0000000
0.2857435 -0.9582861 0.0068553 19.3732200
0.9574777 0.2857848 0.0396381 6.5376377
-0.0399436 -0.0047621 0.9992015 0.0257736
0.0000000 0.0000000 0.0000000 1.0000000
0.2350151 -0.9719712 0.0069850 19.5558418
0.9709002 0.2350840 0.0457845 7.1344547
-0.0461430 -0.0039778 0.9989382 -0.0050977
0.0000000 0.0000000 0.0000000 1.0000000
0.1860990 -0.9824866 0.0098212 19.8006177
0.9813908 0.1863544 0.0464022 7.7409780
-0.0474196 0.0010036 0.9988867 -0.0057569
0.0000000 0.0000000 0.0000000 1.0000000
0.1448498 -0.9893942 0.0112649 19.9008096
0.9883027 0.1452208 0.0466626 8.3820538
-0.0478033 0.0043745 0.9988590 -0.0331265
0.0000000 0.0000000 0.0000000 1.0000000
0.1061866 -0.9942922 0.0107939 19.9501231
0.9933110 0.1065649 0.0445588 8.9897901
-0.0454544 0.0059906 0.9989598 -0.0586985
0.0000000 0.0000000 0.0000000 1.0000000
0.0705276 -0.9974988 0.0055012 19.9758587
0.9966616 0.0706937 0.0409356 9.6871294
-0.0412218 0.0025961 0.9991574 -0.0949255
0.0000000 0.0000000 0.0000000 1.0000000
0.0410904 -0.9991575 0.0020028 19.9799641
0.9983667 0.0411375 0.0397360 10.4035795
-0.0397846 0.0003671 0.9992189 -0.1332146
0.0000000 0.0000000 0.0000000 1.0000000
0.0185310 -0.9998327 0.0005733 19.8866793
0.9989043 0.0185384 0.0430650 11.1589907
-0.0430681 -0.0002250 0.9990836 -0.1647352
0.0000000 0.0000000 0.0000000 1.0000000
0.0047386 -0.9999918 0.0017602 19.8966169
0.9988670 0.0048163 0.0474343 11.9990601
-0.0474420 0.0015338 0.9988845 -0.2026106
0.0000000 0.0000000 0.0000000 1.0000000
-0.0053102 -0.9999893 0.0015249 19.8921275
0.9987153 -0.0052264 0.0504892 12.8419328
-0.0504803 0.0017914 0.9987355 -0.2323918
0.0000000 0.0000000 0.0000000 1.0000000
-0.0113316 -0.9999391 0.0016122 19.8656064
0.9988160 -0.0112429 0.0474192 13.6889400
-0.0473979 0.0021480 0.9988857 -0.2657994
0.0000000 0.0000000 0.0000000 1.0000000
-0.0140339 -0.9998798 0.0072972 19.8640604
0.9989591 -0.0137034 0.0436039 14.5772050
-0.0434982 0.0079020 0.9990345 -0.3154126
0.0000000 0.0000000 0.0000000 1.0000000
-0.0112271 -0.9998039 0.0166389 19.9013230
0.9990021 -0.0104951 0.0435096 15.4782943
-0.0433260 0.0171113 0.9989272 -0.3276552
0.0000000 0.0000000 0.0000000 1.0000000
-0.0091209 -0.9998328 0.0161835 19.8223687
0.9990302 -0.0084129 0.0433255 16.4375733
-0.0431817 0.0165635 0.9989430 -0.3732463
0.0000000 0.0000000 0.0000000 1.0000000
-0.0104958 -0.9998484 0.0142706 19.7363804
0.9990996 -0.0098973 0.0413829 17.4949540
-0.0412349 0.0146926 0.9990550 -0.4371497
0.0000000 0.0000000 0.0000000 1.0000000
-0.0117885 -0.9997732 0.0180284 19.6922128
0.9993062 -0.0111390 0.0356923 18.5310412
-0.0354829 0.0184372 0.9992140 -0.4590024
0.0000000 0.0000000 0.0000000 1.0000000
-0.0119472 -0.9998069 0.0159459 19.6706751
0.9995653 -0.0115074 0.0273467 19.5595821
-0.0271574 0.0162661 0.9995128 -0.4894357
0.0000000 0.0000000 0.0000000 1.0000000
-0.0163651 -0.9998259 0.0095689 19.7007695
0.9996680 -0.0161672 0.0203592 20.5423215
-0.0202005 0.0098994 0.9997616 -0.5346829
0.0000000 0.0000000 0.0000000 1.0000000
-0.0225608 -0.9997429 0.0041252 19.6637679
0.9996081 -0.0224866 0.0170425 21.5597234
-0.0169448 0.0045085 0.9998613 -0.5602494
0.0000000 0.0000000 0.0000000 1.0000000
-0.0257563 -0.9996706 -0.0026188 19.7086686
0.9994668 -0.0258030 0.0203143 22.5246163
-0.0203747 -0.0020938 0.9998049 -0.5851376
0.0000000 0.0000000 0.0000000 1.0000000
-0.0314753 -0.9994761 -0.0082764 19.7306167
0.9991507 -0.0316839 0.0265768 23.5644558
-0.0268246 -0.0074325 0.9996271 -0.6100698
0.0000000 0.0000000 0.0000000 1.0000000
-0.0364123 -0.9992856 -0.0106892 19.7165947
0.9986933 -0.0367707 0.0356656 24.5710684
-0.0360328 -0.0093762 0.9993213 -0.6212720
0.0000000 0.0000000 0.0000000 1.0000000
-0.0385341 -0.9992016 -0.0111134 19.6829724
0.9982708 -0.0389880 0.0441441 25.6103414
-0.0445417 -0.0093927 0.9989784 -0.6694641
0.0000000 0.0000000 0.0000000 1.0000000
-0.0387216 -0.9992084 -0.0097902 19.6812911
0.9979881 -0.0391628 0.0500003 26.7006211
-0.0503437 -0.0078340 0.9987167 -0.7053614
0.0000000 0.0000000 0.0000000 1.0000000
-0.0396797 -0.9991905 -0.0075203 19.7318381
0.9978521 -0.0400167 0.0519976 27.7152610
-0.0522560 -0.0054404 0.9986347 -0.7299843
0.0000000 0.0000000 0.0000000 1.0000000
-0.0416150 -0.9991027 -0.0086236 19.7372214
0.9979704 -0.0419810 0.0480215 28.7177625
-0.0483400 -0.0066073 0.9988246 -0.7826748
0.0000000 0.0000000 0.0000000 1.0000000
-0.0449344 -0.9989229 -0.0120939 19.7165344
0.9979787 -0.0454305 0.0445848 29.7407316
-0.0450858 -0.0100657 0.9989476 -0.8153143
0.0000000 0.0000000 0.0000000 1.0000000
-0.0495718 -0.9986979 -0.0125368 19.6893126
0.9979461 -0.0500372 0.0401641 30.7291207
-0.0407387 -0.0105197 0.9991296 -0.8444041
0.0000000 0.0000000 0.0000000 1.0000000
-0.0569811 -0.9983064 -0.0122190 19.6693425
0.9977162 -0.0573844 0.0358102 31.7432642
-0.0364502 -0.0101502 0.9992989 -0.8814712
0.0000000 0.0000000 0.0000000 1.0000000
-0.0610818 -0.9980335 -0.0144725 19.6198658
0.9975927 -0.0615196 0.0321878 32.7545318
-0.0330144 -0.0124712 0.9993911 -0.9091378
0.0000000 0.0000000 0.0000000 1.0000000
-0.0676355 -0.9976212 -0.0137368 19.5189857
0.9971569 -0.0680510 0.0325573 33.7743344
-0.0334142 -0.0114954 0.9993899 -0.9345546
0.0000000 0.0000000 0.0000000 1.0000000
-0.0729522 -0.9972035 -0.0165720 19.5066838
0.9966439 -0.0735119 0.0361937 34.8068046
-0.0373102 -0.0138756 0.9992224 -0.9555979
0.0000000 0.0000000 0.0000000 1.0000000
-0.0768564 -0.9968574 -0.0194934 19.4288002
0.9962217 -0.0775734 0.0392180 35.8662425
-0.0406065 -0.0164053 0.9990558 -0.9863397
0.0000000 0.0000000 0.0000000 1.0000000
-0.0780826 -0.9967131 -0.0218448 19.3572446
0.9960952 -0.0789047 0.0397625 36.9102566
-0.0413550 -0.0186544 0.9989849 -1.0142630
0.0000000 0.0000000 0.0000000 1.0000000
-0.0810810 -0.9963918 -0.0253103 19.3364945
0.9957606 -0.0820869 0.0416646 38.0123807
-0.0435914 -0.0218244 0.9988263 -1.0523075
0.0000000 0.0000000 0.0000000 1.0000000
-0.0819974 -0.9962341 -0.0283791 19.2302057
0.9956195 -0.0831668 0.0428783 39.0665688
-0.0450766 -0.0247385 0.9986925 -1.0899546
0.0000000 0.0000000 0.0000000 1.0000000
-0.0818296 -0.9962525 -0.0282121 19.1533200
0.9956170 -0.0830012 0.0432522 40.0905412
-0.0454313 -0.0245488 0.9986809 -1.1243764
0.0000000 0.0000000 0.0000000 1.0000000
-0.0822723 -0.9961892 -0.0291543 19.0643644
0.9956639 -0.0834362 0.0413022 41.1596691
-0.0435769 -0.0256295 0.9987371 -1.1592149
0.0000000 0.0000000 0.0000000 1.0000000
-0.0827597 -0.9961400 -0.0294535 19.0036520
0.9956297 -0.0839314 0.0411295 42.1683259
-0.0434424 -0.0259206 0.9987356 -1.1912176
0.0000000 0.0000000 0.0000000 1.0000000
-0.0826658 -0.9961319 -0.0299896 18.9176593
0.9956686 -0.0838408 0.0403691 43.2214185
-0.0427269 -0.0265222 0.9987507 -1.2263455
0.0000000 0.0000000 0.0000000 1.0000000
-0.0818480 -0.9961262 -0.0323302 18.8371978
0.9958214 -0.0830594 0.0381480 44.3108051
-0.0406852 -0.0290724 0.9987646 -1.2596194
0.0000000 0.0000000 0.0000000 1.0000000
-0.0808146 -0.9960095 -0.0380166 18.7281690
0.9960628 -0.0821015 0.0336529 45.3937297
-0.0366394 -0.0351469 0.9987254 -1.2935820
0.0000000 0.0000000 0.0000000 1.0000000
-0.0801951 -0.9960163 -0.0391343 18.6697563
0.9961380 -0.0814955 0.0328936 46.4501211
-0.0359514 -0.0363449 0.9987077 -1.3210156
0.0000000 0.0000000 0.0000000 1.0000000
-0.0762983 -0.9962823 -0.0401438 18.5618217
0.9962993 -0.0777797 0.0367764 47.5256415
-0.0397617 -0.0371890 0.9985323 -1.3536685
0.0000000 0.0000000 0.0000000 1.0000000
-0.0729712 -0.9965292 -0.0402000 18.4993047
0.9964380 -0.0745593 0.0395730 48.6220965
-0.0424325 -0.0371688 0.9984228 -1.3882334
0.0000000 0.0000000 0.0000000 1.0000000
-0.0707506 -0.9968176 -0.0368790 18.4251689
0.9966293 -0.0721847 0.0391728 49.6940017
-0.0417098 -0.0339829 0.9985673 -1.4146286
0.0000000 0.0000000 0.0000000 1.0000000
-0.0673611 -0.9970240 -0.0376399 18.3720560
0.9969261 -0.0687769 0.0377243 50.7158461
-0.0402004 -0.0349827 0.9985948 -1.4447188
0.0000000 0.0000000 0.0000000 1.0000000
-0.0599508 -0.9973718 -0.0408242 18.2998879
0.9973832 -0.0615126 0.0381815 51.7668297
-0.0405919 -0.0384280 0.9984523 -1.4779447
0.0000000 0.0000000 0.0000000 1.0000000
-0.0535304 -0.9975108 -0.0460205 18.2760664
0.9977248 -0.0553263 0.0387165 52.8411395
-0.0411659 -0.0438430 0.9982057 -1.5130278
0.0000000 0.0000000 0.0000000 1.0000000
-0.0476484 -0.9977345 -0.0476061 18.2018551
0.9980187 -0.0495210 0.0389984 53.9104780
-0.0412671 -0.0456533 0.9981203 -1.5405884
0.0000000 0.0000000 0.0000000 1.0000000
-0.0408357 -0.9979576 -0.0492378 18.1573585
0.9983329 -0.0427711 0.0389523 54.9504858
-0.0409783 -0.0475647 0.9980435 -1.5715993
0.0000000 0.0000000 0.0000000 1.0000000
-0.0348361 -0.9982188 -0.0485489 18.1195729
0.9985941 -0.0367166 0.0384322 55.9719043
-0.0401459 -0.0471415 0.9980976 -1.5968051
0.0000000 0.0000000 0.0000000 1.0000000
-0.0262718 -0.9984912 -0.0483337 18.1147446
0.9988959 -0.0281132 0.0378569 57.0316877
-0.0391582 -0.0472854 0.9981306 -1.6226672
0.0000000 0.0000000 0.0000000 1.0000000
-0.0182393 -0.9986840 -0.0480534 18.1106324
0.9990576 -0.0201055 0.0386794 58.0874372
-0.0395942 -0.0473022 0.9981129 -1.6522292
0.0000000 0.0000000 0.0000000 1.0000000
-0.0132570 -0.9987973 -0.0473274 18.1196805
0.9990925 -0.0151554 0.0400182 59.1722022
-0.0406869 -0.0467535 0.9980952 -1.6710132
0.0000000 0.0000000 0.0000000 1.0000000
-0.0091633 -0.9987494 -0.0492682 18.0950410
0.9991402 -0.0111458 0.0401521 60.2695540
-0.0406506 -0.0488574 0.9979964 -1.7085779
0.0000000 0.0000000 0.0000000 1.0000000
-0.0026358 -0.9988317 -0.0483747 18.1286130
0.9992172 -0.0045491 0.0395192 61.3501408
-0.0396927 -0.0482322 0.9980656 -1.7310035
0.0000000 0.0000000 0.0000000 1.0000000
0.0018143 -0.9988573 -0.0478825 18.1310692
0.9993734 0.0001078 0.0356531 62.4076230
-0.0356068 -0.0479166 0.9982356 -1.7555264
0.0000000 0.0000000 0.0000000 1.0000000
0.0055340 -0.9988070 -0.0486385 18.1361688
0.9995065 0.0040081 0.0314476 63.5647625
-0.0312146 -0.0487880 0.9983402 -1.7751050
0.0000000 0.0000000 0.0000000 1.0000000
0.0082042 -0.9987227 -0.0499706 18.1424905
0.9995079 0.0066634 0.0309535 64.6650067
-0.0305805 -0.0501995 0.9982899 -1.7932772
0.0000000 0.0000000 0.0000000 1.0000000
0.0126624 -0.9987020 -0.0494614 18.1569871
0.9994102 0.0110491 0.0327966 65.8429764
-0.0322071 -0.0498470 0.9982570 -1.8179631
0.0000000 0.0000000 0.0000000 1.0000000
0.0145768 -0.9986780 -0.0494166 18.1810720
0.9993298 0.0128799 0.0345244 66.9953066
-0.0338418 -0.0498862 0.9982009 -1.8324415
0.0000000 0.0000000 0.0000000 1.0000000
0.0124969 -0.9985507 -0.0524646 18.1515554
0.9993442 0.0106775 0.0348572 68.1033831
-0.0342460 -0.0528653 0.9980338 -1.8531871
0.0000000 0.0000000 0.0000000 1.0000000
0.0152015 -0.9984322 -0.0539820 18.1486568
0.9992666 0.0132606 0.0361709 69.2995408
-0.0353979 -0.0544918 0.9979060 -1.8797110
0.0000000 0.0000000 0.0000000 1.0000000
0.0155951 -0.9983384 -0.0555817 18.1202114
0.9992510 0.0135801 0.0364816 70.4955974
-0.0356657 -0.0561085 0.9978071 -1.9050163
0.0000000 0.0000000 0.0000000 1.0000000
0.0163991 -0.9982972 -0.0560899 18.1076913
0.9992850 0.0144390 0.0352006 71.6588314
-0.0343303 -0.0566265 0.9978251 -1.9261954
0.0000000 0.0000000 0.0000000 1.0000000
0.0154689 -0.9983419 -0.0555601 18.0905361
0.9993102 0.0135461 0.0348483 72.8635930
-0.0340373 -0.0560602 0.9978678 -1.9514893
0.0000000 0.0000000 0.0000000 1.0000000
0.0149835 -0.9984634 -0.0534735 18.0863426
0.9992817 0.0130784 0.0358295 74.0654773
-0.0350745 -0.0539713 0.9979475 -1.9752237
0.0000000 0.0000000 0.0000000 1.0000000
0.0159695 -0.9985264 -0.0519867 18.1227435
0.9992458 0.0140856 0.0364308 75.1990263
-0.0356443 -0.0525287 0.9980036 -1.9978852
0.0000000 0.0000000 0.0000000 1.0000000
0.0163342 -0.9985748 -0.0509368 18.1242299
0.9990860 0.0142773 0.0405112 76.4105380
-0.0397257 -0.0515514 0.9979008 -2.0229041
0.0000000 0.0000000 0.0000000 1.0000000
0.0174864 -0.9984386 -0.0531770 18.1129199
0.9989664 0.0152038 0.0430543 77.6209777
-0.0421781 -0.0538742 0.9976779 -2.0538445
0.0000000 0.0000000 0.0000000 1.0000000
0.0206171 -0.9982831 -0.0549444 18.1147790
0.9988429 0.0181676 0.0447382 78.7212820
-0.0436627 -0.0558026 0.9975080 -2.0942668
0.0000000 0.0000000 0.0000000 1.0000000
0.0229163 -0.9982056 -0.0554403 18.1258161
0.9988657 0.0205346 0.0431790 79.8884155
-0.0419625 -0.0563663 0.9975494 -2.1349875
0.0000000 0.0000000 0.0000000 1.0000000
0.0252675 -0.9981001 -0.0563135 18.1695397
0.9988635 0.0229180 0.0420156 81.0275833
-0.0406447 -0.0573105 0.9975504 -2.1678575
0.0000000 0.0000000 0.0000000 1.0000000
0.0279061 -0.9981092 -0.0548901 18.2179420
0.9988178 0.0256435 0.0415298 82.0978913
-0.0400431 -0.0559835 0.9976505 -2.1935539
0.0000000 0.0000000 0.0000000 1.0000000
0.0256118 -0.9982590 -0.0532611 18.2840863
0.9988734 0.0234143 0.0415119 83.2595156
-0.0401920 -0.0542636 0.9977395 -2.2225898
0.0000000 0.0000000 0.0000000 1.0000000
0.0270742 -0.9981696 -0.0542012 18.3357455
0.9987356 0.0247015 0.0440032 84.4269647
-0.0425833 -0.0553234 0.9975818 -2.2475923
0.0000000 0.0000000 0.0000000 1.0000000
0.0302377 -0.9980170 -0.0553282 18.3922659
0.9985070 0.0276303 0.0473250 85.6218694
-0.0457019 -0.0566760 0.9973683 -2.2718804
0.0000000 0.0000000 0.0000000 1.0000000
0.0320758 -0.9978640 -0.0570213 18.4057147
0.9984526 0.0293869 0.0474098 86.7579873
-0.0456324 -0.0584531 0.9972684 -2.3112048
0.0000000 0.0000000 0.0000000 1.0000000
0.0345127 -0.9977401 -0.0577629 18.4499452
0.9984896 0.0319392 0.0449198 87.9371618
-0.0429728 -0.0592253 0.9973415 -2.3398856
0.0000000 0.0000000 0.0000000 1.0000000
0.0341309 -0.9977587 -0.0576649 18.4747473
0.9985869 0.0316810 0.0428969 89.0989674
-0.0409734 -0.0590468 0.9974362 -2.3715725
0.0000000 0.0000000 0.0000000 1.0000000
0.0364892 -0.9976922 -0.0573739 18.5700517
0.9984731 0.0340012 0.0437708 90.2454003
-0.0417185 -0.0588827 0.9974158 -2.3923888
0.0000000 0.0000000 0.0000000 1.0000000
0.0395071 -0.9975671 -0.0575520 18.6710727
0.9982302 0.0368282 0.0469089 91.3931524
-0.0446748 -0.0593026 0.9972629 -2.4191560
0.0000000 0.0000000 0.0000000 1.0000000
0.0408558 -0.9975971 -0.0560790 18.7296117
0.9980803 0.0381220 0.0490152 92.5690235
-0.0467590 -0.0579732 0.9972461 -2.4460599
0.0000000 0.0000000 0.0000000 1.0000000
0.0448150 -0.9973048 -0.0582160 18.7848869
0.9978614 0.0419019 0.0503673 93.7277569
-0.0477916 -0.0603480 0.9970566 -2.4822274
0.0000000 0.0000000 0.0000000 1.0000000
0.0493899 -0.9969721 -0.0601815 18.8197498
0.9976683 0.0463932 0.0502550 94.8718132
-0.0473103 -0.0625226 0.9969458 -2.5239749
0.0000000 0.0000000 0.0000000 1.0000000
0.0492342 -0.9967654 -0.0636322 18.8725670
0.9976935 0.0460887 0.0500273 95.9918468
-0.0469323 -0.0659479 0.9967426 -2.5579186
0.0000000 0.0000000 0.0000000 1.0000000
0.0504986 -0.9965654 -0.0657414 18.9197412
0.9977231 0.0473808 0.0481957 97.1355570
-0.0449148 -0.0680250 0.9966964 -2.5900963
0.0000000 0.0000000 0.0000000 1.0000000
0.0591194 -0.9958908 -0.0687083 19.0416826
0.9973624 0.0560113 0.0463618 98.3778828
-0.0423223 -0.0712674 0.9965829 -2.6287487
0.0000000 0.0000000 0.0000000 1.0000000
0.0632936 -0.9955675 -0.0696742 19.1267913
0.9971726 0.0602411 0.0451279 99.5544115
-0.0407301 -0.0723330 0.9965731 -2.6607357
0.0000000 0.0000000 0.0000000 1.0000000
0.0653763 -0.9954868 -0.0689054 19.2253695
0.9970462 0.0623642 0.0450503 100.6972286
-0.0405492 -0.0716464 0.9966311 -2.6871252
0.0000000 0.0000000 0.0000000 1.0000000
0.0682337 -0.9952814 -0.0691016 19.2918873
0.9967828 0.0650778 0.0469962 101.9334336
-0.0422770 -0.0720854 0.9965278 -2.7265307
0.0000000 0.0000000 0.0000000 1.0000000
0.0702627 -0.9951732 -0.0686236 19.4104175
0.9965632 0.0669919 0.0489199 103.0854018
-0.0440861 -0.0718244 0.9964680 -2.7563520
0.0000000 0.0000000 0.0000000 1.0000000
0.0721534 -0.9946992 -0.0733693 19.4814886
0.9964401 0.0686621 0.0491081 104.2051185
-0.0438096 -0.0766509 0.9961205 -2.7940777
0.0000000 0.0000000 0.0000000 1.0000000
0.0736750 -0.9942105 -0.0783168 19.5771423
0.9962752 0.0698338 0.0507699 105.3496398
-0.0450064 -0.0817651 0.9956605 -2.8361762
0.0000000 0.0000000 0.0000000 1.0000000
0.0718776 -0.9941644 -0.0805415 19.6474593
0.9964214 0.0679599 0.0504386 106.4537966
-0.0446703 -0.0838784 0.9954997 -2.8775242
0.0000000 0.0000000 0.0000000 1.0000000
0.0728946 -0.9939170 -0.0826513 19.7450028
0.9964315 0.0690292 0.0487622 107.6225618
-0.0427598 -0.0859105 0.9954102 -2.9001092
0.0000000 0.0000000 0.0000000 1.0000000
0.0730868 -0.9936565 -0.0855639 19.8082233
0.9965816 0.0694336 0.0449822 108.8178780
-0.0387554 -0.0885586 0.9953423 -2.9369888
0.0000000 0.0000000 0.0000000 1.0000000
0.0793896 -0.9934052 -0.0828308 19.8877597
0.9961874 0.0760299 0.0430214 110.0587326
-0.0364395 -0.0859299 0.9956619 -2.9673002
0.0000000 0.0000000 0.0000000 1.0000000
0.0834871 -0.9932646 -0.0804529 20.0052409
0.9958899 0.0802996 0.0421389 111.2626838
-0.0353943 -0.0836397 0.9958945 -2.9760466
0.0000000 0.0000000 0.0000000 1.0000000
0.0872156 -0.9929954 -0.0798144 20.0796007
0.9955236 0.0839301 0.0436985 112.4264081
-0.0366930 -0.0832676 0.9958789 -3.0081544
0.0000000 0.0000000 0.0000000 1.0000000
0.0856771 -0.9931488 -0.0795776 20.2108117
0.9956037 0.0822900 0.0449766 113.6876808
-0.0381195 -0.0830805 0.9958417 -3.0382308
0.0000000 0.0000000 0.0000000 1.0000000
0.0851016 -0.9932434 -0.0790153 20.3419164
0.9956238 0.0816785 0.0456538 114.8848980
-0.0388910 -0.0825539 0.9958564 -3.0665072
0.0000000 0.0000000 0.0000000 1.0000000
0.0825979 -0.9931464 -0.0828010 20.4398894
0.9959373 0.0792470 0.0430344 116.0684463
-0.0361772 -0.0860183 0.9956660 -3.0902117
0.0000000 0.0000000 0.0000000 1.0000000
0.0850683 -0.9924692 -0.0882430 20.5140834
0.9959063 0.0819488 0.0384518 117.2626095
-0.0309302 -0.0911519 0.9953866 -3.1203334
0.0000000 0.0000000 0.0000000 1.0000000
0.0862017 -0.9920952 -0.0912917 20.6291254
0.9958564 0.0831056 0.0372482 118.5638025
-0.0293663 -0.0941234 0.9951574 -3.1404102
0.0000000 0.0000000 0.0000000 1.0000000
0.0835877 -0.9920067 -0.0946239 20.7348539
0.9960001 0.0801298 0.0398290 119.7758673
-0.0319279 -0.0975738 0.9947457 -3.1600400
0.0000000 0.0000000 0.0000000 1.0000000
0.0864191 -0.9911814 -0.1005430 20.8321783
0.9956439 0.0823505 0.0439916 121.0059632
-0.0353233 -0.1039059 0.9939898 -3.1878864
0.0000000 0.0000000 0.0000000 1.0000000
0.0889363 -0.9903698 -0.1061867 20.9330616
0.9953600 0.0844098 0.0464406 122.3113575
-0.0370296 -0.1098235 0.9932910 -3.2275488
0.0000000 0.0000000 0.0000000 1.0000000
0.0885039 -0.9898249 -0.1114981 21.0699791
0.9954184 0.0837936 0.0462991 123.6119201
-0.0364847 -0.1150843 0.9927155 -3.2658990
0.0000000 0.0000000 0.0000000 1.0000000
0.0878199 -0.9892450 -0.1170445 21.2148452
0.9955643 0.0831447 0.0442964 124.8955673
-0.0340879 -0.1204148 0.9921683 -3.2876601
0.0000000 0.0000000 0.0000000 1.0000000
0.0823489 -0.9894984 -0.1188638 21.3512397
0.9960535 0.0777151 0.0431551 126.2514505
-0.0334639 -0.1219478 0.9920026 -3.3178536
0.0000000 0.0000000 0.0000000 1.0000000
0.0829474 -0.9894405 -0.1189306 21.4474199
0.9960542 0.0784931 0.0417092 127.5092330
-0.0319330 -0.1219202 0.9920569 -3.3454877
0.0000000 0.0000000 0.0000000 1.0000000
0.0839254 -0.9894603 -0.1180774 21.5612217
0.9959937 0.0795790 0.0411069 128.7164632
-0.0312766 -0.1210534 0.9921848 -3.3535313
0.0000000 0.0000000 0.0000000 1.0000000
0.0858581 -0.9890813 -0.1198493 21.6562640
0.9958251 0.0814064 0.0416091 129.9600690
-0.0313978 -0.1229205 0.9919512 -3.3768768
0.0000000 0.0000000 0.0000000 1.0000000
0.0872201 -0.9889698 -0.1197861 21.7870860
0.9955946 0.0823438 0.0451223 131.2280225
-0.0347604 -0.1231932 0.9918050 -3.4026227
0.0000000 0.0000000 0.0000000 1.0000000
0.0871286 -0.9890841 -0.1189055 21.9070643
0.9955410 0.0820822 0.0467475 132.4396072
-0.0364767 -0.1224475 0.9918355 -3.4181304
0.0000000 0.0000000 0.0000000 1.0000000
0.0880623 -0.9887699 -0.1208160 22.0037316
0.9954913 0.0830280 0.0461389 133.6724468
-0.0355891 -0.1243335 0.9916334 -3.4365697
0.0000000 0.0000000 0.0000000 1.0000000
0.0924654 -0.9878555 -0.1249350 22.1324289
0.9951518 0.0874196 0.0453352 134.9176403
-0.0338623 -0.1285205 0.9911595 -3.4568679
0.0000000 0.0000000 0.0000000 1.0000000
0.0944026 -0.9875554 -0.1258548 22.2583089
0.9950070 0.0894395 0.0445716 136.1192770
-0.0327600 -0.1294332 0.9910782 -3.4668902
0.0000000 0.0000000 0.0000000 1.0000000
0.0967238 -0.9871876 -0.1269721 22.3840968
0.9948120 0.0917992 0.0441323 137.3973009
-0.0319104 -0.1305811 0.9909558 -3.4837131
0.0000000 0.0000000 0.0000000 1.0000000
0.1003425 -0.9868387 -0.1268763 22.5233843
0.9944190 0.0952490 0.0456486 138.6174733
-0.0329624 -0.1307478 0.9908993 -3.4972388
0.0000000 0.0000000 0.0000000 1.0000000
0.1028262 -0.9865016 -0.1275069 22.6371708
0.9940943 0.0974060 0.0480957 139.8387754
-0.0350260 -0.1316985 0.9907024 -3.5178249
0.0000000 0.0000000 0.0000000 1.0000000
0.1045036 -0.9860900 -0.1293176 22.7560370
0.9938905 0.0988677 0.0493173 141.0618799
-0.0358455 -0.1336805 0.9904086 -3.5336134
0.0000000 0.0000000 0.0000000 1.0000000
0.1101957 -0.9850543 -0.1324488 22.8849663
0.9934052 0.1048626 0.0466474 142.3078040
-0.0320607 -0.1367147 0.9901246 -3.5586719
0.0000000 0.0000000 0.0000000 1.0000000
0.1087395 -0.9852606 -0.1321171 23.0122217
0.9936655 0.1038847 0.0431585 143.4712163
-0.0287969 -0.1359724 0.9903267 -3.5796393
0.0000000 0.0000000 0.0000000 1.0000000
0.1104753 -0.9853747 -0.1298052 23.1490445
0.9935209 0.1059267 0.0414994 144.6647588
-0.0271421 -0.1335478 0.9907036 -3.5893339
0.0000000 0.0000000 0.0000000 1.0000000
0.1108499 -0.9854606 -0.1288283 23.3080335
0.9935186 0.1065345 0.0399809 145.8743671
-0.0256744 -0.1324241 0.9908937 -3.6041746
0.0000000 0.0000000 0.0000000 1.0000000
0.1122207 -0.9855448 -0.1269826 23.4409264
0.9933546 0.1079161 0.0403482 147.0354602
-0.0260610 -0.1306655 0.9911170 -3.6182459
0.0000000 0.0000000 0.0000000 1.0000000
0.1134470 -0.9858043 -0.1238445 23.6047817
0.9932277 0.1093203 0.0396883 148.2462840
-0.0255857 -0.1275071 0.9915412 -3.6124474
0.0000000 0.0000000 0.0000000 1.0000000
0.1125100 -0.9858847 -0.1240594 23.7285947
0.9933372 0.1083963 0.0394879 149.3762613
-0.0254824 -0.1276743 0.9915227 -3.6250785
0.0000000 0.0000000 0.0000000 1.0000000
0.1122465 -0.9860959 -0.1226109 23.8738708
0.9932860 0.1078120 0.0422855 150.5364480
-0.0284781 -0.1265327 0.9915879 -3.6381829
0.0000000 0.0000000 0.0000000 1.0000000
0.1137496 -0.9863596 -0.1190562 24.0375070
0.9930796 0.1093042 0.0432895 151.6963051
-0.0296851 -0.1231551 0.9919777 -3.6501081
0.0000000 0.0000000 0.0000000 1.0000000
0.1133422 -0.9866558 -0.1169720 24.1896144
0.9931627 0.1091467 0.0417351 152.8299952
-0.0284106 -0.1209013 0.9922915 -3.6639503
0.0000000 0.0000000 0.0000000 1.0000000
0.1142965 -0.9862711 -0.1192689 24.3367755
0.9930757 0.1100928 0.0413219 153.9731019
-0.0276233 -0.1231647 0.9920359 -3.6833856
0.0000000 0.0000000 0.0000000 1.0000000
0.1170345 -0.9857144 -0.1212006 24.4960248
0.9926297 0.1121870 0.0461401 155.1615912
-0.0318833 -0.1257059 0.9915899 -3.6960901
0.0000000 0.0000000 0.0000000 1.0000000
0.1203620 -0.9850348 -0.1234470 24.6196032
0.9920648 0.1147516 0.0516596 156.3664098
-0.0367203 -0.1286839 0.9910410 -3.7248655
0.0000000 0.0000000 0.0000000 1.0000000
0.1225098 -0.9841985 -0.1279244 24.7314918
0.9918305 0.1167451 0.0516962 157.5085131
-0.0359442 -0.1332112 0.9904713 -3.7529786
0.0000000 0.0000000 0.0000000 1.0000000
0.1208224 -0.9840271 -0.1308137 24.8734337
0.9921837 0.1155123 0.0475127 158.6904651
-0.0316427 -0.1355305 0.9903028 -3.7831236
0.0000000 0.0000000 0.0000000 1.0000000
0.1257221 -0.9830583 -0.1334529 25.0137885
0.9917243 0.1209400 0.0434242 159.8120575
-0.0265482 -0.1378066 0.9901382 -3.8005259
0.0000000 0.0000000 0.0000000 1.0000000
0.1286675 -0.9824960 -0.1347796 25.1825142
0.9913946 0.1240580 0.0421313 161.0094568
-0.0246727 -0.1390395 0.9900142 -3.8235605
0.0000000 0.0000000 0.0000000 1.0000000
0.1284416 -0.9829888 -0.1313556 25.3365315
0.9914917 0.1243778 0.0387605 162.1775514
-0.0217628 -0.1352153 0.9906111 -3.8298699
0.0000000 0.0000000 0.0000000 1.0000000
0.1278403 -0.9834469 -0.1284859 25.4944383
0.9916477 0.1244156 0.0344082 163.3889855
-0.0178523 -0.1318102 0.9911487 -3.8433280
0.0000000 0.0000000 0.0000000 1.0000000
0.1269627 -0.9841091 -0.1242118 25.6300511
0.9918005 0.1239980 0.0313869 164.5858268
-0.0154854 -0.1271769 0.9917937 -3.8432352
0.0000000 0.0000000 0.0000000 1.0000000
0.1244194 -0.9848272 -0.1210567 25.7440558
0.9920715 0.1211997 0.0336762 165.7541045
-0.0184925 -0.1242855 0.9921092 -3.8482417
0.0000000 0.0000000 0.0000000 1.0000000
0.1251152 -0.9847280 -0.1211473 25.8660012
0.9918407 0.1210626 0.0403244 166.8675106
-0.0250416 -0.1252025 0.9918506 -3.8621786
0.0000000 0.0000000 0.0000000 1.0000000
0.1256718 -0.9844836 -0.1225501 26.0279639
0.9917387 0.1213984 0.0418057 168.0621578
-0.0262790 -0.1267899 0.9916175 -3.8766469
0.0000000 0.0000000 0.0000000 1.0000000
0.1263534 -0.9842468 -0.1237465 26.1693211
0.9916925 0.1222258 0.0404687 169.2659424
-0.0247056 -0.1278302 0.9915246 -3.8801024
0.0000000 0.0000000 0.0000000 1.0000000
0.1264506 -0.9839940 -0.1256441 26.3209969
0.9916986 0.1223414 0.0399721 170.3190164
-0.0239603 -0.1296539 0.9913063 -3.8964120
0.0000000 0.0000000 0.0000000 1.0000000
0.1274481 -0.9841816 -0.1231425 26.4792116
0.9915461 0.1233020 0.0407949 171.4468136
-0.0249653 -0.1272991 0.9915864 -3.9078047
0.0000000 0.0000000 0.0000000 1.0000000
0.1283258 -0.9841826 -0.1222169 26.6487278
0.9914576 0.1243363 0.0398026 172.6010025
-0.0239765 -0.1262789 0.9917412 -3.9077528
0.0000000 0.0000000 0.0000000 1.0000000
0.1306001 -0.9836363 -0.1241914 26.7930845
0.9911968 0.1267078 0.0388148 173.7555789
-0.0224431 -0.1281656 0.9915353 -3.9131391
0.0000000 0.0000000 0.0000000 1.0000000
0.1308626 -0.9834970 -0.1250171 26.9267808
0.9911255 0.1267327 0.0405100 174.8107012
-0.0239972 -0.1292072 0.9913633 -3.9236770
0.0000000 0.0000000 0.0000000 1.0000000
0.1325933 -0.9832208 -0.1253654 27.0797162
0.9908637 0.1282649 0.0420668 175.8910276
-0.0252805 -0.1297962 0.9912547 -3.9200481
0.0000000 0.0000000 0.0000000 1.0000000
0.1332523 -0.9828726 -0.1273791 27.2588282
0.9907746 0.1288290 0.0424324 176.9878703
-0.0252951 -0.1318566 0.9909817 -3.9255721
0.0000000 0.0000000 0.0000000 1.0000000
0.1349424 -0.9825625 -0.1279926 27.4031910
0.9905177 0.1303292 0.0438360 178.0253317
-0.0263899 -0.1326926 0.9908421 -3.9282201
0.0000000 0.0000000 0.0000000 1.0000000
0.1341852 -0.9826787 -0.1278980 27.5476416
0.9905937 0.1294540 0.0446910 179.0111069
-0.0273594 -0.1326903 0.9908157 -3.9245562
0.0000000 0.0000000 0.0000000 1.0000000
0.1362850 -0.9822095 -0.1292751 27.6727241
0.9903392 0.1316306 0.0439692 179.9741779
-0.0261698 -0.1340171 0.9906697 -3.9257142
0.0000000 0.0000000 0.0000000 1.0000000
0.1372145 -0.9817671 -0.1316322 27.7761382
0.9902197 0.1324902 0.0440812 180.8914011
-0.0258370 -0.1363918 0.9903544 -3.9236649
0.0000000 0.0000000 0.0000000 1.0000000
0.1369506 -0.9817306 -0.1321776 27.9273790
0.9902574 0.1322105 0.0440748 181.7869219
-0.0257938 -0.1369245 0.9902817 -3.9286349
0.0000000 0.0000000 0.0000000 1.0000000
0.1370886 -0.9817846 -0.1316350 28.0821503
0.9902484 0.1324261 0.0436251 182.6938065
-0.0253980 -0.1363304 0.9903742 -3.9251814
0.0000000 0.0000000 0.0000000 1.0000000
0.1334100 -0.9826611 -0.1288466 28.2324603
0.9907869 0.1291045 0.0412889 183.5926445
-0.0239377 -0.1331664 0.9908408 -3.9184018
0.0000000 0.0000000 0.0000000 1.0000000
0.1262040 -0.9834769 -0.1298810 28.3643258
0.9917683 0.1221449 0.0388322 184.4945625
-0.0223257 -0.1337112 0.9908056 -3.9170100
0.0000000 0.0000000 0.0000000 1.0000000
0.1182201 -0.9840279 -0.1331790 28.4644459
0.9927887 0.1143483 0.0364242 185.4242196
-0.0206130 -0.1365233 0.9904595 -3.9236052
0.0000000 0.0000000 0.0000000 1.0000000
0.1171641 -0.9840357 -0.1340525 28.5915833
0.9929374 0.1134303 0.0352269 186.2910018
-0.0194583 -0.1372316 0.9903853 -3.9316995
0.0000000 0.0000000 0.0000000 1.0000000
0.1146785 -0.9840736 -0.1359120 28.6730969
0.9932142 0.1108121 0.0357467 187.1737749
-0.0201161 -0.1390877 0.9901132 -3.9485745
0.0000000 0.0000000 0.0000000 1.0000000
0.1149690 -0.9841265 -0.1352822 28.8027254
0.9931529 0.1109374 0.0370395 188.0663511
-0.0214430 -0.1386130 0.9901519 -3.9534894
