1.0000000 0.0000000 0.0000000 0.0000000
0.0000000 1.0000000 0.0000000 0.0000000
0.0000000 0.0000000 1.0000000 0.0000000
0.0000000 0.0000000 0.0000000 1.0000000
0.9999902 0.0044373 -0.0003689 0.1829326
-0.0044380 0.9999890 -0.0016710 -0.0601127
0.0003615 0.0016726 0.9999990 -0.0069911
0.0000000 0.0000000 0.0000000 1.0000000
0.9999932 0.0035711 -0.0012911 0.4848870
-0.0035755 0.9999896 -0.0030580 -0.0490697
0.0012801 0.0030626 0.9999959 -0.0071355
0.0000000 0.0000000 0.0000000 1.0000000
0.9999943 0.0024879 -0.0024694 0.6663610
-0.0025016 0.9999834 -0.0053449 -0.0104727
0.0024560 0.0053511 0.9999844 -0.0099579
0.0000000 0.0000000 0.0000000 1.0000000
0.9999752 -0.0057715 -0.0042444 1.0003651
0.0057306 0.9999395 -0.0094906 0.0317272
0.0042988 0.0094660 0.9999484 -0.0105835
0.0000000 0.0000000 0.0000000 1.0000000
0.9998159 -0.0186276 -0.0048243 1.0414164
0.0185742 0.9997701 -0.0108301 0.0291752
0.0050249 0.0107385 0.9999327 -0.0173938
0.0000000 0.0000000 0.0000000 1.0000000
0.9993219 -0.0365236 -0.0048714 1.2615050
0.0364731 0.9992853 -0.0100296 0.0796587
0.0052342 0.0098451 0.9999407 -0.0155417
0.0000000 0.0000000 0.0000000 1.0000000
0.9984526 -0.0552686 -0.0063298 1.5904600
0.0552226 0.9984484 -0.0072512 0.1096298
0.0067207 0.0068904 0.9999565 -0.0186031
0.0000000 0.0000000 0.0000000 1.0000000
0.9971834 -0.0745592 -0.0082367 1.8619620
0.0745261 0.9972106 -0.0042523 0.1150138
0.0085307 0.0036265 0.9999596 -0.0212000
0.0000000 0.0000000 0.0000000 1.0000000
0.9952975 -0.0964730 -0.0088368 2.1006892
0.0964399 0.9953313 -0.0040935 0.1557842
0.0091904 0.0032220 0.9999558 -0.0262914
0.0000000 0.0000000 0.0000000 1.0000000
0.9933612 -0.1147124 -0.0088270 2.3881643
0.1146605 0.9933866 -0.0061866 0.1771048
0.0094782 0.0051334 0.9999458 -0.0253729
0.0000000 0.0000000 0.0000000 1.0000000
0.9905454 -0.1369197 -0.0087127 2.7620325
0.1368719 0.9905724 -0.0058738 0.2181685
0.0094348 0.0046258 0.9999488 -0.0209764
0.0000000 0.0000000 0.0000000 1.0000000
0.9878208 -0.1553435 -0.0090538 3.1247356
0.1552955 0.9878524 -0.0057758 0.3151142
0.0098410 0.0042994 0.9999467 -0.0180851
0.0000000 0.0000000 0.0000000 1.0000000
0.9848115 -0.1734262 -0.0085926 3.4707442
0.1733807 0.9848395 -0.0057705 0.4279952
0.0094630 0.0041931 0.9999515 -0.0150812
0.0000000 0.0000000 0.0000000 1.0000000
0.9830640 -0.1830624 -0.0087943 3.7953648
0.1830102 0.9830920 -0.0063975 0.5507222
0.0098166 0.0046797 0.9999461 -0.0095831
0.0000000 0.0000000 0.0000000 1.0000000
0.9802697 -0.1974663 -0.0090678 4.2042860
0.1974068 0.9802983 -0.0070204 0.6335332
0.0102753 0.0050918 0.9999397 -0.0073457
0.0000000 0.0000000 0.0000000 1.0000000
0.9782007 -0.2074110 -0.0103913 4.6692336
0.2073058 0.9782229 -0.0103559 0.7187639
0.0123129 0.0079760 0.9998976 0.0018624
0.0000000 0.0000000 0.0000000 1.0000000
0.9767318 -0.2141040 -0.0125958 5.0465894
0.2139669 0.9767766 -0.0113840 0.8500263
0.0147406 0.0084240 0.9998618 0.0053292
0.0000000 0.0000000 0.0000000 1.0000000
0.9743258 -0.2247095 -0.0141130 5.4868537
0.2245576 0.9743950 -0.0115398 0.9702924
0.0163446 0.0080743 0.9998403 0.0054500
0.0000000 0.0000000 0.0000000 1.0000000
0.9727852 -0.2310552 -0.0175269 5.9810114
0.2308385 0.9729009 -0.0135114 1.1167666
0.0201737 0.0090978 0.9997618 0.0140886
0.0000000 0.0000000 0.0000000 1.0000000
0.9707804 -0.2393040 -0.0180105 6.4640454
0.2390125 0.9708725 -0.0168947 1.2244168
0.0215287 0.0120964 0.9997025 0.0222485
0.0000000 0.0000000 0.0000000 1.0000000
0.9679054 -0.2506633 -0.0182301 6.9733190
0.2502682 0.9679420 -0.0214405 1.3381388
0.0230200 0.0161900 0.9996113 0.0326390
0.0000000 0.0000000 0.0000000 1.0000000
0.9652496 -0.2606038 -0.0195924 7.3842603
0.2601695 0.9653109 -0.0221763 1.4907711
0.0246919 0.0163083 0.9995692 0.0477333
0.0000000 0.0000000 0.0000000 1.0000000
0.9620440 -0.2718658 -0.0237867 7.9083173
0.2714608 0.9622665 -0.0189050 1.6527912
0.0280286 0.0117303 0.9995457 0.0494777
0.0000000 0.0000000 0.0000000 1.0000000
0.9588283 -0.2826859 -0.0272541 8.4233121
0.2823296 0.9591832 -0.0162096 1.8254217
0.0307238 0.0078476 0.9995048 0.0608609
0.0000000 0.0000000 0.0000000 1.0000000
0.9558541 -0.2924835 -0.0283098 8.9568534
0.2920652 0.9562314 -0.0180096 1.9813185
0.0323381 0.0089463 0.9994444 0.0795334
0.0000000 0.0000000 0.0000000 1.0000000
0.9532780 -0.3006463 -0.0296091 9.5306622
0.3001702 0.9536896 -0.0194686 2.1571767
0.0340909 0.0096712 0.9993790 0.1054411
0.0000000 0.0000000 0.0000000 1.0000000
0.9511181 -0.3071925 -0.0317952 10.0572790
0.3066916 0.9516082 -0.0196783 2.3743901
0.0363015 0.0089651 0.9993078 0.1275656
0.0000000 0.0000000 0.0000000 1.0000000
0.9480563 -0.3160965 -0.0357269 10.6553046
0.3155778 0.9487031 -0.0194533 2.6043285
0.0400432 0.0071683 0.9991798 0.1487566
0.0000000 0.0000000 0.0000000 1.0000000
0.9447217 -0.3255501 -0.0390221 11.2454463
0.3249967 0.9455080 -0.0199302 2.8168045
0.0433838 0.0061465 0.9990478 0.1743893
0.0000000 0.0000000 0.0000000 1.0000000
0.9425415 -0.3310315 -0.0451489 11.8023547
0.3304482 0.9436144 -0.0200263 3.0244925
0.0492324 0.0039563 0.9987876 0.2048546
0.0000000 0.0000000 0.0000000 1.0000000
0.9398941 -0.3374160 -0.0524885 12.3865003
0.3368391 0.9413578 -0.0197410 3.2579344
0.0560714 0.0008743 0.9984349 0.2335911
0.0000000 0.0000000 0.0000000 1.0000000
0.9378230 -0.3420029 -0.0594012 12.9683881
0.3414632 0.9396992 -0.0193271 3.4822604
0.0624292 -0.0021579 0.9980564 0.2683547
0.0000000 0.0000000 0.0000000 1.0000000
0.9356382 -0.3463182 -0.0682057 13.5664242
0.3458555 0.9381010 -0.0188625 3.7291958
0.0705163 -0.0059408 0.9975025 0.3050321
0.0000000 0.0000000 0.0000000 1.0000000
0.9330042 -0.3521783 -0.0740336 14.1487045
0.3518440 0.9358893 -0.0179489 3.9835949
0.0756085 -0.0093018 0.9971040 0.3484315
0.0000000 0.0000000 0.0000000 1.0000000
0.9304458 -0.3576810 -0.0796337 14.7176759
0.3574814 0.9337638 -0.0172410 4.2186916
0.0805259 -0.0124258 0.9966845 0.3900702
0.0000000 0.0000000 0.0000000 1.0000000
0.9277782 -0.3631973 -0.0855674 15.2920377
0.3632326 0.9315688 -0.0157094 4.4937701
0.0854176 -0.0165061 0.9962182 0.4432404
0.0000000 0.0000000 0.0000000 1.0000000
0.9231399 -0.3735311 -0.0910671 15.9227481
0.3739385 0.9273625 -0.0131888 4.7600219
0.0893787 -0.0218785 0.9957669 0.4977671
0.0000000 0.0000000 0.0000000 1.0000000
0.9200788 -0.3800030 -0.0951806 16.6052190
0.3807294 0.9246223 -0.0111227 5.0887365
0.0922329 -0.0260043 0.9954075 0.5621754
0.0000000 0.0000000 0.0000000 1.0000000
0.9167501 -0.3874143 -0.0973979 17.2389817
0.3884494 0.9214301 -0.0088795 5.3820800
0.0931855 -0.0296939 0.9952157 0.6234091
0.0000000 0.0000000 0.0000000 1.0000000
0.9146261 -0.3925186 -0.0969285 17.8822315
0.3938069 0.9191748 -0.0062677 5.7172043
0.0915544 -0.0324386 0.9952816 0.6971263
0.0000000 0.0000000 0.0000000 1.0000000
0.9119149 -0.3992507 -0.0949622 18.5750479
0.4005931 0.9162436 -0.0053177 6.0259344
0.0891317 -0.0331919 0.9954771 0.7647567
0.0000000 0.0000000 0.0000000 1.0000000
0.9093562 -0.4054285 -0.0933078 19.2845896
0.4067017 0.9135452 -0.0058062 6.3530029
0.0875950 -0.0326686 0.9956305 0.8330500
0.0000000 0.0000000 0.0000000 1.0000000
0.9062908 -0.4129133 -0.0902634 20.0034192
0.4142225 0.9101669 -0.0046011 6.6967401
0.0840547 -0.0332192 0.9959180 0.9025837
0.0000000 0.0000000 0.0000000 1.0000000
0.9007082 -0.4260343 -0.0850189 20.7231901
0.4274162 0.9040554 -0.0021550 7.0584022
0.0777800 -0.0343974 0.9963882 0.9631844
0.0000000 0.0000000 0.0000000 1.0000000
0.8965464 -0.4355424 -0.0807199 21.4320851
0.4370004 0.8994642 0.0004307 7.4276723
0.0724171 -0.0356608 0.9967479 1.0285151
0.0000000 0.0000000 0.0000000 1.0000000
0.8926780 -0.4438217 -0.0784666 22.1494248
0.4454193 0.8953194 0.0032132 7.8370587
0.0688266 -0.0378189 0.9969229 1.0917456
0.0000000 0.0000000 0.0000000 1.0000000
0.8897839 -0.4497836 -0.0773864 22.8612155
0.4514779 0.8922716 0.0049952 8.2249105
0.0668029 -0.0393829 0.9970005 1.1493881
0.0000000 0.0000000 0.0000000 1.0000000
0.8859553 -0.4574171 -0.0765656 23.5860843
0.4591924 0.8883168 0.0064021 8.6168273
0.0650861 -0.0408303 0.9970556 1.2049113
0.0000000 0.0000000 0.0000000 1.0000000
0.8825647 -0.4640609 -0.0757392 24.2884476
0.4658669 0.8848291 0.0071409 9.0013861
0.0637025 -0.0415866 0.9971138 1.2572002
0.0000000 0.0000000 0.0000000 1.0000000
0.8781542 -0.4725274 -0.0746483 25.0217277
0.4743782 0.8802859 0.0082552 9.4220064
0.0618110 -0.0426608 0.9971879 1.3096455
0.0000000 0.0000000 0.0000000 1.0000000
0.8745720 -0.4795785 -0.0716798 25.7749878
0.4812538 0.8765559 0.0071427 9.8278485
0.0594057 -0.0407430 0.9974145 1.3610355
0.0000000 0.0000000 0.0000000 1.0000000
0.8705062 -0.4874389 -0.0680596 26.5334168
0.4890113 0.8722479 0.0076051 10.2727159
0.0556577 -0.0399022 0.9976649 1.4118646
0.0000000 0.0000000 0.0000000 1.0000000
0.8656016 -0.4966099 -0.0642068 27.2882350
0.4981440 0.8670461 0.0094749 10.7041768
0.0509648 -0.0401857 0.9979044 1.4591384
0.0000000 0.0000000 0.0000000 1.0000000
0.8611801 -0.5048057 -0.0595798 28.0419917
0.5062071 0.8623545 0.0102753 11.1670993
0.0461918 -0.0390086 0.9981834 1.5081162
0.0000000 0.0000000 0.0000000 1.0000000
0.8551710 -0.5150693 -0.0582770 28.8197484
0.5164253 0.8562770 0.0100991 11.6373258
0.0446993 -0.0387321 0.9982629 1.5549106
0.0000000 0.0000000 0.0000000 1.0000000
0.8509247 -0.5222997 -0.0560377 29.5529746
0.5235359 0.8519591 0.0091011 12.1195485
0.0429881 -0.0370820 0.9984006 1.5898488
0.0000000 0.0000000 0.0000000 1.0000000
0.8484090 -0.5266386 -0.0535131 30.3387590
0.5277883 0.8493307 0.0091186 12.6168287
0.0406480 -0.0359798 0.9985384 1.6232430
0.0000000 0.0000000 0.0000000 1.0000000
0.8454047 -0.5315718 -0.0522763 31.1329953
0.5326873 0.8462656 0.0092405 13.1248963
0.0393274 -0.0356588 0.9986036 1.6621862
0.0000000 0.0000000 0.0000000 1.0000000
0.8427911 -0.5359310 -0.0499189 31.9033086
0.5368636 0.8436481 0.0064973 13.6412094
0.0386316 -0.0322753 0.9987460 1.6956523
0.0000000 0.0000000 0.0000000 1.0000000
0.8403439 -0.5397731 -0.0497746 32.7068815
0.5407340 0.8411664 0.0072665 14.1610441
0.0379462 -0.0330210 0.9987479 1.7327798
0.0000000 0.0000000 0.0000000 1.0000000
0.8380490 -0.5431891 -0.0512889 33.5125808
0.5442704 0.8388662 0.0089650 14.7081473
0.0381546 -0.0354280 0.9986579 1.7702456
0.0000000 0.0000000 0.0000000 1.0000000
0.8383657 -0.5426553 -0.0517636 34.3254618
0.5437411 0.8392129 0.0086620 15.2526490
0.0387399 -0.0354078 0.9986365 1.8058988
0.0000000 0.0000000 0.0000000 1.0000000
0.8356124 -0.5469900 -0.0506560 35.1768974
0.5479797 0.8364669 0.0070562 15.8044292
0.0385121 -0.0336545 0.9987068 1.8456432
0.0000000 0.0000000 0.0000000 1.0000000
0.8359305 -0.5465385 -0.0502845 35.9944850
0.5474863 0.8367962 0.0062986 16.3420744
0.0386351 -0.0327950 0.9987310 1.8819580
0.0000000 0.0000000 0.0000000 1.0000000
0.8360997 -0.5463582 -0.0494239 36.8395463
0.5471906 0.8370040 0.0040519 16.9036659
0.0391539 -0.0304319 0.9987861 1.9245679
0.0000000 0.0000000 0.0000000 1.0000000
0.8340175 -0.5495766 -0.0489220 37.6807033
0.5503754 0.8349158 0.0034939 17.4603934
0.0389252 -0.0298392 0.9988131 1.9657098
0.0000000 0.0000000 0.0000000 1.0000000
0.8331594 -0.5510036 -0.0474675 38.5419360
0.5517501 0.8340093 0.0032148 18.0611353
0.0378165 -0.0288684 0.9988843 2.0082383
0.0000000 0.0000000 0.0000000 1.0000000
0.8296478 -0.5565718 -0.0438767 39.4442305
0.5572522 0.8303395 0.0040685 18.6777799
0.0341677 -0.0278256 0.9990456 2.0506349
0.0000000 0.0000000 0.0000000 1.0000000
0.8261196 -0.5620750 -0.0401399 40.3031282
0.5626833 0.8266645 0.0048548 19.2959700
0.0304530 -0.0265965 0.9991994 2.0870489
0.0000000 0.0000000 0.0000000 1.0000000
0.8238477 -0.5655307 -0.0382501 41.1099741
0.5661081 0.8243191 0.0054057 19.8810204
0.0284728 -0.0261069 0.9992705 2.1235063
0.0000000 0.0000000 0.0000000 1.0000000
0.8172415 -0.5749903 -0.0389212 41.9703408
0.5755308 0.8177786 0.0033633 20.4947330
0.0298947 -0.0251487 0.9992530 2.1613185
0.0000000 0.0000000 0.0000000 1.0000000
0.8115210 -0.5828395 -0.0417605 42.8093564
0.5833478 0.8122282 -0.0000223 21.0870893
0.0339317 -0.0243425 0.9991441 2.2065537
0.0000000 0.0000000 0.0000000 1.0000000
0.8059273 -0.5905230 -0.0421464 43.6347539
0.5910654 0.8066294 0.0004993 21.7308464
0.0337012 -0.0253134 0.9991284 2.2408610
0.0000000 0.0000000 0.0000000 1.0000000
0.7984522 -0.6006958 -0.0406426 44.4814027
0.6013438 0.7989820 0.0048645 22.3595989
0.0295501 -0.0283240 0.9991794 2.2791640
0.0000000 0.0000000 0.0000000 1.0000000
0.7936892 -0.6070704 -0.0391936 45.2930707
0.6077974 0.7940456 0.0091646 23.0094165
0.0255575 -0.0310953 0.9992073 2.3203571
0.0000000 0.0000000 0.0000000 1.0000000
0.7905648 -0.6109502 -0.0419577 46.1241095
0.6117937 0.7909591 0.0101088 23.6818260
0.0270104 -0.0336608 0.9990863 2.3518157
0.0000000 0.0000000 0.0000000 1.0000000
0.7854468 -0.6172656 -0.0454897 46.9488139
0.6182115 0.7859632 0.0092861 24.3339135
0.0300207 -0.0354157 0.9989396 2.3878195
0.0000000 0.0000000 0.0000000 1.0000000
0.7828160 -0.6200536 -0.0523974 47.7357624
0.6212388 0.7835800 0.0086416 24.9760777
0.0356989 -0.0393159 0.9986069 2.4283791
0.0000000 0.0000000 0.0000000 1.0000000
0.7791002 -0.6245105 -0.0547950 48.5721536
0.6258049 0.7799358 0.0088559 25.6564472
0.0372056 -0.0411904 0.9984763 2.4730169
0.0000000 0.0000000 0.0000000 1.0000000
0.7772451 -0.6270487 -0.0520897 49.3958943
0.6282723 0.7779371 0.0099076 26.3492068
0.0343095 -0.0404269 0.9986117 2.5197114
0.0000000 0.0000000 0.0000000 1.0000000
0.7732483 -0.6323103 -0.0477938 50.2025497
0.6334766 0.7736507 0.0135142 27.0095270
0.0284300 -0.0407258 0.9987846 2.5653534
0.0000000 0.0000000 0.0000000 1.0000000
0.7697570 -0.6366734 -0.0461984 50.9884217
0.6378327 0.7700232 0.0156179 27.7003127
0.0256298 -0.0414885 0.9988286 2.6039344
0.0000000 0.0000000 0.0000000 1.0000000
0.7659996 -0.6410295 -0.0483675 51.7945766
0.6423333 0.7662314 0.0175494 28.3603785
0.0258105 -0.0445107 0.9986944 2.6392909
0.0000000 0.0000000 0.0000000 1.0000000
0.7617498 -0.6458209 -0.0516327 52.5913361
0.6472602 0.7620864 0.0170005 29.0595118
0.0283688 -0.0463696 0.9985402 2.6732607
0.0000000 0.0000000 0.0000000 1.0000000
0.7556555 -0.6527107 -0.0544723 53.4010488
0.6542579 0.7561095 0.0159907 29.7596216
0.0307493 -0.0477221 0.9984063 2.7118714
0.0000000 0.0000000 0.0000000 1.0000000
0.7506095 -0.6585349 -0.0541406 54.1641018
0.6600103 0.7511321 0.0140697 30.4451358
0.0314008 -0.0462939 0.9984534 2.7444923
0.0000000 0.0000000 0.0000000 1.0000000
0.7462535 -0.6634395 -0.0544756 54.9282342
0.6649379 0.7467712 0.0141846 31.1636377
0.0312697 -0.0468078 0.9984337 2.7838607
0.0000000 0.0000000 0.0000000 1.0000000
0.7399744 -0.6704073 -0.0548288 55.7156381
0.6719520 0.7404507 0.0149807 31.8768032
0.0305544 -0.0479273 0.9984031 2.8271390
0.0000000 0.0000000 0.0000000 1.0000000
0.7345009 -0.6764257 -0.0545072 56.4773724
0.6779448 0.7349772 0.0145089 32.6119843
0.0302469 -0.0476093 0.9984281 2.8701640
0.0000000 0.0000000 0.0000000 1.0000000
0.7259498 -0.6854799 -0.0559330 57.2363715
0.6870640 0.7264659 0.0141901 33.3367118
0.0309059 -0.0487305 0.9983537 2.9114737
0.0000000 0.0000000 0.0000000 1.0000000
0.7179598 -0.6937232 -0.0574100 58.0093509
0.6953823 0.7185103 0.0140473 34.0665495
0.0315043 -0.0500069 0.9982717 2.9501252
0.0000000 0.0000000 0.0000000 1.0000000
0.7091492 -0.7026708 -0.0580959 58.7751555
0.7043864 0.7096756 0.0145358 34.8441892
0.0310150 -0.0512296 0.9982253 2.9935396
0.0000000 0.0000000 0.0000000 1.0000000
0.7040887 -0.7076396 -0.0593260 59.5283982
0.7094247 0.7046382 0.0145899 35.5768115
0.0314786 -0.0523595 0.9981524 3.0379784
0.0000000 0.0000000 0.0000000 1.0000000
0.6962720 -0.7153615 -0.0589748 60.2541115
0.7171393 0.6967820 0.0147565 36.3517602
0.0305359 -0.0525672 0.9981713 3.0792222
0.0000000 0.0000000 0.0000000 1.0000000
0.6900211 -0.7215288 -0.0572912 61.0080867
0.7232413 0.6904327 0.0153887 37.1273227
0.0284519 -0.0520534 0.9982605 3.1173996
0.0000000 0.0000000 0.0000000 1.0000000
0.6857321 -0.7257451 -0.0555083 61.7071205
0.7273324 0.6861495 0.0141052 37.9098128
0.0278497 -0.0500448 0.9983809 3.1549914
0.0000000 0.0000000 0.0000000 1.0000000
0.6778014 -0.7330992 -0.0562712 62.4511989
0.7347333 0.6782157 0.0142423 38.6989004
0.0277225 -0.0509973 0.9983363 3.1957206
0.0000000 0.0000000 0.0000000 1.0000000
0.6680998 -0.7419738 -0.0559751 63.1603645
0.7435694 0.6685378 0.0131988 39.5326910
0.0276278 -0.0504390 0.9983673 3.2345339
0.0000000 0.0000000 0.0000000 1.0000000
0.6602248 -0.7488085 -0.0583526 63.8767470
0.7505620 0.6606554 0.0142769 40.3433263
0.0278598 -0.0532227 0.9982166 3.2656926
0.0000000 0.0000000 0.0000000 1.0000000
0.6531045 -0.7550108 -0.0585622 64.5900284
0.7568164 0.6534504 0.0156396 41.1752962
0.0264589 -0.0545345 0.9981844 3.2990677
0.0000000 0.0000000 0.0000000 1.0000000
0.6476540 -0.7597186 -0.0582096 65.2984421
0.7615352 0.6479174 0.0167428 42.0024148
0.0249946 -0.0551716 0.9981872 3.3319278
0.0000000 0.0000000 0.0000000 1.0000000
0.6434121 -0.7630408 -0.0616857 66.0113070
0.7651042 0.6436475 0.0185890 42.8484515
0.0255192 -0.0591560 0.9979447 3.3725138
0.0000000 0.0000000 0.0000000 1.0000000
0.6353258 -0.7696212 -0.0637182 66.7067834
0.7717968 0.6356212 0.0181006 43.7257708
0.0265695 -0.0606768 0.9978263 3.4089061
0.0000000 0.0000000 0.0000000 1.0000000
0.6301410 -0.7737109 -0.0656456 67.4166481
0.7759767 0.6305429 0.0169776 44.6094606
0.0282562 -0.0616372 0.9977212 3.4490529
0.0000000 0.0000000 0.0000000 1.0000000
0.6242897 -0.7782924 -0.0673728 68.1186692
0.7806787 0.6247031 0.0173011 45.5129329
0.0286223 -0.0633969 0.9976008 3.4867289
0.0000000 0.0000000 0.0000000 1.0000000
0.6191409 -0.7825896 -0.0650648 68.8075208
0.7848694 0.6193897 0.0186711 46.3817496
0.0256882 -0.0626269 0.9977291 3.5174171
0.0000000 0.0000000 0.0000000 1.0000000
0.6145162 -0.7862583 -0.0646821 69.4847367
0.7885480 0.6146582 0.0199994 47.2747624
0.0240321 -0.0632944 0.9977288 3.5543041
0.0000000 0.0000000 0.0000000 1.0000000
0.6079957 -0.7913405 -0.0643260 70.1796393
0.7936146 0.6080940 0.0202597 48.1728120
0.0230834 -0.0633674 0.9977471 3.5912543
0.0000000 0.0000000 0.0000000 1.0000000
0.6031033 -0.7949721 -0.0655938 70.8593557
0.7973354 0.6031966 0.0205753 49.0750771
0.0232086 -0.0647087 0.9976585 3.6187220
0.0000000 0.0000000 0.0000000 1.0000000
0.5989818 -0.7981138 -0.0652129 71.5240617
0.8004779 0.5989806 0.0217078 49.9674423
0.0217354 -0.0652035 0.9976601 3.6491927
0.0000000 0.0000000 0.0000000 1.0000000
0.5927209 -0.8028262 -0.0645729 72.1670556
0.8051235 0.5927630 0.0205451 50.8846111
0.0217817 -0.0641660 0.9977268 3.6786143
0.0000000 0.0000000 0.0000000 1.0000000
0.5864997 -0.8074696 -0.0634704 72.8106863
0.8096655 0.5865942 0.0190604 51.8026553
0.0218402 -0.0625680 0.9978271 3.7085746
0.0000000 0.0000000 0.0000000 1.0000000
0.5819024 -0.8108203 -0.0630685 73.5086838
0.8129140 0.5821858 0.0156442 52.7737318
0.0240324 -0.0603720 0.9979121 3.7432605
0.0000000 0.0000000 0.0000000 1.0000000
0.5816001 -0.8111578 -0.0615016 73.5310514
0.8131494 0.5818674 0.0152738 52.8043092
0.0233958 -0.0588924 0.9980163 3.7233078
0.0000000 0.0000000 0.0000000 1.0000000
0.5717802 -0.8183012 -0.0588924 74.2038554
0.8201129 0.5720463 0.0138632 53.7321686
0.0223444 -0.0562244 0.9981939 3.7576500
0.0000000 0.0000000 0.0000000 1.0000000
0.5649631 -0.8231840 -0.0565937 74.8664276
0.8248269 0.5652739 0.0118513 54.6752502
0.0222346 -0.0533747 0.9983531 3.7902128
0.0000000 0.0000000 0.0000000 1.0000000
0.5558114 -0.8295147 -0.0547486 75.5108239
0.8310803 0.5560212 0.0126839 55.6103987
0.0199194 -0.0525494 0.9984461 3.8285259
0.0000000 0.0000000 0.0000000 1.0000000
0.5454765 -0.8364972 -0.0524076 76.1665222
0.8379582 0.5455819 0.0134876 56.6201505
0.0173098 -0.0512716 0.9985618 3.8516085
0.0000000 0.0000000 0.0000000 1.0000000
0.5349739 -0.8432479 -0.0524865 76.8085279
0.8447318 0.5350065 0.0145620 57.6321615
0.0158007 -0.0521263 0.9985428 3.8840318
0.0000000 0.0000000 0.0000000 1.0000000
0.5306387 -0.8458117 -0.0551730 76.7909511
0.8474647 0.5306213 0.0161324 57.6644278
0.0156305 -0.0553167 0.9983738 3.8396691
0.0000000 0.0000000 0.0000000 1.0000000
0.5191346 -0.8528736 -0.0559008 77.4079515
0.8545363 0.5192120 0.0142254 58.6844951
0.0168914 -0.0551532 0.9983626 3.8701160
0.0000000 0.0000000 0.0000000 1.0000000
0.5086941 -0.8590963 -0.0565934 78.0347353
0.8608130 0.5087132 0.0151000 59.7022050
0.0158169 -0.0563966 0.9983111 3.8965831
0.0000000 0.0000000 0.0000000 1.0000000
0.4997195 -0.8644194 -0.0554832 78.6418833
0.8660806 0.4996796 0.0155365 60.6826164
0.0142932 -0.0558157 0.9983671 3.9262523
0.0000000 0.0000000 0.0000000 1.0000000
0.4881567 -0.8710498 -0.0547189 79.2499370
0.8726816 0.4880235 0.0166291 61.7455775
0.0122188 -0.0558686 0.9983919 3.9562630
0.0000000 0.0000000 0.0000000 1.0000000
0.4770018 -0.8772451 -0.0541230 79.8088519
0.8788308 0.4768928 0.0156933 62.7741438
0.0120434 -0.0550495 0.9984396 3.9762810
0.0000000 0.0000000 0.0000000 1.0000000
0.4655459 -0.8832578 -0.0560507 80.3926530
0.8849547 0.4654147 0.0161263 63.8306629
0.0118426 -0.0571088 0.9983261 4.0045658
0.0000000 0.0000000 0.0000000 1.0000000
0.4551654 -0.8885639 -0.0574205 80.9273882
0.8903255 0.4550920 0.0150662 64.8692820
0.0127438 -0.0579795 0.9982643 4.0221071
0.0000000 0.0000000 0.0000000 1.0000000
0.4431499 -0.8945525 -0.0584227 81.4195931
0.8963615 0.4431139 0.0142351 65.8827290
0.0131534 -0.0586750 0.9982194 4.0410454
0.0000000 0.0000000 0.0000000 1.0000000
0.4312892 -0.9003421 -0.0582516 81.9191564
0.9021567 0.4311420 0.0156785 66.9401654
0.0109983 -0.0593130 0.9982077 4.0649872
0.0000000 0.0000000 0.0000000 1.0000000
0.4217885 -0.9048622 -0.0577785 82.3955253
0.9066538 0.4215807 0.0162932 67.9954492
0.0096147 -0.0592562 0.9982259 4.0780775
0.0000000 0.0000000 0.0000000 1.0000000
0.4154347 -0.9079644 -0.0550847 82.9131738
0.9096033 0.4151454 0.0170955 69.1431250
0.0073456 -0.0572061 0.9983647 4.0974878
0.0000000 0.0000000 0.0000000 1.0000000
0.4066416 -0.9118891 -0.0558664 83.4048300
0.9135752 0.4063006 0.0178047 70.2144497
0.0064621 -0.0582770 0.9983097 4.1153966
0.0000000 0.0000000 0.0000000 1.0000000
0.3950978 -0.9169622 -0.0556679 83.9021623
0.9186118 0.3949026 0.0148873 71.3419857
0.0083319 -0.0570179 0.9983691 4.1332165
0.0000000 0.0000000 0.0000000 1.0000000
0.3882875 -0.9199264 -0.0546783 84.3755200
0.9215048 0.3881626 0.0132787 72.4384409
0.0090083 -0.0555410 0.9984470 4.1560418
0.0000000 0.0000000 0.0000000 1.0000000
0.3794507 -0.9236468 -0.0539985 84.8354579
0.9251604 0.3794532 0.0105660 73.5392236
0.0107303 -0.0539652 0.9985170 4.1743242
0.0000000 0.0000000 0.0000000 1.0000000
0.3739172 -0.9259476 -0.0531906 85.3126291
0.9273870 0.3740462 0.0078395 74.6934338
0.0126365 -0.0522581 0.9985860 4.1981749
0.0000000 0.0000000 0.0000000 1.0000000
0.3718939 -0.9269104 -0.0505374 85.7112699
0.9282122 0.3719972 0.0076517 75.7521113
0.0117070 -0.0497536 0.9987251 4.2189113
0.0000000 0.0000000 0.0000000 1.0000000
0.3683665 -0.9284971 -0.0471342 86.1647165
0.9296418 0.3683940 0.0083745 76.9153411
0.0095879 -0.0469013 0.9988857 4.2441017
0.0000000 0.0000000 0.0000000 1.0000000
0.3631753 -0.9307830 -0.0420587 86.6074265
0.9317068 0.3631183 0.0092159 78.0584788
0.0066939 -0.0425319 0.9991046 4.2676770
0.0000000 0.0000000 0.0000000 1.0000000
0.3622988 -0.9312121 -0.0400767 87.0516576
0.9320602 0.3621745 0.0105316 79.1929587
0.0047072 -0.0411680 0.9991734 4.2886999
0.0000000 0.0000000 0.0000000 1.0000000
0.3584607 -0.9327708 -0.0382921 87.4838280
0.9335503 0.3582798 0.0116740 80.3093483
0.0028297 -0.0399308 0.9992299 4.3048653
0.0000000 0.0000000 0.0000000 1.0000000
0.3580528 -0.9330165 -0.0360567 87.8876880
0.9337088 0.3578708 0.0115507 81.3827758
0.0021262 -0.0378007 0.9993146 4.3208589
0.0000000 0.0000000 0.0000000 1.0000000
0.3543613 -0.9344946 -0.0341958 88.3272786
0.9351186 0.3541208 0.0129945 82.5288378
-0.0000343 -0.0365803 0.9993623 4.3314832
0.0000000 0.0000000 0.0000000 1.0000000
0.3554934 -0.9340710 -0.0340199 88.7427814
0.9346879 0.3552359 0.0134932 83.6136525
-0.0005189 -0.0365932 0.9993614 4.3466181
0.0000000 0.0000000 0.0000000 1.0000000
0.3517403 -0.9355380 -0.0326964 89.1523771
0.9361057 0.3514628 0.0140163 84.7022950
-0.0016217 -0.0355358 0.9993988 4.3559712
0.0000000 0.0000000 0.0000000 1.0000000
0.3524376 -0.9353518 -0.0304384 89.5692943
0.9358422 0.3521717 0.0138218 85.8268886
-0.0022092 -0.0333552 0.9994731 4.3663675
0.0000000 0.0000000 0.0000000 1.0000000
0.3514573 -0.9357813 -0.0285056 89.9902699
0.9362088 0.3511935 0.0138908 86.9501663
-0.0029882 -0.0315676 0.9995291 4.3781277
0.0000000 0.0000000 0.0000000 1.0000000
0.3534424 -0.9350765 -0.0270603 90.3670706
0.9354636 0.3532247 0.0125407 87.9827963
-0.0021686 -0.0297447 0.9995877 4.3871246
0.0000000 0.0000000 0.0000000 1.0000000
0.3524306 -0.9354530 -0.0272374 90.7544181
0.9358468 0.3522492 0.0112972 89.0423786
-0.0009741 -0.0294699 0.9995972 4.3989291
0.0000000 0.0000000 0.0000000 1.0000000
0.3494579 -0.9365650 -0.0273206 91.1286470
0.9369610 0.3493020 0.0103866 90.0689391
-0.0001850 -0.0292263 0.9996041 4.4132173
0.0000000 0.0000000 0.0000000 1.0000000
0.3540695 -0.9347837 -0.0289186 91.4944448
0.9352258 0.3539689 0.0086503 91.1119252
0.0021497 -0.0301066 0.9995764 4.4261789
0.0000000 0.0000000 0.0000000 1.0000000
0.3545514 -0.9345321 -0.0310713 91.8753968
0.9350422 0.3544446 0.0090232 92.1860468
0.0025801 -0.0322505 0.9995087 4.4391583
0.0000000 0.0000000 0.0000000 1.0000000
0.3576541 -0.9332938 -0.0326868 92.2561728
0.9338584 0.3575493 0.0091479 93.2230078
0.0031490 -0.0337950 0.9994561 4.4583341
0.0000000 0.0000000 0.0000000 1.0000000
0.3585102 -0.9328711 -0.0352789 92.5797152
0.9335224 0.3584473 0.0082670 94.1396566
0.0049332 -0.0358959 0.9993759 4.4656826
0.0000000 0.0000000 0.0000000 1.0000000
0.3612934 -0.9317290 -0.0370321 92.9521284
0.9324482 0.3612143 0.0090056 95.1455677
0.0049853 -0.0377826 0.9993063 4.4832350
0.0000000 0.0000000 0.0000000 1.0000000
0.3682184 -0.9289772 -0.0379496 93.2972893
0.9297372 0.3681092 0.0100515 96.1052127
0.0046315 -0.0389827 0.9992623 4.4936369
0.0000000 0.0000000 0.0000000 1.0000000
0.3742868 -0.9266198 -0.0361787 93.6778458
0.9273177 0.3741199 0.0115087 97.1031653
0.0028705 -0.0378552 0.9993121 4.5016674
0.0000000 0.0000000 0.0000000 1.0000000
0.3827668 -0.9231054 -0.0372754 94.0659362
0.9238482 0.3825978 0.0118213 98.0573378
0.0033487 -0.0389601 0.9992682 4.5116389
0.0000000 0.0000000 0.0000000 1.0000000
0.3873589 -0.9211311 -0.0386567 94.4848016
0.9219348 0.3871233 0.0136893 99.0565265
0.0023547 -0.0409402 0.9991917 4.5255180
0.0000000 0.0000000 0.0000000 1.0000000
0.3954176 -0.9176631 -0.0395360 94.9145005
0.9185045 0.3952059 0.0133406 100.0729160
0.0033822 -0.0415876 0.9991624 4.5341353
0.0000000 0.0000000 0.0000000 1.0000000
0.4050447 -0.9132467 -0.0440802 95.3427884
0.9142930 0.4048268 0.0141403 101.0344264
0.0049308 -0.0460282 0.9989616 4.5467430
0.0000000 0.0000000 0.0000000 1.0000000
0.4140969 -0.9090742 -0.0461705 95.7752604
0.9102167 0.4139297 0.0135554 102.0202363
0.0067880 -0.0476370 0.9988753 4.5613033
0.0000000 0.0000000 0.0000000 1.0000000
0.4273053 -0.9027333 -0.0500676 96.2166762
0.9040782 0.4271405 0.0144701 102.9752983
0.0083228 -0.0514469 0.9986747 4.5769128
0.0000000 0.0000000 0.0000000 1.0000000
0.4409479 -0.8960355 -0.0520523 96.6601284
0.8974980 0.4407570 0.0156969 103.9418697
0.0088769 -0.0536371 0.9985546 4.5925851
0.0000000 0.0000000 0.0000000 1.0000000
0.4554636 -0.8886612 -0.0534666 97.1138670
0.8902211 0.4552073 0.0175694 104.8653150
0.0087246 -0.0555981 0.9984488 4.6070063
0.0000000 0.0000000 0.0000000 1.0000000
0.4671080 -0.8825378 -0.0544160 97.5727688
0.8841731 0.4667614 0.0196794 105.7542806
0.0080308 -0.0573044 0.9983577 4.6261915
0.0000000 0.0000000 0.0000000 1.0000000
0.4787182 -0.8763505 -0.0535047 98.0257787
0.8779351 0.4784049 0.0193372 106.6529390
0.0086501 -0.0562296 0.9984134 4.6443327
0.0000000 0.0000000 0.0000000 1.0000000
0.4902367 -0.8698415 -0.0553906 98.5491175
0.8715381 0.4899605 0.0193801 107.5593572
0.0102809 -0.0577747 0.9983102 4.6660018
0.0000000 0.0000000 0.0000000 1.0000000
0.4969483 -0.8660090 -0.0556414 99.0191070
0.8677060 0.4967674 0.0180082 108.4565483
0.0120449 -0.0572284 0.9983227 4.6830267
0.0000000 0.0000000 0.0000000 1.0000000
0.5049474 -0.8614002 -0.0551669 99.5231013
0.8630634 0.5048117 0.0173851 109.3836921
0.0128727 -0.0563900 0.9983602 4.7101536
0.0000000 0.0000000 0.0000000 1.0000000
0.5152857 -0.8552738 -0.0548872 100.0372200
0.8569279 0.5151432 0.0178005 110.2512396
0.0130498 -0.0562056 0.9983680 4.7298707
0.0000000 0.0000000 0.0000000 1.0000000
0.5247207 -0.8496199 -0.0532929 100.5467100
0.8512089 0.5244736 0.0196435 111.1108148
0.0112604 -0.0556697 0.9984202 4.7480412
0.0000000 0.0000000 0.0000000 1.0000000
0.5366790 -0.8421670 -0.0524954 101.0325702
0.8437252 0.5363987 0.0204765 111.9280097
0.0109130 -0.0552800 0.9984455 4.7714401
0.0000000 0.0000000 0.0000000 1.0000000
0.5434948 -0.8377139 -0.0536092 101.5590727
0.8393247 0.5432926 0.0195415 112.7842423
0.0127545 -0.0556152 0.9984047 4.7963208
0.0000000 0.0000000 0.0000000 1.0000000
0.5511709 -0.8326262 -0.0544917 102.0513706
0.8342814 0.5510210 0.0190959 113.6225561
0.0141255 -0.0559855 0.9983655 4.8182250
0.0000000 0.0000000 0.0000000 1.0000000
0.5621490 -0.8254170 -0.0519678 102.5767937
0.8269064 0.5620941 0.0170515 114.4080041
0.0151354 -0.0525570 0.9985374 4.8452485
0.0000000 0.0000000 0.0000000 1.0000000
0.5681313 -0.8213420 -0.0514766 103.1096411
0.8228046 0.5680846 0.0169547 115.1948129
0.0153167 -0.0519866 0.9985649 4.8725499
0.0000000 0.0000000 0.0000000 1.0000000
0.5797772 -0.8132324 -0.0503680 103.6343894
0.8146623 0.5796508 0.0185733 115.9472847
0.0140906 -0.0518002 0.9985924 4.8958934
0.0000000 0.0000000 0.0000000 1.0000000
0.5858175 -0.8088189 -0.0515267 104.1638439
0.8103282 0.5856539 0.0197994 116.6905877
0.0141618 -0.0533514 0.9985096 4.9247246
0.0000000 0.0000000 0.0000000 1.0000000
0.5942517 -0.8026547 -0.0513430 104.7283527
0.8041566 0.5940988 0.0198415 117.4627343
0.0145760 -0.0530776 0.9985187 4.9504850
0.0000000 0.0000000 0.0000000 1.0000000
0.6027827 -0.7962783 -0.0511801 105.2640830
0.7977810 0.6026159 0.0203528 118.2107069
0.0146345 -0.0530978 0.9985166 4.9773185
0.0000000 0.0000000 0.0000000 1.0000000
0.6093631 -0.7912838 -0.0507184 105.8189515
0.7928063 0.6090316 0.0235258 118.9440920
0.0122726 -0.0545447 0.9984707 5.0003919
0.0000000 0.0000000 0.0000000 1.0000000
0.6155136 -0.7865310 -0.0503796 106.3348547
0.7880602 0.6150843 0.0254489 119.6690829
0.0109704 -0.0553653 0.9984410 5.0210334
0.0000000 0.0000000 0.0000000 1.0000000
0.6237096 -0.7800390 -0.0505119 106.8765848
0.7815853 0.6232720 0.0259224 120.3703106
0.0112612 -0.0556465 0.9984221 5.0437501
0.0000000 0.0000000 0.0000000 1.0000000
0.6299246 -0.7750210 -0.0506358 107.4052691
0.7765930 0.6294251 0.0272627 121.0725545
0.0107413 -0.0564959 0.9983805 5.0726400
0.0000000 0.0000000 0.0000000 1.0000000
0.6355886 -0.7703864 -0.0505842 107.9440408
0.7719748 0.6350156 0.0287398 121.7633136
0.0099800 -0.0573154 0.9983419 5.0841295
0.0000000 0.0000000 0.0000000 1.0000000
0.6459164 -0.7617903 -0.0499439 108.5446548
0.7633696 0.6452387 0.0308256 122.4532921
0.0087420 -0.0580354 0.9983120 5.1035640
0.0000000 0.0000000 0.0000000 1.0000000
0.6561500 -0.7531237 -0.0479448 109.0962321
0.7546188 0.6553041 0.0338110 123.1480951
0.0059535 -0.0583642 0.9983134 5.1195905
0.0000000 0.0000000 0.0000000 1.0000000
0.6690365 -0.7417361 -0.0473767 109.6704711
0.7432262 0.6680708 0.0362285 123.8020734
0.0047778 -0.0594489 0.9982560 5.1390050
0.0000000 0.0000000 0.0000000 1.0000000
0.6812190 -0.7305260 -0.0479533 110.2665096
0.7320728 0.6802153 0.0373212 124.4226052
0.0053533 -0.0605283 0.9981882 5.1541746
0.0000000 0.0000000 0.0000000 1.0000000
0.6929520 -0.7193466 -0.0488380 110.8498443
0.7209595 0.6920112 0.0368048 125.0265475
0.0073199 -0.0607133 0.9981651 5.1704245
0.0000000 0.0000000 0.0000000 1.0000000
0.7058569 -0.7067112 -0.0485040 111.4686191
0.7083266 0.7048981 0.0375346 125.6671319
0.0076630 -0.0608498 0.9981543 5.1797066
0.0000000 0.0000000 0.0000000 1.0000000
0.7164992 -0.6959010 -0.0487642 112.0554239
0.6975559 0.7155007 0.0386164 126.2825301
0.0080164 -0.0616835 0.9981005 5.1872749
0.0000000 0.0000000 0.0000000 1.0000000
0.7277419 -0.6842544 -0.0470611 112.6933833
0.6858367 0.7266224 0.0407998 126.8914421
0.0062770 -0.0619671 0.9980953 5.2015288
0.0000000 0.0000000 0.0000000 1.0000000
0.7384823 -0.6727587 -0.0454632 113.3400709
0.6742661 0.7373164 0.0417926 127.4825471
0.0054031 -0.0615165 0.9981285 5.2135420
0.0000000 0.0000000 0.0000000 1.0000000
0.7485971 -0.6616061 -0.0436711 113.9854768
0.6630279 0.7473596 0.0431806 128.0675710
0.0040681 -0.0612792 0.9981495 5.2281238
0.0000000 0.0000000 0.0000000 1.0000000
0.7577473 -0.6512414 -0.0416005 114.6277350
0.6525555 0.7565078 0.0434013 128.5964820
0.0032050 -0.0600331 0.9982278 5.2369981
0.0000000 0.0000000 0.0000000 1.0000000
0.7683762 -0.6388010 -0.0394640 115.2776126
0.6400090 0.7671381 0.0436379 129.1515035
0.0023970 -0.0587868 0.9983041 5.2452346
0.0000000 0.0000000 0.0000000 1.0000000
0.7763670 -0.6291534 -0.0380382 115.9167048
0.6302944 0.7751133 0.0441044 129.7187837
0.0017340 -0.0582157 0.9983394 5.2551032
0.0000000 0.0000000 0.0000000 1.0000000
0.7830568 -0.6207924 -0.0382929 116.5013937
0.6219638 0.7817646 0.0449740 130.2733465
0.0020150 -0.0590332 0.9982918 5.2602694
0.0000000 0.0000000 0.0000000 1.0000000
0.7893900 -0.6127561 -0.0376951 117.0706942
0.6139070 0.7880591 0.0458131 130.8498593
0.0016322 -0.0593049 0.9982765 5.2615824
0.0000000 0.0000000 0.0000000 1.0000000
0.7949382 -0.6055617 -0.0373654 117.6436581
0.6067061 0.7935835 0.0463758 131.3553165
0.0015676 -0.0595349 0.9982631 5.2649745
0.0000000 0.0000000 0.0000000 1.0000000
0.8014316 -0.5969292 -0.0375663 118.2829054
0.5980989 0.8001222 0.0458294 131.8576092
0.0026992 -0.0591967 0.9982812 5.2764157
0.0000000 0.0000000 0.0000000 1.0000000
0.8074733 -0.5886835 -0.0382989 118.9446780
0.5899050 0.8062462 0.0446894 132.3481364
0.0045689 -0.0586774 0.9983052 5.2868893
0.0000000 0.0000000 0.0000000 1.0000000
0.8133328 -0.5805757 -0.0380822 119.5948257
0.5817958 0.8121295 0.0444663 132.7956936
0.0051101 -0.0583211 0.9983239 5.3001573
0.0000000 0.0000000 0.0000000 1.0000000
0.8164679 -0.5762026 -0.0374001 120.2160788
0.5773927 0.8152273 0.0451595 133.2827516
0.0044670 -0.0584650 0.9983179 5.3058566
0.0000000 0.0000000 0.0000000 1.0000000
0.8204361 -0.5706862 -0.0350717 120.9099925
0.5717537 0.8191158 0.0465165 133.8464788
0.0021799 -0.0582154 0.9983400 5.3068124
0.0000000 0.0000000 0.0000000 1.0000000
0.8231327 -0.5668889 -0.0334404 121.6069365
0.5678692 0.8216325 0.0496121 134.4161725
-0.0006504 -0.0598263 0.9982470 5.3070178
0.0000000 0.0000000 0.0000000 1.0000000
0.8259833 -0.5628163 -0.0319048 122.2352175
0.5637083 0.8243695 0.0516175 134.9502819
-0.0027515 -0.0606195 0.9981954 5.3048838
0.0000000 0.0000000 0.0000000 1.0000000
0.8277835 -0.5602454 -0.0304477 122.8293473
0.5610429 0.8260212 0.0541853 135.5042357
-0.0052084 -0.0619355 0.9981043 5.3058324
0.0000000 0.0000000 0.0000000 1.0000000
0.8292393 -0.5581556 -0.0291821 123.4733766
0.5588746 0.8274387 0.0549658 136.0481745
-0.0065348 -0.0618883 0.9980996 5.2948874
0.0000000 0.0000000 0.0000000 1.0000000
0.8327388 -0.5530416 -0.0268086 124.2202675
0.5536166 0.8308890 0.0561197 136.5554679
-0.0087634 -0.0615741 0.9981021 5.2939301
0.0000000 0.0000000 0.0000000 1.0000000
0.8381308 -0.5449427 -0.0245326 125.0502530
0.5453906 0.8362724 0.0567021 136.9745003
-0.0103853 -0.0609029 0.9981278 5.2940262
0.0000000 0.0000000 0.0000000 1.0000000
0.8417706 -0.5393420 -0.0236670 125.8413396
0.5397452 0.8399001 0.0571042 137.3501659
-0.0109227 -0.0608422 0.9981261 5.2963236
0.0000000 0.0000000 0.0000000 1.0000000
0.8456863 -0.5331799 -0.0237036 126.6143668
0.5336109 0.8438870 0.0559621 137.8109669
-0.0098366 -0.0599743 0.9981900 5.2793194
0.0000000 0.0000000 0.0000000 1.0000000
0.8486362 -0.5285441 -0.0220468 127.3731479
0.5289066 0.8469707 0.0540005 138.2697552
-0.0098705 -0.0574868 0.9983362 5.2899778
0.0000000 0.0000000 0.0000000 1.0000000
0.8545722 -0.5188935 -0.0220114 128.1981483
0.5192802 0.8529567 0.0532021 138.7252924
-0.0088333 -0.0568944 0.9983799 5.2785973
0.0000000 0.0000000 0.0000000 1.0000000
0.8616070 -0.5070882 -0.0228959 129.0671834
0.5075516 0.8600191 0.0526876 139.2328544
-0.0070282 -0.0570161 0.9983877 5.2812998
0.0000000 0.0000000 0.0000000 1.0000000
0.8665149 -0.4986152 -0.0237644 129.7703463
0.4991400 0.8648873 0.0533562 139.7671506
-0.0060525 -0.0580949 0.9983325 5.2684671
0.0000000 0.0000000 0.0000000 1.0000000
0.8720573 -0.4888613 -0.0236852 130.4128456
0.4893870 0.8703092 0.0554997 140.2529100
-0.0065200 -0.0599894 0.9982181 5.2631956
0.0000000 0.0000000 0.0000000 1.0000000
0.8776282 -0.4788570 -0.0222571 131.1580766
0.4792906 0.8756891 0.0588795 140.7181368
-0.0087064 -0.0623412 0.9980576 5.2571503
0.0000000 0.0000000 0.0000000 1.0000000
0.8826884 -0.4695152 -0.0211431 131.8359233
0.4698814 0.8806403 0.0608448 141.2578806
-0.0099500 -0.0636411 0.9979638 5.2508510
0.0000000 0.0000000 0.0000000 1.0000000
0.8912371 -0.4531133 -0.0204218 132.6301287
0.4534594 0.8891215 0.0620916 141.7703128
-0.0099790 -0.0645981 0.9979030 5.2498435
0.0000000 0.0000000 0.0000000 1.0000000
0.8977857 -0.4400256 -0.0197750 133.4226117
0.4403511 0.8956164 0.0630901 142.2497926
-0.0100524 -0.0653486 0.9978538 5.2402415
0.0000000 0.0000000 0.0000000 1.0000000
0.9081171 -0.4183833 -0.0176192 134.4745234
0.4186110 0.9059195 0.0639704 142.7173849
-0.0108046 -0.0654676 0.9978372 5.2396420
0.0000000 0.0000000 0.0000000 1.0000000
0.9146834 -0.4039405 -0.0148095 135.3766028
0.4039947 0.9123888 0.0659722 143.2224688
-0.0131389 -0.0663260 0.9977533 5.2268002
0.0000000 0.0000000 0.0000000 1.0000000
0.9240176 -0.3822302 -0.0112042 136.4634748
0.3820555 0.9215767 0.0689038 143.7161728
-0.0160138 -0.0679483 0.9976028 5.2219247
0.0000000 0.0000000 0.0000000 1.0000000
0.9310918 -0.3647308 -0.0085976 137.4190312
0.3643941 0.9285666 0.0707026 144.1844934
-0.0178062 -0.0689628 0.9975032 5.2037208
0.0000000 0.0000000 0.0000000 1.0000000
0.9378116 -0.3470858 -0.0086965 138.3767360
0.3467884 0.9352144 0.0716227 144.6520071
-0.0167283 -0.0701838 0.9974370 5.1899332
0.0000000 0.0000000 0.0000000 1.0000000
0.9451725 -0.3264929 -0.0092777 139.3538283
0.3262968 0.9425773 0.0713851 145.0140801
-0.0145639 -0.0704979 0.9974487 5.1844233
0.0000000 0.0000000 0.0000000 1.0000000
0.9515634 -0.3073590 -0.0096027 140.4213634
0.3072420 0.9489811 0.0710978 145.4149416
-0.0127419 -0.0706039 0.9974663 5.1699573
0.0000000 0.0000000 0.0000000 1.0000000
0.9581389 -0.2862669 -0.0074472 141.6666896
0.2860616 0.9556166 0.0705883 145.7111982
-0.0130927 -0.0697633 0.9975205 5.1619622
0.0000000 0.0000000 0.0000000 1.0000000
0.9637412 -0.2668336 -0.0060747 142.8599807
0.2665737 0.9611798 0.0713371 146.0215242
-0.0131985 -0.0703694 0.9974768 5.1504067
0.0000000 0.0000000 0.0000000 1.0000000
0.9691924 -0.2463188 -0.0052591 144.0693899
0.2460476 0.9665901 0.0719853 146.3302322
-0.0126502 -0.0710611 0.9974354 5.1457785
0.0000000 0.0000000 0.0000000 1.0000000
0.9741107 -0.2260996 -0.0046633 145.2487860
0.2258249 0.9714177 0.0732665 146.7146953
-0.0120378 -0.0724224 0.9973451 5.1329836
0.0000000 0.0000000 0.0000000 1.0000000
0.9789052 -0.2043589 -0.0040999 146.4206920
0.2040967 0.9761694 0.0738614 146.9734154
-0.0110944 -0.0731397 0.9973043 5.1272400
0.0000000 0.0000000 0.0000000 1.0000000
0.9824172 -0.1867381 -0.0045636 147.5224335
0.1865454 0.9795636 0.0753238 147.2727362
-0.0095978 -0.0748504 0.9971931 5.1180798
0.0000000 0.0000000 0.0000000 1.0000000
0.9854747 -0.1698621 -0.0047192 148.5771805
0.1697268 0.9825853 0.0757378 147.5715334
-0.0082303 -0.0754383 0.9971612 5.1077686
0.0000000 0.0000000 0.0000000 1.0000000
0.9884613 -0.1514802 -0.0058748 149.7379828
0.1514907 0.9856236 0.0749277 147.7978160
-0.0055621 -0.0749528 0.9972166 5.1090711
0.0000000 0.0000000 0.0000000 1.0000000
0.9908931 -0.1345885 -0.0073322 150.8679644
0.1347536 0.9879601 0.0761168 148.0995457
-0.0030029 -0.0764113 0.9971171 5.1067258
0.0000000 0.0000000 0.0000000 1.0000000
0.9930628 -0.1174769 -0.0079207 151.9428535
0.1177380 0.9901680 0.0756502 148.3112767
