1.0000000 0.0000000 0.0000000 0.0000000
0.0000000 1.0000000 0.0000000 0.0000000
0.0000000 0.0000000 1.0000000 0.0000000
0.0000000 0.0000000 0.0000000 1.0000000
0.9998690 0.0161858 0.0002123 0.0703244
-0.0161860 0.9998673 0.0017990 0.1150205
-0.0001831 -0.0018022 0.9999983 0.0007840
0.0000000 0.0000000 0.0000000 1.0000000
0.9992076 0.0397549 0.0019758 0.1532991
-0.0397602 0.9992052 0.0027545 0.1841214
-0.0018648 -0.0028309 0.9999939 0.0020102
0.0000000 0.0000000 0.0000000 1.0000000
0.9975556 0.0697750 0.0038450 0.3557581
-0.0697835 0.9975593 0.0021787 0.1649270
-0.0036836 -0.0024417 0.9999898 -0.0017950
0.0000000 0.0000000 0.0000000 1.0000000
0.9942014 0.1073948 0.0054930 0.5572618
-0.1073951 0.9942162 -0.0002611 0.0679198
-0.0054892 -0.0003303 0.9999848 -0.0048085
0.0000000 0.0000000 0.0000000 1.0000000
0.9893642 0.1453093 0.0066762 0.6298970
-0.1452905 0.9893837 -0.0032063 -0.0314624
-0.0070712 0.0022022 0.9999731 -0.0013147
0.0000000 0.0000000 0.0000000 1.0000000
0.9818852 0.1893302 0.0074836 0.8590984
-0.1893096 0.9819116 -0.0033656 -0.1047733
-0.0079855 0.0018879 0.9999669 -0.0087438
0.0000000 0.0000000 0.0000000 1.0000000
0.9718031 0.2355536 0.0106677 1.0768754
-0.2355327 0.9718615 -0.0031902 -0.1235776
-0.0111190 0.0005876 0.9999393 -0.0153113
0.0000000 0.0000000 0.0000000 1.0000000
0.9588363 0.2834704 0.0167187 1.3609602
-0.2834014 0.9589805 -0.0063845 -0.2192631
-0.0178426 0.0013836 0.9998418 -0.0244154
0.0000000 0.0000000 0.0000000 1.0000000
0.9419652 0.3349771 0.0222369 1.6378696
-0.3347031 0.9422022 -0.0151650 -0.3005591
-0.0260315 0.0068421 0.9996403 -0.0207240
0.0000000 0.0000000 0.0000000 1.0000000
0.9222944 0.3856792 0.0250338 1.8892737
-0.3852413 0.9225862 -0.0206246 -0.3937269
-0.0310502 0.0093779 0.9994767 -0.0253758
0.0000000 0.0000000 0.0000000 1.0000000
0.8977770 0.4395296 0.0285352 2.2052222
-0.4390495 0.8982026 -0.0216571 -0.6042258
-0.0351492 0.0069148 0.9993619 -0.0371356
0.0000000 0.0000000 0.0000000 1.0000000
0.8703848 0.4913431 0.0318857 2.5162254
-0.4908107 0.8709552 -0.0233258 -0.7618813
-0.0392319 0.0046525 0.9992240 -0.0603562
0.0000000 0.0000000 0.0000000 1.0000000
0.8428401 0.5370985 0.0339280 2.6376639
-0.5363443 0.8434973 -0.0291406 -0.9387046
-0.0442694 0.0063638 0.9990046 -0.0650875
0.0000000 0.0000000 0.0000000 1.0000000
0.8104742 0.5847544 0.0346254 2.7288270
-0.5837736 0.8111733 -0.0347720 -1.1501665
-0.0484201 0.0079684 0.9988012 -0.0666322
0.0000000 0.0000000 0.0000000 1.0000000
0.7775049 0.6279196 0.0347669 2.8292465
-0.6267328 0.7782287 -0.0396189 -1.3690376
-0.0519339 0.0090144 0.9986170 -0.0750620
0.0000000 0.0000000 0.0000000 1.0000000
0.7454893 0.6656772 0.0335502 2.9102095
-0.6643107 0.7461702 -0.0438578 -1.6288812
-0.0542291 0.0104077 0.9984808 -0.0875971
0.0000000 0.0000000 0.0000000 1.0000000
0.7015064 0.7118744 0.0336242 3.1743047
-0.7104967 0.7022694 -0.0448840 -1.9335807
-0.0555648 0.0075966 0.9984332 -0.1117044
0.0000000 0.0000000 0.0000000 1.0000000
0.6594701 0.7509146 0.0351213 3.5243990
-0.7495619 0.6603946 -0.0451487 -2.2679483
-0.0570965 0.0034487 0.9983700 -0.1468692
0.0000000 0.0000000 0.0000000 1.0000000
0.6182139 0.7851966 0.0358413 3.8060569
-0.7838552 0.6192510 -0.0458499 -2.5974495
-0.0581957 0.0002507 0.9983125 -0.1744222
0.0000000 0.0000000 0.0000000 1.0000000
0.5763138 0.8164241 0.0363386 4.0691222
-0.8150899 0.5774511 -0.0467043 -2.9435433
-0.0591140 -0.0027028 0.9982546 -0.2022611
0.0000000 0.0000000 0.0000000 1.0000000
0.5343919 0.8444672 0.0361616 4.3532656
-0.8430812 0.5355939 -0.0485458 -3.4648482
-0.0603631 -0.0045446 0.9981739 -0.2289025
0.0000000 0.0000000 0.0000000 1.0000000
0.4972781 0.8667952 0.0372608 4.5904947
-0.8654797 0.4986042 -0.0483942 -3.8836531
-0.0605260 -0.0081830 0.9981411 -0.2618815
0.0000000 0.0000000 0.0000000 1.0000000
0.4644923 0.8848481 0.0360368 4.7370933
-0.8835725 0.4657933 -0.0483608 -4.2413425
-0.0595774 -0.0093778 0.9981875 -0.2899026
0.0000000 0.0000000 0.0000000 1.0000000
0.4327715 0.9009261 0.0323857 4.8905322
-0.8996763 0.4339014 -0.0481092 -4.6581088
-0.0573948 -0.0083163 0.9983248 -0.3214466
0.0000000 0.0000000 0.0000000 1.0000000
0.4098439 0.9117256 0.0281540 5.0163664
-0.9105006 0.4107638 -0.0475813 -5.0810866
-0.0549454 -0.0061332 0.9984785 -0.3465484
0.0000000 0.0000000 0.0000000 1.0000000
0.3904724 0.9202716 0.0253150 5.1537852
-0.9190986 0.3912594 -0.0466534 -5.5479156
-0.0528382 -0.0050500 0.9985989 -0.3758931
0.0000000 0.0000000 0.0000000 1.0000000
0.3740110 0.9271514 0.0227148 5.2675814
-0.9259392 0.3746858 -0.0474226 -6.0518708
-0.0524785 -0.0032959 0.9986250 -0.4057514
0.0000000 0.0000000 0.0000000 1.0000000
0.3609544 0.9323404 0.0215345 5.4493896
-0.9310938 0.3615868 -0.0481762 -6.6259369
-0.0527028 -0.0026611 0.9986153 -0.4418854
0.0000000 0.0000000 0.0000000 1.0000000
0.3457993 0.9380704 0.0213795 5.6909286
-0.9367627 0.3464477 -0.0495146 -7.2237534
-0.0538547 -0.0029053 0.9985533 -0.4690123
0.0000000 0.0000000 0.0000000 1.0000000
0.3335055 0.9424922 0.0221991 5.9781747
-0.9411275 0.3342202 -0.0507825 -7.9057310
-0.0552812 -0.0039557 0.9984724 -0.5110276
0.0000000 0.0000000 0.0000000 1.0000000
0.3212602 0.9466986 0.0237470 6.2571477
-0.9452900 0.3220850 -0.0518796 -8.6139284
-0.0567625 -0.0057808 0.9983807 -0.5563162
0.0000000 0.0000000 0.0000000 1.0000000
0.3094812 0.9505930 0.0245731 6.5106399
-0.9491383 0.3103780 -0.0529580 -9.3142547
-0.0579682 -0.0069336 0.9983030 -0.6016253
0.0000000 0.0000000 0.0000000 1.0000000
0.2968665 0.9545982 0.0249360 6.7752165
-0.9530599 0.2978164 -0.0546371 -10.0715940
-0.0595825 -0.0075454 0.9982037 -0.6465760
0.0000000 0.0000000 0.0000000 1.0000000
0.2870808 0.9575840 0.0250293 7.0217440
-0.9559589 0.2880650 -0.0562463 -10.8199719
-0.0610703 -0.0077796 0.9981117 -0.6913606
0.0000000 0.0000000 0.0000000 1.0000000
0.2754172 0.9610003 0.0251517 7.2218330
-0.9593114 0.2764390 -0.0574949 -11.5717612
-0.0622054 -0.0082931 0.9980370 -0.7305146
0.0000000 0.0000000 0.0000000 1.0000000
0.2674201 0.9632249 0.0263422 7.4306877
-0.9613765 0.2685570 -0.0602985 -12.3294490
-0.0651552 -0.0091996 0.9978415 -0.7821086
0.0000000 0.0000000 0.0000000 1.0000000
0.2636922 0.9641899 0.0285452 7.6013718
-0.9621031 0.2650243 -0.0642078 -13.0621394
-0.0694733 -0.0105322 0.9975370 -0.8310700
0.0000000 0.0000000 0.0000000 1.0000000
0.2588906 0.9654591 0.0295844 7.7451586
-0.9630826 0.2603540 -0.0684892 -13.8012421
-0.0738256 -0.0107608 0.9972221 -0.8775103
0.0000000 0.0000000 0.0000000 1.0000000
0.2468835 0.9685739 0.0303997 7.9568913
-0.9660647 0.2484631 -0.0706249 -14.6081095
-0.0759583 -0.0119318 0.9970485 -0.9278996
0.0000000 0.0000000 0.0000000 1.0000000
0.2381213 0.9707617 0.0305117 8.1281447
-0.9681789 0.2397464 -0.0717916 -15.3897240
-0.0770073 -0.0124455 0.9969617 -0.9754119
0.0000000 0.0000000 0.0000000 1.0000000
0.2327682 0.9720276 0.0315094 8.2925373
-0.9695169 0.2344754 -0.0711473 -16.0931130
-0.0765449 -0.0139878 0.9969778 -1.0281379
0.0000000 0.0000000 0.0000000 1.0000000
0.2206607 0.9748316 0.0320022 8.4687302
-0.9723785 0.2224310 -0.0707685 -16.8321956
-0.0761053 -0.0155022 0.9969890 -1.0751149
0.0000000 0.0000000 0.0000000 1.0000000
0.2060460 0.9779854 0.0331837 8.6247050
-0.9756476 0.2079262 -0.0698789 -17.5868175
-0.0752400 -0.0179771 0.9970132 -1.1241952
0.0000000 0.0000000 0.0000000 1.0000000
0.1868425 0.9817916 0.0344653 8.7819068
-0.9795881 0.1888446 -0.0689215 -18.3944642
-0.0741748 -0.0208841 0.9970373 -1.1781780
0.0000000 0.0000000 0.0000000 1.0000000
0.1573136 0.9868873 0.0363226 8.9176549
-0.9848350 0.1595024 -0.0682903 -19.1815195
-0.0731879 -0.0250285 0.9970148 -1.2291767
0.0000000 0.0000000 0.0000000 1.0000000
0.1260804 0.9913010 0.0379382 9.0162782
-0.9893944 0.1284380 -0.0678732 -20.0071230
-0.0721550 -0.0289781 0.9969829 -1.2864023
0.0000000 0.0000000 0.0000000 1.0000000
0.0967587 0.9946186 0.0372109 9.0773470
-0.9927528 0.0991228 -0.0679767 -20.8212495
-0.0712989 -0.0303636 0.9970034 -1.3322585
0.0000000 0.0000000 0.0000000 1.0000000
0.0699577 0.9968814 0.0366962 9.1132197
-0.9950688 0.0723324 -0.0679085 -21.6067233
-0.0703506 -0.0317642 0.9970278 -1.3729538
0.0000000 0.0000000 0.0000000 1.0000000
0.0381543 0.9985707 0.0376011 9.1572364
-0.9969692 0.0405957 -0.0664049 -22.3944491
-0.0678361 -0.0349531 0.9970950 -1.4188670
0.0000000 0.0000000 0.0000000 1.0000000
0.0060101 0.9992588 0.0381974 9.1894610
-0.9979602 0.0084249 -0.0633282 -23.2266723
-0.0636028 -0.0377385 0.9972730 -1.4710453
0.0000000 0.0000000 0.0000000 1.0000000
-0.0252656 0.9990708 0.0351135 9.1687248
-0.9979531 -0.0231383 -0.0596653 -24.0332996
-0.0587970 -0.0365487 0.9976123 -1.5110939
0.0000000 0.0000000 0.0000000 1.0000000
-0.0534925 0.9981063 0.0306040 9.1090227
-0.9971113 -0.0517301 -0.0556626 -24.8030432
-0.0539736 -0.0334927 0.9979919 -1.5440126
0.0000000 0.0000000 0.0000000 1.0000000
-0.0808089 0.9964292 0.0247540 9.0039726
-0.9955129 -0.0794543 -0.0514385 -25.5948278
-0.0492876 -0.0287992 0.9983805 -1.5780548
0.0000000 0.0000000 0.0000000 1.0000000
-0.1078825 0.9939853 0.0192007 8.9277654
-0.9931566 -0.1068797 -0.0471304 -26.3736603
-0.0447944 -0.0241535 0.9987150 -1.6064785
0.0000000 0.0000000 0.0000000 1.0000000
-0.1358875 0.9906644 0.0115496 8.8180382
-0.9899040 -0.1352872 -0.0423380 -27.1599056
-0.0403798 -0.0171858 0.9990481 -1.6364206
0.0000000 0.0000000 0.0000000 1.0000000
-0.1691971 0.9855707 0.0061782 8.5951300
-0.9850386 -0.1688879 -0.0343679 -27.8446410
-0.0328281 -0.0119002 0.9994020 -1.6562510
0.0000000 0.0000000 0.0000000 1.0000000
-0.2059232 0.9785610 0.0054422 8.3539050
-0.9783798 -0.2057661 -0.0209390 -28.4836017
-0.0193699 -0.0096358 0.9997780 -1.6722659
0.0000000 0.0000000 0.0000000 1.0000000
-0.2346757 0.9720511 0.0076822 8.1669583
-0.9720680 -0.2346279 -0.0062477 -29.2297866
-0.0042702 -0.0089333 0.9999629 -1.6849193
0.0000000 0.0000000 0.0000000 1.0000000
-0.2640840 0.9644235 0.0127190 7.9527369
-0.9644528 -0.2641783 0.0067321 -29.9787754
0.0098532 -0.0104885 0.9999076 -1.6903561
0.0000000 0.0000000 0.0000000 1.0000000
-0.2923646 0.9562369 0.0121796 7.6936263
-0.9561309 -0.2925288 0.0156267 -30.7771751
0.0185061 -0.0070761 0.9998141 -1.6791417
0.0000000 0.0000000 0.0000000 1.0000000
-0.3161856 0.9486331 0.0116694 7.4267189
-0.9484447 -0.3163581 0.0193277 -31.5292329
0.0220271 -0.0049561 0.9997554 -1.6522442
0.0000000 0.0000000 0.0000000 1.0000000
-0.3418718 0.9397035 0.0098037 7.1492148
-0.9395200 -0.3419963 0.0185797 -32.3205011
0.0208127 -0.0028583 0.9997906 -1.6307308
0.0000000 0.0000000 0.0000000 1.0000000
-0.3616748 0.9322959 0.0055765 6.8112964
-0.9321847 -0.3617136 0.0141195 -33.0729946
0.0151810 -0.0000910 0.9998965 -1.6073733
0.0000000 0.0000000 0.0000000 1.0000000
-0.3814002 0.9244177 -0.0011230 6.4942412
-0.9243487 -0.3813541 0.0124043 -33.8441983
0.0110388 0.0057696 0.9999348 -1.5829954
0.0000000 0.0000000 0.0000000 1.0000000
-0.3977552 0.9174978 -0.0019943 6.1856266
-0.9174296 -0.3976950 0.0129055 -34.5869645
0.0110480 0.0069635 0.9999270 -1.5498645
0.0000000 0.0000000 0.0000000 1.0000000
-0.4081772 0.9129084 -0.0023351 5.8509995
-0.9128050 -0.4080873 0.0160456 -35.3113139
0.0136955 0.0086816 0.9998815 -1.5212159
0.0000000 0.0000000 0.0000000 1.0000000
-0.4207946 0.9071638 -0.0010498 5.4874840
-0.9070094 -0.4206989 0.0187343 -36.0233789
0.0165537 0.0088361 0.9998362 -1.4952371
0.0000000 0.0000000 0.0000000 1.0000000
-0.4327920 0.9014817 0.0060781 5.1902630
-0.9012856 -0.4328222 0.0188386 -36.7462804
0.0196137 0.0026758 0.9998171 -1.4666955
0.0000000 0.0000000 0.0000000 1.0000000
-0.4432579 0.8963610 0.0086019 4.8571197
-0.8961896 -0.4433371 0.0173924 -37.4557174
0.0194037 0.0000010 0.9998248 -1.4487608
0.0000000 0.0000000 0.0000000 1.0000000
-0.4516820 0.8921461 0.0085517 4.4545660
-0.8919592 -0.4517582 0.0181328 -38.1196842
0.0200407 0.0005631 0.9998118 -1.4169184
0.0000000 0.0000000 0.0000000 1.0000000
-0.4588629 0.8884902 0.0066862 4.0852585
-0.8882508 -0.4588930 0.0208246 -38.8469175
0.0215710 0.0036172 0.9997738 -1.3863451
0.0000000 0.0000000 0.0000000 1.0000000
-0.4644998 0.8855468 0.0078660 3.6959253
-0.8852422 -0.4645454 0.0234447 -39.5717402
0.0244158 0.0039274 0.9997077 -1.3672661
0.0000000 0.0000000 0.0000000 1.0000000
-0.4640214 0.8857708 0.0104138 3.3040354
-0.8854151 -0.4641274 0.0251385 -40.3501708
0.0271006 0.0024449 0.9996431 -1.3380588
0.0000000 0.0000000 0.0000000 1.0000000
-0.4588997 0.8884540 0.0086783 2.8761540
-0.8880936 -0.4589598 0.0255358 -41.1098864
0.0266707 0.0040118 0.9996502 -1.3119029
0.0000000 0.0000000 0.0000000 1.0000000
-0.4525583 0.8916801 0.0106155 2.4950566
-0.8913551 -0.4526762 0.0239983 -41.9380057
0.0262045 0.0013991 0.9996693 -1.2725242
0.0000000 0.0000000 0.0000000 1.0000000
-0.4452962 0.8953103 0.0120992 2.1547542
-0.8949927 -0.4454560 0.0237327 -42.7919990
0.0266381 -0.0002600 0.9996594 -1.2466892
0.0000000 0.0000000 0.0000000 1.0000000
-0.4391722 0.8983075 0.0136824 1.7964273
-0.8979950 -0.4393767 0.0236644 -43.6653148
0.0272699 -0.0018934 0.9996412 -1.2127159
0.0000000 0.0000000 0.0000000 1.0000000
-0.4337731 0.9008916 0.0158474 1.4534851
-0.9006019 -0.4340373 0.0231373 -44.5604430
0.0277228 -0.0042353 0.9996221 -1.1814660
0.0000000 0.0000000 0.0000000 1.0000000
-0.4276461 0.9037446 0.0195117 1.0704481
-0.9035129 -0.4280072 0.0219550 -45.4350244
0.0281931 -0.0082395 0.9995845 -1.1497307
0.0000000 0.0000000 0.0000000 1.0000000
-0.4259708 0.9044120 0.0245747 0.6215862
-0.9043193 -0.4264410 0.0190296 -46.3341649
0.0276905 -0.0141168 0.9995326 -1.1158119
0.0000000 0.0000000 0.0000000 1.0000000
-0.4221153 0.9061481 0.0270326 0.1933476
-0.9061220 -0.4226392 0.0180745 -47.3026039
0.0278034 -0.0168648 0.9994873 -1.0775610
0.0000000 0.0000000 0.0000000 1.0000000
-0.4213930 0.9064250 0.0289576 -0.1902731
-0.9064494 -0.4219608 0.0175262 -48.2636603
0.0281054 -0.0188626 0.9994440 -1.0377170
0.0000000 0.0000000 0.0000000 1.0000000
-0.4234480 0.9054638 0.0290589 -0.5974780
-0.9055260 -0.4239927 0.0161605 -49.1715169
0.0269537 -0.0194699 0.9994642 -0.9975364
0.0000000 0.0000000 0.0000000 1.0000000
-0.4238022 0.9052854 0.0294588 -1.0092283
-0.9053514 -0.4243603 0.0162797 -50.0763180
0.0272391 -0.0197707 0.9994504 -0.9629043
0.0000000 0.0000000 0.0000000 1.0000000
-0.4238286 0.9052720 0.0294963 -1.4396667
-0.9053645 -0.4243682 0.0152975 -51.0052116
0.0263658 -0.0202209 0.9994649 -0.9279862
0.0000000 0.0000000 0.0000000 1.0000000
-0.4239186 0.9052147 0.0299671 -1.8792526
-0.9053411 -0.4244515 0.0143870 -51.9349990
0.0257430 -0.0210310 0.9994654 -0.8880068
0.0000000 0.0000000 0.0000000 1.0000000
-0.4259735 0.9042024 0.0313566 -2.2888180
-0.9043895 -0.4265151 0.0131462 -52.9038530
0.0252610 -0.0227581 0.9994398 -0.8514610
0.0000000 0.0000000 0.0000000 1.0000000
-0.4277474 0.9033387 0.0321026 -2.7192503
-0.9035644 -0.4282874 0.0122465 -53.8618204
0.0248120 -0.0237679 0.9994280 -0.8049865
0.0000000 0.0000000 0.0000000 1.0000000
-0.4269682 0.9035673 0.0358240 -3.1335689
-0.9039055 -0.4275852 0.0115860 -54.8314465
0.0257867 -0.0274342 0.9993092 -0.7385945
0.0000000 0.0000000 0.0000000 1.0000000
-0.4254293 0.9042873 0.0359658 -3.5824439
-0.9046812 -0.4259923 0.0095606 -55.8190672
0.0239668 -0.0284698 0.9993256 -0.6943015
0.0000000 0.0000000 0.0000000 1.0000000
-0.4228523 0.9055180 0.0353937 -4.0109386
-0.9059680 -0.4233093 0.0063850 -56.7252229
0.0207643 -0.0293652 0.9993721 -0.6425704
0.0000000 0.0000000 0.0000000 1.0000000
-0.4216529 0.9060707 0.0355551 -4.4309163
-0.9065601 -0.4220618 0.0046920 -57.6568025
0.0192579 -0.0302540 0.9993758 -0.5960889
0.0000000 0.0000000 0.0000000 1.0000000
-0.4163261 0.9085167 0.0359110 -4.8332472
-0.9090363 -0.4167111 0.0037886 -58.6670257
0.0184066 -0.0310666 0.9993671 -0.5611552
0.0000000 0.0000000 0.0000000 1.0000000
-0.4133936 0.9098734 0.0354409 -5.2293765
-0.9103711 -0.4137830 0.0042648 -59.5846009
0.0185454 -0.0305009 0.9993823 -0.5316943
0.0000000 0.0000000 0.0000000 1.0000000
-0.4113061 0.9108136 0.0355895 -5.6247791
-0.9112969 -0.4117292 0.0053256 -60.5444157
0.0195039 -0.0302416 0.9993730 -0.4992303
0.0000000 0.0000000 0.0000000 1.0000000
-0.4143637 0.9094515 0.0349547 -5.9404936
-0.9098574 -0.4148564 0.0080829 -61.4565121
0.0218522 -0.0284541 0.9993771 -0.4928658
0.0000000 0.0000000 0.0000000 1.0000000
-0.4175696 0.9078174 0.0390381 -6.3415714
-0.9083089 -0.4182042 0.0095663 -62.4441357
0.0250104 -0.0314636 0.9992125 -0.4282089
0.0000000 0.0000000 0.0000000 1.0000000
-0.4230191 0.9052323 0.0403815 -6.7553754
-0.9057266 -0.4237351 0.0109384 -63.3773250
0.0270130 -0.0319470 0.9991455 -0.4065280
0.0000000 0.0000000 0.0000000 1.0000000
-0.4302073 0.9018732 0.0395980 -7.1623338
-0.9023783 -0.4308569 0.0093753 -64.3272044
0.0255164 -0.0316985 0.9991933 -0.3779230
0.0000000 0.0000000 0.0000000 1.0000000
-0.4358259 0.8993081 0.0363632 -7.5892010
-0.8997854 -0.4363033 0.0061710 -65.2675734
0.0214151 -0.0300291 0.9993415 -0.3174109
0.0000000 0.0000000 0.0000000 1.0000000
-0.4430020 0.8956723 0.0392722 -8.0254588
-0.8962792 -0.4434843 0.0042312 -66.1830348
0.0212064 -0.0333240 0.9992421 -0.2821973
0.0000000 0.0000000 0.0000000 1.0000000
-0.4454199 0.8944431 0.0399351 -8.4374597
-0.8950370 -0.4459690 0.0057506 -67.0818693
0.0229534 -0.0331814 0.9992084 -0.2397321
0.0000000 0.0000000 0.0000000 1.0000000
-0.4510771 0.8915689 0.0406923 -8.8738507
-0.8921461 -0.4517005 0.0073192 -67.9589033
0.0249063 -0.0330015 0.9991664 -0.2022306
0.0000000 0.0000000 0.0000000 1.0000000
-0.4581817 0.8878079 0.0434543 -9.2848417
-0.8884722 -0.4588836 0.0073962 -68.8355772
0.0265069 -0.0352187 0.9990497 -0.1554444
0.0000000 0.0000000 0.0000000 1.0000000
-0.4610823 0.8861671 0.0461771 -9.7286656
-0.8869384 -0.4618467 0.0070280 -69.7289872
0.0275547 -0.0377153 0.9989303 -0.1048528
0.0000000 0.0000000 0.0000000 1.0000000
-0.4606792 0.8863232 0.0471909 -10.1787817
-0.8871585 -0.4614364 0.0061364 -70.6650207
0.0272145 -0.0390385 0.9988887 -0.0520394
0.0000000 0.0000000 0.0000000 1.0000000
-0.4646830 0.8843955 0.0439962 -10.6244266
-0.8852739 -0.4650813 -0.0011963 -71.5763633
0.0194038 -0.0395041 0.9990532 0.0063204
0.0000000 0.0000000 0.0000000 1.0000000
-0.4664350 0.8835996 0.0413677 -11.0865414
-0.8844991 -0.4664555 -0.0096143 -72.4801828
0.0108010 -0.0410737 0.9991198 0.0528106
0.0000000 0.0000000 0.0000000 1.0000000
-0.4685229 0.8825009 0.0412246 -11.5336258
-0.8834220 -0.4684242 -0.0124900 -73.3572313
0.0082881 -0.0422702 0.9990938 0.0885071
0.0000000 0.0000000 0.0000000 1.0000000
-0.4693206 0.8819012 0.0448310 -11.9869282
-0.8829216 -0.4694717 -0.0076217 -74.2348893
0.0143253 -0.0431588 0.9989879 0.1158474
0.0000000 0.0000000 0.0000000 1.0000000
-0.4711291 0.8807897 0.0476307 -12.4261642
-0.8818483 -0.4715382 -0.0028175 -75.0665366
0.0199780 -0.0433300 0.9988839 0.1509527
0.0000000 0.0000000 0.0000000 1.0000000
-0.4719509 0.8804811 0.0451353 -12.8986797
-0.8813574 -0.4724625 0.0009105 -75.9133384
0.0221264 -0.0393502 0.9990031 0.1870146
0.0000000 0.0000000 0.0000000 1.0000000
-0.4704306 0.8813797 0.0434314 -13.3764937
-0.8821853 -0.4709139 0.0011871 -76.7647762
0.0214988 -0.0377557 0.9990780 0.2271649
0.0000000 0.0000000 0.0000000 1.0000000
-0.4683301 0.8824942 0.0434990 -13.8576327
-0.8833666 -0.4686914 -0.0019547 -77.6110246
0.0186626 -0.0393405 0.9990739 0.2660506
0.0000000 0.0000000 0.0000000 1.0000000
-0.4699194 0.8816659 0.0431563 -14.3047925
-0.8825985 -0.4700960 -0.0064455 -78.4608966
0.0146048 -0.0411181 0.9990700 0.2960632
0.0000000 0.0000000 0.0000000 1.0000000
-0.4693846 0.8819712 0.0427345 -14.7597897
-0.8829535 -0.4693181 -0.0120530 -79.3203120
0.0094256 -0.0433896 0.9990363 0.3232716
0.0000000 0.0000000 0.0000000 1.0000000
-0.4709607 0.8807676 0.0496636 -15.1934991
-0.8821244 -0.4707247 -0.0169476 -80.1684503
0.0084509 -0.0517907 0.9986454 0.3506592
0.0000000 0.0000000 0.0000000 1.0000000
-0.4680191 0.8819151 0.0566211 -15.6369176
-0.8836823 -0.4676839 -0.0197445 -81.0054100
0.0090678 -0.0592754 0.9982237 0.3659279
0.0000000 0.0000000 0.0000000 1.0000000
-0.4674696 0.8823627 0.0541315 -16.0780663
-0.8839925 -0.4670519 -0.0207867 -81.8280521
0.0069408 -0.0575685 0.9983403 0.3950394
0.0000000 0.0000000 0.0000000 1.0000000
-0.4654690 0.8836221 0.0507312 -16.5218599
-0.8850389 -0.4651990 -0.0175978 -82.6599549
0.0080502 -0.0530898 0.9985814 0.4286838
0.0000000 0.0000000 0.0000000 1.0000000
-0.4616260 0.8855977 0.0513902 -16.9570690
-0.8870140 -0.4615441 -0.0140231 -83.5012157
0.0113000 -0.0520567 0.9986043 0.4546770
0.0000000 0.0000000 0.0000000 1.0000000
-0.4560951 0.8886650 0.0476967 -17.3947970
-0.8898972 -0.4559502 -0.0143654 -84.3297037
0.0089813 -0.0489966 0.9987830 0.4842318
0.0000000 0.0000000 0.0000000 1.0000000
-0.4467482 0.8937044 0.0416181 -17.8205631
-0.8946354 -0.4466553 -0.0118667 -85.1464605
0.0079836 -0.0425339 0.9990881 0.5175655
0.0000000 0.0000000 0.0000000 1.0000000
-0.4348431 0.8993904 0.0450832 -18.2234406
-0.9004833 -0.4347113 -0.0130589 -85.9756721
0.0078531 -0.0462747 0.9989235 0.5481507
0.0000000 0.0000000 0.0000000 1.0000000
-0.4261719 0.9033668 0.0482699 -18.6075036
-0.9046341 -0.4259016 -0.0161303 -86.8193254
0.0059866 -0.0505403 0.9987301 0.5691932
0.0000000 0.0000000 0.0000000 1.0000000
-0.4165773 0.9079272 0.0464299 -18.9928078
-0.9091078 -0.4161796 -0.0182460 -87.6661778
0.0027570 -0.0498101 0.9987811 0.5970415
0.0000000 0.0000000 0.0000000 1.0000000
-0.3916059 0.9188398 0.0490163 -19.3261111
-0.9201448 -0.3910502 -0.0207161 -88.5592231
0.0001330 -0.0532140 0.9986099 0.6241701
0.0000000 0.0000000 0.0000000 1.0000000
-0.3775496 0.9245664 0.0515550 -19.6357408
-0.9260008 -0.3769430 -0.0212660 -89.3906928
-0.0002286 -0.0557683 0.9984707 0.6464217
0.0000000 0.0000000 0.0000000 1.0000000
-0.3636280 0.9301956 0.0503488 -19.9675617
-0.9315553 -0.3630249 -0.0208218 -90.2535791
-0.0010905 -0.0544734 0.9985417 0.6722537
0.0000000 0.0000000 0.0000000 1.0000000
-0.3511398 0.9348193 0.0532679 -20.2683216
-0.9363300 -0.3507321 -0.0169820 -91.1342879
0.0028077 -0.0558387 0.9984624 0.6888911
0.0000000 0.0000000 0.0000000 1.0000000
-0.3389091 0.9393635 0.0525481 -20.5690225
-0.9407662 -0.3390012 -0.0072727 -91.9972919
0.0109822 -0.0518995 0.9986193 0.7079899
0.0000000 0.0000000 0.0000000 1.0000000
-0.3230835 0.9445590 0.0587368 -20.8299352
-0.9462640 -0.3233912 -0.0043187 -92.8921308
0.0149158 -0.0569751 0.9982918 0.7427684
0.0000000 0.0000000 0.0000000 1.0000000
-0.3002210 0.9513393 0.0696073 -21.1335720
-0.9538296 -0.3001490 -0.0116307 -93.9325722
0.0098279 -0.0698847 0.9975340 0.7963869
0.0000000 0.0000000 0.0000000 1.0000000
-0.2869957 0.9554485 0.0691120 -21.4407802
-0.9579314 -0.2865822 -0.0159361 -94.8866530
0.0045802 -0.0707776 0.9975094 0.8284910
0.0000000 0.0000000 0.0000000 1.0000000
-0.2767107 0.9579802 0.0756960 -21.6648465
-0.9609528 -0.2762108 -0.0171124 -95.7729288
0.0045147 -0.0774749 0.9970118 0.8610770
0.0000000 0.0000000 0.0000000 1.0000000
-0.2690693 0.9596895 0.0813788 -21.8913892
-0.9630784 -0.2689676 -0.0123288 -96.6340430
0.0100565 -0.0816910 0.9966347 0.8758680
0.0000000 0.0000000 0.0000000 1.0000000
-0.2611208 0.9608015 0.0932793 -22.1232461
-0.9652097 -0.2612966 -0.0104664 -97.5451419
0.0143176 -0.0927668 0.9956124 0.9025138
0.0000000 0.0000000 0.0000000 1.0000000
-0.2554152 0.9619636 0.0970269 -22.3283465
-0.9666877 -0.2558686 -0.0078787 -98.4226990
0.0172473 -0.0958066 0.9952790 0.9296199
0.0000000 0.0000000 0.0000000 1.0000000
-0.2579955 0.9611478 0.0982789 -22.5514710
-0.9659672 -0.2586126 -0.0065564 -99.2518292
0.0191146 -0.0966252 0.9951662 0.9694129
0.0000000 0.0000000 0.0000000 1.0000000
-0.2546360 0.9617716 0.1009047 -22.7644264
-0.9669132 -0.2549372 -0.0100510 -100.1110578
0.0160577 -0.1001251 0.9948740 1.0086095
0.0000000 0.0000000 0.0000000 1.0000000
-0.2515560 0.9623000 0.1035568 -22.9991822
-0.9677717 -0.2514675 -0.0140602 -100.9981527
0.0125112 -0.1037559 0.9945532 1.0387937
0.0000000 0.0000000 0.0000000 1.0000000
-0.2488657 0.9626833 0.1064530 -23.2215492
-0.9684975 -0.2484612 -0.0171950 -101.8767435
0.0098962 -0.1073783 0.9941982 1.0697839
0.0000000 0.0000000 0.0000000 1.0000000
-0.2462500 0.9631879 0.1079619 -23.4170784
-0.9691966 -0.2454167 -0.0210857 -102.7916495
0.0061862 -0.1098283 0.9939607 1.0954641
0.0000000 0.0000000 0.0000000 1.0000000
-0.2405521 0.9639098 0.1141891 -23.6177797
-0.9706200 -0.2397379 -0.0209597 -103.6985171
0.0071722 -0.1158757 0.9932681 1.1118057
0.0000000 0.0000000 0.0000000 1.0000000
-0.2393798 0.9633702 0.1210029 -23.7894434
-0.9708744 -0.2388952 -0.0186584 -104.5618285
0.0109321 -0.1219448 0.9925067 1.1212566
0.0000000 0.0000000 0.0000000 1.0000000
-0.2309584 0.9653353 0.1217058 -23.9701062
-0.9728828 -0.2308229 -0.0153518 -105.4927219
0.0132729 -0.1219509 0.9924771 1.1441402
0.0000000 0.0000000 0.0000000 1.0000000
-0.2236912 0.9662496 0.1278663 -24.1880023
-0.9745562 -0.2237242 -0.0142400 -106.4234008
0.0148476 -0.1277982 0.9917180 1.1806698
0.0000000 0.0000000 0.0000000 1.0000000
-0.2210760 0.9664345 0.1309812 -24.4243565
-0.9751558 -0.2210611 -0.0147887 -107.3246875
0.0146627 -0.1309964 0.9913037 1.2161868
0.0000000 0.0000000 0.0000000 1.0000000
-0.2193194 0.9670066 0.1297064 -24.6351154
-0.9756027 -0.2188281 -0.0181552 -108.3020977
0.0108273 -0.1305236 0.9914159 1.2316514
0.0000000 0.0000000 0.0000000 1.0000000
-0.2153556 0.9673459 0.1337562 -24.8206824
-0.9765055 -0.2145465 -0.0205582 -109.2477459
0.0088101 -0.1350408 0.9908309 1.2589573
0.0000000 0.0000000 0.0000000 1.0000000
-0.2126807 0.9681985 0.1318531 -24.9621879
-0.9770788 -0.2121112 -0.0184653 -110.1043861
0.0100895 -0.1327579 0.9911270 1.2596258
0.0000000 0.0000000 0.0000000 1.0000000
-0.2056894 0.9692815 0.1349530 -25.1199082
-0.9785586 -0.2053355 -0.0166410 -111.0026268
0.0115810 -0.1354820 0.9907427 1.2886609
0.0000000 0.0000000 0.0000000 1.0000000
-0.1992960 0.9705091 0.1357214 -25.2730205
-0.9798948 -0.1988162 -0.0171723 -111.8802122
0.0103178 -0.1364148 0.9906290 1.3146046
0.0000000 0.0000000 0.0000000 1.0000000
-0.1940689 0.9715674 0.1357245 -25.4225797
-0.9809623 -0.1933641 -0.0184375 -112.7407407
0.0083311 -0.1367185 0.9906057 1.3349021
0.0000000 0.0000000 0.0000000 1.0000000
-0.1862321 0.9735521 0.1324441 -25.5751334
-0.9824944 -0.1854046 -0.0186159 -113.6079283
0.0064323 -0.1335921 0.9910467 1.3564352
0.0000000 0.0000000 0.0000000 1.0000000
-0.1779912 0.9758392 0.1268238 -25.7397194
-0.9840237 -0.1772738 -0.0169637 -114.5177275
0.0059288 -0.1278167 0.9918111 1.3722086
0.0000000 0.0000000 0.0000000 1.0000000
-0.1752403 0.9767600 0.1235235 -25.8434113
-0.9845207 -0.1745256 -0.0166174 -115.3587202
0.0053269 -0.1245230 0.9922336 1.3780555
0.0000000 0.0000000 0.0000000 1.0000000
-0.1687601 0.9774302 0.1271916 -25.9751835
-0.9856626 -0.1676913 -0.0190959 -116.2468971
0.0026641 -0.1285904 0.9917250 1.3936107
0.0000000 0.0000000 0.0000000 1.0000000
-0.1628099 0.9779308 0.1310416 -26.0931643
-0.9866658 -0.1614819 -0.0207244 -117.1208661
0.0008938 -0.1326682 0.9911911 1.4092634
0.0000000 0.0000000 0.0000000 1.0000000
-0.1596384 0.9787985 0.1284388 -26.2257533
-0.9871836 -0.1581386 -0.0218128 -118.0032576
-0.0010391 -0.1302746 0.9915080 1.4215257
0.0000000 0.0000000 0.0000000 1.0000000
-0.1558339 0.9795272 0.1275538 -26.3542074
-0.9877901 -0.1542601 -0.0221404 -118.8620577
-0.0020106 -0.1294463 0.9916155 1.4391696
0.0000000 0.0000000 0.0000000 1.0000000
-0.1539200 0.9797102 0.1284728 -26.4395416
-0.9880906 -0.1523685 -0.0218335 -119.7203425
-0.0018153 -0.1303031 0.9915045 1.4550509
0.0000000 0.0000000 0.0000000 1.0000000
-0.1404619 0.9824480 0.1228632 -26.5154700
-0.9900699 -0.1384878 -0.0244616 -120.6522845
-0.0070172 -0.1250787 0.9921539 1.4595173
0.0000000 0.0000000 0.0000000 1.0000000
-0.1272101 0.9844265 0.1214537 -26.6788450
-0.9918185 -0.1248355 -0.0269549 -121.6113252
-0.0113734 -0.1238887 0.9922625 1.4805242
0.0000000 0.0000000 0.0000000 1.0000000
-0.1163181 0.9862309 0.1176791 -26.8197025
-0.9931236 -0.1138332 -0.0276035 -122.5810691
-0.0138277 -0.1200804 0.9926998 1.4898237
0.0000000 0.0000000 0.0000000 1.0000000
-0.1068247 0.9875622 0.1154960 -26.9326127
-0.9941996 -0.1045618 -0.0254546 -123.5223667
-0.0130616 -0.1175450 0.9930136 1.4801764
0.0000000 0.0000000 0.0000000 1.0000000
-0.0998432 0.9882105 0.1161974 -27.0383724
-0.9949443 -0.0977995 -0.0231338 -124.4379913
-0.0114971 -0.1179194 0.9929890 1.4797269
0.0000000 0.0000000 0.0000000 1.0000000
-0.0938426 0.9890170 0.1143227 -27.1195521
-0.9955280 -0.0918790 -0.0222983 -125.3486898
-0.0115496 -0.1159037 0.9932262 1.4781143
0.0000000 0.0000000 0.0000000 1.0000000
-0.0907161 0.9892738 0.1146215 -27.1981483
-0.9957900 -0.0885154 -0.0241173 -126.2298456
-0.0137129 -0.1163265 0.9931488 1.4769896
0.0000000 0.0000000 0.0000000 1.0000000
-0.0877269 0.9894970 0.1150232 -27.2788684
-0.9959813 -0.0849834 -0.0285141 -127.1400389
-0.0184396 -0.1170621 0.9929860 1.4786501
0.0000000 0.0000000 0.0000000 1.0000000
-0.0846050 0.9899182 0.1137344 -27.3560697
-0.9961362 -0.0812891 -0.0334538 -128.0130127
-0.0238713 -0.1161250 0.9929809 1.4689418
0.0000000 0.0000000 0.0000000 1.0000000
-0.0803825 0.9903714 0.1128474 -27.4286805
-0.9963993 -0.0767374 -0.0362511 -128.9166202
-0.0272426 -0.1153546 0.9929842 1.4640425
0.0000000 0.0000000 0.0000000 1.0000000
-0.0770071 0.9903058 0.1157408 -27.4947246
-0.9967592 -0.0737142 -0.0324357 -129.7912824
-0.0235896 -0.1178630 0.9927837 1.4607029
0.0000000 0.0000000 0.0000000 1.0000000
-0.0758776 0.9901260 0.1180019 -27.5502840
-0.9969229 -0.0729448 -0.0289475 -130.6250628
-0.0200541 -0.1198349 0.9926251 1.4571561
0.0000000 0.0000000 0.0000000 1.0000000
-0.0747331 0.9900587 0.1192891 -27.6025686
-0.9969821 -0.0716094 -0.0302306 -131.4712790
-0.0213879 -0.1211878 0.9924332 1.4477763
0.0000000 0.0000000 0.0000000 1.0000000
-0.0756591 0.9895639 0.1227605 -27.6479984
-0.9969213 -0.0724749 -0.0301712 -132.3227891
-0.0209593 -0.1246649 0.9920113 1.4433429
0.0000000 0.0000000 0.0000000 1.0000000
-0.0714020 0.9903668 0.1187715 -27.7126854
-0.9972255 -0.0683151 -0.0298306 -133.1562085
-0.0214295 -0.1205714 0.9925075 1.4377200
0.0000000 0.0000000 0.0000000 1.0000000
-0.0693483 0.9903438 0.1201710 -27.7576598
-0.9973942 -0.0663697 -0.0285816 -133.9856342
-0.0203299 -0.1218393 0.9923763 1.4305323
0.0000000 0.0000000 0.0000000 1.0000000
-0.0661596 0.9895389 0.1283255 -27.7625065
-0.9976596 -0.0633029 -0.0261839 -134.7670779
-0.0177866 -0.1297568 0.9914218 1.4089582
0.0000000 0.0000000 0.0000000 1.0000000
-0.0625863 0.9896006 0.1296351 -27.7953986
-0.9978827 -0.0596719 -0.0262150 -135.6187356
-0.0182068 -0.1310006 0.9912507 1.3971325
0.0000000 0.0000000 0.0000000 1.0000000
-0.0575338 0.9902043 0.1273460 -27.8329613
-0.9982158 -0.0549398 -0.0237589 -136.4712092
-0.0165297 -0.1284850 0.9916091 1.3938264
0.0000000 0.0000000 0.0000000 1.0000000
-0.0395367 0.9887550 0.1443293 -27.8529649
-0.9990455 -0.0363605 -0.0245504 -137.4178166
-0.0190265 -0.1451617 0.9892596 1.3927403
0.0000000 0.0000000 0.0000000 1.0000000
-0.0224522 0.9908014 0.1335646 -27.8345706
-0.9995687 -0.0196548 -0.0221959 -138.3583779
-0.0193665 -0.1340049 0.9908262 1.3886132
0.0000000 0.0000000 0.0000000 1.0000000
-0.0204206 0.9907469 0.1342955 -27.8518182
-0.9995945 -0.0175031 -0.0228403 -139.1856733
-0.0202783 -0.1347069 0.9907134 1.3788668
0.0000000 0.0000000 0.0000000 1.0000000
-0.0153173 0.9906605 0.1356080 -27.8593300
-0.9995747 -0.0117547 -0.0270047 -140.0143058
-0.0251585 -0.1359634 0.9904303 1.3786822
0.0000000 0.0000000 0.0000000 1.0000000
-0.0122627 0.9913610 0.1307116 -27.8409703
-0.9994760 -0.0081954 -0.0315800 -140.8454995
-0.0302359 -0.1310298 0.9909530 1.3744676
0.0000000 0.0000000 0.0000000 1.0000000
-0.0084909 0.9914665 0.1302115 -27.8443588
-0.9994625 -0.0042523 -0.0327662 -141.6062052
-0.0319329 -0.1304192 0.9909806 1.3618269
0.0000000 0.0000000 0.0000000 1.0000000
-0.0049988 0.9911937 0.1324490 -27.8417665
-0.9995563 -0.0010189 -0.0300710 -142.3688651
-0.0296712 -0.1325398 0.9907701 1.3576084
0.0000000 0.0000000 0.0000000 1.0000000
0.0019319 0.9939167 0.1102631 -27.8504483
-0.9995890 0.0051123 -0.0285358 -143.2061027
-0.0289259 -0.1101616 0.9935292 1.3360915
0.0000000 0.0000000 0.0000000 1.0000000
0.0119408 0.9935397 0.1129960 -27.8237669
-0.9995436 0.0150361 -0.0265479 -144.0148956
-0.0280753 -0.1126264 0.9932772 1.3196856
0.0000000 0.0000000 0.0000000 1.0000000
0.0211975 0.9943904 0.1037811 -27.8065320
-0.9991893 0.0246559 -0.0321208 -144.8444828
-0.0344995 -0.1030149 0.9941183 1.3041360
0.0000000 0.0000000 0.0000000 1.0000000
0.0331385 0.9944141 0.1003736 -27.7862921
-0.9987038 0.0368570 -0.0353860 -145.5915480
-0.0388878 -0.0990695 0.9943582 1.2924576
0.0000000 0.0000000 0.0000000 1.0000000
0.0472923 0.9943366 0.0953456 -27.7453359
-0.9981113 0.0508136 -0.0348117 -146.3994509
-0.0394593 -0.0935178 0.9948735 1.2710463
0.0000000 0.0000000 0.0000000 1.0000000
0.0590744 0.9928904 0.1034966 -27.7293677
-0.9974638 0.0628609 -0.0336794 -146.4612262
-0.0399458 -0.1012432 0.9940976 1.2520046
0.0000000 0.0000000 0.0000000 1.0000000
0.0696934 0.9924681 0.1009085 -27.6905019
-0.9966344 0.0736727 -0.0362236 -146.7698291
-0.0433849 -0.0980430 0.9942742 1.2336777
0.0000000 0.0000000 0.0000000 1.0000000
0.0820725 0.9919023 0.0970904 -27.6595851
-0.9957609 0.0856954 -0.0337126 -146.7882844
-0.0417597 -0.0939105 0.9947425 1.2105786
0.0000000 0.0000000 0.0000000 1.0000000
0.0947273 0.9904759 0.1000827 -27.5858803
-0.9948001 0.0979886 -0.0281466 -147.3683511
-0.0376853 -0.0968945 0.9946197 1.1985889
0.0000000 0.0000000 0.0000000 1.0000000
0.1089133 0.9879548 0.1100727 -27.4929115
-0.9935405 0.1117762 -0.0201363 -147.9358138
-0.0321970 -0.1071671 0.9937589 1.1906810
0.0000000 0.0000000 0.0000000 1.0000000
0.1195461 0.9862718 0.1140575 -27.3910854
-0.9925230 0.1216205 -0.0113553 -148.5832693
-0.0250708 -0.1118458 0.9934485 1.1735477
0.0000000 0.0000000 0.0000000 1.0000000
0.1308536 0.9851880 0.1109691 -27.2826591
-0.9911030 0.1327916 -0.0102004 -149.3312267
-0.0247847 -0.1086456 0.9938108 1.1584274
0.0000000 0.0000000 0.0000000 1.0000000
0.1385975 0.9834378 0.1169337 -27.1617788
-0.9899013 0.1411595 -0.0138561 -150.0215806
-0.0301326 -0.1138310 0.9930824 1.1480535
0.0000000 0.0000000 0.0000000 1.0000000
0.1444069 0.9826228 0.1167569 -27.0705992
-0.9889650 0.1473032 -0.0165008 -150.4921858
-0.0334124 -0.1130843 0.9930629 1.1389799
0.0000000 0.0000000 0.0000000 1.0000000
0.1553521 0.9810302 0.1160966 -26.9690215
-0.9874169 0.1577660 -0.0118209 -150.9829173
-0.0299124 -0.1127980 0.9932068 1.1460113
0.0000000 0.0000000 0.0000000 1.0000000
0.1606546 0.9799799 0.1177361 -26.8536693
-0.9867245 0.1623905 -0.0052172 -151.5072827
-0.0242315 -0.1153335 0.9930706 1.1375149
0.0000000 0.0000000 0.0000000 1.0000000
0.1684819 0.9775453 0.1266976 -26.7062995
-0.9855353 0.1695192 0.0026484 -152.1205793
-0.0188882 -0.1253098 0.9919782 1.1337746
0.0000000 0.0000000 0.0000000 1.0000000
0.1671436 0.9775677 0.1282882 -26.5962495
-0.9856862 0.1686591 -0.0009445 -152.6422269
-0.0225597 -0.1262926 0.9917775 1.1197025
0.0000000 0.0000000 0.0000000 1.0000000
0.1659778 0.9778188 0.1278872 -26.4794248
-0.9857703 0.1680752 -0.0056910 -153.1713496
-0.0270589 -0.1251213 0.9918135 1.1214160
0.0000000 0.0000000 0.0000000 1.0000000
0.1658652 0.9789957 0.1186982 -26.3518673
-0.9856822 0.1683311 -0.0109679 -153.9066136
-0.0307177 -0.1151779 0.9929109 1.1029228
0.0000000 0.0000000 0.0000000 1.0000000
0.1638857 0.9799233 0.1136865 -26.2122539
-0.9860427 0.1661979 -0.0110797 -154.6452097
-0.0297512 -0.1102823 0.9934957 1.0898188
0.0000000 0.0000000 0.0000000 1.0000000
0.1588460 0.9811799 0.1099414 -26.0873008
-0.9868360 0.1612530 -0.0132797 -155.3492368
-0.0307577 -0.1063830 0.9938903 1.0796917
0.0000000 0.0000000 0.0000000 1.0000000
0.1550631 0.9821614 0.1065239 -25.9630387
-0.9874192 0.1575053 -0.0148333 -156.0875351
-0.0313463 -0.1028819 0.9942404 1.0670212
0.0000000 0.0000000 0.0000000 1.0000000
0.1505189 0.9829233 0.1060157 -25.8339365
-0.9881964 0.1527242 -0.0129276 -156.8217086
-0.0288976 -0.1028167 0.9943215 1.0495212
0.0000000 0.0000000 0.0000000 1.0000000
0.1510070 0.9842367 0.0922405 -25.6994131
-0.9880358 0.1532662 -0.0178504 -157.6565633
-0.0317060 -0.0884395 0.9956179 1.0344034
0.0000000 0.0000000 0.0000000 1.0000000
0.1454444 0.9854764 0.0878400 -25.5829353
-0.9887439 0.1479583 -0.0227541 -158.4120037
-0.0354199 -0.0835398 0.9959160 1.0254106
0.0000000 0.0000000 0.0000000 1.0000000
0.1441472 0.9855370 0.0892864 -25.4831131
-0.9889828 0.1465796 -0.0212464 -159.0964708
-0.0340263 -0.0852382 0.9958207 1.0133756
0.0000000 0.0000000 0.0000000 1.0000000
0.1376883 0.9864046 0.0898948 -25.3682043
-0.9899311 0.1400865 -0.0208768 -159.8338824
-0.0331857 -0.0861133 0.9957733 0.9955015
0.0000000 0.0000000 0.0000000 1.0000000
0.1303013 0.9873490 0.0905338 -25.2722645
-0.9909895 0.1325839 -0.0196166 -160.5502725
-0.0313714 -0.0871601 0.9957406 0.9833880
0.0000000 0.0000000 0.0000000 1.0000000
0.1258705 0.9878175 0.0916834 -25.1724350
-0.9916525 0.1279258 -0.0168436 -161.2898867
-0.0283667 -0.0887961 0.9956861 0.9704881
0.0000000 0.0000000 0.0000000 1.0000000
0.1220638 0.9890020 0.0837168 -25.0813999
-0.9921437 0.1239464 -0.0176160 -162.0292113
-0.0277983 -0.0809070 0.9963741 0.9575690
0.0000000 0.0000000 0.0000000 1.0000000
0.1213540 0.9892435 0.0818721 -24.9838901
-0.9922124 0.1232572 -0.0185507 -162.7494881
-0.0284421 -0.0789814 0.9965102 0.9511227
0.0000000 0.0000000 0.0000000 1.0000000
0.1198241 0.9896249 0.0794773 -24.8947875
-0.9923730 0.1217528 -0.0198252 -163.4442728
-0.0292957 -0.0764938 0.9966787 0.9457981
0.0000000 0.0000000 0.0000000 1.0000000
0.1243529 0.9892697 0.0769039 -24.8101586
-0.9917881 0.1262842 -0.0207202 -164.1149499
-0.0302093 -0.0736940 0.9968622 0.9405922
0.0000000 0.0000000 0.0000000 1.0000000
0.1339834 0.9880633 0.0762398 -24.7022119
-0.9905159 0.1359137 -0.0206534 -164.8063136
-0.0307685 -0.0727477 0.9969151 0.9384159
0.0000000 0.0000000 0.0000000 1.0000000
0.1467880 0.9865257 0.0724798 -24.6036594
-0.9887386 0.1485144 -0.0189576 -165.4901048
-0.0294660 -0.0688791 0.9972287 0.9250327
0.0000000 0.0000000 0.0000000 1.0000000
0.1606316 0.9844386 0.0714931 -24.4794857
-0.9864532 0.1625834 -0.0222902 -166.1158413
-0.0335665 -0.0669422 0.9972315 0.9106823
0.0000000 0.0000000 0.0000000 1.0000000
0.1738269 0.9820011 0.0741006 -24.3436925
-0.9840202 0.1761695 -0.0262538 -166.7919855
-0.0388351 -0.0683510 0.9969448 0.8886103
0.0000000 0.0000000 0.0000000 1.0000000
0.1824997 0.9803432 0.0751909 -24.2063730
-0.9821634 0.1853113 -0.0321875 -167.3868085
-0.0454882 -0.0679736 0.9966893 0.8776331
0.0000000 0.0000000 0.0000000 1.0000000
0.1997972 0.9772864 0.0708895 -24.0652250
-0.9785658 0.2027151 -0.0365662 -168.0282824
-0.0501057 -0.0620622 0.9968538 0.8406791
0.0000000 0.0000000 0.0000000 1.0000000
0.2120012 0.9744485 0.0744201 -23.9190940
-0.9755428 0.2155506 -0.0433049 -168.6431161
-0.0582394 -0.0634173 0.9963261 0.8204622
0.0000000 0.0000000 0.0000000 1.0000000
0.2262114 0.9708361 0.0796165 -23.7612337
-0.9718900 0.2304365 -0.0484756 -169.2403367
-0.0654082 -0.0664109 0.9956862 0.7925767
0.0000000 0.0000000 0.0000000 1.0000000
0.2406759 0.9673126 0.0800874 -23.5984216
-0.9681745 0.2451028 -0.0508290 -169.8586366
-0.0687970 -0.0653034 0.9955307 0.7653798
0.0000000 0.0000000 0.0000000 1.0000000
0.2546719 0.9638083 0.0790473 -23.4316143
-0.9645249 0.2590513 -0.0510369 -170.4369876
-0.0696668 -0.0632436 0.9956033 0.7318607
0.0000000 0.0000000 0.0000000 1.0000000
0.2729425 0.9584025 0.0836673 -23.2371513
-0.9593995 0.2776037 -0.0500897 -171.0283035
-0.0712321 -0.0665970 0.9952739 0.7084664
0.0000000 0.0000000 0.0000000 1.0000000
0.2894161 0.9532245 0.0873760 -23.0329905
-0.9543369 0.2944153 -0.0508058 -171.6524791
-0.0741539 -0.0686804 0.9949191 0.6657717
0.0000000 0.0000000 0.0000000 1.0000000
0.3019355 0.9492082 0.0887257 -22.8190555
-0.9501879 0.3071937 -0.0528709 -172.2207463
-0.0774411 -0.0683408 0.9946923 0.6197103
0.0000000 0.0000000 0.0000000 1.0000000
0.3133798 0.9459104 0.0841416 -22.6220866
-0.9460971 0.3186296 -0.0582723 -172.8020353
-0.0819300 -0.0613430 0.9947890 0.5851503
0.0000000 0.0000000 0.0000000 1.0000000
0.3250842 0.9421560 0.0818226 -22.4194295
-0.9421100 0.3301660 -0.0586472 -173.3586770
