1.0000000 0.0000000 0.0000000 0.0000000
0.0000000 1.0000000 0.0000000 0.0000000
0.0000000 0.0000000 1.0000000 0.0000000
0.0000000 0.0000000 0.0000000 1.0000000
0.9999932 -0.0034633 -0.0012610 0.6769894
0.0034600 0.9999906 -0.0026247 -0.0006387
0.0012701 0.0026203 0.9999958 0.0064288
0.0000000 0.0000000 0.0000000 1.0000000
0.9999681 -0.0076900 -0.0021731 1.3709760
0.0076860 0.9999688 -0.0018159 0.0103622
0.0021869 0.0017991 0.9999960 0.0084493
0.0000000 0.0000000 0.0000000 1.0000000
0.9999254 -0.0117166 -0.0034429 2.0816524
0.0117124 0.9999306 -0.0012466 0.0219442
0.0034573 0.0012062 0.9999933 0.0080278
0.0000000 0.0000000 0.0000000 1.0000000
0.9998567 -0.0164523 -0.0039788 2.8111625
0.0164516 0.9998646 -0.0002210 0.0378834
0.0039819 0.0001555 0.9999921 0.0095649
0.0000000 0.0000000 0.0000000 1.0000000
0.9997652 -0.0212606 -0.0041820 3.5546527
0.0212564 0.9997735 -0.0010550 0.0537995
0.0042034 0.0009659 0.9999907 0.0164310
0.0000000 0.0000000 0.0000000 1.0000000
0.9996555 -0.0257547 -0.0050637 4.3060031
0.0257564 0.9996682 0.0002714 0.0811568
0.0050551 -0.0004017 0.9999871 0.0231148
0.0000000 0.0000000 0.0000000 1.0000000
0.9994999 -0.0311157 -0.0056510 5.0810676
0.0311347 0.9995098 0.0033102 0.1110597
0.0055452 -0.0034845 0.9999785 0.0301338
0.0000000 0.0000000 0.0000000 1.0000000
0.9993563 -0.0355060 -0.0051359 5.8710246
0.0355286 0.9993591 0.0043796 0.1463913
0.0049771 -0.0045593 0.9999772 0.0327537
0.0000000 0.0000000 0.0000000 1.0000000
0.9991983 -0.0399738 -0.0022490 6.6658440
0.0399829 0.9991917 0.0041574 0.1870276
0.0020810 -0.0042440 0.9999889 0.0378176
0.0000000 0.0000000 0.0000000 1.0000000
0.9990472 -0.0436444 -0.0001434 7.4718051
0.0436446 0.9990419 0.0032400 0.2211131
0.0000019 -0.0032431 0.9999948 0.0476003
0.0000000 0.0000000 0.0000000 1.0000000
0.9989230 -0.0463993 -0.0000706 8.2872410
0.0463992 0.9989128 0.0045184 0.2700088
-0.0001391 -0.0045168 0.9999898 0.0523257
0.0000000 0.0000000 0.0000000 1.0000000
0.9988239 -0.0484839 -0.0004656 9.1116762
0.0484854 0.9988158 0.0040047 0.3149099
0.0002709 -0.0040226 0.9999919 0.0544899
0.0000000 0.0000000 0.0000000 1.0000000
0.9987344 -0.0502960 -0.0002857 9.9443579
0.0502965 0.9987326 0.0018663 0.3555798
0.0001915 -0.0018784 0.9999982 0.0620172
0.0000000 0.0000000 0.0000000 1.0000000
0.9986646 -0.0516644 0.0001699 10.7833776
0.0516640 0.9986624 0.0020322 0.4033606
-0.0002747 -0.0020207 0.9999979 0.0646222
0.0000000 0.0000000 0.0000000 1.0000000
0.9985850 -0.0531783 0.0003820 11.6365871
0.0531782 0.9985850 0.0001991 0.4561277
-0.0003920 -0.0001785 0.9999999 0.0751434
0.0000000 0.0000000 0.0000000 1.0000000
0.9984926 -0.0548622 -0.0017019 12.4952488
0.0548660 0.9984910 0.0022923 0.5080925
0.0015736 -0.0023823 0.9999959 0.0786442
0.0000000 0.0000000 0.0000000 1.0000000
0.9984198 -0.0560467 -0.0041250 13.3596888
0.0560622 0.9984202 0.0037476 0.5636576
0.0039084 -0.0039730 0.9999844 0.0860019
0.0000000 0.0000000 0.0000000 1.0000000
0.9983459 -0.0571993 -0.0058305 14.2390623
0.0572419 0.9983327 0.0074180 0.6254995
0.0053965 -0.0077395 0.9999555 0.0905838
0.0000000 0.0000000 0.0000000 1.0000000
0.9982573 -0.0587207 -0.0058666 15.1304636
0.0587694 0.9982353 0.0085021 0.6879224
0.0053570 -0.0088321 0.9999467 0.0980753
0.0000000 0.0000000 0.0000000 1.0000000
0.9981943 -0.0599309 -0.0040809 15.1386147
0.0599587 0.9981758 0.0070715 0.6824967
0.0036497 -0.0073035 0.9999667 0.0997896
0.0000000 0.0000000 0.0000000 1.0000000
0.9981433 -0.0608400 -0.0029738 16.0359879
0.0608596 0.9981217 0.0070157 0.7435769
0.0025414 -0.0071836 0.9999710 0.1064108
0.0000000 0.0000000 0.0000000 1.0000000
0.9980507 -0.0623565 -0.0025939 16.9461975
0.0623732 0.9980287 0.0069489 0.8036191
0.0021555 -0.0070971 0.9999725 0.1185150
0.0000000 0.0000000 0.0000000 1.0000000
0.9979937 -0.0632220 -0.0034437 17.8474293
0.0632440 0.9979755 0.0067211 0.8632074
0.0030119 -0.0069255 0.9999715 0.1245546
0.0000000 0.0000000 0.0000000 1.0000000
0.9978908 -0.0648148 -0.0036426 18.7730255
0.0648342 0.9978809 0.0054950 0.9248374
0.0032787 -0.0057196 0.9999783 0.1356095
0.0000000 0.0000000 0.0000000 1.0000000
0.9978506 -0.0654966 -0.0021766 19.6960068
0.0655074 0.9978380 0.0053127 0.9862223
0.0018240 -0.0054439 0.9999835 0.1437877
0.0000000 0.0000000 0.0000000 1.0000000
0.9979091 -0.0646297 0.0009521 20.6194496
0.0646225 0.9978902 0.0062605 1.0537291
-0.0013547 -0.0061859 0.9999800 0.1491159
0.0000000 0.0000000 0.0000000 1.0000000
0.9979246 -0.0641950 0.0050881 21.5620003
0.0641600 0.9979168 0.0067509 1.1207967
-0.0055108 -0.0064104 0.9999643 0.1581766
0.0000000 0.0000000 0.0000000 1.0000000
0.9979941 -0.0627278 0.0085682 22.5035782
0.0626812 0.9980179 0.0056064 1.1796225
-0.0089029 -0.0050581 0.9999476 0.1615262
0.0000000 0.0000000 0.0000000 1.0000000
0.9981261 -0.0604624 0.0094339 23.4507313
0.0604151 0.9981598 0.0052156 1.2404592
-0.0097319 -0.0046359 0.9999419 0.1614610
0.0000000 0.0000000 0.0000000 1.0000000
0.9981961 -0.0596234 0.0070745 24.4043159
0.0595842 0.9982075 0.0056258 1.3019023
-0.0073972 -0.0051941 0.9999592 0.1628977
0.0000000 0.0000000 0.0000000 1.0000000
0.9983339 -0.0576621 0.0022541 25.3544083
0.0576450 0.9983125 0.0070228 1.3625392
-0.0026553 -0.0068811 0.9999728 0.1603604
0.0000000 0.0000000 0.0000000 1.0000000
0.9983820 -0.0568585 -0.0009951 26.3178654
0.0568635 0.9983636 0.0060642 1.4187419
0.0006487 -0.0061110 0.9999812 0.1627466
0.0000000 0.0000000 0.0000000 1.0000000
0.9984395 -0.0558487 0.0002242 27.2891407
0.0558475 0.9984329 0.0035826 1.4739439
-0.0004239 -0.0035645 0.9999936 0.1682621
0.0000000 0.0000000 0.0000000 1.0000000
0.9984613 -0.0551919 0.0054269 28.2575188
0.0551845 0.9984751 0.0014924 1.5264796
-0.0055010 -0.0011906 0.9999842 0.1745283
0.0000000 0.0000000 0.0000000 1.0000000
0.9983561 -0.0565289 0.0094966 29.2374096
0.0565533 0.9983970 -0.0023133 1.5790136
-0.0093506 0.0028466 0.9999523 0.1766867
0.0000000 0.0000000 0.0000000 1.0000000
0.9983137 -0.0572625 0.0095566 30.2190762
0.0573599 0.9983010 -0.0102520 1.6268052
-0.0089533 0.0107829 0.9999018 0.1834471
0.0000000 0.0000000 0.0000000 1.0000000
0.9982805 -0.0582553 0.0065513 31.2024956
0.0583327 0.9982213 -0.0123189 1.6819267
-0.0058220 0.0126799 0.9999027 0.1838926
0.0000000 0.0000000 0.0000000 1.0000000
0.9981856 -0.0601795 0.0021095 32.1856918
0.0602001 0.9981176 -0.0117184 1.7429085
-0.0014004 0.0118241 0.9999292 0.1829794
0.0000000 0.0000000 0.0000000 1.0000000
0.9980887 -0.0617905 0.0012532 33.1800766
0.0618007 0.9980258 -0.0111902 1.8117802
-0.0005592 0.0112462 0.9999367 0.1834487
0.0000000 0.0000000 0.0000000 1.0000000
0.9980581 -0.0622079 0.0032809 34.1952400
0.0622445 0.9979817 -0.0125806 1.8778644
-0.0024916 0.0127604 0.9999156 0.1929560
0.0000000 0.0000000 0.0000000 1.0000000
0.9979452 -0.0638684 0.0051861 35.1954880
0.0639160 0.9979089 -0.0096166 1.9496551
-0.0045611 0.0099283 0.9999405 0.1929130
0.0000000 0.0000000 0.0000000 1.0000000
0.9978936 -0.0645574 0.0064287 36.2000732
0.0646127 0.9978716 -0.0087997 2.0179844
-0.0058469 0.0091966 0.9999408 0.2001128
0.0000000 0.0000000 0.0000000 1.0000000
0.9977880 -0.0658467 0.0091677 37.2012634
0.0659215 0.9977919 -0.0081115 2.0861416
-0.0086134 0.0086979 0.9999252 0.2001117
0.0000000 0.0000000 0.0000000 1.0000000
0.9977639 -0.0655463 0.0131038 38.2069283
0.0656495 0.9978138 -0.0076080 2.1586988
-0.0125765 0.0084512 0.9998853 0.2100771
0.0000000 0.0000000 0.0000000 1.0000000
0.9977556 -0.0654365 0.0142351 39.2042313
0.0654896 0.9978479 -0.0032939 2.2315936
-0.0139889 0.0042188 0.9998934 0.1955438
0.0000000 0.0000000 0.0000000 1.0000000
0.9977465 -0.0655747 0.0142374 40.1972961
0.0656137 0.9978426 -0.0022852 2.3056073
-0.0140569 0.0032142 0.9998962 0.1976291
0.0000000 0.0000000 0.0000000 1.0000000
0.9977628 -0.0655809 0.0130104 41.1880379
0.0656125 0.9978432 -0.0020181 2.3735225
-0.0128500 0.0028672 0.9999135 0.2005678
0.0000000 0.0000000 0.0000000 1.0000000
0.9978334 -0.0648017 0.0113975 42.1051559
0.0647889 0.9978979 0.0014911 2.4444034
-0.0114702 -0.0007494 0.9999341 0.1996647
0.0000000 0.0000000 0.0000000 1.0000000
0.9977634 -0.0658369 0.0115936 43.0936890
0.0658213 0.9978300 0.0017219 2.5085750
-0.0116818 -0.0009549 0.9999315 0.1991968
0.0000000 0.0000000 0.0000000 1.0000000
0.9976712 -0.0669637 0.0129893 44.0865860
0.0669733 0.9977548 -0.0003105 2.5748034
-0.0129393 0.0011797 0.9999157 0.2001991
0.0000000 0.0000000 0.0000000 1.0000000
0.9976535 -0.0671076 0.0135888 45.0787086
0.0671131 0.9977454 0.0000544 2.6447980
-0.0135618 0.0008577 0.9999078 0.1991497
0.0000000 0.0000000 0.0000000 1.0000000
0.9976584 -0.0674581 0.0113100 46.0521698
0.0674411 0.9977215 0.0018752 2.7212827
-0.0114108 -0.0011080 0.9999344 0.2055169
0.0000000 0.0000000 0.0000000 1.0000000
0.9977051 -0.0673780 0.0067458 47.0199966
0.0673548 0.9977226 0.0036127 2.7917633
-0.0069739 -0.0031500 0.9999709 0.1998316
0.0000000 0.0000000 0.0000000 1.0000000
0.9976668 -0.0680208 0.0059149 47.9920654
0.0679951 0.9976758 0.0044443 2.8673344
-0.0062034 -0.0040318 0.9999728 0.2040836
0.0000000 0.0000000 0.0000000 1.0000000
0.9976286 -0.0682221 0.0091485 48.9660645
0.0681968 0.9976673 0.0030503 2.9353890
-0.0093353 -0.0024192 0.9999536 0.2022804
0.0000000 0.0000000 0.0000000 1.0000000
0.9976084 -0.0678322 0.0133077 49.9402428
0.0678392 0.9976963 -0.0000773 3.0027387
-0.0132718 0.0009799 0.9999115 0.2130734
0.0000000 0.0000000 0.0000000 1.0000000
0.9975493 -0.0686270 0.0136608 50.8999634
0.0686548 0.9976392 -0.0015785 3.0725174
-0.0135202 0.0025125 0.9999055 0.2068867
0.0000000 0.0000000 0.0000000 1.0000000
0.9975673 -0.0684693 0.0131261 51.8636284
0.0685460 0.9976329 -0.0054793 3.1392913
-0.0127199 0.0063657 0.9998989 0.2072822
0.0000000 0.0000000 0.0000000 1.0000000
0.9975904 -0.0682467 0.0125182 52.8233948
0.0683529 0.9976270 -0.0082627 3.2028456
-0.0119246 0.0090985 0.9998876 0.2126211
0.0000000 0.0000000 0.0000000 1.0000000
0.9974772 -0.0696825 0.0135790 53.7780342
0.0698160 0.9975136 -0.0096159 3.2717283
-0.0128751 0.0105397 0.9998617 0.2064594
0.0000000 0.0000000 0.0000000 1.0000000
0.9973910 -0.0700123 0.0176190 54.7293091
0.0702446 0.9974460 -0.0129326 3.3357267
-0.0166686 0.0141365 0.9997612 0.2023199
0.0000000 0.0000000 0.0000000 1.0000000
0.9971870 -0.0712317 0.0233470 55.6918488
0.0715839 0.9973276 -0.0146100 3.4043622
-0.0222439 0.0162401 0.9996207 0.2047153
0.0000000 0.0000000 0.0000000 1.0000000
0.9971066 -0.0717165 0.0252217 56.6387749
0.0720624 0.9973143 -0.0130836 3.4789469
-0.0242156 0.0148632 0.9995964 0.1897423
0.0000000 0.0000000 0.0000000 1.0000000
0.9971519 -0.0721510 0.0219808 57.5731850
0.0724338 0.9972968 -0.0123536 3.5578821
-0.0210300 0.0139105 0.9996822 0.1825684
0.0000000 0.0000000 0.0000000 1.0000000
0.9971443 -0.0741448 0.0143734 58.4968452
0.0742888 0.9971891 -0.0097535 3.6302497
-0.0136098 0.0107935 0.9998493 0.1751419
0.0000000 0.0000000 0.0000000 1.0000000
0.9971569 -0.0747495 0.0095723 59.4155312
0.0748286 0.9971628 -0.0081893 3.7082996
-0.0089330 0.0088823 0.9999208 0.1773707
0.0000000 0.0000000 0.0000000 1.0000000
0.9971281 -0.0751935 0.0090735 60.3270836
0.0752255 0.9971613 -0.0032385 3.7903125
-0.0088042 0.0039117 0.9999537 0.1706062
0.0000000 0.0000000 0.0000000 1.0000000
0.9969999 -0.0766305 0.0109535 61.2255325
0.0766444 0.9970582 -0.0008523 3.8635375
-0.0108560 0.0016893 0.9999398 0.1782328
0.0000000 0.0000000 0.0000000 1.0000000
0.9968870 -0.0778899 0.0122688 62.1109924
0.0778866 0.9969620 0.0007441 3.9394171
-0.0122895 0.0002138 0.9999246 0.1839681
0.0000000 0.0000000 0.0000000 1.0000000
0.9968827 -0.0780226 0.0117581 62.9806366
0.0780042 0.9969510 0.0020125 4.0105114
-0.0118793 -0.0010890 0.9999290 0.1857855
0.0000000 0.0000000 0.0000000 1.0000000
0.9967147 -0.0800354 0.0124562 63.8321648
0.0799979 0.9967890 0.0034773 4.0834436
-0.0126945 -0.0024694 0.9999166 0.1889509
0.0000000 0.0000000 0.0000000 1.0000000
0.9966522 -0.0807807 0.0126414 64.6712189
0.0807335 0.9967269 0.0041979 4.1606431
-0.0129391 -0.0031633 0.9999115 0.1920802
0.0000000 0.0000000 0.0000000 1.0000000
0.9964822 -0.0827833 0.0130801 65.4953384
0.0827371 0.9965632 0.0040365 4.2322955
-0.0133693 -0.0029401 0.9999065 0.1959666
0.0000000 0.0000000 0.0000000 1.0000000
0.9963565 -0.0841233 0.0140698 66.3124924
0.0840732 0.9964510 0.0041138 4.3037381
-0.0143660 -0.0029159 0.9998927 0.1983099
0.0000000 0.0000000 0.0000000 1.0000000
0.9962423 -0.0850553 0.0163626 67.1155396
0.0849628 0.9963644 0.0062686 4.3810797
-0.0168363 -0.0048548 0.9998466 0.1970343
0.0000000 0.0000000 0.0000000 1.0000000
0.9960728 -0.0863487 0.0195919 67.9014587
0.0862039 0.9962444 0.0081230 4.4558482
-0.0202197 -0.0064022 0.9997752 0.1928158
0.0000000 0.0000000 0.0000000 1.0000000
0.9959170 -0.0876071 0.0218009 68.6710281
0.0874099 0.9961238 0.0098409 4.5326047
-0.0225785 -0.0078951 0.9997141 0.1928912
0.0000000 0.0000000 0.0000000 1.0000000
0.9959456 -0.0881828 0.0178050 69.4200974
0.0879642 0.9960425 0.0127107 4.6096082
-0.0188554 -0.0110930 0.9997609 0.1929466
0.0000000 0.0000000 0.0000000 1.0000000
0.9959384 -0.0894807 0.0100455 70.1428452
0.0893416 0.9959090 0.0135343 4.6814666
-0.0112155 -0.0125819 0.9998581 0.1913302
0.0000000 0.0000000 0.0000000 1.0000000
0.9959058 -0.0902772 0.0047634 70.8502884
0.0902113 0.9958429 0.0125958 4.7471585
-0.0058807 -0.0121145 0.9999095 0.1967454
0.0000000 0.0000000 0.0000000 1.0000000
0.9958203 -0.0912815 0.0032324 71.5355530
0.0912259 0.9957250 0.0144713 4.8154798
-0.0045396 -0.0141159 0.9998903 0.1960435
0.0000000 0.0000000 0.0000000 1.0000000
0.9957490 -0.0919004 0.0062562 72.2124939
0.0917901 0.9956483 0.0160908 4.8869553
-0.0077077 -0.0154482 0.9998512 0.2018606
0.0000000 0.0000000 0.0000000 1.0000000
0.9956525 -0.0927322 0.0088155 72.8678055
0.0925918 0.9955882 0.0151927 4.9508767
-0.0101855 -0.0143104 0.9998459 0.2117622
0.0000000 0.0000000 0.0000000 1.0000000
0.9956078 -0.0934407 0.0059061 73.4907913
0.0933596 0.9955505 0.0127707 5.0089731
-0.0070731 -0.0121632 0.9999012 0.2168444
0.0000000 0.0000000 0.0000000 1.0000000
0.9956309 -0.0933681 0.0016001 74.1012115
0.0933569 0.9956144 0.0060274 5.0595703
-0.0021559 -0.0058517 0.9999808 0.2280244
0.0000000 0.0000000 0.0000000 1.0000000
0.9957945 -0.0915701 -0.0030178 74.6930237
0.0915760 0.9957963 0.0018853 5.1100264
0.0028324 -0.0021537 0.9999939 0.2342328
0.0000000 0.0000000 0.0000000 1.0000000
0.9960482 -0.0887491 -0.0035291 75.2705765
0.0887617 0.9960465 0.0035622 5.1666293
0.0031990 -0.0038614 0.9999877 0.2427145
0.0000000 0.0000000 0.0000000 1.0000000
0.9963928 -0.0848542 -0.0013953 75.8338776
0.0848633 0.9963532 0.0088534 5.2293110
0.0006390 -0.0089399 0.9999601 0.2426053
0.0000000 0.0000000 0.0000000 1.0000000
0.9967816 -0.0801455 0.0019962 76.3964539
0.0801277 0.9967538 0.0078330 5.2747798
-0.0026175 -0.0076479 0.9999676 0.2528019
0.0000000 0.0000000 0.0000000 1.0000000
0.9971598 -0.0750129 0.0067938 76.9349899
0.0749838 0.9971747 0.0044475 5.3103528
-0.0071083 -0.0039254 0.9999673 0.2621009
0.0000000 0.0000000 0.0000000 1.0000000
0.9977298 -0.0664089 0.0112214 77.4683914
0.0664180 0.9977917 -0.0004382 5.3391609
-0.0111675 0.0011825 0.9999372 0.2765450
0.0000000 0.0000000 0.0000000 1.0000000
0.9983466 -0.0564027 0.0111236 77.9842758
0.0563779 0.9984062 0.0025338 5.3678007
-0.0112488 -0.0019024 0.9999352 0.2798911
0.0000000 0.0000000 0.0000000 1.0000000
0.9990867 -0.0414352 0.0104749 78.4900742
0.0413526 0.9991127 0.0079801 5.3994684
-0.0107963 -0.0075397 0.9999135 0.2792836
0.0000000 0.0000000 0.0000000 1.0000000
0.9996727 -0.0231296 0.0109759 78.9824829
0.0229840 0.9996484 0.0132140 5.4132743
-0.0112777 -0.0129574 0.9998527 0.2756966
0.0000000 0.0000000 0.0000000 1.0000000
0.9999269 -0.0017591 0.0119939 79.4512711
0.0016100 0.9999213 0.0124323 5.4083781
-0.0120149 -0.0124121 0.9998510 0.2774816
0.0000000 0.0000000 0.0000000 1.0000000
0.9996014 0.0249139 0.0133096 79.9277191
-0.0250344 0.9996462 0.0089698 5.3790593
-0.0130814 -0.0092994 0.9998714 0.2815812
0.0000000 0.0000000 0.0000000 1.0000000
0.9984279 0.0540235 0.0149654 80.3782578
-0.0541491 0.9984998 0.0081226 5.3481236
-0.0145041 -0.0089202 0.9998552 0.2845955
0.0000000 0.0000000 0.0000000 1.0000000
0.9960698 0.0869381 0.0169529 80.8293457
-0.0870833 0.9961686 0.0080285 5.2969227
-0.0161900 -0.0094733 0.9998242 0.2858397
0.0000000 0.0000000 0.0000000 1.0000000
0.9920581 0.1245066 0.0178784 81.2723465
-0.1246637 0.9921670 0.0079663 5.2294793
-0.0167465 -0.0101318 0.9998086 0.2876030
0.0000000 0.0000000 0.0000000 1.0000000
0.9860249 0.1655443 0.0187297 81.6980515
-0.1657215 0.9861373 0.0083370 5.1419897
-0.0170900 -0.0113244 0.9997900 0.2856996
0.0000000 0.0000000 0.0000000 1.0000000
0.9774270 0.2103866 0.0193566 82.1189651
-0.2105768 0.9775415 0.0083595 5.0383787
-0.0171632 -0.0122468 0.9997779 0.2864744
0.0000000 0.0000000 0.0000000 1.0000000
0.9655327 0.2595815 0.0191033 82.5274582
-0.2598006 0.9656101 0.0100253 4.9091706
-0.0158440 -0.0146428 0.9997675 0.2884670
0.0000000 0.0000000 0.0000000 1.0000000
0.9500484 0.3115905 0.0178938 82.9036026
-0.3118036 0.9500868 0.0106495 4.7648520
-0.0136824 -0.0156969 0.9997834 0.2912496
0.0000000 0.0000000 0.0000000 1.0000000
0.9298786 0.3674808 0.0168657 83.2855148
-0.3676822 0.9298874 0.0109144 4.5877161
-0.0116724 -0.0163503 0.9997984 0.2911261
0.0000000 0.0000000 0.0000000 1.0000000
0.9055621 0.4239038 0.0162385 83.6336594
-0.4240989 0.9055448 0.0113332 4.4023724
-0.0099005 -0.0171496 0.9998041 0.2901965
0.0000000 0.0000000 0.0000000 1.0000000
0.8764474 0.4812618 0.0150953 83.9659271
-0.4814371 0.8764044 0.0115505 4.1884389
-0.0076708 -0.0173908 0.9998196 0.2832964
0.0000000 0.0000000 0.0000000 1.0000000
0.8424736 0.5385726 0.0133629 84.2878647
-0.5387070 0.8424318 0.0101564 3.9487202
-0.0057874 -0.0157552 0.9998594 0.2902854
0.0000000 0.0000000 0.0000000 1.0000000
0.8057563 0.5921041 0.0130505 84.5692749
-0.5922285 0.8057111 0.0097391 3.7037497
-0.0047484 -0.0155762 0.9998677 0.2927697
0.0000000 0.0000000 0.0000000 1.0000000
0.7654060 0.6434007 0.0137834 84.8573074
-0.6435263 0.7653803 0.0081768 3.4324071
-0.0052885 -0.0151286 0.9998719 0.3000453
0.0000000 0.0000000 0.0000000 1.0000000
0.7227921 0.6908733 0.0163268 85.1105118
-0.6910352 0.7227802 0.0076738 3.1612000
-0.0064990 -0.0168289 0.9998375 0.2985332
0.0000000 0.0000000 0.0000000 1.0000000
0.6774787 0.7353489 0.0168932 85.3454895
-0.7355135 0.6774771 0.0066774 2.8679819
-0.0065346 -0.0169490 0.9998353 0.2983594
0.0000000 0.0000000 0.0000000 1.0000000
0.6304950 0.7760635 0.0142243 85.5585098
-0.7761799 0.6304862 0.0056407 2.5515044
-0.0045907 -0.0145970 0.9998832 0.3025987
0.0000000 0.0000000 0.0000000 1.0000000
0.5838699 0.8117846 0.0101343 85.7430801
-0.8118379 0.5838776 0.0024635 2.2365010
-0.0039174 -0.0096658 0.9999459 0.3117965
0.0000000 0.0000000 0.0000000 1.0000000
0.5365042 0.8438236 0.0112246 85.9217300
-0.8438939 0.5364939 0.0041426 1.9099301
-0.0025263 -0.0116949 0.9999287 0.3148980
0.0000000 0.0000000 0.0000000 1.0000000
0.4895384 0.8718743 0.0137201 86.0874634
-0.8719813 0.4894945 0.0066072 1.5861157
-0.0009553 -0.0151981 0.9998843 0.3168651
0.0000000 0.0000000 0.0000000 1.0000000
0.4439045 0.8959558 0.0145935 86.2317734
-0.8960737 0.4438294 0.0081992 1.2515737
0.0008691 -0.0167165 0.9998602 0.3208290
0.0000000 0.0000000 0.0000000 1.0000000
0.4007884 0.9161277 0.0089269 86.3523865
-0.9161683 0.4007462 0.0061615 0.8922455
0.0020673 -0.0106480 0.9999415 0.3211762
0.0000000 0.0000000 0.0000000 1.0000000
0.3614033 0.9324061 -0.0027172 86.4453964
-0.9324089 0.3613980 -0.0022156 0.5317603
-0.0010838 0.0033343 0.9999942 0.3333465
0.0000000 0.0000000 0.0000000 1.0000000
0.3255371 0.9455026 -0.0071675 86.5399399
-0.9455215 0.3254942 -0.0065171 0.1792471
-0.0038290 0.0088986 0.9999534 0.3330847
0.0000000 0.0000000 0.0000000 1.0000000
0.2918009 0.9564673 -0.0048379 86.6415100
-0.9564776 0.2917880 -0.0031772 -0.1899037
-0.0016272 0.0055544 0.9999835 0.3382876
0.0000000 0.0000000 0.0000000 1.0000000
0.2613156 0.9652463 0.0038313 86.7473450
-0.9652471 0.2612975 0.0046352 -0.5486878
0.0034730 -0.0049095 0.9999822 0.3405960
0.0000000 0.0000000 0.0000000 1.0000000
0.2327192 0.9725073 0.0085047 86.8360214
-0.9725192 0.2326419 0.0091706 -0.9241091
0.0069400 -0.0104052 0.9999221 0.3486186
0.0000000 0.0000000 0.0000000 1.0000000
0.2066055 0.9783995 0.0070369 86.9025879
-0.9783826 0.2065249 0.0107174 -1.3159059
0.0090326 -0.0090990 0.9999181 0.3608539
0.0000000 0.0000000 0.0000000 1.0000000
0.1834275 0.9830337 -0.0004284 86.9584579
-0.9829669 0.1834201 0.0115333 -1.7184249
0.0114162 -0.0016944 0.9999337 0.3648883
0.0000000 0.0000000 0.0000000 1.0000000
0.1628508 0.9866185 -0.0080382 87.0044937
-0.9864911 0.1629655 0.0166518 -2.1205177
0.0177389 0.0052178 0.9998294 0.3660613
0.0000000 0.0000000 0.0000000 1.0000000
0.1424121 0.9897651 -0.0092127 87.0578613
-0.9895027 0.1425929 0.0234846 -2.5394850
0.0245579 0.0057715 0.9996821 0.3591602
0.0000000 0.0000000 0.0000000 1.0000000
0.1249010 0.9921483 -0.0065227 87.1162643
-0.9918452 0.1250255 0.0247306 -2.9757702
0.0253519 0.0033807 0.9996732 0.3656532
0.0000000 0.0000000 0.0000000 1.0000000
0.1093755 0.9939902 -0.0046410 87.1699524
-0.9937734 0.1094491 0.0208612 -3.4314625
0.0212437 0.0023304 0.9997720 0.3807748
0.0000000 0.0000000 0.0000000 1.0000000
0.0943691 0.9955291 -0.0041671 87.2114029
-0.9953811 0.0944276 0.0173165 -3.9032640
0.0176325 0.0025137 0.9998417 0.3983708
0.0000000 0.0000000 0.0000000 1.0000000
0.0815889 0.9966507 -0.0056206 87.2443771
-0.9965491 0.0816644 0.0148596 -4.3817129
0.0152688 0.0043888 0.9998741 0.4092505
0.0000000 0.0000000 0.0000000 1.0000000
0.0688577 0.9975892 -0.0086773 87.2730560
-0.9975223 0.0689736 0.0138507 -4.8789229
0.0144158 0.0077021 0.9998667 0.4197578
0.0000000 0.0000000 0.0000000 1.0000000
0.0587055 0.9982111 -0.0113643 87.2944565
-0.9981669 0.0588630 0.0140700 -5.3887796
0.0147137 0.0105175 0.9998367 0.4311541
0.0000000 0.0000000 0.0000000 1.0000000
0.0510164 0.9986131 -0.0130422 87.3170624
-0.9985815 0.0512054 0.0145939 -5.9202204
0.0152415 0.0122791 0.9998087 0.4422852
0.0000000 0.0000000 0.0000000 1.0000000
0.0444994 0.9989008 -0.0147649 87.3384476
-0.9988878 0.0447197 0.0149420 -6.4707146
0.0155859 0.0140836 0.9997796 0.4498052
0.0000000 0.0000000 0.0000000 1.0000000
0.0395458 0.9990953 -0.0156777 87.3621826
-0.9990838 0.0397925 0.0157507 -7.0305390
0.0163603 0.0150405 0.9997534 0.4620303
0.0000000 0.0000000 0.0000000 1.0000000
0.0335604 0.9993041 -0.0163106 87.3860855
-0.9992957 0.0338253 0.0162432 -7.6169481
0.0167837 0.0157540 0.9997354 0.4704586
0.0000000 0.0000000 0.0000000 1.0000000
0.0279576 0.9994446 -0.0181648 87.4029770
-0.9994717 0.0282504 0.0160690 -8.2248774
0.0165733 0.0177060 0.9997062 0.4823557
0.0000000 0.0000000 0.0000000 1.0000000
0.0254436 0.9994929 -0.0191771 87.4151306
-0.9995419 0.0257499 0.0158997 -8.8392372
0.0163854 0.0187638 0.9996900 0.4960530
0.0000000 0.0000000 0.0000000 1.0000000
0.0220312 0.9995536 -0.0202112 87.4290009
-0.9996278 0.0223491 0.0156414 -9.4782448
0.0160861 0.0198590 0.9996737 0.5096385
0.0000000 0.0000000 0.0000000 1.0000000
0.0188170 0.9995751 -0.0222850 87.4425354
-0.9997017 0.0191572 0.0151507 -10.1397581
0.0155712 0.0219933 0.9996372 0.5205687
0.0000000 0.0000000 0.0000000 1.0000000
0.0184113 0.9994926 -0.0260113 87.4495392
-0.9997187 0.0187921 0.0144718 -10.8140850
0.0149532 0.0257376 0.9995572 0.5358402
0.0000000 0.0000000 0.0000000 1.0000000
0.0186239 0.9993870 -0.0296616 87.4640503
-0.9997187 0.0190494 0.0141257 -11.5132055
0.0146821 0.0293902 0.9994605 0.5495368
0.0000000 0.0000000 0.0000000 1.0000000
0.0213229 0.9992775 -0.0314771 87.4769135
-0.9996648 0.0217724 0.0140066 -12.2224932
0.0146818 0.0311679 0.9994066 0.5632621
0.0000000 0.0000000 0.0000000 1.0000000
0.0247090 0.9991422 -0.0332461 87.4985046
-0.9995877 0.0251790 0.0137944 -12.9490309
0.0146197 0.0328915 0.9993523 0.5754569
0.0000000 0.0000000 0.0000000 1.0000000
0.0284404 0.9990013 -0.0344757 87.5247803
-0.9994935 0.0289130 0.0132874 -13.6907902
0.0142709 0.0340803 0.9993175 0.5897582
0.0000000 0.0000000 0.0000000 1.0000000
0.0329198 0.9988053 -0.0361285 87.5448456
-0.9993752 0.0333608 0.0116718 -14.4466057
0.0128631 0.0357217 0.9992793 0.6049764
0.0000000 0.0000000 0.0000000 1.0000000
0.0373078 0.9986595 -0.0358949 87.5737305
-0.9992370 0.0376964 0.0102117 -15.2176208
0.0115511 0.0354865 0.9993036 0.6150815
0.0000000 0.0000000 0.0000000 1.0000000
0.0409386 0.9986107 -0.0331942 87.6127090
-0.9991109 0.0412487 0.0087130 -16.0125237
0.0100701 0.0328080 0.9994112 0.6254532
0.0000000 0.0000000 0.0000000 1.0000000
0.0457769 0.9984451 -0.0318279 87.6563568
-0.9989091 0.0460460 0.0077733 -16.8223209
0.0092268 0.0314373 0.9994634 0.6376137
0.0000000 0.0000000 0.0000000 1.0000000
0.0493884 0.9983493 -0.0293360 87.6974030
-0.9987274 0.0496647 0.0087660 -17.6317921
0.0102085 0.0288657 0.9995314 0.6493954
0.0000000 0.0000000 0.0000000 1.0000000
0.0530444 0.9982112 -0.0276015 87.7237091
-0.9985009 0.0533928 0.0120432 -17.9494438
0.0134954 0.0269213 0.9995466 0.6616318
0.0000000 0.0000000 0.0000000 1.0000000
0.0551111 0.9981843 -0.0243306 87.7673645
-0.9983184 0.0555246 0.0166566 -18.5156364
0.0179773 0.0233718 0.9995654 0.6718537
0.0000000 0.0000000 0.0000000 1.0000000
0.0539155 0.9983154 -0.0214631 87.8217621
-0.9983355 0.0543324 0.0193420 -19.3414059
0.0204756 0.0203845 0.9995827 0.6947151
0.0000000 0.0000000 0.0000000 1.0000000
0.0544012 0.9983355 -0.0191813 87.8742676
-0.9983233 0.0547610 0.0187565 -20.1670990
0.0197756 0.0181288 0.9996402 0.7121992
0.0000000 0.0000000 0.0000000 1.0000000
0.0547300 0.9983553 -0.0171050 87.9250412
-0.9983357 0.0550249 0.0172695 -20.9914780
0.0181823 0.0161313 0.9997047 0.7364467
0.0000000 0.0000000 0.0000000 1.0000000
0.0539716 0.9983984 -0.0169956 87.9764481
-0.9984030 0.0542407 0.0157918 -21.8138542
0.0166884 0.0161161 0.9997310 0.7622610
0.0000000 0.0000000 0.0000000 1.0000000
0.0548245 0.9983806 -0.0152201 88.0286560
-0.9983637 0.0550590 0.0154407 -22.6415043
0.0162537 0.0143487 0.9997651 0.7841719
0.0000000 0.0000000 0.0000000 1.0000000
0.0553087 0.9983778 -0.0135602 88.0815811
-0.9983404 0.0555147 0.0153162 -23.4588985
0.0160441 0.0126906 0.9997909 0.8077565
0.0000000 0.0000000 0.0000000 1.0000000
0.0549456 0.9984286 -0.0110697 88.1363373
-0.9983554 0.0551164 0.0157692 -24.2790165
0.0163545 0.0101851 0.9998146 0.8307064
0.0000000 0.0000000 0.0000000 1.0000000
0.0543642 0.9984895 -0.0080244 88.1909409
-0.9983810 0.0544895 0.0163206 -25.0948238
0.0167332 0.0071242 0.9998348 0.8513812
0.0000000 0.0000000 0.0000000 1.0000000
0.0514205 0.9986655 -0.0049358 88.2450256
-0.9985465 0.0514931 0.0159201 -25.9117889
0.0161531 0.0041100 0.9998612 0.8733066
0.0000000 0.0000000 0.0000000 1.0000000
0.0482384 0.9988332 -0.0025098 88.2939377
-0.9987235 0.0482705 0.0148783 -26.7222881
0.0149821 0.0017889 0.9998863 0.8939121
0.0000000 0.0000000 0.0000000 1.0000000
0.0435665 0.9990510 -0.0004722 88.3360214
-0.9989711 0.0435690 0.0125928 -27.5376320
0.0126015 -0.0000769 0.9999208 0.9170697
0.0000000 0.0000000 0.0000000 1.0000000
0.0369058 0.9993185 0.0013019 88.3723679
-0.9992617 0.0368898 0.0107389 -28.3549080
0.0106836 -0.0016972 0.9999417 0.9371465
0.0000000 0.0000000 0.0000000 1.0000000
0.0295880 0.9995602 0.0022547 88.4009094
-0.9995064 0.0295624 0.0106401 -29.1640568
0.0105688 -0.0025684 0.9999411 0.9592775
0.0000000 0.0000000 0.0000000 1.0000000
0.0205415 0.9997863 0.0025718 88.4195328
-0.9997266 0.0205114 0.0112301 -29.9686832
0.0111749 -0.0028017 0.9999338 0.9742091
0.0000000 0.0000000 0.0000000 1.0000000
0.0100857 0.9999454 0.0029489 88.4315643
-0.9998857 0.0100518 0.0112941 -30.7678623
0.0112639 -0.0030624 0.9999321 0.9919817
0.0000000 0.0000000 0.0000000 1.0000000
0.0001405 0.9999976 0.0024374 88.4361343
-0.9999423 0.0001143 0.0107440 -31.5715313
0.0107437 -0.0024387 0.9999395 1.0085872
0.0000000 0.0000000 0.0000000 1.0000000
-0.0105038 0.9999399 0.0033120 88.4326477
-0.9998994 -0.0105348 0.0094961 -32.3589020
0.0095304 -0.0032119 0.9999496 1.0246412
0.0000000 0.0000000 0.0000000 1.0000000
-0.0213540 0.9997699 0.0022982 88.4179687
-0.9997339 -0.0213732 0.0086853 -33.1496506
0.0087324 -0.0021122 0.9999598 1.0428391
0.0000000 0.0000000 0.0000000 1.0000000
-0.0327183 0.9994612 0.0028344 88.3932877
-0.9994239 -0.0327424 0.0089310 -33.9367867
0.0090190 -0.0025406 0.9999563 1.0622743
0.0000000 0.0000000 0.0000000 1.0000000
-0.0444987 0.9990058 0.0029082 88.3593903
-0.9989653 -0.0445239 0.0092762 -34.7206268
0.0093964 -0.0024924 0.9999530 1.0791584
0.0000000 0.0000000 0.0000000 1.0000000
-0.0549192 0.9984839 0.0038703 88.3173294
-0.9984383 -0.0549556 0.0100404 -35.4933815
0.0102379 -0.0033128 0.9999423 1.0994312
0.0000000 0.0000000 0.0000000 1.0000000
-0.0657646 0.9978290 0.0036662 88.2685547
-0.9977763 -0.0658002 0.0106218 -36.2582703
0.0108399 -0.0029595 0.9999371 1.1170448
0.0000000 0.0000000 0.0000000 1.0000000
-0.0761050 0.9970964 0.0028297 88.2143250
-0.9970355 -0.0761320 0.0111386 -37.0290337
0.0113217 -0.0019736 0.9999341 1.1331645
0.0000000 0.0000000 0.0000000 1.0000000
-0.0850244 0.9963756 0.0027547 88.1531219
-0.9963105 -0.0850506 0.0114739 -37.7797775
0.0116666 -0.0017689 0.9999306 1.1524409
0.0000000 0.0000000 0.0000000 1.0000000
-0.0952373 0.9954512 0.0028144 88.0835114
-0.9953831 -0.0952639 0.0117073 -38.5265579
0.0119222 -0.0016864 0.9999277 1.1688732
0.0000000 0.0000000 0.0000000 1.0000000
-0.1032883 0.9946502 0.0018701 88.0094452
-0.9945868 -0.1033028 0.0112010 -39.2618980
0.0113343 -0.0007031 0.9999357 1.1890384
0.0000000 0.0000000 0.0000000 1.0000000
-0.1106572 0.9938592 0.0001816 87.9276276
-0.9938039 -0.1106529 0.0104762 -40.0034103
0.0104320 0.0009788 0.9999453 1.2078545
0.0000000 0.0000000 0.0000000 1.0000000
-0.1164781 0.9931904 -0.0025919 87.8408051
-0.9931561 -0.1164507 0.0089538 -40.7267876
0.0085910 0.0036171 0.9999567 1.2256796
0.0000000 0.0000000 0.0000000 1.0000000
-0.1200857 0.9927499 -0.0052920 87.7538986
-0.9927392 -0.1200437 0.0076401 -41.4382935
0.0069494 0.0061711 0.9999570 1.2436811
0.0000000 0.0000000 0.0000000 1.0000000
-0.1233917 0.9923329 -0.0071356 87.6661148
-0.9923418 -0.1233452 0.0066187 -42.1425323
0.0056878 0.0078976 0.9999528 1.2593244
0.0000000 0.0000000 0.0000000 1.0000000
-0.1257907 0.9920262 -0.0078556 87.5782928
-0.9920452 -0.1257469 0.0058275 -42.8330841
0.0047932 0.0085262 0.9999523 1.2763189
0.0000000 0.0000000 0.0000000 1.0000000
-0.1260164 0.9919952 -0.0081553 87.4960632
-0.9920151 -0.1259682 0.0061771 -43.5026894
0.0051004 0.0088686 0.9999478 1.2869322
0.0000000 0.0000000 0.0000000 1.0000000
-0.1259950 0.9919910 -0.0089581 87.4111557
-0.9920152 -0.1259370 0.0067563 -44.1564522
0.0055740 0.0097378 0.9999372 1.3030671
0.0000000 0.0000000 0.0000000 1.0000000
-0.1236678 0.9922758 -0.0097992 87.3343124
-0.9923009 -0.1235920 0.0079952 -44.7953033
0.0067224 0.0107126 0.9999202 1.3177125
0.0000000 0.0000000 0.0000000 1.0000000
-0.1179614 0.9929660 -0.0102365 87.2605820
-0.9929906 -0.1178748 0.0086812 -45.4192886
0.0074136 0.0111888 0.9999101 1.3306012
0.0000000 0.0000000 0.0000000 1.0000000
-0.1107694 0.9938017 -0.0094555 87.2001953
-0.9938138 -0.1106839 0.0091206 -46.0254898
0.0080175 0.0104073 0.9999139 1.3443303
0.0000000 0.0000000 0.0000000 1.0000000
-0.0990605 0.9950441 -0.0086825 87.1491394
-0.9950477 -0.0989815 0.0090883 -46.6112671
0.0081839 0.0095398 0.9999212 1.3565060
0.0000000 0.0000000 0.0000000 1.0000000
-0.0851531 0.9963365 -0.0079819 87.1098633
-0.9963303 -0.0850776 0.0093640 -47.1786766
0.0086506 0.0087499 0.9999245 1.3733331
0.0000000 0.0000000 0.0000000 1.0000000
-0.0687351 0.9976107 -0.0070290 87.0782776
-0.9975789 -0.0686548 0.0110866 -47.7208252
0.0105775 0.0077741 0.9999140 1.3851225
0.0000000 0.0000000 0.0000000 1.0000000
-0.0470797 0.9988740 -0.0059452 87.0655136
-0.9988024 -0.0469954 0.0136065 -48.2547226
0.0133118 0.0065787 0.9998899 1.4022964
0.0000000 0.0000000 0.0000000 1.0000000
-0.0226058 0.9997354 -0.0043944 87.0654984
-0.9996145 -0.0225317 0.0162231 -48.7849350
0.0161198 0.0047595 0.9998589 1.4160782
0.0000000 0.0000000 0.0000000 1.0000000
0.0048736 0.9999831 -0.0033573 87.0816879
-0.9998239 0.0049336 0.0181073 -49.3052826
0.0181235 0.0032684 0.9998306 1.4282422
0.0000000 0.0000000 0.0000000 1.0000000
0.0385176 0.9992548 -0.0027296 87.1187057
-0.9990931 0.0385607 0.0180554 -49.8380890
0.0181472 0.0020316 0.9998335 1.4438262
0.0000000 0.0000000 0.0000000 1.0000000
0.0766650 0.9970542 -0.0025700 87.1749878
-0.9969170 0.0766971 0.0165513 -50.3658905
0.0166997 0.0012932 0.9998599 1.4567229
0.0000000 0.0000000 0.0000000 1.0000000
0.1172460 0.9931015 -0.0019550 87.2513275
-0.9930170 0.1172615 0.0129224 -50.8667259
0.0130625 0.0004262 0.9999148 1.4721612
0.0000000 0.0000000 0.0000000 1.0000000
0.1633840 0.9865631 -0.0003286 87.3563080
-0.9865187 0.1633798 0.0093761 -51.3749046
0.0093038 -0.0012077 0.9999563 1.4850510
0.0000000 0.0000000 0.0000000 1.0000000
0.2118100 0.9773070 0.0029569 87.4889221
-0.9772931 0.2117868 0.0066683 -51.8727913
0.0058907 -0.0043021 0.9999737 1.4949274
0.0000000 0.0000000 0.0000000 1.0000000
0.2621773 0.9650020 0.0059423 87.6415405
-0.9650119 0.2621453 0.0056512 -52.3437958
0.0038957 -0.0072160 0.9999666 1.5073555
0.0000000 0.0000000 0.0000000 1.0000000
0.3170381 0.9483944 0.0060005 87.8242950
-0.9484050 0.3170033 0.0060683 -52.8119240
0.0038530 -0.0076148 0.9999638 1.5115330
0.0000000 0.0000000 0.0000000 1.0000000
0.3748670 0.9270769 0.0020664 88.0301895
-0.9270617 0.3748456 0.0068751 -53.2575455
0.0055991 -0.0044929 0.9999745 1.5251485
0.0000000 0.0000000 0.0000000 1.0000000
0.4340697 0.9008781 -0.0018182 88.2507172
-0.9008237 0.4340642 0.0102393 -53.6667595
0.0100136 -0.0028067 0.9999462 1.5354801
0.0000000 0.0000000 0.0000000 1.0000000
0.4940899 0.8693881 -0.0063691 88.5099411
-0.8692851 0.4941295 0.0133927 -54.0763550
0.0147906 -0.0010807 0.9998903 1.5500789
0.0000000 0.0000000 0.0000000 1.0000000
0.5514813 0.8341590 -0.0069494 88.7862854
-0.8339739 0.5515092 0.0180283 -54.4445915
0.0188711 -0.0041467 0.9998136 1.5565721
0.0000000 0.0000000 0.0000000 1.0000000
0.6081077 0.7938221 -0.0072529 89.1036301
-0.7935752 0.6081104 0.0209760 -54.8030510
0.0210618 -0.0070000 0.9997539 1.5613284
0.0000000 0.0000000 0.0000000 1.0000000
0.6613895 0.7499853 -0.0093328 89.4270096
-0.7496931 0.6614094 0.0223089 -55.1324425
0.0229042 -0.0077581 0.9997078 1.5708672
0.0000000 0.0000000 0.0000000 1.0000000
0.7112009 0.7029129 -0.0103828 89.7655106
-0.7026452 0.7112370 0.0207758 -55.4427147
0.0219882 -0.0074803 0.9997305 1.5815634
0.0000000 0.0000000 0.0000000 1.0000000
0.7571719 0.6531734 -0.0074969 90.1502380
-0.6529896 0.7571614 0.0176378 -55.7308807
0.0171969 -0.0084594 0.9998165 1.5981110
0.0000000 0.0000000 0.0000000 1.0000000
0.7995958 0.6005272 -0.0038374 90.5334473
-0.6004416 0.7995645 0.0128992 -55.9924240
0.0108146 -0.0080100 0.9999096 1.6067706
0.0000000 0.0000000 0.0000000 1.0000000
0.8368778 0.5473896 0.0011511 90.9286575
-0.5473736 0.8368333 0.0095955 -56.2175331
0.0042892 -0.0086603 0.9999535 1.6174918
0.0000000 0.0000000 0.0000000 1.0000000
0.8694296 0.4940224 0.0059307 91.3625565
-0.4940553 0.8693994 0.0073419 -56.4302177
-0.0015291 -0.0093134 0.9999557 1.6191617
0.0000000 0.0000000 0.0000000 1.0000000
0.8962177 0.4434741 0.0112129 91.7947845
-0.4435649 0.8962104 0.0075482 -56.6114655
-0.0067017 -0.0117385 0.9999089 1.6280372
0.0000000 0.0000000 0.0000000 1.0000000
0.9173883 0.3976870 0.0156511 92.2268448
-0.3978566 0.9173958 0.0097516 -56.7725029
-0.0104801 -0.0151729 0.9998302 1.6372265
0.0000000 0.0000000 0.0000000 1.0000000
0.9337803 0.3573944 0.0180229 92.6930161
-0.3576571 0.9337426 0.0143584 -56.9194489
-0.0116971 -0.0198536 0.9997347 1.6326355
0.0000000 0.0000000 0.0000000 1.0000000
0.9464923 0.3222153 0.0181878 93.1505508
-0.3225439 0.9463518 0.0195870 -57.0447731
-0.0109008 -0.0244053 0.9996430 1.6316473
0.0000000 0.0000000 0.0000000 1.0000000
0.9566075 0.2908811 0.0170706 93.6217422
-0.2912061 0.9564213 0.0213859 -57.1731682
-0.0101059 -0.0254289 0.9996258 1.6181964
0.0000000 0.0000000 0.0000000 1.0000000
0.9632060 0.2682906 0.0159836 94.0914459
-0.2685475 0.9631168 0.0169750 -57.3059273
-0.0108399 -0.0206427 0.9997284 1.6233555
0.0000000 0.0000000 0.0000000 1.0000000
0.9674037 0.2527769 0.0153296 94.5712051
-0.2529906 0.9673657 0.0141156 -57.4263382
-0.0112612 -0.0175337 0.9997831 1.6245459
0.0000000 0.0000000 0.0000000 1.0000000
0.9708455 0.2392025 0.0155651 95.0691833
-0.2394551 0.9707564 0.0171208 -57.5381393
-0.0110146 -0.0203488 0.9997325 1.6220546
0.0000000 0.0000000 0.0000000 1.0000000
0.9730099 0.2301652 0.0166354 95.5697861
-0.2305058 0.9728047 0.0227574 -57.6371078
-0.0109450 -0.0259777 0.9996029 1.6132649
0.0000000 0.0000000 0.0000000 1.0000000
0.9745649 0.2234719 0.0168716 96.0863113
-0.2238920 0.9741654 0.0295624 -57.7346382
-0.0098294 -0.0325878 0.9994208 1.6093698
0.0000000 0.0000000 0.0000000 1.0000000
0.9751597 0.2210265 0.0145585 96.6017380
-0.2214161 0.9745241 0.0357445 -57.8319321
-0.0062872 -0.0380801 0.9992551 1.6064351
0.0000000 0.0000000 0.0000000 1.0000000
0.9754974 0.2196776 0.0121545 97.1375427
-0.2199824 0.9747978 0.0371063 -57.9488869
-0.0036967 -0.0388709 0.9992376 1.6105899
0.0000000 0.0000000 0.0000000 1.0000000
0.9750808 0.2216855 0.0086035 97.6764603
-0.2218515 0.9744486 0.0350989 -58.0711098
-0.0006027 -0.0361329 0.9993470 1.6113651
0.0000000 0.0000000 0.0000000 1.0000000
0.9740688 0.2262382 0.0027205 98.2204895
-0.2262017 0.9735108 0.0333102 -58.1987953
0.0048876 -0.0330618 0.9994416 1.6145657
0.0000000 0.0000000 0.0000000 1.0000000
0.9733040 0.2295195 -0.0011096 98.7832947
-0.2293463 0.9727359 0.0344248 -58.3298416
0.0089806 -0.0332513 0.9994069 1.6176078
0.0000000 0.0000000 0.0000000 1.0000000
0.9723569 0.2335016 0.0003345 99.3604507
-0.2333338 0.9716022 0.0392999 -58.4561958
0.0088516 -0.0382915 0.9992276 1.6178809
0.0000000 0.0000000 0.0000000 1.0000000
0.9708787 0.2395262 0.0047786 99.9590225
-0.2395138 0.9699967 0.0417081 -58.5873604
0.0053550 -0.0416381 0.9991186 1.6199661
0.0000000 0.0000000 0.0000000 1.0000000
0.9697567 0.2439082 0.0090430 100.5614853
-0.2440742 0.9689583 0.0393391 -58.7412682
0.0008328 -0.0403565 0.9991851 1.6287062
0.0000000 0.0000000 0.0000000 1.0000000
0.9687536 0.2476506 0.0136651 101.1722107
-0.2479820 0.9681569 0.0343093 -58.8995247
-0.0047332 -0.0366259 0.9993180 1.6326864
0.0000000 0.0000000 0.0000000 1.0000000
0.9680527 0.2501269 0.0176474 101.8025513
-0.2505810 0.9675791 0.0316204 -59.0622330
-0.0091661 -0.0350323 0.9993443 1.6359680
0.0000000 0.0000000 0.0000000 1.0000000
0.9673629 0.2527914 0.0175091 102.4386826
-0.2532002 0.9670234 0.0274860 -59.2306900
-0.0099834 -0.0310223 0.9994690 1.6369058
0.0000000 0.0000000 0.0000000 1.0000000
0.9671194 0.2539175 0.0143855 103.0654602
-0.2542126 0.9668239 0.0250516 -59.3975449
-0.0075472 -0.0278849 0.9995828 1.6384583
0.0000000 0.0000000 0.0000000 1.0000000
0.9675314 0.2526538 0.0070692 103.7160339
-0.2527511 0.9672428 0.0236263 -59.5635834
-0.0008683 -0.0246460 0.9996960 1.6429882
0.0000000 0.0000000 0.0000000 1.0000000
0.9677649 0.2518538 0.0013168 104.3721313
-0.2517954 0.9673980 0.0272069 -59.7275848
0.0055783 -0.0266614 0.9996291 1.6421610
0.0000000 0.0000000 0.0000000 1.0000000
0.9682843 0.2498504 -0.0010695 105.0385437
-0.2497049 0.9678496 0.0302415 -59.8901405
0.0085910 -0.0290153 0.9995422 1.6390128
0.0000000 0.0000000 0.0000000 1.0000000
0.9691677 0.2463871 0.0028732 105.7293167
-0.2463662 0.9687501 0.0287569 -60.0635719
0.0043020 -0.0285781 0.9995824 1.6407143
0.0000000 0.0000000 0.0000000 1.0000000
0.9695497 0.2447260 0.0091327 106.4404831
-0.2448794 0.9692458 0.0244247 -60.2389259
-0.0028744 -0.0259174 0.9996601 1.6503414
0.0000000 0.0000000 0.0000000 1.0000000
0.9704028 0.2410737 0.0142398 107.1612396
-0.2413536 0.9701605 0.0231699 -60.4152184
-0.0082292 -0.0259209 0.9996303 1.6578128
0.0000000 0.0000000 0.0000000 1.0000000
0.9708216 0.2393264 0.0151422 107.8866272
-0.2396605 0.9704911 0.0266400 -60.5823975
-0.0083197 -0.0294916 0.9995306 1.6601715
0.0000000 0.0000000 0.0000000 1.0000000
0.9712952 0.2375915 0.0116985 108.6128540
-0.2378506 0.9707658 0.0322614 -60.7457695
-0.0036915 -0.0341178 0.9994112 1.6542643
