1.0000000 0.0000000 0.0000000 0.0000000
0.0000000 1.0000000 0.0000000 0.0000000
0.0000000 0.0000000 1.0000000 0.0000000
0.0000000 0.0000000 0.0000000 1.0000000
0.9991339 0.0415526 -0.0021819 0.9882339
-0.0415545 0.9991359 -0.0008436 -0.0169224
0.0021450 0.0009335 0.9999973 0.0159581
0.0000000 0.0000000 0.0000000 1.0000000
0.9962643 0.0861005 -0.0066484 1.9872838
-0.0861300 0.9962747 -0.0042929 -0.1121941
0.0062540 0.0048495 0.9999687 0.0307994
0.0000000 0.0000000 0.0000000 1.0000000
0.9916986 0.1281836 -0.0101459 2.9183917
-0.1282333 0.9917343 -0.0044029 -0.2260941
0.0094976 0.0056674 0.9999388 0.0541959
0.0000000 0.0000000 0.0000000 1.0000000
0.9892554 0.1456392 -0.0127704 3.5908875
-0.1456677 0.9893327 -0.0013288 -0.3446434
0.0124406 0.0031748 0.9999176 0.0597695
0.0000000 0.0000000 0.0000000 1.0000000
0.9828217 0.1840986 -0.0130103 4.5128903
-0.1841542 0.9828922 -0.0032012 -0.5230139
0.0121983 0.0055421 0.9999102 0.0856481
0.0000000 0.0000000 0.0000000 1.0000000
0.9817879 0.1895338 -0.0130169 4.6221914
-0.1895919 0.9818572 -0.0033706 -0.5221228
0.0121419 0.0057771 0.9999096 0.0890842
0.0000000 0.0000000 0.0000000 1.0000000
0.9817949 0.1893222 -0.0153576 4.6449399
-0.1894339 0.9818741 -0.0061681 -0.4893968
0.0139115 0.0089651 0.9998630 0.0910511
0.0000000 0.0000000 0.0000000 1.0000000
0.9817887 0.1893091 -0.0159035 4.7068539
-0.1894445 0.9818630 -0.0074742 -0.4886303
0.0142001 0.0103509 0.9998456 0.1050301
0.0000000 0.0000000 0.0000000 1.0000000
0.9819242 0.1886074 -0.0158730 4.7501373
-0.1887334 0.9820045 -0.0068389 -0.4662955
0.0142975 0.0097110 0.9998506 0.1003449
0.0000000 0.0000000 0.0000000 1.0000000
0.9756618 0.2187539 -0.0151858 5.5270891
-0.2188808 0.9757248 -0.0072405 -0.6330372
0.0132332 0.0103882 0.9998584 0.1221137
0.0000000 0.0000000 0.0000000 1.0000000
0.9647382 0.2628110 -0.0145079 6.4635091
-0.2629312 0.9647887 -0.0070739 -0.8648592
0.0121380 0.0106391 0.9998697 0.1516478
0.0000000 0.0000000 0.0000000 1.0000000
0.9631169 0.2687401 -0.0135824 6.5291934
-0.2688450 0.9631611 -0.0065633 -0.8719723
0.0113182 0.0099728 0.9998862 0.1502299
0.0000000 0.0000000 0.0000000 1.0000000
0.9543828 0.2983143 -0.0127261 7.0257711
-0.2984113 0.9544151 -0.0065195 -1.0092722
0.0102012 0.0100197 0.9998978 0.1606151
0.0000000 0.0000000 0.0000000 1.0000000
0.9416054 0.3364424 -0.0136223 7.8758316
-0.3365697 0.9416209 -0.0084236 -1.2973111
0.0099930 0.0125166 0.9998717 0.1881762
0.0000000 0.0000000 0.0000000 1.0000000
0.9248593 0.3800208 -0.0148066 8.7927532
-0.3801630 0.9248824 -0.0082935 -1.6620957
0.0105427 0.0132993 0.9998560 0.2025709
0.0000000 0.0000000 0.0000000 1.0000000
0.9068008 0.4212372 -0.0164708 9.6731720
-0.4214415 0.9067786 -0.0118186 -2.0406168
0.0099569 0.0176586 0.9997945 0.2308857
0.0000000 0.0000000 0.0000000 1.0000000
0.8866153 0.4622044 -0.0167393 10.5496836
-0.4624082 0.8865940 -0.0113883 -2.4673686
0.0095773 0.0178374 0.9997950 0.2528247
0.0000000 0.0000000 0.0000000 1.0000000
0.8630587 0.5047691 -0.0183742 11.4081860
-0.5050002 0.8630468 -0.0111839 -2.9471698
0.0102125 0.0189314 0.9997686 0.2693379
0.0000000 0.0000000 0.0000000 1.0000000
0.8398504 0.5423919 -0.0214981 12.2179279
-0.5427094 0.8398154 -0.0132901 -3.4455862
0.0108460 0.0228290 0.9996805 0.2974866
0.0000000 0.0000000 0.0000000 1.0000000
0.8131036 0.5816851 -0.0224681 13.0017481
-0.5820180 0.8130754 -0.0127818 -3.9883666
0.0108333 0.0234698 0.9996658 0.3165431
0.0000000 0.0000000 0.0000000 1.0000000
0.7861005 0.6175709 -0.0255334 13.7449331
-0.6179815 0.7860848 -0.0130206 -4.5510893
0.0120303 0.0260147 0.9995891 0.3414663
0.0000000 0.0000000 0.0000000 1.0000000
0.7577537 0.6518279 -0.0304876 14.4655743
-0.6523789 0.7577787 -0.0131621 -5.1340456
0.0145234 0.0298631 0.9994485 0.3650495
0.0000000 0.0000000 0.0000000 1.0000000
0.7263666 0.6865330 -0.0326155 15.1876249
-0.6871528 0.7263915 -0.0132821 -5.8019238
0.0145730 0.0320595 0.9993797 0.3821470
0.0000000 0.0000000 0.0000000 1.0000000
0.6971523 0.7160373 -0.0356228 15.8488054
-0.7168027 0.6970844 -0.0163466 -6.4868650
0.0131273 0.0369306 0.9992316 0.4025128
0.0000000 0.0000000 0.0000000 1.0000000
0.6663437 0.7446347 -0.0387938 16.5155392
-0.7455497 0.6661864 -0.0187398 -7.1989794
0.0118896 0.0414099 0.9990715 0.4288889
0.0000000 0.0000000 0.0000000 1.0000000
0.6372352 0.7696102 -0.0403890 17.1442204
-0.7705740 0.6371050 -0.0176897 -7.9103789
0.0121179 0.0423951 0.9990274 0.4484589
0.0000000 0.0000000 0.0000000 1.0000000
0.6105562 0.7909433 -0.0403680 17.7440166
-0.7919055 0.6103753 -0.0181008 -8.6606350
0.0103229 0.0430193 0.9990209 0.4635288
0.0000000 0.0000000 0.0000000 1.0000000
0.5819339 0.8121995 -0.0410446 18.3331032
-0.8131984 0.5816508 -0.0197654 -9.4628735
0.0078201 0.0448795 0.9989618 0.4775118
0.0000000 0.0000000 0.0000000 1.0000000
0.5541379 0.8314067 -0.0411570 18.8874874
-0.8324026 0.5538063 -0.0201092 -10.2471075
0.0060741 0.0454025 0.9989503 0.4960359
0.0000000 0.0000000 0.0000000 1.0000000
0.5271578 0.8488492 -0.0394892 19.4064178
-0.8497447 0.5269135 -0.0172069 -11.0310431
0.0062013 0.0426265 0.9990718 0.5105225
0.0000000 0.0000000 0.0000000 1.0000000
0.4979546 0.8662949 -0.0396748 19.8874207
-0.8671837 0.4977270 -0.0161289 -11.6472645
0.0057749 0.0424368 0.9990824 0.5207124
0.0000000 0.0000000 0.0000000 1.0000000
0.4720191 0.8806679 -0.0402702 20.2720718
-0.8815771 0.4717501 -0.0165441 -12.1676655
0.0044276 0.0433104 0.9990518 0.5346329
0.0000000 0.0000000 0.0000000 1.0000000
0.4455886 0.8943378 -0.0401302 20.5734730
-0.8952351 0.4452485 -0.0175459 -12.3698254
0.0021759 0.0437442 0.9990404 0.5521278
0.0000000 0.0000000 0.0000000 1.0000000
0.4178736 0.9076744 -0.0388420 20.9313660
-0.9085051 0.4174839 -0.0180472 -12.8916759
-0.0001650 0.0428296 0.9990823 0.5621075
0.0000000 0.0000000 0.0000000 1.0000000
0.3928841 0.9188109 -0.0377942 21.1101322
-0.9195861 0.3924702 -0.0181240 -12.7997847
-0.0018195 0.0418757 0.9991211 0.5741464
0.0000000 0.0000000 0.0000000 1.0000000
0.3659996 0.9298123 -0.0386413 21.3055191
-0.9306094 0.3655387 -0.0186450 -12.8397884
-0.0032115 0.0427840 0.9990792 0.5852348
0.0000000 0.0000000 0.0000000 1.0000000
0.3488436 0.9362595 -0.0415452 21.4300747
-0.9371737 0.3483239 -0.0193908 -12.8575191
-0.0036836 0.0456994 0.9989485 0.5944105
0.0000000 0.0000000 0.0000000 1.0000000
0.3283585 0.9434706 -0.0452068 21.5469284
-0.9445423 0.3277491 -0.0205050 -12.7677145
-0.0045294 0.0494328 0.9987672 0.6034194
0.0000000 0.0000000 0.0000000 1.0000000
0.3107724 0.9491934 -0.0495194 21.7297077
-0.9504642 0.3100054 -0.0226810 -13.0883036
-0.0061774 0.0541150 0.9985156 0.6119849
0.0000000 0.0000000 0.0000000 1.0000000
0.2978048 0.9531304 -0.0534269 21.9389839
-0.9545952 0.2968731 -0.0247891 -13.5842781
-0.0077662 0.0583834 0.9982640 0.6150625
0.0000000 0.0000000 0.0000000 1.0000000
0.2840516 0.9572641 -0.0544053 22.0535603
-0.9587662 0.2830451 -0.0255544 -13.7661304
-0.0090631 0.0594208 0.9981919 0.6215500
0.0000000 0.0000000 0.0000000 1.0000000
0.2741693 0.9601114 -0.0549274 22.1601410
-0.9616231 0.2730764 -0.0266517 -14.0010214
-0.0105893 0.0601266 0.9981346 0.6272349
0.0000000 0.0000000 0.0000000 1.0000000
0.2651044 0.9627007 -0.0541008 22.2575455
-0.9641393 0.2639401 -0.0277703 -14.1488342
-0.0124551 0.0595227 0.9981493 0.6290070
0.0000000 0.0000000 0.0000000 1.0000000
0.2565442 0.9650541 -0.0534359 22.2940121
-0.9664409 0.2553665 -0.0279310 -14.1259270
-0.0133092 0.0588082 0.9981806 0.6350635
0.0000000 0.0000000 0.0000000 1.0000000
0.2465872 0.9676384 -0.0535753 22.4455414
-0.9690444 0.2454976 -0.0261541 -14.5609150
-0.0121551 0.0583661 0.9982213 0.6350465
0.0000000 0.0000000 0.0000000 1.0000000
0.2392665 0.9694717 -0.0536279 22.4566002
-0.9708990 0.2383001 -0.0238411 -14.4857626
-0.0103337 0.0577717 0.9982764 0.6373335
0.0000000 0.0000000 0.0000000 1.0000000
0.2330362 0.9709681 -0.0539883 22.5931568
-0.9724240 0.2321374 -0.0224509 -15.0100298
-0.0092664 0.0577314 0.9982892 0.6335395
0.0000000 0.0000000 0.0000000 1.0000000
0.2272470 0.9723372 -0.0540268 22.6216545
-0.9737930 0.2263581 -0.0221251 -15.0809727
-0.0092837 0.0576388 0.9982944 0.6340823
0.0000000 0.0000000 0.0000000 1.0000000
0.2245024 0.9729780 -0.0539644 22.6305809
-0.9744283 0.2236138 -0.0220580 -15.0559969
-0.0093947 0.0575365 0.9982992 0.6334083
0.0000000 0.0000000 0.0000000 1.0000000
0.2211732 0.9737388 -0.0539886 22.6448421
-0.9751918 0.2203058 -0.0215989 -15.0757141
-0.0091377 0.0574263 0.9983079 0.6357834
0.0000000 0.0000000 0.0000000 1.0000000
0.2180209 0.9744380 -0.0541962 22.6393681
-0.9759104 0.2172156 -0.0204058 -15.0686731
-0.0081119 0.0573395 0.9983218 0.6359278
0.0000000 0.0000000 0.0000000 1.0000000
0.2162422 0.9748247 -0.0543670 22.6404209
-0.9763058 0.2154344 -0.0203776 -15.0984859
-0.0081521 0.0574853 0.9983131 0.6388633
0.0000000 0.0000000 0.0000000 1.0000000
0.2136987 0.9753892 -0.0542990 22.7193298
-0.9768550 0.2128270 -0.0214298 -15.4066029
-0.0093461 0.0576217 0.9982947 0.6398697
0.0000000 0.0000000 0.0000000 1.0000000
0.2165838 0.9747541 -0.0542739 22.7499065
-0.9761966 0.2155802 -0.0237845 -15.5795078
-0.0114837 0.0581333 0.9982427 0.6378938
0.0000000 0.0000000 0.0000000 1.0000000
0.2204950 0.9738719 -0.0543623 22.8231888
-0.9753089 0.2194238 -0.0250215 -15.8302698
-0.0124394 0.0585371 0.9982077 0.6366010
0.0000000 0.0000000 0.0000000 1.0000000
0.2181044 0.9743646 -0.0551714 22.8476620
-0.9758376 0.2169770 -0.0257357 -15.9077311
-0.0131050 0.0594514 0.9981452 0.6361801
0.0000000 0.0000000 0.0000000 1.0000000
0.2175952 0.9744370 -0.0558985 22.8452244
-0.9759508 0.2164476 -0.0259000 -15.8932009
-0.0131389 0.0601899 0.9981005 0.6282390
0.0000000 0.0000000 0.0000000 1.0000000
0.2174035 0.9744437 -0.0565234 22.8376198
-0.9759938 0.2162405 -0.0260125 -15.9028177
-0.0131250 0.0608217 0.9980623 0.6315058
0.0000000 0.0000000 0.0000000 1.0000000
0.2173762 0.9744416 -0.0566652 22.8832836
-0.9760062 0.2162398 -0.0255461 -16.0481491
-0.0126399 0.0608587 0.9980663 0.6257671
0.0000000 0.0000000 0.0000000 1.0000000
0.2191705 0.9740646 -0.0562336 22.8892822
-0.9756169 0.2181008 -0.0245800 -16.0307713
-0.0116779 0.0602496 0.9981150 0.6305083
0.0000000 0.0000000 0.0000000 1.0000000
0.2253131 0.9726695 -0.0561047 22.9103489
-0.9742199 0.2242502 -0.0246560 -16.1419563
-0.0114007 0.0602137 0.9981204 0.6285828
0.0000000 0.0000000 0.0000000 1.0000000
0.2270561 0.9722725 -0.0559580 22.9499607
-0.9738073 0.2259528 -0.0253987 -16.2707329
-0.0120506 0.0602593 0.9981100 0.6259722
0.0000000 0.0000000 0.0000000 1.0000000
0.2328019 0.9709318 -0.0556271 22.9282150
-0.9724556 0.2317244 -0.0251869 -16.0857983
-0.0115646 0.0599584 0.9981338 0.6338718
0.0000000 0.0000000 0.0000000 1.0000000
0.2364092 0.9701228 -0.0545174 23.0237885
-0.9715967 0.2354152 -0.0240817 -16.3851757
-0.0105280 0.0586620 0.9982224 0.6320726
0.0000000 0.0000000 0.0000000 1.0000000
0.2384603 0.9696058 -0.0547800 23.1135845
-0.9710981 0.2374707 -0.0240136 -16.6077080
-0.0102750 0.0589230 0.9982096 0.6368949
0.0000000 0.0000000 0.0000000 1.0000000
0.2411936 0.9689822 -0.0538409 23.1466179
-0.9704235 0.2402255 -0.0238813 -16.6153126
-0.0102066 0.0580085 0.9982638 0.6420103
0.0000000 0.0000000 0.0000000 1.0000000
0.2419525 0.9687779 -0.0541105 23.2302551
-0.9702116 0.2408562 -0.0260398 -16.7671967
-0.0121940 0.0587990 0.9981953 0.6478207
0.0000000 0.0000000 0.0000000 1.0000000
0.2451267 0.9679512 -0.0546168 23.3117542
-0.9693887 0.2438923 -0.0283304 -16.8897858
-0.0141018 0.0598895 0.9981053 0.6531916
0.0000000 0.0000000 0.0000000 1.0000000
0.2464894 0.9675500 -0.0555846 23.4241848
-0.9690447 0.2452306 -0.0285423 -17.1118164
-0.0139851 0.0608993 0.9980459 0.6565438
0.0000000 0.0000000 0.0000000 1.0000000
0.2490608 0.9668273 -0.0566861 23.4864597
-0.9683972 0.2478091 -0.0282484 -17.1405449
-0.0132640 0.0619303 0.9979923 0.6639397
0.0000000 0.0000000 0.0000000 1.0000000
0.2499645 0.9666417 -0.0558674 23.5869923
-0.9681578 0.2487049 -0.0285798 -17.3001251
-0.0137319 0.0612324 0.9980290 0.6674245
0.0000000 0.0000000 0.0000000 1.0000000
0.2560834 0.9650094 -0.0563717 23.6866264
-0.9665511 0.2547658 -0.0295603 -17.3536243
-0.0141644 0.0620560 0.9979721 0.6780833
0.0000000 0.0000000 0.0000000 1.0000000
0.2547493 0.9653555 -0.0564907 23.7880821
-0.9668919 0.2533816 -0.0303026 -17.3963032
-0.0149391 0.0623400 0.9979431 0.6772670
0.0000000 0.0000000 0.0000000 1.0000000
0.2535190 0.9655907 -0.0579862 23.8908291
-0.9672042 0.2520609 -0.0313359 -17.5478668
-0.0156415 0.0640288 0.9978254 0.6783288
0.0000000 0.0000000 0.0000000 1.0000000
0.2542941 0.9652897 -0.0595808 23.9864998
-0.9669968 0.2527659 -0.0320466 -17.5789127
-0.0158742 0.0657637 0.9977089 0.6747386
0.0000000 0.0000000 0.0000000 1.0000000
0.2577866 0.9643123 -0.0603941 24.0829868
-0.9660819 0.2562650 -0.0318506 -17.5855579
-0.0152370 0.0665563 0.9976662 0.6775120
0.0000000 0.0000000 0.0000000 1.0000000
0.2606040 0.9635739 -0.0600877 24.1555233
-0.9653398 0.2591473 -0.0310204 -17.5473156
-0.0143189 0.0660891 0.9977109 0.6780031
0.0000000 0.0000000 0.0000000 1.0000000
0.2575122 0.9644425 -0.0594788 24.2485657
-0.9661694 0.2560849 -0.0306216 -17.4799442
-0.0143011 0.0653520 0.9977597 0.6842447
0.0000000 0.0000000 0.0000000 1.0000000
0.2576853 0.9644353 -0.0588417 24.3628635
-0.9661264 0.2562919 -0.0302454 -17.5152798
-0.0140891 0.0646423 0.9978089 0.6928823
0.0000000 0.0000000 0.0000000 1.0000000
0.2616197 0.9634146 -0.0581976 24.5164223
-0.9650640 0.2602161 -0.0306521 -17.6998634
-0.0143868 0.0641836 0.9978343 0.6941594
0.0000000 0.0000000 0.0000000 1.0000000
0.2654120 0.9624290 -0.0573262 24.6654167
-0.9640183 0.2639844 -0.0313272 -17.8167171
-0.0150170 0.0635781 0.9978638 0.7026275
0.0000000 0.0000000 0.0000000 1.0000000
0.2690057 0.9615307 -0.0556243 24.7855167
-0.9630199 0.2676165 -0.0312166 -17.8538609
-0.0151297 0.0619647 0.9979636 0.7027875
0.0000000 0.0000000 0.0000000 1.0000000
0.2703135 0.9611952 -0.0550810 24.9096088
-0.9626608 0.2689685 -0.0306665 -17.8103218
-0.0146614 0.0613138 0.9980108 0.7098200
0.0000000 0.0000000 0.0000000 1.0000000
0.2688621 0.9616672 -0.0539340 25.0328331
-0.9630777 0.2676008 -0.0295230 -17.8738251
-0.0139585 0.0598803 0.9981079 0.7085979
0.0000000 0.0000000 0.0000000 1.0000000
0.2667799 0.9622546 -0.0537962 25.1842308
-0.9636542 0.2655177 -0.0295199 -18.0291004
-0.0141218 0.0597163 0.9981154 0.7128548
0.0000000 0.0000000 0.0000000 1.0000000
0.2655341 0.9627089 -0.0517946 25.3197212
-0.9639846 0.2642817 -0.0298208 -18.0972328
-0.0150204 0.0578476 0.9982123 0.7183495
0.0000000 0.0000000 0.0000000 1.0000000
0.2621554 0.9637192 -0.0501924 25.4464493
-0.9648874 0.2608826 -0.0305438 -18.2317638
-0.0163413 0.0564372 0.9982723 0.7191475
0.0000000 0.0000000 0.0000000 1.0000000
0.2638003 0.9633183 -0.0492604 25.5825214
-0.9644430 0.2625667 -0.0301480 -18.2715092
-0.0161080 0.0554619 0.9983308 0.7278593
0.0000000 0.0000000 0.0000000 1.0000000
0.2659854 0.9626939 -0.0497155 25.6704445
-0.9638531 0.2647699 -0.0297415 -18.2748070
-0.0154688 0.0558292 0.9983204 0.7347764
0.0000000 0.0000000 0.0000000 1.0000000
0.2646107 0.9630632 -0.0498966 25.7810020
-0.9642436 0.2634378 -0.0289006 -18.2595100
-0.0146885 0.0557599 0.9983361 0.7437053
0.0000000 0.0000000 0.0000000 1.0000000
0.2615609 0.9639465 -0.0489112 25.8837795
-0.9650717 0.2604105 -0.0286942 -18.2531319
-0.0149227 0.0547081 0.9983908 0.7510675
0.0000000 0.0000000 0.0000000 1.0000000
0.2584223 0.9648835 -0.0470862 26.0087757
-0.9659012 0.2572778 -0.0290419 -18.3441448
-0.0159078 0.0529857 0.9984685 0.7591858
0.0000000 0.0000000 0.0000000 1.0000000
0.2539567 0.9661688 -0.0449801 26.1465874
-0.9670657 0.2528238 -0.0294026 -18.5249462
-0.0170358 0.0509657 0.9985550 0.7603816
0.0000000 0.0000000 0.0000000 1.0000000
0.2518405 0.9667621 -0.0441219 26.2658253
-0.9676009 0.2506858 -0.0300928 -18.6532841
-0.0180319 0.0502710 0.9985727 0.7653209
0.0000000 0.0000000 0.0000000 1.0000000
0.2470310 0.9680125 -0.0438942 26.3409233
-0.9688191 0.2458360 -0.0308957 -18.6155033
-0.0191167 0.0501577 0.9985582 0.7681682
0.0000000 0.0000000 0.0000000 1.0000000
0.2455852 0.9683597 -0.0443464 26.4131527
-0.9691917 0.2443921 -0.0306649 -18.6098404
-0.0188567 0.0505110 0.9985453 0.7715220
0.0000000 0.0000000 0.0000000 1.0000000
0.2419029 0.9692917 -0.0442252 26.5029678
-0.9701207 0.2407292 -0.0302628 -18.6605225
-0.0186871 0.0502245 0.9985630 0.7696911
0.0000000 0.0000000 0.0000000 1.0000000
0.2400052 0.9697546 -0.0444174 26.6094074
-0.9705788 0.2387941 -0.0308977 -18.8572483
-0.0193565 0.0505262 0.9985350 0.7703854
0.0000000 0.0000000 0.0000000 1.0000000
0.2373925 0.9704133 -0.0440698 26.7009602
-0.9712141 0.2361792 -0.0310339 -18.9882889
-0.0197074 0.0501684 0.9985462 0.7690397
0.0000000 0.0000000 0.0000000 1.0000000
0.2356042 0.9708635 -0.0437502 26.7991104
-0.9716534 0.2344145 -0.0306583 -19.1026363
-0.0195093 0.0497333 0.9985719 0.7709469
0.0000000 0.0000000 0.0000000 1.0000000
0.2337165 0.9713430 -0.0432281 26.8455372
-0.9721124 0.2325547 -0.0302694 -19.0102882
-0.0193490 0.0490971 0.9986065 0.7749408
0.0000000 0.0000000 0.0000000 1.0000000
0.2313130 0.9718618 -0.0444759 26.9383240
-0.9726689 0.2300703 -0.0313566 -19.1063385
-0.0202417 0.0505136 0.9985182 0.7790993
0.0000000 0.0000000 0.0000000 1.0000000
0.2311588 0.9718126 -0.0463161 26.9865513
-0.9726920 0.2298217 -0.0324477 -19.0890293
-0.0208886 0.0525519 0.9983996 0.7805042
0.0000000 0.0000000 0.0000000 1.0000000
0.2294134 0.9721782 -0.0473107 27.0524788
-0.9731117 0.2280638 -0.0322636 -19.1344585
-0.0205762 0.0534403 0.9983590 0.7839679
0.0000000 0.0000000 0.0000000 1.0000000
0.2283059 0.9724056 -0.0479900 27.1457081
-0.9733776 0.2269504 -0.0320939 -19.2924747
-0.0203170 0.0540396 0.9983320 0.7840592
0.0000000 0.0000000 0.0000000 1.0000000
0.2258410 0.9730507 -0.0465564 27.1969204
-0.9739458 0.2245203 -0.0319496 -19.3181705
-0.0206357 0.0525589 0.9984046 0.7861235
0.0000000 0.0000000 0.0000000 1.0000000
0.2228349 0.9738183 -0.0449660 27.2725086
-0.9746310 0.2215545 -0.0317582 -19.4498367
-0.0209643 0.0509021 0.9984835 0.7928065
0.0000000 0.0000000 0.0000000 1.0000000
0.2233233 0.9737853 -0.0432231 27.3290215
-0.9745155 0.2220901 -0.0315594 -19.6055527
-0.0211327 0.0491695 0.9985668 0.7940331
0.0000000 0.0000000 0.0000000 1.0000000
0.2201086 0.9745737 -0.0419264 27.4164085
-0.9752287 0.2188830 -0.0319316 -19.8731174
-0.0219427 0.0479163 0.9986103 0.7883745
0.0000000 0.0000000 0.0000000 1.0000000
0.2167862 0.9753469 -0.0412518 27.4915676
-0.9759530 0.2155468 -0.0324934 -20.0734119
-0.0228006 0.0473040 0.9986202 0.7894296
0.0000000 0.0000000 0.0000000 1.0000000
0.2131145 0.9761869 -0.0405068 27.6088486
-0.9767515 0.2118861 -0.0325772 -20.5348225
-0.0232186 0.0465078 0.9986480 0.7775334
0.0000000 0.0000000 0.0000000 1.0000000
0.2082615 0.9772698 -0.0396299 27.6449776
-0.9777761 0.2070284 -0.0330713 -20.6488476
-0.0241151 0.0456367 0.9986669 0.7748490
0.0000000 0.0000000 0.0000000 1.0000000
0.2053049 0.9779239 -0.0389142 27.6795616
-0.9783750 0.2040531 -0.0338424 -20.7901230
-0.0251547 0.0450207 0.9986693 0.7657564
0.0000000 0.0000000 0.0000000 1.0000000
0.2051929 0.9779195 -0.0396106 27.7282829
-0.9783765 0.2038778 -0.0348397 -20.9577255
-0.0259947 0.0459030 0.9986076 0.7592498
0.0000000 0.0000000 0.0000000 1.0000000
0.2015279 0.9786322 -0.0408069 27.7402458
-0.9791284 0.2001595 -0.0352739 -20.9671059
-0.0263523 0.0470639 0.9985442 0.7561260
0.0000000 0.0000000 0.0000000 1.0000000
0.2003488 0.9788513 -0.0413543 27.8023548
-0.9793893 0.1989973 -0.0346004 -21.2617168
-0.0256392 0.0474342 0.9985452 0.7419147
0.0000000 0.0000000 0.0000000 1.0000000
0.1981363 0.9792801 -0.0418596 27.8120613
-0.9798620 0.1968140 -0.0336941 -21.3201485
-0.0247574 0.0476927 0.9985551 0.7386464
0.0000000 0.0000000 0.0000000 1.0000000
0.1966707 0.9795564 -0.0423016 27.7889671
-0.9801719 0.1953646 -0.0331104 -21.2459888
-0.0241693 0.0479747 0.9985560 0.7369505
0.0000000 0.0000000 0.0000000 1.0000000
0.1952551 0.9798624 -0.0417702 27.7870941
-0.9804584 0.1939763 -0.0327881 -21.2777824
-0.0240254 0.0473561 0.9985890 0.7355996
0.0000000 0.0000000 0.0000000 1.0000000
0.1948757 0.9799674 -0.0410737 27.7699089
-0.9805298 0.1936131 -0.0327979 -21.2286987
-0.0241885 0.0466655 0.9986176 0.7338181
0.0000000 0.0000000 0.0000000 1.0000000
0.1938003 0.9801808 -0.0410686 27.7884197
-0.9807367 0.1925277 -0.0330021 -21.3593121
-0.0244412 0.0466733 0.9986111 0.7336877
0.0000000 0.0000000 0.0000000 1.0000000
0.1917832 0.9805457 -0.0418205 27.7796345
-0.9811154 0.1904548 -0.0337646 -21.4171371
-0.0251428 0.0475062 0.9985544 0.7329826
0.0000000 0.0000000 0.0000000 1.0000000
0.1939399 0.9800370 -0.0437537 27.7883091
-0.9806788 0.1925159 -0.0347448 -21.5745525
-0.0256279 0.0496467 0.9984379 0.7294686
0.0000000 0.0000000 0.0000000 1.0000000
0.1972036 0.9793807 -0.0438623 27.7812328
-0.9800094 0.1957344 -0.0356380 -21.5901833
-0.0263178 0.0500134 0.9984017 0.7255093
0.0000000 0.0000000 0.0000000 1.0000000
0.2004013 0.9787711 -0.0429670 27.8130455
-0.9793352 0.1989118 -0.0365662 -21.7124920
-0.0272433 0.0494070 0.9984071 0.7221112
0.0000000 0.0000000 0.0000000 1.0000000
0.1998612 0.9789411 -0.0415878 27.8646088
-0.9794495 0.1984310 -0.0361154 -21.8526459
-0.0271026 0.0479513 0.9984819 0.7126564
0.0000000 0.0000000 0.0000000 1.0000000
0.1975926 0.9794331 -0.0408366 27.8889751
-0.9799278 0.1962260 -0.0351758 -21.8886147
-0.0264391 0.0469674 0.9985464 0.7068118
0.0000000 0.0000000 0.0000000 1.0000000
0.2003793 0.9788894 -0.0402906 27.9269619
-0.9793774 0.1990550 -0.0346066 -21.8888245
-0.0258560 0.0463942 0.9985885 0.7101057
0.0000000 0.0000000 0.0000000 1.0000000
0.2011535 0.9787564 -0.0396599 27.9629688
-0.9792360 0.1998812 -0.0338363 -21.8889980
-0.0251902 0.0456427 0.9986401 0.7066463
0.0000000 0.0000000 0.0000000 1.0000000
0.2002334 0.9789996 -0.0382886 27.9757710
-0.9794365 0.1990308 -0.0330384 -21.9326096
-0.0247240 0.0441167 0.9987203 0.7066685
0.0000000 0.0000000 0.0000000 1.0000000
0.2009832 0.9788192 -0.0389675 27.9854774
-0.9792784 0.1997483 -0.0333925 -21.9272480
-0.0249015 0.0448714 0.9986823 0.7105881
0.0000000 0.0000000 0.0000000 1.0000000
0.2003558 0.9789795 -0.0381621 28.0057144
-0.9793807 0.1991037 -0.0342296 -21.9931850
-0.0259118 0.0442334 0.9986851 0.7094905
0.0000000 0.0000000 0.0000000 1.0000000
0.2012990 0.9788054 -0.0376633 28.0121918
-0.9791629 0.2000222 -0.0350959 -21.9727402
-0.0268186 0.0439433 0.9986739 0.7117648
0.0000000 0.0000000 0.0000000 1.0000000
0.1989179 0.9793123 -0.0371332 28.0237598
-0.9796302 0.1976333 -0.0355863 -22.0094528
-0.0275114 0.0434556 0.9986764 0.7097268
0.0000000 0.0000000 0.0000000 1.0000000
0.1960793 0.9799220 -0.0361320 28.0225067
-0.9802050 0.1948397 -0.0351608 -22.0107841
-0.0274149 0.0423111 0.9987282 0.7059462
0.0000000 0.0000000 0.0000000 1.0000000
0.1957245 0.9800045 -0.0358166 28.0453606
-0.9802878 0.1945151 -0.0346446 -22.0328331
-0.0269850 0.0418914 0.9987576 0.7049624
0.0000000 0.0000000 0.0000000 1.0000000
0.1990620 0.9793207 -0.0361244 28.0587978
-0.9796209 0.1978450 -0.0346525 -21.9828548
-0.0267889 0.0422862 0.9987462 0.7112481
0.0000000 0.0000000 0.0000000 1.0000000
0.1972464 0.9796557 -0.0369896 28.0352592
-0.9799857 0.1959977 -0.0348354 -21.9222870
-0.0268768 0.0431205 0.9987082 0.7180297
0.0000000 0.0000000 0.0000000 1.0000000
0.1978168 0.9795071 -0.0378678 28.0406857
-0.9798470 0.1964975 -0.0359072 -21.9282761
-0.0277304 0.0442077 0.9986373 0.7218868
0.0000000 0.0000000 0.0000000 1.0000000
0.1967282 0.9796833 -0.0389671 28.0243015
-0.9800375 0.1953242 -0.0370900 -21.8648205
-0.0287252 0.0454859 0.9985518 0.7209612
0.0000000 0.0000000 0.0000000 1.0000000
0.1987757 0.9792429 -0.0396409 28.0443325
-0.9796144 0.1973267 -0.0376628 -21.9405823
-0.0290588 0.0463192 0.9985038 0.7174394
0.0000000 0.0000000 0.0000000 1.0000000
0.1978328 0.9794400 -0.0394859 28.0265713
-0.9798082 0.1963962 -0.0374862 -21.8523312
-0.0289605 0.0461046 0.9985166 0.7171188
0.0000000 0.0000000 0.0000000 1.0000000
0.1973123 0.9795458 -0.0394678 28.0486107
-0.9799123 0.1958760 -0.0374847 -21.8457413
-0.0289872 0.0460712 0.9985174 0.7132360
0.0000000 0.0000000 0.0000000 1.0000000
0.1934321 0.9803213 -0.0394199 28.0584564
-0.9806931 0.1920165 -0.0370329 -21.8097095
-0.0287349 0.0458221 0.9985362 0.7139958
0.0000000 0.0000000 0.0000000 1.0000000
0.1937033 0.9802799 -0.0391169 28.0676613
-0.9806461 0.1923090 -0.0367601 -21.8652153
-0.0285126 0.0454804 0.9985582 0.7132390
0.0000000 0.0000000 0.0000000 1.0000000
0.1973033 0.9795976 -0.0382059 28.0979176
-0.9799550 0.1959795 -0.0357923 -21.8759060
-0.0275744 0.0445020 0.9986286 0.7141224
0.0000000 0.0000000 0.0000000 1.0000000
0.1955067 0.9799141 -0.0393085 28.1240501
-0.9803197 0.1941536 -0.0357543 -21.8646603
-0.0274042 0.0455251 0.9985872 0.7207335
0.0000000 0.0000000 0.0000000 1.0000000
0.1958577 0.9797853 -0.0407464 28.1371269
-0.9802219 0.1944042 -0.0370530 -21.8528728
-0.0283827 0.0471977 0.9984822 0.7280123
0.0000000 0.0000000 0.0000000 1.0000000
0.1927709 0.9803722 -0.0413459 28.1328659
-0.9807956 0.1912381 -0.0383235 -21.8191872
-0.0296643 0.0479395 0.9984096 0.7287979
0.0000000 0.0000000 0.0000000 1.0000000
0.1917994 0.9805924 -0.0406359 28.1399117
-0.9809783 0.1902838 -0.0383978 -21.8549156
-0.0299202 0.0472276 0.9984359 0.7264382
0.0000000 0.0000000 0.0000000 1.0000000
0.1908401 0.9808306 -0.0393864 28.1525154
-0.9811769 0.1893928 -0.0377244 -21.8715210
-0.0295417 0.0458444 0.9985117 0.7251736
0.0000000 0.0000000 0.0000000 1.0000000
0.1900896 0.9810209 -0.0382607 28.1662788
-0.9813200 0.1886830 -0.0375571 -21.9942055
-0.0296252 0.0446852 0.9985617 0.7191484
0.0000000 0.0000000 0.0000000 1.0000000
0.1892910 0.9812049 -0.0374942 28.1622219
-0.9814558 0.1878877 -0.0379942 -21.9984589
-0.0302354 0.0439909 0.9985743 0.7186103
0.0000000 0.0000000 0.0000000 1.0000000
0.1842145 0.9821753 -0.0373715 28.1769314
-0.9824049 0.1828014 -0.0382765 -22.1435528
-0.0307627 0.0437650 0.9985681 0.7165419
0.0000000 0.0000000 0.0000000 1.0000000
0.1842632 0.9821836 -0.0369113 28.1774883
-0.9823920 0.1828626 -0.0383154 -22.1643143
-0.0308830 0.0433215 0.9985837 0.7124044
0.0000000 0.0000000 0.0000000 1.0000000
0.1854694 0.9819674 -0.0366195 28.2052689
-0.9821529 0.1840613 -0.0387024 -22.2226639
-0.0312642 0.0431441 0.9985795 0.7155548
0.0000000 0.0000000 0.0000000 1.0000000
0.1854562 0.9819674 -0.0366856 28.2264824
-0.9821635 0.1840570 -0.0384510 -22.2214069
-0.0310053 0.0431623 0.9985868 0.7129312
0.0000000 0.0000000 0.0000000 1.0000000
0.1819268 0.9825971 -0.0374905 28.2672024
-0.9828252 0.1805046 -0.0383863 -22.2990341
-0.0309511 0.0438301 0.9985594 0.7167663
0.0000000 0.0000000 0.0000000 1.0000000
0.1825819 0.9824705 -0.0376228 28.2911472
-0.9827066 0.1811577 -0.0383446 -22.3295345
-0.0308568 0.0439732 0.9985560 0.7185707
0.0000000 0.0000000 0.0000000 1.0000000
0.1813395 0.9826898 -0.0379024 28.3023911
-0.9829311 0.1798985 -0.0385188 -22.2979755
-0.0310334 0.0442405 0.9985387 0.7215313
0.0000000 0.0000000 0.0000000 1.0000000
0.1803838 0.9828857 -0.0373780 28.2883739
-0.9831104 0.1789701 -0.0382657 -22.2042179
-0.0309213 0.0436493 0.9985682 0.7250369
0.0000000 0.0000000 0.0000000 1.0000000
0.1808512 0.9827811 -0.0378678 28.2780590
-0.9830230 0.1794153 -0.0384259 -22.1530113
-0.0309701 0.0441743 0.9985436 0.7218668
0.0000000 0.0000000 0.0000000 1.0000000
0.1841422 0.9821241 -0.0390340 28.2922878
-0.9824142 0.1826580 -0.0387178 -22.1696053
-0.0308959 0.0454771 0.9984874 0.7196438
0.0000000 0.0000000 0.0000000 1.0000000
0.1831363 0.9822495 -0.0405818 28.3447323
-0.9825966 0.1815844 -0.0391370 -22.3701820
-0.0310733 0.0470429 0.9984093 0.7134050
0.0000000 0.0000000 0.0000000 1.0000000
0.1803066 0.9826819 -0.0427281 28.3285465
-0.9831377 0.1787032 -0.0388071 -22.2611332
-0.0304994 0.0490048 0.9983327 0.7161536
0.0000000 0.0000000 0.0000000 1.0000000
0.1801440 0.9826502 -0.0441195 28.3237000
-0.9831748 0.1784977 -0.0388136 -22.2583809
-0.0302649 0.0503692 0.9982719 0.7116555
0.0000000 0.0000000 0.0000000 1.0000000
0.1802974 0.9825005 -0.0467494 28.3255329
-0.9831728 0.1785927 -0.0384242 -22.2550220
-0.0294027 0.0528905 0.9981672 0.7108110
0.0000000 0.0000000 0.0000000 1.0000000
0.1775987 0.9828692 -0.0492611 28.3284988
-0.9836864 0.1758444 -0.0379533 -22.3091259
-0.0286409 0.0551980 0.9980645 0.7099473
0.0000000 0.0000000 0.0000000 1.0000000
0.1762633 0.9830270 -0.0508820 28.3577595
-0.9839318 0.1744600 -0.0379797 -22.4240284
-0.0284582 0.0567589 0.9979821 0.7053298
0.0000000 0.0000000 0.0000000 1.0000000
0.1762773 0.9830149 -0.0510673 28.3363380
-0.9839481 0.1745047 -0.0373480 -22.3047581
-0.0278021 0.0568312 0.9979965 0.7069558
0.0000000 0.0000000 0.0000000 1.0000000
0.1763117 0.9830216 -0.0508184 28.3192883
-0.9839557 0.1745765 -0.0368095 -22.1886139
-0.0273128 0.0564930 0.9980292 0.7072240
0.0000000 0.0000000 0.0000000 1.0000000
0.1764725 0.9829470 -0.0516955 28.3106060
-0.9839425 0.1747372 -0.0363972 -22.1846237
-0.0267434 0.0572886 0.9979993 0.7070021
0.0000000 0.0000000 0.0000000 1.0000000
0.1755623 0.9831328 -0.0512587 28.3239079
-0.9841227 0.1738827 -0.0356096 -22.2986031
-0.0260960 0.0566966 0.9980503 0.7046131
0.0000000 0.0000000 0.0000000 1.0000000
0.1772085 0.9828914 -0.0502137 28.3194294
-0.9838457 0.1756021 -0.0348162 -22.2660065
-0.0254029 0.0555723 0.9981314 0.7085708
0.0000000 0.0000000 0.0000000 1.0000000
0.1775575 0.9827806 -0.0511394 28.3142471
-0.9837762 0.1759028 -0.0352609 -22.2715321
-0.0256582 0.0565706 0.9980688 0.7131514
0.0000000 0.0000000 0.0000000 1.0000000
0.1787590 0.9824987 -0.0523562 28.3412724
-0.9835350 0.1770054 -0.0364500 -22.4294224
-0.0265447 0.0580100 0.9979630 0.7132074
0.0000000 0.0000000 0.0000000 1.0000000
0.1787275 0.9824671 -0.0530529 28.3391666
-0.9835290 0.1769224 -0.0370108 -22.4441147
-0.0269757 0.0587940 0.9979056 0.7137755
0.0000000 0.0000000 0.0000000 1.0000000
0.1788572 0.9824614 -0.0527199 28.3939266
-0.9834992 0.1770509 -0.0371855 -22.6344261
-0.0271992 0.0585009 0.9979167 0.7066251
0.0000000 0.0000000 0.0000000 1.0000000
0.1784801 0.9825389 -0.0525525 28.3968372
-0.9835697 0.1766855 -0.0370581 -22.5769768
-0.0271257 0.0583032 0.9979303 0.7037299
0.0000000 0.0000000 0.0000000 1.0000000
0.1780483 0.9825709 -0.0534116 28.4255867
-0.9836237 0.1761701 -0.0380648 -22.6293488
-0.0279918 0.0593143 0.9978468 0.7028307
0.0000000 0.0000000 0.0000000 1.0000000
0.1803288 0.9821221 -0.0540118 28.4220276
-0.9831981 0.1783999 -0.0386717 -22.5154476
-0.0283446 0.0600779 0.9977911 0.7050538
0.0000000 0.0000000 0.0000000 1.0000000
0.1837917 0.9814749 -0.0541034 28.4608803
-0.9825811 0.1819028 -0.0380283 -22.5582790
-0.0274823 0.0601503 0.9978109 0.7036186
0.0000000 0.0000000 0.0000000 1.0000000
0.1855324 0.9811727 -0.0536416 28.5093098
-0.9823136 0.1837914 -0.0357949 -22.6079655
-0.0252621 0.0593340 0.9979184 0.7087437
0.0000000 0.0000000 0.0000000 1.0000000
0.1897919 0.9804227 -0.0524406 28.5368843
-0.9815146 0.1881195 -0.0352225 -22.6210117
-0.0246678 0.0581562 0.9980026 0.7155206
0.0000000 0.0000000 0.0000000 1.0000000
0.1892834 0.9806328 -0.0503070 28.6103058
-0.9815861 0.1876290 -0.0358420 -22.7898636
-0.0257088 0.0561650 0.9980904 0.7201813
0.0000000 0.0000000 0.0000000 1.0000000
0.1839618 0.9817663 -0.0478821 28.6850147
-0.9825507 0.1823126 -0.0368350 -22.9172897
-0.0274339 0.0538228 0.9981736 0.7232306
0.0000000 0.0000000 0.0000000 1.0000000
0.1826917 0.9820642 -0.0466188 28.6992874
-0.9827591 0.1810388 -0.0375492 -22.9368896
-0.0284359 0.0526750 0.9982068 0.7245556
0.0000000 0.0000000 0.0000000 1.0000000
0.1858101 0.9814938 -0.0463048 28.7120590
-0.9821672 0.1841495 -0.0379065 -22.9464684
-0.0286780 0.0525225 0.9982079 0.7228814
0.0000000 0.0000000 0.0000000 1.0000000
0.1867691 0.9812794 -0.0469867 28.7549858
-0.9819704 0.1850524 -0.0386035 -23.0510082
-0.0291858 0.0533495 0.9981493 0.7195183
0.0000000 0.0000000 0.0000000 1.0000000
0.1844750 0.9816754 -0.0477712 28.7715492
-0.9824039 0.1827327 -0.0386225 -23.0468578
-0.0291854 0.0540555 0.9981114 0.7187338
0.0000000 0.0000000 0.0000000 1.0000000
0.1837955 0.9817810 -0.0482181 28.7720470
-0.9825132 0.1820037 -0.0392797 -22.9929962
-0.0297882 0.0545944 0.9980642 0.7198563
0.0000000 0.0000000 0.0000000 1.0000000
0.1842429 0.9816804 -0.0485578 28.7692833
-0.9823793 0.1823463 -0.0410025 -22.9846153
-0.0313970 0.0552566 0.9979784 0.7228115
0.0000000 0.0000000 0.0000000 1.0000000
0.1775735 0.9829868 -0.0469497 28.8107548
-0.9835557 0.1756746 -0.0419164 -23.1866360
-0.0329554 0.0536209 0.9980174 0.7190942
0.0000000 0.0000000 0.0000000 1.0000000
0.1754542 0.9834199 -0.0458346 28.8092003
-0.9839376 0.1736100 -0.0415561 -23.2087193
-0.0329097 0.0523896 0.9980843 0.7237279
0.0000000 0.0000000 0.0000000 1.0000000
0.1705235 0.9843646 -0.0441345 28.8308353
-0.9847941 0.1687464 -0.0413004 -23.3524914
-0.0332071 0.0505061 0.9981716 0.7184999
0.0000000 0.0000000 0.0000000 1.0000000
0.1621029 0.9857511 -0.0449119 28.7802448
-0.9861769 0.1602542 -0.0421205 -23.5944500
-0.0343230 0.0511189 0.9981026 0.7089853
0.0000000 0.0000000 0.0000000 1.0000000
0.1640224 0.9854193 -0.0452223 28.7560654
-0.9858326 0.1621160 -0.0430462 -24.0222721
-0.0350873 0.0516422 0.9980491 0.6927008
0.0000000 0.0000000 0.0000000 1.0000000
0.1672034 0.9850160 -0.0422640 28.7929878
-0.9853102 0.1654355 -0.0423717 -24.6774521
-0.0347449 0.0487279 0.9982076 0.6628639
0.0000000 0.0000000 0.0000000 1.0000000
0.1739746 0.9838964 -0.0409939 28.7707310
-0.9841409 0.1722522 -0.0423841 -24.9015293
-0.0346403 0.0477176 0.9982600 0.6514547
0.0000000 0.0000000 0.0000000 1.0000000
0.1753938 0.9836656 -0.0404799 28.7772732
-0.9838454 0.1736320 -0.0435974 -25.1257286
-0.0358567 0.0474727 0.9982287 0.6457090
0.0000000 0.0000000 0.0000000 1.0000000
0.1750915 0.9838258 -0.0378090 28.7983093
-0.9839098 0.1734614 -0.0428138 -25.3093109
-0.0355630 0.0446970 0.9983674 0.6376802
0.0000000 0.0000000 0.0000000 1.0000000
0.1740372 0.9841293 -0.0346471 28.7885609
-0.9841697 0.1726327 -0.0401068 -25.2920990
-0.0334890 0.0410787 0.9985945 0.6301560
0.0000000 0.0000000 0.0000000 1.0000000
0.1707490 0.9848104 -0.0315125 28.7859898
-0.9847903 0.1695279 -0.0380628 -25.3333893
-0.0321424 0.0375324 0.9987783 0.6243596
0.0000000 0.0000000 0.0000000 1.0000000
0.1700292 0.9849895 -0.0297549 28.7798195
-0.9848827 0.1688415 -0.0387170 -25.3608398
-0.0331120 0.0358881 0.9988071 0.6238610
0.0000000 0.0000000 0.0000000 1.0000000
0.1669167 0.9855032 -0.0303627 28.7950840
-0.9853612 0.1656517 -0.0402883 -25.5306053
-0.0346746 0.0366430 0.9987267 0.6175376
0.0000000 0.0000000 0.0000000 1.0000000
0.1645775 0.9858881 -0.0306361 28.7849045
-0.9857854 0.1633380 -0.0393464 -25.5392399
-0.0337871 0.0366762 0.9987559 0.6172242
0.0000000 0.0000000 0.0000000 1.0000000
0.1605287 0.9866081 -0.0288901 28.7740955
-0.9864572 0.1593688 -0.0387843 -25.5786209
-0.0336607 0.0347248 0.9988299 0.6193082
0.0000000 0.0000000 0.0000000 1.0000000
0.1594853 0.9868104 -0.0277346 28.7925453
-0.9865621 0.1583094 -0.0404197 -25.7983303
-0.0354960 0.0338082 0.9987978 0.6101602
0.0000000 0.0000000 0.0000000 1.0000000
0.1572526 0.9872214 -0.0257900 28.7957191
-0.9868791 0.1561225 -0.0411796 -25.9481812
-0.0366270 0.0319272 0.9988189 0.6029061
0.0000000 0.0000000 0.0000000 1.0000000
0.1565698 0.9873517 -0.0249449 28.7952271
-0.9869909 0.1554786 -0.0409372 -26.1192722
-0.0365411 0.0310300 0.9988503 0.5887612
0.0000000 0.0000000 0.0000000 1.0000000
0.1559620 0.9874549 -0.0246650 28.7843723
-0.9870810 0.1548781 -0.0410403 -26.2225132
-0.0367054 0.0307471 0.9988530 0.5819415
0.0000000 0.0000000 0.0000000 1.0000000
0.1566354 0.9873331 -0.0252682 28.7881584
-0.9869493 0.1555041 -0.0418336 -26.4182510
-0.0373744 0.0314911 0.9988050 0.5705366
0.0000000 0.0000000 0.0000000 1.0000000
0.1576114 0.9871621 -0.0258705 28.7867489
-0.9867591 0.1564236 -0.0428800 -26.4959621
-0.0382827 0.0322864 0.9987453 0.5607200
0.0000000 0.0000000 0.0000000 1.0000000
0.1574606 0.9872206 -0.0245239 28.7783508
-0.9867655 0.1563171 -0.0431196 -26.4476032
-0.0387350 0.0309890 0.9987689 0.5505440
0.0000000 0.0000000 0.0000000 1.0000000
0.1572246 0.9874353 -0.0158620 28.9293270
-0.9868839 0.1565009 -0.0396000 -27.2513771
-0.0366200 0.0218800 0.9990898 0.5245665
0.0000000 0.0000000 0.0000000 1.0000000
0.1540399 0.9880198 -0.0093936 29.0145683
-0.9876951 0.1537156 -0.0288161 -27.5794811
-0.0270270 0.0137169 0.9995407 0.5051101
0.0000000 0.0000000 0.0000000 1.0000000
0.1497771 0.9884815 -0.0216967 29.0320129
-0.9884819 0.1492238 -0.0252258 -27.7324257
-0.0216976 0.0252250 0.9994464 0.5427264
0.0000000 0.0000000 0.0000000 1.0000000
0.1488608 0.9883847 -0.0305925 29.0033035
-0.9885334 0.1479479 -0.0302265 -27.7270832
-0.0253493 0.0347413 0.9990749 0.5850871
0.0000000 0.0000000 0.0000000 1.0000000
0.1459832 0.9888355 -0.0298845 29.0120449
-0.9886668 0.1447558 -0.0398007 -27.9331532
-0.0350304 0.0353561 0.9987607 0.5910273
0.0000000 0.0000000 0.0000000 1.0000000
0.1438248 0.9893349 -0.0230355 28.9951935
-0.9886639 0.1426357 -0.0468962 -27.9534588
-0.0431104 0.0295192 0.9986342 0.5800843
0.0000000 0.0000000 0.0000000 1.0000000
0.1419541 0.9897432 -0.0160340 28.9901047
-0.9888169 0.1410362 -0.0484794 -28.0476418
-0.0457208 0.0227365 0.9986955 0.5534337
0.0000000 0.0000000 0.0000000 1.0000000
0.1389695 0.9901914 -0.0144300 28.9559879
-0.9892505 0.1381386 -0.0479743 -28.0849686
-0.0455104 0.0209419 0.9987444 0.5271128
0.0000000 0.0000000 0.0000000 1.0000000
0.1379674 0.9902324 -0.0201136 28.9094429
-0.9894611 0.1369021 -0.0471695 -28.1373234
-0.0439551 0.0264095 0.9986844 0.5153449
0.0000000 0.0000000 0.0000000 1.0000000
0.1351968 0.9904683 -0.0263464 28.8507347
-0.9900236 0.1339757 -0.0436362 -28.1920013
-0.0396905 0.0319831 0.9987001 0.5129210
0.0000000 0.0000000 0.0000000 1.0000000
0.1333091 0.9906687 -0.0283576 28.7878284
-0.9903958 0.1321047 -0.0408026 -28.2290516
-0.0366757 0.0335247 0.9987648 0.5133006
0.0000000 0.0000000 0.0000000 1.0000000
0.1299349 0.9911044 -0.0287899 28.7235317
-0.9908392 0.1287130 -0.0408764 -28.2609882
-0.0368071 0.0338374 0.9987494 0.5133432
0.0000000 0.0000000 0.0000000 1.0000000
0.1272542 0.9914243 -0.0297347 28.6693211
-0.9911417 0.1259551 -0.0421163 -28.3758678
-0.0380099 0.0348308 0.9986702 0.5098451
0.0000000 0.0000000 0.0000000 1.0000000
0.1256351 0.9916126 -0.0303331 28.5989285
-0.9913066 0.1242748 -0.0432125 -28.4658337
-0.0390804 0.0354984 0.9986054 0.5039511
0.0000000 0.0000000 0.0000000 1.0000000
0.1245242 0.9917402 -0.0307397 28.5198536
-0.9914493 0.1231503 -0.0431577 -28.5115280
-0.0390156 0.0358511 0.9985953 0.4998875
0.0000000 0.0000000 0.0000000 1.0000000
0.1244106 0.9917421 -0.0311368 28.4144936
-0.9914862 0.1230407 -0.0426195 -28.4347515
-0.0384364 0.0361741 0.9986061 0.4978607
0.0000000 0.0000000 0.0000000 1.0000000
0.1238519 0.9917977 -0.0315897 28.3144760
-0.9915677 0.1224745 -0.0423540 -28.3648682
-0.0381377 0.0365689 0.9986032 0.5000026
0.0000000 0.0000000 0.0000000 1.0000000
0.1233601 0.9918160 -0.0329096 28.2324219
-0.9915893 0.1218881 -0.0435234 -28.4764481
-0.0391559 0.0380019 0.9985102 0.4966952
0.0000000 0.0000000 0.0000000 1.0000000
0.1234309 0.9917481 -0.0346460 28.1511841
-0.9914995 0.1218019 -0.0457534 -28.5770798
-0.0411559 0.0399989 0.9983518 0.4902194
0.0000000 0.0000000 0.0000000 1.0000000
0.1233382 0.9916998 -0.0363198 28.0603828
-0.9914381 0.1215594 -0.0476876 -28.6245174
-0.0428768 0.0418906 0.9982018 0.4785051
0.0000000 0.0000000 0.0000000 1.0000000
0.1226623 0.9918103 -0.0355822 27.9709454
-0.9915652 0.1209623 -0.0465490 -28.6769924
-0.0418637 0.0409919 0.9982821 0.4650271
0.0000000 0.0000000 0.0000000 1.0000000
0.1206761 0.9921811 -0.0318402 27.8817177
-0.9919419 0.1192765 -0.0427174 -28.6942902
-0.0385856 0.0367386 0.9985797 0.4566345
0.0000000 0.0000000 0.0000000 1.0000000
0.1200316 0.9923273 -0.0296434 27.7965660
-0.9920822 0.1187839 -0.0407873 -28.7688866
-0.0369532 0.0343045 0.9987280 0.4491651
0.0000000 0.0000000 0.0000000 1.0000000
0.1197762 0.9923606 -0.0295640 27.7001762
-0.9920919 0.1185126 -0.0413380 -28.8078861
-0.0375185 0.0342815 0.9987077 0.4470320
0.0000000 0.0000000 0.0000000 1.0000000
0.1185468 0.9925411 -0.0284391 27.6138477
-0.9922274 0.1173210 -0.0414829 -28.8681946
-0.0378369 0.0331357 0.9987344 0.4460623
0.0000000 0.0000000 0.0000000 1.0000000
