1.0000000 0.0000000 0.0000000 0.0000000
0.0000000 1.0000000 0.0000000 0.0000000
0.0000000 0.0000000 1.0000000 0.0000000
0.0000000 0.0000000 0.0000000 1.0000000
0.9999778 -0.0060389 0.0028081 0.9518325
0.0060445 0.9999798 -0.0019808 -0.0569611
-0.0027960 0.0019977 0.9999941 0.0124442
0.0000000 0.0000000 0.0000000 1.0000000
0.9998479 -0.0171461 0.0031826 1.0832750
0.0171510 0.9998518 -0.0015137 -0.1507222
-0.0031562 0.0015680 0.9999938 0.0191005
0.0000000 0.0000000 0.0000000 1.0000000
0.9995732 -0.0291099 0.0024642 1.4779152
0.0291094 0.9995762 0.0002176 -0.2076192
-0.0024695 -0.0001458 0.9999970 0.0223459
0.0000000 0.0000000 0.0000000 1.0000000
0.9994294 -0.0337017 0.0022369 2.3940108
0.0336993 0.9994314 0.0011152 -0.2362780
-0.0022733 -0.0010392 0.9999969 0.0325914
0.0000000 0.0000000 0.0000000 1.0000000
0.9992054 -0.0397551 0.0028570 3.3282387
0.0397508 0.9992084 0.0015432 -0.2314801
-0.0029160 -0.0014284 0.9999948 0.0443880
0.0000000 0.0000000 0.0000000 1.0000000
0.9988953 -0.0468914 0.0030402 4.2227149
0.0468873 0.9988992 0.0014047 -0.2286445
-0.0031027 -0.0012606 0.9999944 0.0540764
0.0000000 0.0000000 0.0000000 1.0000000
0.9984419 -0.0557151 0.0030819 5.0395331
0.0557143 0.9984466 0.0003379 -0.2440412
-0.0030959 -0.0001657 0.9999952 0.0668573
0.0000000 0.0000000 0.0000000 1.0000000
0.9978992 -0.0646793 0.0037033 5.6791849
0.0646817 0.9979058 -0.0005179 -0.2248223
-0.0036620 0.0007563 0.9999930 0.0727371
0.0000000 0.0000000 0.0000000 1.0000000
0.9973564 -0.0725368 0.0043246 6.3407607
0.0725390 0.9973655 -0.0003541 -0.2382426
-0.0042875 0.0006669 0.9999905 0.0841971
0.0000000 0.0000000 0.0000000 1.0000000
0.9968640 -0.0789928 0.0047184 7.0528440
0.0789942 0.9968750 -0.0001282 -0.2263356
-0.0046935 0.0005005 0.9999888 0.0885645
0.0000000 0.0000000 0.0000000 1.0000000
0.9962295 -0.0865647 0.0057839 7.5898733
0.0865644 0.9962462 0.0003030 -0.2010630
-0.0057884 0.0001988 0.9999831 0.0942246
0.0000000 0.0000000 0.0000000 1.0000000
0.9958925 -0.0902833 0.0068651 7.9578705
0.0902754 0.9959158 0.0014612 -0.1681143
-0.0069689 -0.0008354 0.9999753 0.0935354
0.0000000 0.0000000 0.0000000 1.0000000
0.9958829 -0.0903296 0.0076021 8.0236664
0.0903226 0.9959118 0.0012629 -0.1480824
-0.0076852 -0.0005711 0.9999702 0.0919477
0.0000000 0.0000000 0.0000000 1.0000000
0.9956833 -0.0924477 0.0082607 8.8966894
0.0924395 0.9957174 0.0013608 -0.0719854
-0.0083511 -0.0005913 0.9999648 0.0958227
0.0000000 0.0000000 0.0000000 1.0000000
0.9954528 -0.0948640 0.0086452 9.7602072
0.0948537 0.9954900 0.0015980 0.0018892
-0.0087578 -0.0007707 0.9999613 0.0980037
0.0000000 0.0000000 0.0000000 1.0000000
0.9953524 -0.0958437 0.0093594 10.3263350
0.0958287 0.9953958 0.0020386 0.0434404
-0.0095117 -0.0011322 0.9999540 0.0969931
0.0000000 0.0000000 0.0000000 1.0000000
0.9952017 -0.0972872 0.0104335 10.8225498
0.0972635 0.9952549 0.0027591 0.0801307
-0.0106524 -0.0017311 0.9999417 0.0959523
0.0000000 0.0000000 0.0000000 1.0000000
0.9947703 -0.1016884 0.0095638 10.9330673
0.1016645 0.9948144 0.0029575 0.0690364
-0.0098149 -0.0019698 0.9999498 0.0948898
0.0000000 0.0000000 0.0000000 1.0000000
0.9945810 -0.1036927 0.0075204 11.0356197
0.1036739 0.9946073 0.0028596 0.0700744
-0.0077764 -0.0020644 0.9999676 0.0940517
0.0000000 0.0000000 0.0000000 1.0000000
0.9943475 -0.1059070 0.0075382 11.4278536
0.1059005 0.9943759 0.0012646 0.1004528
-0.0076297 -0.0004592 0.9999707 0.0975946
0.0000000 0.0000000 0.0000000 1.0000000
0.9940811 -0.1081567 0.0102435 11.4220552
0.1081587 0.9941336 0.0003604 0.0723946
-0.0102224 0.0007496 0.9999474 0.0998162
0.0000000 0.0000000 0.0000000 1.0000000
0.9941718 -0.1071468 0.0119215 11.7273779
0.1071618 0.9942414 -0.0006274 0.0885760
-0.0117856 0.0019012 0.9999287 0.1025873
0.0000000 0.0000000 0.0000000 1.0000000
0.9939690 -0.1090569 0.0115033 11.7905865
0.1090796 0.9940321 -0.0013638 0.0854682
-0.0112860 0.0026103 0.9999329 0.1046591
0.0000000 0.0000000 0.0000000 1.0000000
0.9942505 -0.1065971 0.0101588 11.8092232
0.1066104 0.9943006 -0.0007719 0.0698332
-0.0100186 0.0018505 0.9999481 0.1060534
0.0000000 0.0000000 0.0000000 1.0000000
0.9945465 -0.1038755 0.0093414 11.9228153
0.1038790 0.9945900 0.0001071 0.0714894
-0.0093020 0.0008639 0.9999564 0.1060879
0.0000000 0.0000000 0.0000000 1.0000000
0.9948104 -0.1013570 0.0088977 12.1539831
0.1013550 0.9948502 0.0006727 0.0847932
-0.0089200 0.0002326 0.9999602 0.1138139
0.0000000 0.0000000 0.0000000 1.0000000
0.9950203 -0.0991519 0.0101831 12.1962452
0.0991396 0.9950721 0.0017080 0.0784421
-0.0103023 -0.0006899 0.9999467 0.1168470
0.0000000 0.0000000 0.0000000 1.0000000
0.9950615 -0.0984879 0.0123667 12.3321476
0.0984669 0.9951378 0.0022970 0.0744593
-0.0125327 -0.0010679 0.9999209 0.1205629
0.0000000 0.0000000 0.0000000 1.0000000
0.9953339 -0.0954468 0.0141624 12.3770571
0.0954267 0.9954343 0.0020920 0.0501473
-0.0142974 -0.0007308 0.9998975 0.1265486
0.0000000 0.0000000 0.0000000 1.0000000
0.9954017 -0.0945975 0.0150642 12.7222891
0.0945727 0.9955153 0.0023472 0.0639414
-0.0152187 -0.0009118 0.9998838 0.1249749
0.0000000 0.0000000 0.0000000 1.0000000
0.9955878 -0.0926052 0.0151476 12.8179760
0.0925808 0.9957026 0.0023046 0.0402428
-0.0152959 -0.0008921 0.9998826 0.1235209
0.0000000 0.0000000 0.0000000 1.0000000
0.9957376 -0.0911244 0.0142574 12.8930311
0.0911082 0.9958395 0.0017822 0.0082464
-0.0143605 -0.0004756 0.9998968 0.1232258
0.0000000 0.0000000 0.0000000 1.0000000
0.9959973 -0.0884175 0.0131111 13.0334082
0.0884014 0.9960834 0.0018018 -0.0221226
-0.0132191 -0.0006355 0.9999125 0.1212630
0.0000000 0.0000000 0.0000000 1.0000000
0.9962288 -0.0857310 0.0133614 13.2449703
0.0857050 0.9963176 0.0025069 -0.0350256
-0.0135271 -0.0013523 0.9999077 0.1196954
0.0000000 0.0000000 0.0000000 1.0000000
0.9965182 -0.0822549 0.0136291 13.3647976
0.0822219 0.9966098 0.0029706 -0.0646794
-0.0138272 -0.0018397 0.9999028 0.1227213
0.0000000 0.0000000 0.0000000 1.0000000
0.9967997 -0.0789245 0.0127042 13.4869576
0.0788657 0.9968725 0.0050675 -0.1036431
-0.0130644 -0.0040493 0.9999065 0.1220782
0.0000000 0.0000000 0.0000000 1.0000000
0.9971746 -0.0740566 0.0125919 13.7347546
0.0739716 0.9972353 0.0070939 -0.1246396
-0.0130825 -0.0061424 0.9998956 0.1200994
0.0000000 0.0000000 0.0000000 1.0000000
0.9973253 -0.0718370 0.0134835 13.8789845
0.0717246 0.9973872 0.0086421 -0.1695070
-0.0140691 -0.0076518 0.9998719 0.1201734
0.0000000 0.0000000 0.0000000 1.0000000
0.9977986 -0.0648502 0.0138718 14.0605869
0.0647007 0.9978446 0.0109684 -0.2155132
-0.0145532 -0.0100468 0.9998437 0.1203943
0.0000000 0.0000000 0.0000000 1.0000000
0.9979722 -0.0621611 0.0136932 14.1681871
0.0619649 0.9979758 0.0143175 -0.2834335
-0.0145554 -0.0134400 0.9998038 0.1200016
0.0000000 0.0000000 0.0000000 1.0000000
0.9984964 -0.0529821 0.0140663 14.5033884
0.0527411 0.9984640 0.0169832 -0.3194345
-0.0149445 -0.0162158 0.9997569 0.1204033
0.0000000 0.0000000 0.0000000 1.0000000
0.9988587 -0.0453572 0.0149660 14.8424053
0.0450617 0.9987936 0.0195244 -0.3514688
-0.0158335 -0.0188278 0.9996974 0.1182300
0.0000000 0.0000000 0.0000000 1.0000000
0.9993200 -0.0331510 0.0161447 15.4809933
0.0328206 0.9992549 0.0203184 -0.3551387
-0.0168062 -0.0197747 0.9996633 0.1165999
0.0000000 0.0000000 0.0000000 1.0000000
0.9997532 -0.0150989 0.0162938 16.4131336
0.0147733 0.9996926 0.0199223 -0.3491664
-0.0165896 -0.0196767 0.9996688 0.1183865
0.0000000 0.0000000 0.0000000 1.0000000
0.9998694 -0.0048746 0.0154082 17.0079060
0.0045724 0.9997980 0.0195856 -0.3832740
-0.0155005 -0.0195125 0.9996895 0.1155343
0.0000000 0.0000000 0.0000000 1.0000000
0.9997491 0.0160499 0.0156250 18.0725384
-0.0163177 0.9997199 0.0171620 -0.3896492
-0.0153452 -0.0174127 0.9997307 0.1098628
0.0000000 0.0000000 0.0000000 1.0000000
0.9990815 0.0387419 0.0183099 19.1438503
-0.0389716 0.9991642 0.0123538 -0.4263505
-0.0178160 -0.0130560 0.9997561 0.1118497
0.0000000 0.0000000 0.0000000 1.0000000
0.9979066 0.0615960 0.0197097 20.1775532
-0.0617427 0.9980684 0.0069193 -0.4878396
-0.0192454 -0.0081217 0.9997818 0.1056297
0.0000000 0.0000000 0.0000000 1.0000000
0.9961633 0.0854128 0.0190611 21.1774025
-0.0854505 0.9963420 0.0011656 -0.5712743
-0.0188919 -0.0027899 0.9998177 0.1028670
0.0000000 0.0000000 0.0000000 1.0000000
0.9935825 0.1117732 0.0173389 22.2010727
-0.1117035 0.9937295 -0.0049463 -0.6844743
-0.0177831 0.0029777 0.9998375 0.1022021
0.0000000 0.0000000 0.0000000 1.0000000
0.9900945 0.1393209 0.0173949 23.1910038
-0.1391888 0.9902288 -0.0085938 -0.8121638
-0.0184222 0.0060875 0.9998118 0.0945412
0.0000000 0.0000000 0.0000000 1.0000000
0.9854394 0.1689891 0.0187604 24.1847572
-0.1688004 0.9855865 -0.0112360 -0.9715232
-0.0203888 0.0079056 0.9997609 0.0868788
0.0000000 0.0000000 0.0000000 1.0000000
0.9801279 0.1973176 0.0203756 25.1582851
-0.1970183 0.9802727 -0.0158018 -1.1621295
-0.0230916 0.0114734 0.9996675 0.0807286
0.0000000 0.0000000 0.0000000 1.0000000
0.9735476 0.2276363 0.0196683 26.1076832
-0.2272749 0.9736452 -0.0190160 -1.3795863
-0.0234787 0.0140429 0.9996257 0.0792235
0.0000000 0.0000000 0.0000000 1.0000000
0.9658628 0.2586203 0.0149913 27.0484581
-0.2583133 0.9658599 -0.0197308 -1.6185777
-0.0195823 0.0151848 0.9996930 0.0653073
0.0000000 0.0000000 0.0000000 1.0000000
0.9573840 0.2886910 0.0085749 27.9753380
-0.2884607 0.9572540 -0.0213487 -1.8884392
-0.0143715 0.0179654 0.9997354 0.0601637
0.0000000 0.0000000 0.0000000 1.0000000
0.9477959 0.3188471 0.0044342 28.8605003
-0.3186600 0.9475704 -0.0238057 -2.1885610
-0.0117921 0.0211500 0.9997068 0.0576560
0.0000000 0.0000000 0.0000000 1.0000000
0.9367915 0.3498241 0.0067076 29.7431335
-0.3495714 0.9365867 -0.0246122 -2.5062432
-0.0148922 0.0207117 0.9996746 0.0572099
0.0000000 0.0000000 0.0000000 1.0000000
0.9240602 0.3820418 0.0125318 30.6183872
-0.3817056 0.9239995 -0.0229382 -2.8449755
-0.0203427 0.0164128 0.9996584 0.0504851
0.0000000 0.0000000 0.0000000 1.0000000
0.9086046 0.4173774 0.0152954 31.4822369
-0.4169970 0.9086180 -0.0229654 -3.2286971
-0.0234829 0.0144883 0.9996193 0.0433954
0.0000000 0.0000000 0.0000000 1.0000000
0.8925192 0.4508144 0.0132684 32.2925987
-0.4505716 0.8925628 -0.0178161 -3.6258221
-0.0198746 0.0099229 0.9997533 0.0400843
0.0000000 0.0000000 0.0000000 1.0000000
0.8742911 0.4853334 0.0081674 33.1104736
-0.4852348 0.8743078 -0.0115592 -4.0542026
-0.0127509 0.0061430 0.9998999 0.0313311
0.0000000 0.0000000 0.0000000 1.0000000
0.8557391 0.5173659 0.0065721 33.9130898
-0.5173027 0.8557525 -0.0092867 -4.5228052
-0.0104287 0.0045472 0.9999353 0.0220882
0.0000000 0.0000000 0.0000000 1.0000000
0.8371587 0.5468928 0.0085827 34.6777649
-0.5467918 0.8371875 -0.0116826 -5.0087996
-0.0135744 0.0050872 0.9998950 0.0250182
0.0000000 0.0000000 0.0000000 1.0000000
0.8166991 0.5770010 0.0085197 35.4207306
-0.5768950 0.8167284 -0.0121494 -5.5298867
-0.0139685 0.0050074 0.9998900 0.0211173
0.0000000 0.0000000 0.0000000 1.0000000
0.7955768 0.6058221 0.0061153 36.1466599
-0.6057395 0.7955827 -0.0113310 -6.0767817
-0.0117298 0.0053103 0.9999171 0.0257687
0.0000000 0.0000000 0.0000000 1.0000000
0.7744567 0.6326106 0.0045559 36.8387489
-0.6325558 0.7744577 -0.0094394 -6.6269050
-0.0094998 0.0044286 0.9999451 0.0221187
0.0000000 0.0000000 0.0000000 1.0000000
0.7522388 0.6588746 0.0046069 37.5266151
-0.6588364 0.7522483 -0.0075983 -7.2117634
-0.0084719 0.0026805 0.9999605 0.0157469
0.0000000 0.0000000 0.0000000 1.0000000
0.7499545 0.6614797 0.0036226 37.6444397
-0.6614297 0.7499492 -0.0093645 -7.3420653
-0.0089111 0.0046269 0.9999496 0.0161450
0.0000000 0.0000000 0.0000000 1.0000000
0.7257768 0.6879304 0.0000832 38.3143501
-0.6879241 0.7257707 -0.0042433 -7.9629407
-0.0029794 0.0030224 0.9999911 0.0186440
0.0000000 0.0000000 0.0000000 1.0000000
0.6988134 0.7152792 -0.0059753 38.9614906
-0.7152712 0.6988372 0.0037847 -8.6051388
0.0068829 0.0016292 0.9999750 0.0189579
0.0000000 0.0000000 0.0000000 1.0000000
0.6720992 0.7403921 -0.0101116 39.5748329
-0.7403079 0.6721755 0.0111744 -9.2674122
0.0150702 -0.0000246 0.9998865 0.0301330
0.0000000 0.0000000 0.0000000 1.0000000
0.6448574 0.7642382 -0.0099564 40.1673965
-0.7640794 0.6449293 0.0157954 -9.9510736
0.0184926 -0.0025783 0.9998257 0.0438080
0.0000000 0.0000000 0.0000000 1.0000000
0.6148108 0.7886550 -0.0055750 40.7597237
-0.7884992 0.6148080 0.0167557 -10.6732121
0.0166420 -0.0059057 0.9998441 0.0654098
0.0000000 0.0000000 0.0000000 1.0000000
0.5866103 0.8098687 0.0011099 41.3031960
-0.8097767 0.5865219 0.0159520 -11.4032965
0.0122680 -0.0102564 0.9998722 0.0869888
0.0000000 0.0000000 0.0000000 1.0000000
0.5558313 0.8312666 0.0068967 41.8340225
-0.8312219 0.5556530 0.0179027 -12.1645880
0.0110498 -0.0156836 0.9998160 0.1060062
0.0000000 0.0000000 0.0000000 1.0000000
0.5241694 0.8515030 0.0137583 42.3417130
-0.8515422 0.5238466 0.0214800 -12.9433813
0.0110830 -0.0229749 0.9996747 0.1254867
0.0000000 0.0000000 0.0000000 1.0000000
0.4921511 0.8702967 0.0192655 42.8225517
-0.8704276 0.4916796 0.0246500 -13.7437935
0.0119803 -0.0289007 0.9995106 0.1361004
0.0000000 0.0000000 0.0000000 1.0000000
0.4576913 0.8888103 0.0231289 43.2742691
-0.8890406 0.4571718 0.0245262 -14.5753088
0.0112253 -0.0317880 0.9994317 0.1535817
0.0000000 0.0000000 0.0000000 1.0000000
0.4246160 0.9050379 0.0246510 43.6872978
-0.9053037 0.4240870 0.0240023 -15.4212761
0.0112688 -0.0325083 0.9994080 0.1703529
0.0000000 0.0000000 0.0000000 1.0000000
0.3905171 0.9202588 0.0249046 44.0685005
-0.9205238 0.3900051 0.0230793 -16.2911034
0.0115260 -0.0319382 0.9994234 0.1895259
0.0000000 0.0000000 0.0000000 1.0000000
0.3557878 0.9342487 0.0243794 44.4191971
-0.9344942 0.3553134 0.0217650 -17.1732998
0.0116716 -0.0305261 0.9994659 0.2024335
0.0000000 0.0000000 0.0000000 1.0000000
0.3231857 0.9461579 0.0183359 44.7239418
-0.9462610 0.3228560 0.0188356 -18.0681973
0.0119016 -0.0234380 0.9996545 0.2255278
0.0000000 0.0000000 0.0000000 1.0000000
0.2885425 0.9573410 0.0155423 45.0112839
-0.9573374 0.2881981 0.0211580 -18.9891758
0.0157761 -0.0209842 0.9996554 0.2501570
0.0000000 0.0000000 0.0000000 1.0000000
0.2570396 0.9662933 0.0144197 45.2576942
-0.9661477 0.2566020 0.0267377 -19.9018555
0.0221364 -0.0208042 0.9995386 0.2588364
0.0000000 0.0000000 0.0000000 1.0000000
0.2294105 0.9732941 0.0083362 45.4779968
-0.9729993 0.2291010 0.0280327 -20.8269291
0.0253742 -0.0145421 0.9995724 0.2926462
0.0000000 0.0000000 0.0000000 1.0000000
0.2051994 0.9786981 0.0065871 45.6849022
-0.9784099 0.2049602 0.0265743 -21.7596035
0.0246581 -0.0118979 0.9996253 0.3186142
0.0000000 0.0000000 0.0000000 1.0000000
0.1938052 0.9810165 0.0068048 45.8850670
-0.9808033 0.1936013 0.0233285 -22.6564732
0.0215682 -0.0111953 0.9997048 0.3392295
0.0000000 0.0000000 0.0000000 1.0000000
0.1762353 0.9843282 0.0062766 46.0744858
-0.9841521 0.1760693 0.0210970 -23.6167583
0.0196612 -0.0098952 0.9997579 0.3659149
0.0000000 0.0000000 0.0000000 1.0000000
0.1843454 0.9828537 0.0039562 46.2634010
-0.9826411 0.1842173 0.0219381 -24.3433743
0.0208332 -0.0079317 0.9997516 0.3810758
0.0000000 0.0000000 0.0000000 1.0000000
0.1774847 0.9841236 -0.0001885 46.4557610
-0.9837891 0.1774294 0.0260493 -25.2577591
0.0256692 -0.0044379 0.9996608 0.4006357
0.0000000 0.0000000 0.0000000 1.0000000
0.1744709 0.9846543 -0.0039963 46.6426735
-0.9842259 0.1745131 0.0290741 -26.1691952
0.0293253 -0.0011393 0.9995694 0.4277918
0.0000000 0.0000000 0.0000000 1.0000000
0.1668941 0.9859163 -0.0107538 46.8129311
-0.9854233 0.1671558 0.0316331 -27.1136436
0.0329852 0.0053177 0.9994419 0.4608517
0.0000000 0.0000000 0.0000000 1.0000000
0.1730314 0.9848028 -0.0149550 46.9927139
-0.9842376 0.1734561 0.0345007 -27.8553867
0.0365704 0.0087495 0.9992930 0.4871880
0.0000000 0.0000000 0.0000000 1.0000000
0.1847012 0.9826486 -0.0169553 47.0223007
-0.9820223 0.1852127 0.0364584 -28.0128994
0.0389662 0.0099165 0.9991915 0.4920015
0.0000000 0.0000000 0.0000000 1.0000000
0.1886825 0.9818481 -0.0193244 47.2225571
-0.9811377 0.1893157 0.0391061 -28.9119511
0.0420546 0.0115813 0.9990484 0.5333521
0.0000000 0.0000000 0.0000000 1.0000000
0.1934324 0.9808978 -0.0205804 47.4083138
-0.9801061 0.1941419 0.0412546 -29.7708702
0.0444621 0.0121910 0.9989369 0.5715522
0.0000000 0.0000000 0.0000000 1.0000000
0.2050599 0.9785112 -0.0216008 47.5465546
-0.9776696 0.2058205 0.0424379 -30.2075157
0.0459719 0.0124162 0.9988658 0.5973554
0.0000000 0.0000000 0.0000000 1.0000000
0.2110406 0.9771852 -0.0238969 47.6354980
-0.9762984 0.2119237 0.0439399 -30.5471478
0.0480018 0.0140574 0.9987485 0.6184904
0.0000000 0.0000000 0.0000000 1.0000000
0.2219547 0.9746941 -0.0266028 47.8154907
-0.9738944 0.2229398 0.0427610 -31.1844158
0.0476096 0.0164173 0.9987313 0.6552103
0.0000000 0.0000000 0.0000000 1.0000000
0.2346401 0.9716918 -0.0275559 47.9475555
-0.9710316 0.2356103 0.0398293 -31.4019890
0.0451942 0.0174121 0.9988267 0.6653667
0.0000000 0.0000000 0.0000000 1.0000000
0.2427738 0.9697051 -0.0270762 48.1182594
-0.9690806 0.2436973 0.0386694 -32.1862946
0.0440963 0.0168511 0.9988854 0.7085742
0.0000000 0.0000000 0.0000000 1.0000000
0.2533596 0.9669976 -0.0269228 48.2121124
-0.9663933 0.2542573 0.0379239 -32.4997482
0.0435176 0.0164096 0.9989181 0.7277129
0.0000000 0.0000000 0.0000000 1.0000000
0.2701927 0.9624532 -0.0260768 48.4079971
-0.9617814 0.2710558 0.0388114 -33.1379356
0.0444224 0.0145937 0.9989065 0.7545384
0.0000000 0.0000000 0.0000000 1.0000000
0.2726765 0.9617686 -0.0254762 48.5874367
-0.9610367 0.2735263 0.0399096 -33.6593437
0.0453522 0.0136012 0.9988787 0.7796581
0.0000000 0.0000000 0.0000000 1.0000000
0.2689581 0.9628466 -0.0242534 48.8740425
-0.9619077 0.2698053 0.0440402 -34.6536217
0.0489476 0.0114846 0.9987355 0.8300728
0.0000000 0.0000000 0.0000000 1.0000000
0.2678582 0.9632105 -0.0218602 49.1668282
-0.9619784 0.2686353 0.0493310 -35.6581650
0.0533885 0.0078153 0.9985434 0.8811787
0.0000000 0.0000000 0.0000000 1.0000000
0.2659985 0.9637685 -0.0198828 49.4457169
-0.9623646 0.2666894 0.0522694 -36.6745186
0.0556782 0.0052309 0.9984353 0.9388900
0.0000000 0.0000000 0.0000000 1.0000000
0.2621068 0.9648888 -0.0170277 49.7234154
-0.9635022 0.2626442 0.0517925 -37.7031326
0.0544462 0.0028310 0.9985129 1.0021987
0.0000000 0.0000000 0.0000000 1.0000000
0.2666495 0.9636893 -0.0141862 50.0246048
-0.9624409 0.2670261 0.0490463 -38.6865311
0.0510535 0.0005752 0.9986959 1.0519893
0.0000000 0.0000000 0.0000000 1.0000000
0.2645165 0.9642935 -0.0130182 50.3064575
-0.9631444 0.2648368 0.0470679 -39.7109070
0.0488349 0.0000882 0.9988070 1.1144204
0.0000000 0.0000000 0.0000000 1.0000000
0.2614556 0.9651304 -0.0128291 50.5854683
-0.9639592 0.2617703 0.0475393 -40.7289314
0.0492399 -0.0000627 0.9987872 1.1691471
0.0000000 0.0000000 0.0000000 1.0000000
0.2611021 0.9652019 -0.0145413 50.8733673
-0.9639251 0.2615047 0.0496449 -41.7677689
0.0517199 0.0010543 0.9986613 1.2269595
0.0000000 0.0000000 0.0000000 1.0000000
0.2596178 0.9655929 -0.0151474 51.1456223
-0.9642298 0.2600563 0.0513071 -42.7818604
0.0534809 0.0012854 0.9985682 1.2840297
0.0000000 0.0000000 0.0000000 1.0000000
0.2572061 0.9662471 -0.0145597 51.4331741
-0.9648205 0.2576174 0.0524931 -43.8238831
0.0544721 0.0005459 0.9985153 1.3459445
0.0000000 0.0000000 0.0000000 1.0000000
0.2596736 0.9656274 -0.0115599 51.7231827
-0.9642136 0.2599196 0.0522959 -44.8524857
0.0535029 -0.0024336 0.9985649 1.4030350
0.0000000 0.0000000 0.0000000 1.0000000
0.2594181 0.9657295 -0.0083166 52.0176315
-0.9642777 0.2594869 0.0532525 -45.8829155
0.0535856 -0.0057952 0.9985466 1.4636981
0.0000000 0.0000000 0.0000000 1.0000000
0.2597438 0.9656657 -0.0048192 52.3274193
-0.9641329 0.2596073 0.0552505 -46.9337273
0.0546046 -0.0097046 0.9984611 1.5259202
0.0000000 0.0000000 0.0000000 1.0000000
0.2596433 0.9657040 -0.0012019 52.6261139
-0.9641299 0.2592909 0.0567673 -47.9786682
0.0551320 -0.0135805 0.9983869 1.5883729
0.0000000 0.0000000 0.0000000 1.0000000
0.2587210 0.9659499 0.0021227 52.9217300
-0.9643953 0.2581788 0.0573254 -49.0220718
0.0548254 -0.0168784 0.9983534 1.6497356
0.0000000 0.0000000 0.0000000 1.0000000
0.2596035 0.9657091 0.0034871 53.2175484
-0.9644380 0.2590728 0.0523602 -50.0963745
0.0496613 -0.0169560 0.9986223 1.7097809
0.0000000 0.0000000 0.0000000 1.0000000
0.2592848 0.9657973 0.0027099 53.5089417
-0.9649440 0.2589355 0.0428529 -51.1655693
0.0406855 -0.0137260 0.9990779 1.7648766
0.0000000 0.0000000 0.0000000 1.0000000
0.2595917 0.9657179 -0.0012619 53.7915001
-0.9651039 0.2594729 0.0353447 -52.2283707
0.0344604 -0.0079573 0.9993745 1.8136683
0.0000000 0.0000000 0.0000000 1.0000000
0.2601415 0.9655299 -0.0088835 54.0811272
-0.9649515 0.2602933 0.0334206 -53.3258057
0.0345809 -0.0001219 0.9994020 1.8626872
0.0000000 0.0000000 0.0000000 1.0000000
0.2585425 0.9658833 -0.0150224 54.3609619
-0.9652017 0.2589299 0.0366333 -54.4041672
0.0392732 0.0050284 0.9992160 1.9071264
0.0000000 0.0000000 0.0000000 1.0000000
0.2597983 0.9654591 -0.0198506 54.6432304
-0.9646183 0.2604185 0.0411667 -55.4817200
0.0449143 0.0084532 0.9989552 1.9475753
0.0000000 0.0000000 0.0000000 1.0000000
0.2599926 0.9653851 -0.0208792 54.9209137
-0.9644493 0.2606796 0.0434121 -56.5569038
0.0473522 0.0088501 0.9988392 2.0144403
0.0000000 0.0000000 0.0000000 1.0000000
0.2590770 0.9656776 -0.0186095 55.2270241
-0.9647185 0.2596590 0.0435489 -57.6594009
0.0468863 0.0066705 0.9988781 2.0605440
0.0000000 0.0000000 0.0000000 1.0000000
0.2607971 0.9652609 -0.0160236 55.5223198
-0.9644749 0.2612371 0.0392972 -58.7472954
0.0421180 0.0052058 0.9990993 2.1182120
0.0000000 0.0000000 0.0000000 1.0000000
0.2603774 0.9654106 -0.0136530 55.8367424
-0.9646676 0.2607148 0.0380174 -59.8593445
0.0402620 0.0032718 0.9991840 2.1702394
0.0000000 0.0000000 0.0000000 1.0000000
0.2602426 0.9654654 -0.0122829 56.1410637
-0.9646636 0.2605275 0.0393758 -60.9652557
0.0412160 0.0016016 0.9991491 2.2172399
0.0000000 0.0000000 0.0000000 1.0000000
0.2596761 0.9656010 -0.0135465 56.4335899
-0.9646171 0.2600235 0.0436185 -62.0568428
0.0456405 0.0017405 0.9989566 2.2706478
0.0000000 0.0000000 0.0000000 1.0000000
0.2597829 0.9655491 -0.0151094 56.7538681
-0.9644352 0.2602099 0.0464381 -63.1765251
0.0487698 0.0025082 0.9988070 2.3270113
0.0000000 0.0000000 0.0000000 1.0000000
0.2596686 0.9655972 -0.0139564 57.0666695
-0.9645332 0.2600380 0.0453519 -64.3077927
0.0474209 0.0016850 0.9988737 2.3803887
0.0000000 0.0000000 0.0000000 1.0000000
0.2606601 0.9653246 -0.0143266 57.3749580
-0.9645565 0.2610270 0.0386854 -65.4608078
0.0410836 0.0037351 0.9991488 2.4405353
0.0000000 0.0000000 0.0000000 1.0000000
0.2604362 0.9654087 -0.0126342 57.6685677
-0.9647086 0.2607297 0.0368552 -66.6036835
0.0388744 0.0025898 0.9992409 2.4987113
0.0000000 0.0000000 0.0000000 1.0000000
0.2614003 0.9651706 -0.0107821 57.9736366
-0.9643236 0.2616226 0.0404289 -67.7326279
0.0418416 -0.0001707 0.9991243 2.5477448
0.0000000 0.0000000 0.0000000 1.0000000
0.2613183 0.9651952 -0.0105572 58.2756081
-0.9642162 0.2615289 0.0434822 -68.8434906
0.0447298 -0.0011833 0.9989985 2.5992939
0.0000000 0.0000000 0.0000000 1.0000000
0.2627099 0.9648275 -0.0095842 58.5754166
-0.9638671 0.2628765 0.0430926 -69.9679565
0.0440964 -0.0020830 0.9990252 2.6555073
0.0000000 0.0000000 0.0000000 1.0000000
0.2651818 0.9641660 -0.0079417 58.8875999
-0.9633471 0.2652848 0.0398387 -71.1297913
0.0405179 -0.0029139 0.9991747 2.7106278
0.0000000 0.0000000 0.0000000 1.0000000
0.2658993 0.9639643 -0.0084223 59.2091217
-0.9632111 0.2660250 0.0381587 -72.2758102
0.0390241 -0.0020339 0.9992363 2.7663999
0.0000000 0.0000000 0.0000000 1.0000000
0.2654613 0.9640707 -0.0099301 59.5286026
-0.9633339 0.2656467 0.0376909 -73.4372787
0.0389746 -0.0004395 0.9992402 2.8171492
0.0000000 0.0000000 0.0000000 1.0000000
0.2671124 0.9635973 -0.0114805 59.8516998
-0.9628974 0.2673562 0.0367456 -74.5857468
0.0384774 0.0012393 0.9992588 2.8685613
0.0000000 0.0000000 0.0000000 1.0000000
0.2688352 0.9631178 -0.0115033 60.1793518
-0.9624260 0.2690783 0.0365234 -75.7541580
0.0382716 0.0012523 0.9992667 2.9168112
0.0000000 0.0000000 0.0000000 1.0000000
0.2703800 0.9626780 -0.0121013 60.5045319
-0.9620019 0.2706442 0.0361250 -76.9037170
0.0380518 0.0018740 0.9992741 2.9675183
0.0000000 0.0000000 0.0000000 1.0000000
0.2719998 0.9622125 -0.0128004 60.8454399
-0.9616163 0.2722838 0.0340084 -78.0714722
0.0362087 0.0030588 0.9993396 3.0171852
0.0000000 0.0000000 0.0000000 1.0000000
0.2706465 0.9626132 -0.0112727 61.1772423
-0.9620119 0.2708763 0.0340601 -79.2359390
0.0358402 0.0016263 0.9993563 3.0633891
0.0000000 0.0000000 0.0000000 1.0000000
0.2727591 0.9620013 -0.0125128 61.5161705
-0.9614454 0.2730288 0.0328482 -80.4153671
0.0350163 0.0030707 0.9993821 3.1103566
0.0000000 0.0000000 0.0000000 1.0000000
0.2744311 0.9615414 -0.0112457 61.8627205
-0.9609390 0.2746576 0.0340626 -81.5820465
0.0358413 0.0014586 0.9993565 3.1547673
0.0000000 0.0000000 0.0000000 1.0000000
0.2736821 0.9617473 -0.0118665 62.2087860
-0.9610651 0.2739353 0.0362532 -82.7760086
0.0381170 0.0014827 0.9992723 3.2045674
0.0000000 0.0000000 0.0000000 1.0000000
0.2757071 0.9611947 -0.0095405 62.5544243
-0.9605153 0.2758710 0.0361442 -83.9642487
0.0373735 -0.0008014 0.9993011 3.2533033
0.0000000 0.0000000 0.0000000 1.0000000
0.2755281 0.9612712 -0.0065242 62.9088287
-0.9605854 0.2755793 0.0365059 -85.1572266
0.0368900 -0.0037914 0.9993122 3.3023541
0.0000000 0.0000000 0.0000000 1.0000000
0.2762230 0.9610851 -0.0041252 63.2635651
-0.9603686 0.2761788 0.0376585 -86.3611069
0.0373323 -0.0064404 0.9992822 3.3548727
0.0000000 0.0000000 0.0000000 1.0000000
0.2757118 0.9612399 -0.0012288 63.6144409
-0.9605280 0.2755564 0.0381516 -87.5627441
0.0370115 -0.0093386 0.9992713 3.4039543
0.0000000 0.0000000 0.0000000 1.0000000
0.2740939 0.9617018 0.0017466 63.9720917
-0.9610650 0.2738454 0.0369274 -88.7808990
0.0350349 -0.0118002 0.9993165 3.4555769
0.0000000 0.0000000 0.0000000 1.0000000
0.2752236 0.9613698 0.0045795 64.3296661
-0.9607986 0.2748882 0.0361012 -89.9944916
0.0334477 -0.0143359 0.9993377 3.5039532
0.0000000 0.0000000 0.0000000 1.0000000
0.2731787 0.9619437 0.0061993 64.6834869
-0.9614012 0.2727930 0.0359519 -91.1966782
0.0328925 -0.0157813 0.9993344 3.5510430
0.0000000 0.0000000 0.0000000 1.0000000
0.2714151 0.9624448 0.0058919 65.0348206
-0.9618970 0.2710406 0.0359450 -92.3981552
0.0329981 -0.0154234 0.9993365 3.5984876
0.0000000 0.0000000 0.0000000 1.0000000
0.2693168 0.9630231 0.0074693 65.3717957
-0.9625597 0.2689231 0.0340591 -93.6135864
0.0307911 -0.0163623 0.9993920 3.6529391
0.0000000 0.0000000 0.0000000 1.0000000
0.2651792 0.9641462 0.0101507 65.7187347
-0.9637898 0.2647449 0.0319409 -94.8330460
0.0281083 -0.0182532 0.9994383 3.6910388
0.0000000 0.0000000 0.0000000 1.0000000
0.2621418 0.9649581 0.0117646 66.0625610
-0.9646450 0.2616737 0.0314270 -96.0317154
0.0272473 -0.0195870 0.9994369 3.7376022
0.0000000 0.0000000 0.0000000 1.0000000
0.2567309 0.9663580 0.0155663 66.3973083
-0.9659182 0.2559969 0.0383188 -97.2281265
0.0330448 -0.0248733 0.9991444 3.7777312
0.0000000 0.0000000 0.0000000 1.0000000
0.2490645 0.9683565 0.0159215 66.6952820
-0.9678041 0.2482379 0.0416422 -98.3815613
0.0363722 -0.0257805 0.9990058 3.8214576
0.0000000 0.0000000 0.0000000 1.0000000
0.2424649 0.9700365 0.0155213 67.0026932
-0.9696187 0.2417639 0.0372899 -99.5798874
0.0324200 -0.0240912 0.9991840 3.8773637
0.0000000 0.0000000 0.0000000 1.0000000
0.2323872 0.9725061 0.0151350 67.2970123
-0.9721612 0.2317688 0.0344476 -100.7849503
0.0299926 -0.0227189 0.9992920 3.9213383
0.0000000 0.0000000 0.0000000 1.0000000
0.2183356 0.9757613 0.0148465 67.5805664
-0.9753915 0.2177240 0.0347644 -101.9884262
0.0306893 -0.0220715 0.9992853 3.9771762
0.0000000 0.0000000 0.0000000 1.0000000
0.2077479 0.9780625 0.0153448 67.8024979
-0.9777133 0.2071367 0.0342350 -103.0499191
0.0303055 -0.0221151 0.9992961 4.0173349
0.0000000 0.0000000 0.0000000 1.0000000
0.2050817 0.9785960 0.0170948 67.9449158
-0.9783406 0.2044634 0.0323329 -103.9023743
0.0281456 -0.0233554 0.9993310 4.0434918
0.0000000 0.0000000 0.0000000 1.0000000
0.1979366 0.9800884 0.0157765 68.0725555
-0.9798256 0.1973785 0.0313774 -104.5224380
0.0276386 -0.0216689 0.9993832 4.0756426
0.0000000 0.0000000 0.0000000 1.0000000
0.1936832 0.9809358 0.0159012 68.1992188
-0.9805682 0.1930443 0.0349413 -105.1249084
0.0312055 -0.0223597 0.9992629 4.0944934
0.0000000 0.0000000 0.0000000 1.0000000
0.1828421 0.9829937 0.0171234 68.3210907
-0.9825579 0.1821050 0.0376658 -105.6396637
0.0339069 -0.0237116 0.9991437 4.1176515
0.0000000 0.0000000 0.0000000 1.0000000
0.1700383 0.9851894 0.0221297 68.5396118
-0.9848778 0.1691419 0.0375192 -106.8007126
0.0332205 -0.0281747 0.9990509 4.1645117
0.0000000 0.0000000 0.0000000 1.0000000
0.1592536 0.9867969 0.0295165 68.7258682
-0.9868069 0.1582293 0.0343010 -107.8230896
0.0291777 -0.0345896 0.9989756 4.2001672
0.0000000 0.0000000 0.0000000 1.0000000
0.1429739 0.9891303 0.0343615 68.9257355
-0.9893542 0.1418812 0.0323891 -109.0206146
0.0271618 -0.0386264 0.9988846 4.2421250
0.0000000 0.0000000 0.0000000 1.0000000
0.1287045 0.9909716 0.0375669 69.1040649
-0.9912579 0.1274472 0.0341464 -110.2035904
0.0290503 -0.0416333 0.9987106 4.2850814
0.0000000 0.0000000 0.0000000 1.0000000
0.1136170 0.9927714 0.0386908 69.2527771
-0.9930182 0.1122290 0.0363410 -111.3961563
0.0317361 -0.0425496 0.9985903 4.3263283
0.0000000 0.0000000 0.0000000 1.0000000
0.1084868 0.9933559 0.0384126 69.3400497
-0.9935455 0.1070570 0.0375119 -112.2162323
0.0331503 -0.0422342 0.9985577 4.3618660
0.0000000 0.0000000 0.0000000 1.0000000
0.1024872 0.9940409 0.0371457 69.4560471
-0.9942099 0.1011488 0.0362846 -113.2207565
0.0323111 -0.0406493 0.9986510 4.4045768
0.0000000 0.0000000 0.0000000 1.0000000
0.0885549 0.9953160 0.0387922 69.5781555
-0.9955829 0.0872243 0.0347499 -114.3997498
0.0312035 -0.0416980 0.9986430 4.4491010
0.0000000 0.0000000 0.0000000 1.0000000
0.0830309 0.9957234 0.0405160 69.6720963
-0.9961106 0.0817222 0.0329566 -115.4425812
0.0295046 -0.0430948 0.9986354 4.4933319
0.0000000 0.0000000 0.0000000 1.0000000
0.0740416 0.9963052 0.0435276 69.7349548
-0.9967466 0.0725389 0.0351467 -116.3665771
0.0318594 -0.0459883 0.9984340 4.5248599
0.0000000 0.0000000 0.0000000 1.0000000
0.0699045 0.9965882 0.0438886 69.7917023
-0.9969854 0.0683115 0.0368058 -117.0754623
0.0336821 -0.0463292 0.9983584 4.5557652
0.0000000 0.0000000 0.0000000 1.0000000
0.0624291 0.9970794 0.0440001 69.8362122
-0.9974339 0.0607813 0.0378453 -117.7907867
0.0350604 -0.0462498 0.9983147 4.5834866
0.0000000 0.0000000 0.0000000 1.0000000
0.0624694 0.9971874 0.0414211 69.8678665
-0.9973966 0.0608765 0.0386655 -118.3068161
0.0360352 -0.0437286 0.9983936 4.6093974
0.0000000 0.0000000 0.0000000 1.0000000
0.0607327 0.9973079 0.0411010 69.9335098
-0.9973541 0.0589838 0.0425049 -118.8353653
0.0399661 -0.0435737 0.9982507 4.6341963
0.0000000 0.0000000 0.0000000 1.0000000
0.0553000 0.9975992 0.0416968 69.9533463
-0.9975736 0.0534327 0.0446428 -119.3487625
0.0423076 -0.0440644 0.9981327 4.6601114
0.0000000 0.0000000 0.0000000 1.0000000
0.0492797 0.9978703 0.0427472 70.0100708
-0.9979855 0.0474825 0.0420887 -119.9240494
0.0399693 -0.0447351 0.9981992 4.6921501
0.0000000 0.0000000 0.0000000 1.0000000
0.0398954 0.9981396 0.0461151 70.0682297
-0.9984971 0.0380885 0.0394200 -120.8072510
0.0375902 -0.0476184 0.9981583 4.7241588
0.0000000 0.0000000 0.0000000 1.0000000
0.0268124 0.9984874 0.0480097 70.1231995
-0.9989155 0.0249326 0.0393354 -121.8928528
0.0380788 -0.0490123 0.9980723 4.7717471
0.0000000 0.0000000 0.0000000 1.0000000
0.0175574 0.9985310 0.0512676 70.1442871
-0.9990884 0.0155248 0.0397792 -122.8838577
0.0389248 -0.0519192 0.9978926 4.8101788
0.0000000 0.0000000 0.0000000 1.0000000
0.0009265 0.9985887 0.0531097 70.1714935
-0.9992068 -0.0011905 0.0398171 -124.1088409
0.0398241 -0.0531044 0.9977947 4.8617282
0.0000000 0.0000000 0.0000000 1.0000000
-0.0142842 0.9983093 0.0563503 70.1743011
-0.9990577 -0.0165601 0.0401309 -125.1837082
0.0409962 -0.0557239 0.9976044 4.9071865
0.0000000 0.0000000 0.0000000 1.0000000
-0.0329137 0.9977757 0.0579753 70.1598969
-0.9985723 -0.0352716 0.0401294 -126.3745651
0.0420849 -0.0565717 0.9975114 4.9614949
0.0000000 0.0000000 0.0000000 1.0000000
-0.0466967 0.9971344 0.0595254 70.1663971
-0.9981089 -0.0489618 0.0371805 -127.1434479
0.0399884 -0.0576766 0.9975343 4.9934130
0.0000000 0.0000000 0.0000000 1.0000000
-0.0578265 0.9964865 0.0605932 70.1160278
-0.9976442 -0.0599250 0.0334073 -127.9250336
0.0369210 -0.0585185 0.9976035 5.0251608
0.0000000 0.0000000 0.0000000 1.0000000
-0.0703868 0.9956583 0.0609188 70.0796661
-0.9968997 -0.0723656 0.0309079 -128.7646332
0.0351821 -0.0585544 0.9976643 5.0578036
0.0000000 0.0000000 0.0000000 1.0000000
-0.0892758 0.9940505 0.0624042 69.9999466
-0.9953643 -0.0912941 0.0302717 -129.9752655
0.0357887 -0.0594123 0.9975920 5.1063404
0.0000000 0.0000000 0.0000000 1.0000000
-0.1080246 0.9919424 0.0661949 69.8910904
-0.9933562 -0.1103571 0.0326461 -131.1946259
0.0396881 -0.0622285 0.9972727 5.1562462
0.0000000 0.0000000 0.0000000 1.0000000
-0.1276683 0.9893329 0.0701578 69.7579422
-0.9908794 -0.1303038 0.0343515 -132.4402924
0.0431268 -0.0651323 0.9969445 5.2080412
0.0000000 0.0000000 0.0000000 1.0000000
-0.1402045 0.9873169 0.0744909 69.6474457
-0.9892121 -0.1429051 0.0322279 -133.3106995
0.0424642 -0.0691687 0.9967010 5.2477388
0.0000000 0.0000000 0.0000000 1.0000000
-0.1604877 0.9839565 0.0779369 69.4773712
-0.9862658 -0.1629849 0.0267715 -134.5270386
0.0390445 -0.0725699 0.9965990 5.2988358
0.0000000 0.0000000 0.0000000 1.0000000
-0.1833946 0.9796919 0.0810629 69.2757645
-0.9822803 -0.1858700 0.0240603 -135.7667084
0.0386388 -0.0752139 0.9964187 5.3554058
0.0000000 0.0000000 0.0000000 1.0000000
-0.2077631 0.9745394 0.0843108 69.0388718
-0.9773381 -0.2103865 0.0234266 -137.0368195
0.0405680 -0.0775329 0.9961643 5.4114227
0.0000000 0.0000000 0.0000000 1.0000000
-0.2332525 0.9682394 0.0900361 68.7705383
-0.9715149 -0.2360218 0.0212957 -138.2856140
0.0418698 -0.0825041 0.9957110 5.4633164
0.0000000 0.0000000 0.0000000 1.0000000
-0.2481841 0.9644547 0.0907338 68.5839081
-0.9677703 -0.2509845 0.0206984 -138.9813843
0.0427354 -0.0826724 0.9956602 5.4958444
0.0000000 0.0000000 0.0000000 1.0000000
-0.2701259 0.9584225 0.0919731 68.2933502
-0.9617259 -0.2731476 0.0217863 -140.0615540
0.0460027 -0.0825678 0.9955233 5.5570240
0.0000000 0.0000000 0.0000000 1.0000000
-0.2740861 0.9576916 0.0877751 68.2593613
-0.9606295 -0.2769533 0.0221095 -140.1176758
0.0454836 -0.0782594 0.9958951 5.5562005
0.0000000 0.0000000 0.0000000 1.0000000
-0.2858455 0.9545511 0.0844117 68.0450439
-0.9572443 -0.2885145 0.0210621 -140.7674408
0.0444588 -0.0747821 0.9962085 5.5990124
0.0000000 0.0000000 0.0000000 1.0000000
-0.3078138 0.9476852 0.0845238 67.7178726
-0.9502246 -0.3107049 0.0231674 -141.8299561
0.0482173 -0.0731853 0.9961523 5.6529756
0.0000000 0.0000000 0.0000000 1.0000000
-0.3306555 0.9397423 0.0869027 67.3328476
-0.9422377 -0.3339367 0.0259882 -142.9997101
0.0534422 -0.0732898 0.9958779 5.7222033
0.0000000 0.0000000 0.0000000 1.0000000
-0.3537857 0.9312920 0.0867851 66.8953781
-0.9336955 -0.3571230 0.0260155 -144.1996613
0.0552210 -0.0718269 0.9958875 5.7914505
0.0000000 0.0000000 0.0000000 1.0000000
-0.3746808 0.9232178 0.0853459 66.4366608
-0.9255990 -0.3777938 0.0232202 -145.3942413
0.0536804 -0.0702959 0.9960809 5.8753490
0.0000000 0.0000000 0.0000000 1.0000000
-0.3935976 0.9153100 0.0853770 65.9658966
-0.9175525 -0.3968551 0.0245849 -146.5588989
0.0563851 -0.0686613 0.9960455 5.9429841
0.0000000 0.0000000 0.0000000 1.0000000
-0.4128023 0.9068422 0.0850419 65.4626236
-0.9088246 -0.4162768 0.0274280 -147.7121429
0.0602738 -0.0659658 0.9960000 6.0306883
0.0000000 0.0000000 0.0000000 1.0000000
-0.4270360 0.8999642 0.0877802 65.0295181
-0.9020821 -0.4307021 0.0272835 -148.6851196
0.0623613 -0.0675339 0.9957663 6.0951567
0.0000000 0.0000000 0.0000000 1.0000000
-0.4264754 0.9003161 0.0868924 64.9639130
-0.9023789 -0.4300824 0.0272489 -148.8648529
0.0619034 -0.0667888 0.9958451 6.1064730
0.0000000 0.0000000 0.0000000 1.0000000
-0.4426760 0.8922589 0.0889528 64.4051437
-0.8945143 -0.4463215 0.0253429 -150.0269928
0.0623140 -0.0683509 0.9957135 6.1968641
0.0000000 0.0000000 0.0000000 1.0000000
-0.4555338 0.8856546 0.0900305 63.8464432
-0.8879915 -0.4592141 0.0243793 -151.1604309
0.0629349 -0.0688407 0.9956408 6.2841368
0.0000000 0.0000000 0.0000000 1.0000000
-0.4688017 0.8784916 0.0920766 63.2673378
-0.8810514 -0.4724986 0.0222381 -152.3079529
0.0630420 -0.0706989 0.9955037 6.3687677
0.0000000 0.0000000 0.0000000 1.0000000
-0.4816063 0.8714391 0.0930057 62.6737747
-0.8743173 -0.4850463 0.0173283 -153.4451141
0.0602126 -0.0729710 0.9955149 6.4527245
0.0000000 0.0000000 0.0000000 1.0000000
-0.4928168 0.8651059 0.0934033 62.0617371
-0.8682610 -0.4959535 0.0124058 -154.5711365
0.0570560 -0.0749847 0.9955512 6.5338416
0.0000000 0.0000000 0.0000000 1.0000000
-0.5031689 0.8594962 0.0899333 61.4370346
-0.8624294 -0.5060551 0.0111716 -155.6841125
0.0551131 -0.0719399 0.9958853 6.6088004
0.0000000 0.0000000 0.0000000 1.0000000
-0.5120816 0.8545259 0.0869395 60.7966614
-0.8571357 -0.5149356 0.0126794 -156.7724762
0.0556030 -0.0680260 0.9961331 6.6907349
0.0000000 0.0000000 0.0000000 1.0000000
-0.5170729 0.8518965 0.0831183 60.1446800
-0.8539461 -0.5200568 0.0178325 -157.8710175
0.0584176 -0.0617578 0.9963803 6.7682300
0.0000000 0.0000000 0.0000000 1.0000000
-0.5219930 0.8489376 0.0826375 59.4756355
-0.8508292 -0.5250738 0.0197014 -158.9600677
0.0601159 -0.0600264 0.9963851 6.8517499
0.0000000 0.0000000 0.0000000 1.0000000
-0.5267703 0.8458857 0.0836136 58.8102913
-0.8479090 -0.5298300 0.0182064 -160.0708923
0.0597014 -0.0613061 0.9963321 6.9351583
0.0000000 0.0000000 0.0000000 1.0000000
-0.5304927 0.8432100 0.0870357 58.1271782
-0.8458268 -0.5333331 0.0115680 -161.1822815
0.0561732 -0.0674804 0.9961382 7.0134211
0.0000000 0.0000000 0.0000000 1.0000000
-0.5361258 0.8392682 0.0905471 57.4594383
-0.8423687 -0.5388575 0.0069611 -162.2769318
0.0546342 -0.0725420 0.9958680 7.0921268
0.0000000 0.0000000 0.0000000 1.0000000
-0.5394658 0.8363516 0.0974339 56.7793961
-0.8401351 -0.5423639 0.0039271 -163.3738403
0.0561290 -0.0797390 0.9952344 7.1646485
0.0000000 0.0000000 0.0000000 1.0000000
-0.5425853 0.8338152 0.1017556 56.0992126
-0.8379455 -0.5457413 0.0038368 -164.4675140
0.0587314 -0.0831839 0.9948022 7.2439566
0.0000000 0.0000000 0.0000000 1.0000000
-0.5455731 0.8317003 0.1030801 55.4198799
-0.8358769 -0.5488976 0.0047176 -165.5430450
0.0605040 -0.0835884 0.9946620 7.3232031
0.0000000 0.0000000 0.0000000 1.0000000
-0.5449475 0.8320272 0.1037489 54.7157936
-0.8361480 -0.5484655 0.0065677 -166.6426849
0.0623672 -0.0831703 0.9945820 7.4080572
0.0000000 0.0000000 0.0000000 1.0000000
-0.5443558 0.8325663 0.1025237 54.0300484
-0.8364691 -0.5479497 0.0084622 -167.7128754
0.0632231 -0.0811514 0.9946947 7.4971671
0.0000000 0.0000000 0.0000000 1.0000000
-0.5436761 0.8329532 0.1029868 53.3649940
-0.8367781 -0.5474463 0.0103004 -168.7704010
0.0649594 -0.0805770 0.9946295 7.5803633
0.0000000 0.0000000 0.0000000 1.0000000
-0.5412283 0.8345234 0.1031674 52.6659737
-0.8382791 -0.5451159 0.0117434 -169.8681946
0.0660383 -0.0801272 0.9945948 7.6722512
0.0000000 0.0000000 0.0000000 1.0000000
-0.5396324 0.8357120 0.1018983 52.0158806
-0.8393446 -0.5434641 0.0121877 -170.8735352
0.0655634 -0.0789508 0.9947203 7.7587028
0.0000000 0.0000000 0.0000000 1.0000000
-0.5227767 0.8461520 0.1035964 51.4831200
-0.8501076 -0.5265055 0.0104950 -171.4434509
0.0634244 -0.0825815 0.9945642 7.8260517
0.0000000 0.0000000 0.0000000 1.0000000
-0.5067535 0.8552839 0.1081259 51.1168060
-0.8598697 -0.5104553 0.0077883 -171.7103271
0.0618546 -0.0890274 0.9941068 7.8699017
0.0000000 0.0000000 0.0000000 1.0000000
-0.4938381 0.8624036 0.1112876 50.8121605
-0.8675577 -0.4973205 0.0041145 -171.9493256
0.0588939 -0.0945164 0.9937798 7.9093904
0.0000000 0.0000000 0.0000000 1.0000000
-0.4787608 0.8703817 0.1149988 50.6362152
-0.8762225 -0.4819076 -0.0005003 -171.9951019
0.0549833 -0.1010040 0.9933656 7.9279723
0.0000000 0.0000000 0.0000000 1.0000000
-0.4735860 0.8728355 0.1177939 50.5461197
