1.0000000 0.0000000 0.0000000 0.0000000
0.0000000 1.0000000 0.0000000 0.0000000
0.0000000 0.0000000 1.0000000 0.0000000
0.0000000 0.0000000 0.0000000 1.0000000
0.9999874 0.0014847 -0.0047890 0.9041393
-0.0014799 0.9999984 0.0010013 0.0051551
0.0047904 -0.0009942 0.9999880 0.0111489
0.0000000 0.0000000 0.0000000 1.0000000
0.9999816 0.0025964 -0.0054740 1.8549757
-0.0026021 0.9999961 -0.0010479 0.0025963
0.0054713 0.0010622 0.9999844 0.0253839
0.0000000 0.0000000 0.0000000 1.0000000
0.9999901 0.0037221 -0.0024366 2.8124688
-0.0037283 0.9999897 -0.0025816 0.0003565
0.0024270 0.0025907 0.9999937 0.0360830
0.0000000 0.0000000 0.0000000 1.0000000
0.9999924 0.0018479 0.0034271 3.7644632
-0.0018271 0.9999800 -0.0060483 -0.0052527
-0.0034382 0.0060420 0.9999758 0.0514866
0.0000000 0.0000000 0.0000000 1.0000000
0.9999917 0.0004443 0.0040608 4.6980672
-0.0004095 0.9999633 -0.0085600 -0.0090424
-0.0040644 0.0085582 0.9999551 0.0622428
0.0000000 0.0000000 0.0000000 1.0000000
0.9999987 0.0007258 0.0014665 5.6360683
-0.0007099 0.9999418 -0.0107703 -0.0093913
-0.0014742 0.0107693 0.9999409 0.0721267
0.0000000 0.0000000 0.0000000 1.0000000
0.9999985 -0.0009272 -0.0015037 6.5624771
0.0009120 0.9999486 -0.0101001 -0.0040810
0.0015130 0.0100987 0.9999478 0.0808251
0.0000000 0.0000000 0.0000000 1.0000000
0.9999968 -0.0014388 -0.0020745 7.4911323
0.0014172 0.9999450 -0.0103902 0.0007027
0.0020893 0.0103872 0.9999438 0.0918114
0.0000000 0.0000000 0.0000000 1.0000000
0.9999992 -0.0011364 -0.0005306 8.4117126
0.0011312 0.9999524 -0.0096904 0.0072753
0.0005416 0.0096898 0.9999529 0.1034459
0.0000000 0.0000000 0.0000000 1.0000000
0.9999943 -0.0025987 0.0021530 9.3299341
0.0026193 0.9999506 -0.0095939 0.0169790
-0.0021280 0.0095995 0.9999516 0.1165815
0.0000000 0.0000000 0.0000000 1.0000000
0.9999885 -0.0033008 0.0034899 10.2399330
0.0033338 0.9999494 -0.0094989 0.0225575
-0.0034584 0.0095104 0.9999487 0.1282468
0.0000000 0.0000000 0.0000000 1.0000000
0.9999817 -0.0032811 0.0050891 10.8264513
0.0033341 0.9999399 -0.0104493 0.0194013
-0.0050545 0.0104660 0.9999324 0.1328409
0.0000000 0.0000000 0.0000000 1.0000000
0.9999766 -0.0042912 0.0053240 11.0949860
0.0043523 0.9999243 -0.0115163 0.0132821
-0.0052742 0.0115392 0.9999195 0.1313300
0.0000000 0.0000000 0.0000000 1.0000000
0.9999843 -0.0039953 0.0039423 11.2972803
0.0040414 0.9999228 -0.0117637 0.0064431
-0.0038950 0.0117794 0.9999230 0.1334121
0.0000000 0.0000000 0.0000000 1.0000000
0.9999843 -0.0052308 0.0020012 11.5796032
0.0052559 0.9999051 -0.0127416 -0.0053634
-0.0019343 0.0127519 0.9999168 0.1354659
0.0000000 0.0000000 0.0000000 1.0000000
0.9999834 -0.0057017 0.0008747 11.9452057
0.0057130 0.9998927 -0.0135012 -0.0078333
-0.0007976 0.0135060 0.9999084 0.1392149
0.0000000 0.0000000 0.0000000 1.0000000
0.9999821 -0.0059923 0.0000825 12.3304358
0.0059929 0.9998989 -0.0129095 -0.0110795
-0.0000051 0.0129098 0.9999166 0.1445861
0.0000000 0.0000000 0.0000000 1.0000000
0.9999720 -0.0074204 -0.0010193 12.6271667
0.0074080 0.9999039 -0.0117281 -0.0153041
0.0011063 0.0117202 0.9999307 0.1496300
0.0000000 0.0000000 0.0000000 1.0000000
0.9999622 -0.0086057 -0.0013029 12.7200861
0.0085918 0.9999095 -0.0103715 -0.0231509
0.0013920 0.0103599 0.9999453 0.1507971
0.0000000 0.0000000 0.0000000 1.0000000
0.9999551 -0.0094794 -0.0002828 13.1270924
0.0094761 0.9999050 -0.0100275 -0.0229955
0.0003778 0.0100244 0.9999496 0.1587435
0.0000000 0.0000000 0.0000000 1.0000000
0.9999447 -0.0104115 0.0015009 13.5564613
0.0104259 0.9998968 -0.0098971 -0.0224954
-0.0013977 0.0099122 0.9999499 0.1689817
0.0000000 0.0000000 0.0000000 1.0000000
0.9999223 -0.0122431 0.0023655 13.9265528
0.0122644 0.9998826 -0.0092037 -0.0183210
-0.0022526 0.0092320 0.9999548 0.1744276
0.0000000 0.0000000 0.0000000 1.0000000
0.9999103 -0.0131106 0.0027542 14.3393307
0.0131365 0.9998676 -0.0096159 -0.0200812
-0.0026278 0.0096513 0.9999499 0.1822867
0.0000000 0.0000000 0.0000000 1.0000000
0.9998746 -0.0156501 0.0024485 14.6182594
0.0156713 0.9998378 -0.0088903 -0.0179417
-0.0023090 0.0089276 0.9999574 0.1856532
0.0000000 0.0000000 0.0000000 1.0000000
0.9998436 -0.0174236 0.0030529 15.0555019
0.0174480 0.9998146 -0.0081555 -0.0095073
-0.0029102 0.0082075 0.9999620 0.1916672
0.0000000 0.0000000 0.0000000 1.0000000
0.9997972 -0.0195351 0.0049114 15.3147936
0.0195712 0.9997811 -0.0074179 -0.0004434
-0.0047654 0.0075125 0.9999604 0.1907729
0.0000000 0.0000000 0.0000000 1.0000000
0.9997568 -0.0207546 0.0074692 15.5975180
0.0208099 0.9997562 -0.0074064 0.0026588
-0.0073137 0.0075600 0.9999446 0.1940170
0.0000000 0.0000000 0.0000000 1.0000000
0.9997187 -0.0219979 0.0088715 15.8778734
0.0220627 0.9997303 -0.0072714 0.0110398
-0.0087092 0.0074651 0.9999341 0.1976919
0.0000000 0.0000000 0.0000000 1.0000000
0.9997199 -0.0221548 0.0083388 16.2172909
0.0222135 0.9997288 -0.0070139 0.0179468
-0.0081811 0.0071972 0.9999406 0.2022821
0.0000000 0.0000000 0.0000000 1.0000000
0.9997008 -0.0236170 0.0063731 17.0338516
0.0236533 0.9997042 -0.0056819 0.0446689
-0.0062370 0.0058310 0.9999635 0.2078519
0.0000000 0.0000000 0.0000000 1.0000000
0.9997078 -0.0236114 0.0051858 17.7279377
0.0236385 0.9997070 -0.0052275 0.0610370
-0.0050609 0.0053485 0.9999728 0.2125291
0.0000000 0.0000000 0.0000000 1.0000000
0.9996986 -0.0239453 0.0054279 18.3155785
0.0239736 0.9996991 -0.0052137 0.0723058
-0.0053014 0.0053423 0.9999716 0.2142913
0.0000000 0.0000000 0.0000000 1.0000000
0.9996582 -0.0256415 0.0050997 19.0975723
0.0256682 0.9996569 -0.0052429 0.0995744
-0.0049635 0.0053720 0.9999732 0.2250780
0.0000000 0.0000000 0.0000000 1.0000000
0.9996133 -0.0274662 0.0043469 19.8648663
0.0274865 0.9996113 -0.0046919 0.1234298
-0.0042164 0.0048096 0.9999795 0.2330082
0.0000000 0.0000000 0.0000000 1.0000000
0.9995725 -0.0289379 0.0041747 20.6359043
0.0289561 0.9995713 -0.0043638 0.1508067
-0.0040466 0.0044828 0.9999817 0.2404788
0.0000000 0.0000000 0.0000000 1.0000000
0.9995040 -0.0310418 0.0053027 21.3824081
0.0310650 0.9995081 -0.0043411 0.1779985
-0.0051653 0.0045037 0.9999765 0.2457157
0.0000000 0.0000000 0.0000000 1.0000000
0.9994202 -0.0332554 0.0073085 22.1291447
0.0332880 0.9994363 -0.0043907 0.2063932
-0.0071584 0.0046314 0.9999636 0.2556466
0.0000000 0.0000000 0.0000000 1.0000000
0.9993731 -0.0343000 0.0087729 22.8702621
0.0343309 0.9994049 -0.0033942 0.2378659
-0.0086513 0.0036932 0.9999557 0.2635320
0.0000000 0.0000000 0.0000000 1.0000000
0.9992714 -0.0370695 0.0090827 23.5963078
0.0370928 0.9993091 -0.0024196 0.2764350
-0.0089867 0.0027547 0.9999558 0.2704374
0.0000000 0.0000000 0.0000000 1.0000000
0.9992352 -0.0381484 0.0085840 24.3065662
0.0381511 0.9992721 -0.0001586 0.3101470
-0.0085717 0.0004860 0.9999631 0.2763689
0.0000000 0.0000000 0.0000000 1.0000000
0.9991556 -0.0403427 0.0077784 25.0127907
0.0403350 0.9991857 0.0011465 0.3527030
-0.0078183 -0.0008318 0.9999691 0.2793963
0.0000000 0.0000000 0.0000000 1.0000000
0.9990765 -0.0420484 0.0088339 25.7098942
0.0420331 0.9991145 0.0019107 0.3888283
-0.0089064 -0.0015376 0.9999591 0.2825829
0.0000000 0.0000000 0.0000000 1.0000000
0.9990406 -0.0425999 0.0101599 26.3964806
0.0425773 0.9990903 0.0024359 0.4191991
-0.0102545 -0.0020009 0.9999454 0.2854353
0.0000000 0.0000000 0.0000000 1.0000000
0.9990106 -0.0432131 0.0105183 27.0746193
0.0431698 0.9990586 0.0043020 0.4599893
-0.0106943 -0.0038437 0.9999354 0.2878357
0.0000000 0.0000000 0.0000000 1.0000000
0.9990815 -0.0419934 0.0085346 27.7308521
0.0419331 0.9990951 0.0071341 0.5009410
-0.0088265 -0.0067696 0.9999381 0.2954132
0.0000000 0.0000000 0.0000000 1.0000000
0.9991947 -0.0397124 0.0057425 28.3773403
0.0396614 0.9991752 0.0087271 0.5292414
-0.0060843 -0.0084924 0.9999453 0.2963305
0.0000000 0.0000000 0.0000000 1.0000000
0.9992597 -0.0382266 0.0043319 29.0275059
0.0381847 0.9992269 0.0093716 0.5627027
-0.0046868 -0.0091993 0.9999466 0.2997055
0.0000000 0.0000000 0.0000000 1.0000000
0.9993586 -0.0354784 0.0048706 29.6654568
0.0354271 0.9993199 0.0102390 0.5961994
-0.0052306 -0.0100598 0.9999356 0.3034428
0.0000000 0.0000000 0.0000000 1.0000000
0.9994521 -0.0323073 0.0071979 30.2947235
0.0322102 0.9993938 0.0132221 0.6253628
-0.0076207 -0.0129830 0.9998866 0.3068579
0.0000000 0.0000000 0.0000000 1.0000000
0.9995199 -0.0291929 0.0103813 30.9223137
0.0290006 0.9994134 0.0182198 0.6574124
-0.0109071 -0.0179100 0.9997800 0.3105009
0.0000000 0.0000000 0.0000000 1.0000000
0.9996353 -0.0245052 0.0113535 31.5243454
0.0242415 0.9994460 0.0228111 0.6828155
-0.0119062 -0.0225276 0.9996752 0.3160608
0.0000000 0.0000000 0.0000000 1.0000000
0.9997534 -0.0187344 0.0119308 32.1071701
0.0184041 0.9994603 0.0272150 0.6960529
-0.0124342 -0.0269887 0.9995583 0.3181842
0.0000000 0.0000000 0.0000000 1.0000000
0.9998164 -0.0133092 0.0137917 32.6780167
0.0128783 0.9994404 0.0308761 0.7167013
-0.0141949 -0.0306929 0.9994279 0.3178881
0.0000000 0.0000000 0.0000000 1.0000000
0.9998653 -0.0068284 0.0149269 33.2334404
0.0062895 0.9993373 0.0358569 0.7284939
-0.0151618 -0.0357582 0.9992453 0.3188041
0.0000000 0.0000000 0.0000000 1.0000000
0.9998919 0.0007828 0.0146869 33.7668877
-0.0013528 0.9992446 0.0388398 0.7339939
-0.0146454 -0.0388555 0.9991373 0.3210096
0.0000000 0.0000000 0.0000000 1.0000000
0.9998545 0.0075915 0.0152793 34.2797318
-0.0082214 0.9991008 0.0415950 0.7405615
-0.0149498 -0.0417146 0.9990175 0.3241480
0.0000000 0.0000000 0.0000000 1.0000000
0.9997796 0.0143622 0.0153144 34.7695770
-0.0150613 0.9988021 0.0465577 0.7476312
-0.0146273 -0.0467781 0.9987980 0.3260199
0.0000000 0.0000000 0.0000000 1.0000000
0.9996558 0.0227172 0.0131296 35.2298012
-0.0233592 0.9984250 0.0510104 0.7418426
-0.0119501 -0.0512995 0.9986116 0.3240913
0.0000000 0.0000000 0.0000000 1.0000000
0.9994636 0.0308397 0.0110258 35.6659813
-0.0313799 0.9981155 0.0527353 0.7340887
-0.0093787 -0.0530530 0.9985475 0.3276320
0.0000000 0.0000000 0.0000000 1.0000000
0.9991689 0.0391856 0.0112296 36.0800514
-0.0397312 0.9977835 0.0533832 0.7159408
-0.0091129 -0.0537849 0.9985108 0.3272737
0.0000000 0.0000000 0.0000000 1.0000000
0.9988435 0.0463886 0.0126469 36.4821968
-0.0469939 0.9975029 0.0527236 0.7048498
-0.0101695 -0.0532569 0.9985289 0.3331768
0.0000000 0.0000000 0.0000000 1.0000000
0.9984293 0.0543033 0.0137917 36.8607445
-0.0549727 0.9970282 0.0539726 0.6882212
-0.0108198 -0.0546460 0.9984470 0.3335838
0.0000000 0.0000000 0.0000000 1.0000000
0.9978946 0.0631830 0.0146431 37.2170296
-0.0639114 0.9963712 0.0562131 0.6710588
-0.0110382 -0.0570306 0.9983112 0.3341777
0.0000000 0.0000000 0.0000000 1.0000000
0.9973555 0.0711895 0.0146372 37.5528221
-0.0719562 0.9955345 0.0611018 0.6629510
-0.0102220 -0.0619934 0.9980240 0.3363043
0.0000000 0.0000000 0.0000000 1.0000000
0.9967302 0.0793315 0.0153476 37.8643074
-0.0801677 0.9946588 0.0650165 0.6467552
-0.0101078 -0.0660342 0.9977660 0.3378380
0.0000000 0.0000000 0.0000000 1.0000000
0.9959545 0.0884193 0.0160291 38.1476974
-0.0892758 0.9939203 0.0644399 0.6162979
-0.0102339 -0.0656102 0.9977927 0.3435169
0.0000000 0.0000000 0.0000000 1.0000000
0.9950278 0.0984418 0.0151308 38.4195137
-0.0992108 0.9930366 0.0635269 0.5914590
-0.0087717 -0.0647122 0.9978653 0.3474899
0.0000000 0.0000000 0.0000000 1.0000000
0.9937767 0.1108032 0.0114264 38.6795502
-0.1113020 0.9918405 0.0621651 0.5578194
-0.0044450 -0.0630500 0.9980004 0.3497962
0.0000000 0.0000000 0.0000000 1.0000000
0.9922283 0.1241606 0.0082041 38.9411736
-0.1244309 0.9902323 0.0629063 0.5220259
-0.0003135 -0.0634382 0.9979856 0.3527735
0.0000000 0.0000000 0.0000000 1.0000000
0.9902426 0.1391576 0.0074032 39.2011871
-0.1393448 0.9881541 0.0643029 0.4878636
0.0016327 -0.0647071 0.9979029 0.3528188
0.0000000 0.0000000 0.0000000 1.0000000
0.9877936 0.1555816 0.0076382 39.4572983
-0.1557463 0.9856249 0.0654744 0.4447269
0.0026582 -0.0658648 0.9978249 0.3564346
0.0000000 0.0000000 0.0000000 1.0000000
0.9850072 0.1723427 0.0076772 39.7048187
-0.1724723 0.9828221 0.0656833 0.3931031
0.0037747 -0.0660226 0.9978109 0.3595805
0.0000000 0.0000000 0.0000000 1.0000000
0.9816744 0.1904138 0.0076188 39.9477921
-0.1905025 0.9795281 0.0650677 0.3364365
0.0049269 -0.0653267 0.9978517 0.3642048
0.0000000 0.0000000 0.0000000 1.0000000
0.9776597 0.2100387 0.0080803 40.1876831
-0.2101208 0.9755807 0.0639687 0.2715147
0.0055529 -0.0642374 0.9979191 0.3694017
0.0000000 0.0000000 0.0000000 1.0000000
0.9731519 0.2300127 0.0083439 40.4280891
-0.2300685 0.9710652 0.0640418 0.2076960
0.0066280 -0.0642420 0.9979122 0.3735265
0.0000000 0.0000000 0.0000000 1.0000000
0.9679275 0.2510908 0.0083514 40.6731491
-0.2510926 0.9657671 0.0651671 0.1413897
0.0082973 -0.0651740 0.9978393 0.3746087
0.0000000 0.0000000 0.0000000 1.0000000
0.9619330 0.2731607 0.0082570 40.9196701
-0.2731007 0.9597331 0.0657929 0.0628009
0.0100475 -0.0655434 0.9977990 0.3783898
0.0000000 0.0000000 0.0000000 1.0000000
0.9546698 0.2975286 0.0090704 41.1552467
-0.2974568 0.9524087 0.0666152 -0.0224373
0.0111812 -0.0662935 0.9977374 0.3854230
0.0000000 0.0000000 0.0000000 1.0000000
0.9461551 0.3235332 0.0108040 41.4040070
-0.3234883 0.9437253 0.0688358 -0.1124175
0.0120746 -0.0686243 0.9975694 0.3915853
0.0000000 0.0000000 0.0000000 1.0000000
0.9364902 0.3504696 0.0125352 41.6434937
-0.3504534 0.9339277 0.0704406 -0.2052274
0.0129803 -0.0703599 0.9974371 0.3999496
0.0000000 0.0000000 0.0000000 1.0000000
0.9254031 0.3787406 0.0135936 41.8822441
-0.3787153 0.9227987 0.0708363 -0.3069893
0.0142844 -0.0707001 0.9973952 0.4078059
0.0000000 0.0000000 0.0000000 1.0000000
0.9127219 0.4083604 0.0134353 42.1233559
-0.4082636 0.9102223 0.0694017 -0.4297156
0.0161118 -0.0688296 0.9974982 0.4189468
0.0000000 0.0000000 0.0000000 1.0000000
0.8975427 0.4407644 0.0119996 42.3686752
-0.4405339 0.8952590 0.0666458 -0.5755850
0.0186323 -0.0651036 0.9977044 0.4304771
0.0000000 0.0000000 0.0000000 1.0000000
0.8802081 0.4744714 0.0105136 42.5934563
-0.4740798 0.8780250 0.0657339 -0.7225977
0.0219577 -0.0628437 0.9977817 0.4403514
0.0000000 0.0000000 0.0000000 1.0000000
0.8605595 0.5092684 0.0091125 42.8270531
-0.5086707 0.8583509 0.0669954 -0.8799077
0.0262969 -0.0622887 0.9977115 0.4476425
0.0000000 0.0000000 0.0000000 1.0000000
0.8388511 0.5442969 0.0083579 43.0530701
-0.5435303 0.8366244 0.0680805 -1.0488358
0.0300636 -0.0616521 0.9976447 0.4548766
0.0000000 0.0000000 0.0000000 1.0000000
0.8146099 0.5799339 0.0093507 43.2867012
-0.5790580 0.8122451 0.0703582 -1.2332534
0.0332080 -0.0627290 0.9974778 0.4644729
0.0000000 0.0000000 0.0000000 1.0000000
0.7871866 0.6165951 0.0121575 43.5368042
-0.6156719 0.7845565 0.0736192 -1.4416833
0.0358549 -0.0654370 0.9972122 0.4792243
0.0000000 0.0000000 0.0000000 1.0000000
0.7577334 0.6523699 0.0159258 43.7737236
-0.6514251 0.7547440 0.0775082 -1.6564623
0.0385441 -0.0691049 0.9968644 0.4891630
0.0000000 0.0000000 0.0000000 1.0000000
0.7246388 0.6888952 0.0179492 44.0128899
-0.6879147 0.7215711 0.0781613 -1.9138744
0.0408933 -0.0689862 0.9967790 0.5043167
0.0000000 0.0000000 0.0000000 1.0000000
0.6875314 0.7259049 0.0190437 44.2558060
-0.7249521 0.6846482 0.0755114 -2.2009554
0.0417759 -0.0657222 0.9969630 0.5232540
0.0000000 0.0000000 0.0000000 1.0000000
0.6485602 0.7608989 0.0200637 44.4800110
-0.7599155 0.6457633 0.0742889 -2.4944508
0.0435698 -0.0634275 0.9970348 0.5434692
0.0000000 0.0000000 0.0000000 1.0000000
0.6066096 0.7947155 0.0212629 44.7026596
-0.7936754 0.6038389 0.0738829 -2.8217130
0.0458764 -0.0616939 0.9970401 0.5586170
0.0000000 0.0000000 0.0000000 1.0000000
0.5608548 0.8276365 0.0214440 44.9120598
-0.8264843 0.5581765 0.0732348 -3.1560895
0.0486422 -0.0587972 0.9970840 0.5804352
0.0000000 0.0000000 0.0000000 1.0000000
0.5127301 0.8582709 0.0218876 45.1108017
-0.8570650 0.5101781 0.0718233 -3.5273421
0.0504773 -0.0555850 0.9971771 0.6038201
0.0000000 0.0000000 0.0000000 1.0000000
0.4637028 0.8856584 0.0242679 45.3096695
-0.8845683 0.4612328 0.0693109 -3.9322116
0.0501926 -0.0536062 0.9972998 0.6292712
0.0000000 0.0000000 0.0000000 1.0000000
0.4146425 0.9095309 0.0287250 45.4835472
-0.9087088 0.4121839 0.0659820 -4.3358297
0.0481727 -0.0534616 0.9974071 0.6551052
0.0000000 0.0000000 0.0000000 1.0000000
0.3646048 0.9305049 0.0349859 45.6506729
-0.9299346 0.3619380 0.0649871 -4.7737556
0.0478081 -0.0562292 0.9972725 0.6732880
0.0000000 0.0000000 0.0000000 1.0000000
0.3147427 0.9484722 0.0365729 45.7937660
-0.9478346 0.3120153 0.0652448 -5.2387805
0.0504715 -0.0552004 0.9971987 0.6899650
0.0000000 0.0000000 0.0000000 1.0000000
0.2676013 0.9630707 0.0297397 45.8934746
-0.9621866 0.2654716 0.0610126 -5.7029481
0.0508644 -0.0449421 0.9976937 0.7258492
0.0000000 0.0000000 0.0000000 1.0000000
0.2229100 0.9746304 0.0201707 45.9705696
-0.9736101 0.2215426 0.0547995 -6.1976066
0.0489406 -0.0318537 0.9982935 0.7545441
0.0000000 0.0000000 0.0000000 1.0000000
0.1796843 0.9836327 0.0134283 46.0445824
-0.9825159 0.1787704 0.0520046 -6.7134004
0.0487528 -0.0225379 0.9985564 0.7883694
0.0000000 0.0000000 0.0000000 1.0000000
0.1411483 0.9899158 0.0119989 46.1034050
-0.9886490 0.1403166 0.0537149 -7.2229595
0.0514895 -0.0194445 0.9984841 0.8016199
0.0000000 0.0000000 0.0000000 1.0000000
0.1075971 0.9941782 0.0057091 46.1407967
-0.9928027 0.1071409 0.0535198 -7.7533002
0.0525965 -0.0114266 0.9985503 0.8358734
0.0000000 0.0000000 0.0000000 1.0000000
0.0777231 0.9969746 -0.0008852 46.1680412
-0.9956150 0.0776635 0.0521534 -8.3010092
0.0520644 -0.0031722 0.9986385 0.8716412
0.0000000 0.0000000 0.0000000 1.0000000
0.0529808 0.9985807 -0.0054579 46.1832733
-0.9973176 0.0531887 0.0502933 -8.8635674
0.0505122 0.0027786 0.9987194 0.9007820
0.0000000 0.0000000 0.0000000 1.0000000
0.0327399 0.9994099 -0.0103958 46.1890945
-0.9982511 0.0332108 0.0489148 -9.4427958
0.0492311 0.0087761 0.9987487 0.9285192
0.0000000 0.0000000 0.0000000 1.0000000
0.0164976 0.9998041 -0.0109457 46.1952171
-0.9986272 0.0170207 0.0495468 -10.0259390
0.0497234 0.0101133 0.9987116 0.9572359
0.0000000 0.0000000 0.0000000 1.0000000
0.0033944 0.9999319 -0.0111710 46.1962166
-0.9987603 0.0039449 0.0496297 -10.6341467
0.0496704 0.0109887 0.9987050 0.9885784
0.0000000 0.0000000 0.0000000 1.0000000
-0.0086572 0.9998997 -0.0112146 46.1888161
-0.9986950 -0.0080811 0.0504370 -11.2310724
0.0503413 0.0116366 0.9986641 1.0159262
0.0000000 0.0000000 0.0000000 1.0000000
-0.0179555 0.9997196 -0.0154423 46.1710587
-0.9984537 -0.0171156 0.0528981 -11.8490324
0.0526189 0.0163682 0.9984803 1.0512592
0.0000000 0.0000000 0.0000000 1.0000000
-0.0257571 0.9994774 -0.0195372 46.1583214
-0.9982089 -0.0246587 0.0545139 -12.4784327
0.0540036 0.0209063 0.9983217 1.0869009
0.0000000 0.0000000 0.0000000 1.0000000
-0.0300417 0.9993604 -0.0194003 46.1416473
-0.9981011 -0.0289482 0.0543788 -13.1084557
0.0537824 0.0209971 0.9983317 1.1179001
0.0000000 0.0000000 0.0000000 1.0000000
-0.0340901 0.9992782 -0.0167685 46.1242180
-0.9981210 -0.0331861 0.0515171 -13.7497578
0.0509234 0.0184932 0.9985311 1.1518508
0.0000000 0.0000000 0.0000000 1.0000000
-0.0361003 0.9992375 -0.0148771 46.1061020
-0.9983581 -0.0353978 0.0450453 -14.4193048
0.0444843 0.0164788 0.9988739 1.1849902
0.0000000 0.0000000 0.0000000 1.0000000
-0.0379598 0.9991547 -0.0157855 46.0850334
-0.9985365 -0.0373177 0.0391545 -15.1019516
0.0385324 0.0172486 0.9991083 1.2195226
0.0000000 0.0000000 0.0000000 1.0000000
-0.0384962 0.9990782 -0.0190037 46.0572929
-0.9986095 -0.0377785 0.0367801 -15.7969589
0.0360283 0.0203932 0.9991425 1.2517185
0.0000000 0.0000000 0.0000000 1.0000000
-0.0394419 0.9989643 -0.0226946 46.0308113
-0.9985065 -0.0385440 0.0387286 -16.4749413
0.0378137 0.0241883 0.9989918 1.2885453
0.0000000 0.0000000 0.0000000 1.0000000
-0.0385486 0.9989824 -0.0234208 46.0050583
-0.9982326 -0.0374374 0.0461628 -17.1685467
0.0452390 0.0251589 0.9986591 1.3179433
0.0000000 0.0000000 0.0000000 1.0000000
-0.0369192 0.9990594 -0.0227527 45.9834404
-0.9979122 -0.0356501 0.0538623 -17.8719921
0.0530005 0.0246937 0.9982889 1.3494015
0.0000000 0.0000000 0.0000000 1.0000000
-0.0352994 0.9991008 -0.0234924 45.9654198
-0.9978696 -0.0339457 0.0557205 -18.5892391
0.0548729 0.0254092 0.9981697 1.3803488
0.0000000 0.0000000 0.0000000 1.0000000
-0.0325081 0.9991935 -0.0235783 45.9439278
-0.9981822 -0.0312591 0.0515356 -19.3268890
0.0507569 0.0252108 0.9983925 1.4210279
0.0000000 0.0000000 0.0000000 1.0000000
-0.0298821 0.9992749 -0.0236011 45.9237442
-0.9985626 -0.0287928 0.0452171 -20.0710430
0.0445047 0.0249184 0.9986981 1.4655342
0.0000000 0.0000000 0.0000000 1.0000000
-0.0274128 0.9993715 -0.0224831 45.9139862
-0.9987118 -0.0264198 0.0433303 -20.7935009
0.0427091 0.0236419 0.9988075 1.5036738
0.0000000 0.0000000 0.0000000 1.0000000
-0.0240786 0.9992915 -0.0289297 45.8890877
-0.9985682 -0.0226580 0.0484662 -21.5249081
0.0477763 0.0300553 0.9984055 1.5473405
0.0000000 0.0000000 0.0000000 1.0000000
-0.0209227 0.9992934 -0.0312294 45.8747940
-0.9983597 -0.0192174 0.0539392 -22.2460365
0.0533009 0.0323067 0.9980555 1.5902278
0.0000000 0.0000000 0.0000000 1.0000000
-0.0183742 0.9995115 -0.0252858 45.8725510
-0.9983470 -0.0169633 0.0549223 -22.9767418
0.0544665 0.0262532 0.9981702 1.6260092
0.0000000 0.0000000 0.0000000 1.0000000
-0.0138932 0.9997030 -0.0200308 45.8790398
-0.9985521 -0.0128303 0.0522480 -23.7224731
0.0519755 0.0207276 0.9984330 1.6664889
0.0000000 0.0000000 0.0000000 1.0000000
-0.0106365 0.9996455 -0.0244157 45.8627701
-0.9988262 -0.0094673 0.0475126 -24.4140110
0.0472646 0.0248924 0.9985719 1.7137920
0.0000000 0.0000000 0.0000000 1.0000000
-0.0082320 0.9995230 -0.0297711 45.8577843
-0.9988162 -0.0067912 0.0481759 -25.1448784
0.0479507 0.0301324 0.9983948 1.7618585
0.0000000 0.0000000 0.0000000 1.0000000
-0.0048720 0.9995261 -0.0303989 45.8553238
-0.9986116 -0.0032682 0.0525840 -25.8896790
0.0524597 0.0306129 0.9981534 1.8063962
0.0000000 0.0000000 0.0000000 1.0000000
-0.0013952 0.9996555 -0.0262150 45.8687096
-0.9985347 0.0000257 0.0541231 -26.6232338
0.0541051 0.0262521 0.9981898 1.8409358
0.0000000 0.0000000 0.0000000 1.0000000
0.0022016 0.9996899 -0.0248097 45.8709755
-0.9985809 0.0035182 0.0531475 -27.3724041
0.0532183 0.0246575 0.9982781 1.8875114
0.0000000 0.0000000 0.0000000 1.0000000
0.0062700 0.9995450 -0.0295095 45.8758240
-0.9986591 0.0077757 0.0511890 -28.1268501
0.0513952 0.0291490 0.9982526 1.9325908
0.0000000 0.0000000 0.0000000 1.0000000
0.0092593 0.9993683 -0.0343160 45.8789711
-0.9986370 0.0110047 0.0510277 -28.8651810
0.0513731 0.0337967 0.9981072 1.9813716
0.0000000 0.0000000 0.0000000 1.0000000
0.0120447 0.9992196 -0.0376220 45.8911438
-0.9985341 0.0140052 0.0522905 -29.6024418
0.0527766 0.0369370 0.9979227 2.0269740
0.0000000 0.0000000 0.0000000 1.0000000
0.0149046 0.9991778 -0.0377081 45.9051819
-0.9984971 0.0168628 0.0521551 -30.3237972
0.0527480 0.0368741 0.9979265 2.0705872
0.0000000 0.0000000 0.0000000 1.0000000
0.0187386 0.9990590 -0.0391175 45.9104691
-0.9985143 0.0207024 0.0504140 -30.3408909
0.0511764 0.0381146 0.9979617 2.0685072
0.0000000 0.0000000 0.0000000 1.0000000
0.0216880 0.9988776 -0.0421111 45.9271622
-0.9984988 0.0237608 0.0493607 -31.1002121
0.0503059 0.0409774 0.9978925 2.1202331
0.0000000 0.0000000 0.0000000 1.0000000
0.0252553 0.9988460 -0.0408542 45.9496078
-0.9983746 0.0272902 0.0500431 -31.8666401
0.0511003 0.0395239 0.9979107 2.1617465
0.0000000 0.0000000 0.0000000 1.0000000
0.0280370 0.9988789 -0.0381461 45.9804115
-0.9982369 0.0299758 0.0512393 -32.6095009
0.0523253 0.0366423 0.9979572 2.2018914
0.0000000 0.0000000 0.0000000 1.0000000
0.0305194 0.9987453 -0.0397083 46.0037231
-0.9981597 0.0325364 0.0511815 -33.3632851
0.0524092 0.0380731 0.9978992 2.2496898
0.0000000 0.0000000 0.0000000 1.0000000
0.0333400 0.9987289 -0.0378052 46.0353088
-0.9980907 0.0352392 0.0507352 -34.1196899
0.0520029 0.0360414 0.9979959 2.2941170
0.0000000 0.0000000 0.0000000 1.0000000
0.0350694 0.9987219 -0.0364008 46.0671921
-0.9980285 0.0368960 0.0507826 -34.8560944
0.0520607 0.0345481 0.9980457 2.3358431
0.0000000 0.0000000 0.0000000 1.0000000
0.0403891 0.9985936 -0.0343500 46.1039352
-0.9978193 0.0421066 0.0508392 -35.6497116
0.0522141 0.0322217 0.9981155 2.3879364
0.0000000 0.0000000 0.0000000 1.0000000
0.0431910 0.9985188 -0.0330936 46.1397400
-0.9976103 0.0448927 0.0525290 -36.3915901
0.0539368 0.0307457 0.9980705 2.4295709
0.0000000 0.0000000 0.0000000 1.0000000
0.0461052 0.9983838 -0.0332325 46.1793404
-0.9973207 0.0478970 0.0553026 -37.1418877
0.0568049 0.0305937 0.9979160 2.4770069
0.0000000 0.0000000 0.0000000 1.0000000
0.0501235 0.9981918 -0.0331833 46.2237282
-0.9969827 0.0519797 0.0576597 -37.9147606
0.0592803 0.0301930 0.9977843 2.5252156
0.0000000 0.0000000 0.0000000 1.0000000
0.0532338 0.9982001 -0.0276235 46.2764587
-0.9967203 0.0548029 0.0595518 -38.6844788
0.0609585 0.0243627 0.9978426 2.5733006
0.0000000 0.0000000 0.0000000 1.0000000
0.0561382 0.9981465 -0.0235037 46.3323059
-0.9965825 0.0574481 0.0593643 -39.4464111
0.0606044 0.0200908 0.9979593 2.6137979
0.0000000 0.0000000 0.0000000 1.0000000
0.0602918 0.9978498 -0.0257110 46.3804283
-0.9963262 0.0617295 0.0593684 -40.2366447
0.0608279 0.0220371 0.9979046 2.6731403
0.0000000 0.0000000 0.0000000 1.0000000
0.0640867 0.9976111 -0.0257949 46.4327736
-0.9960333 0.0655417 0.0601916 -41.0146942
0.0617384 0.0218351 0.9978531 2.7316773
0.0000000 0.0000000 0.0000000 1.0000000
0.0678540 0.9974501 -0.0221283 46.4969940
-0.9957525 0.0690888 0.0608664 -41.7815247
0.0622400 0.0179043 0.9979002 2.7788308
0.0000000 0.0000000 0.0000000 1.0000000
0.0721893 0.9971643 -0.0212703 46.5607224
-0.9955305 0.0733404 0.0595092 -42.5750008
0.0609004 0.0168793 0.9980007 2.8242171
0.0000000 0.0000000 0.0000000 1.0000000
0.0767977 0.9968039 -0.0220093 46.6259193
-0.9952270 0.0779721 0.0586906 -43.3681145
0.0602191 0.0173969 0.9980332 2.8909450
0.0000000 0.0000000 0.0000000 1.0000000
0.0817275 0.9964694 -0.0192257 46.7005692
-0.9945489 0.0827932 0.0633939 -44.1473885
0.0647618 0.0139398 0.9978030 2.9339478
0.0000000 0.0000000 0.0000000 1.0000000
0.0877302 0.9959850 -0.0178257 46.7769012
-0.9934765 0.0887902 0.0715677 -44.9525833
0.0728630 0.0114308 0.9972761 2.9957430
0.0000000 0.0000000 0.0000000 1.0000000
0.0949748 0.9953261 -0.0174987 46.8619423
-0.9924167 0.0960460 0.0767162 -45.7462158
0.0780382 0.0100799 0.9968990 3.0540440
0.0000000 0.0000000 0.0000000 1.0000000
0.1023832 0.9946525 -0.0135909 46.9556046
-0.9914638 0.1031449 0.0797611 -46.5368767
0.0807363 0.0053087 0.9967210 3.1173859
0.0000000 0.0000000 0.0000000 1.0000000
0.1102696 0.9938344 -0.0115871 47.0545273
-0.9907165 0.1108415 0.0787155 -47.3506851
0.0795144 0.0027996 0.9968294 3.1852682
0.0000000 0.0000000 0.0000000 1.0000000
0.1179063 0.9929565 -0.0116596 47.1568832
-0.9899718 0.1184558 0.0769757 -48.1563339
0.0778146 0.0024667 0.9969644 3.2564590
0.0000000 0.0000000 0.0000000 1.0000000
0.1245817 0.9921397 -0.0117793 47.2611809
-0.9893751 0.1251139 0.0740576 -48.9546776
0.0749492 0.0024279 0.9971840 3.3248222
0.0000000 0.0000000 0.0000000 1.0000000
0.1329689 0.9910713 -0.0098707 47.3786240
-0.9887435 0.1333328 0.0678946 -49.7725601
0.0686044 0.0007317 0.9976432 3.3935752
0.0000000 0.0000000 0.0000000 1.0000000
0.1403357 0.9900771 -0.0073389 47.5013733
-0.9881572 0.1405206 0.0616476 -50.5851517
0.0620671 -0.0013994 0.9980705 3.4506576
0.0000000 0.0000000 0.0000000 1.0000000
0.1471033 0.9890914 -0.0077077 47.6264458
-0.9874088 0.1473026 0.0576804 -51.3880463
0.0581865 -0.0008743 0.9983049 3.5136845
0.0000000 0.0000000 0.0000000 1.0000000
0.1543566 0.9879774 -0.0086721 47.7570229
-0.9861578 0.1545986 0.0599427 -52.1939697
0.0605627 -0.0007005 0.9981637 3.5731244
0.0000000 0.0000000 0.0000000 1.0000000
0.1602009 0.9870397 -0.0094214 47.8868637
-0.9848157 0.1604723 0.0662411 -52.9794579
0.0668944 -0.0013336 0.9977587 3.6299429
0.0000000 0.0000000 0.0000000 1.0000000
0.1646966 0.9863061 -0.0087080 48.0198250
-0.9838026 0.1648993 0.0702980 -53.7512550
0.0707712 -0.0030108 0.9974876 3.6872754
0.0000000 0.0000000 0.0000000 1.0000000
0.1700502 0.9854043 -0.0078718 48.1623993
-0.9827182 0.1701688 0.0728607 -54.5350876
0.0731367 -0.0046542 0.9973106 3.7533321
0.0000000 0.0000000 0.0000000 1.0000000
0.1754060 0.9844747 -0.0065592 48.3071022
-0.9817926 0.1754139 0.0728996 -55.2997437
0.0729183 -0.0063472 0.9973173 3.8130550
0.0000000 0.0000000 0.0000000 1.0000000
0.1794237 0.9837343 -0.0086334 48.4445229
-0.9812442 0.1795846 0.0700735 -56.0584602
0.0704840 -0.0041014 0.9975041 3.8779690
0.0000000 0.0000000 0.0000000 1.0000000
0.1845830 0.9827783 -0.0087552 48.5900726
-0.9806884 0.1847620 0.0641437 -56.8263702
0.0646566 -0.0032537 0.9979019 3.9352112
0.0000000 0.0000000 0.0000000 1.0000000
0.1880613 0.9821374 -0.0062932 48.7397308
-0.9804831 0.1881110 0.0571683 -57.5758247
0.0573309 -0.0045808 0.9983443 3.9987245
0.0000000 0.0000000 0.0000000 1.0000000
0.1904870 0.9816866 -0.0026090 48.8940582
-0.9802268 0.1903476 0.0540768 -58.3081169
0.0535830 -0.0077435 0.9985330 4.0474081
0.0000000 0.0000000 0.0000000 1.0000000
0.1943949 0.9809228 -0.0013459 49.0443420
-0.9794841 0.1941838 0.0538948 -59.0401115
0.0531279 -0.0091586 0.9985453 4.1034503
0.0000000 0.0000000 0.0000000 1.0000000
0.1959501 0.9806142 0.0002384 49.1918793
-0.9791106 0.1956362 0.0554074 -59.7480049
0.0542866 -0.0110905 0.9984634 4.1497717
0.0000000 0.0000000 0.0000000 1.0000000
0.1982363 0.9801502 0.0029389 49.3482323
-0.9784496 0.1977139 0.0595530 -60.4598312
0.0577898 -0.0146811 0.9982204 4.1999626
0.0000000 0.0000000 0.0000000 1.0000000
0.2001889 0.9797519 0.0033396 49.4960136
-0.9777919 0.1995704 0.0639980 -61.1539154
0.0620356 -0.0160771 0.9979440 4.2492352
0.0000000 0.0000000 0.0000000 1.0000000
0.2012878 0.9795247 0.0039108 49.6405602
-0.9772292 0.2005393 0.0693414 -61.8253136
0.0671373 -0.0177793 0.9975849 4.2980704
0.0000000 0.0000000 0.0000000 1.0000000
0.2030693 0.9791619 0.0023524 49.7898407
-0.9767251 0.2023934 0.0710356 -62.5055885
0.0690792 -0.0167228 0.9974706 4.3530812
0.0000000 0.0000000 0.0000000 1.0000000
0.2046660 0.9788230 0.0042428 49.9360580
-0.9764079 0.2038524 0.0712234 -63.1734848
0.0688502 -0.0187197 0.9974509 4.3990359
0.0000000 0.0000000 0.0000000 1.0000000
0.2050715 0.9787348 0.0049547 50.0783463
-0.9765214 0.2042613 0.0684422 -63.8336563
0.0659746 -0.0188739 0.9976423 4.4588127
0.0000000 0.0000000 0.0000000 1.0000000
0.2063786 0.9784572 0.0054788 50.2170067
-0.9764042 0.2055754 0.0661412 -64.4839859
0.0635900 -0.0189997 0.9977947 4.5066500
0.0000000 0.0000000 0.0000000 1.0000000
0.2066220 0.9784054 0.0055570 50.3569832
-0.9763883 0.2058236 0.0656018 -65.1338806
0.0630414 -0.0189806 0.9978299 4.5571384
0.0000000 0.0000000 0.0000000 1.0000000
0.2043637 0.9788796 0.0055667 50.4964561
-0.9769227 0.2035878 0.0646148 -65.7638245
0.0621168 -0.0186431 0.9978943 4.6083493
0.0000000 0.0000000 0.0000000 1.0000000
0.2032097 0.9791108 0.0069743 50.6344414
-0.9771376 0.2023352 0.0652957 -66.3879776
0.0625205 -0.0200835 0.9978411 4.6574287
0.0000000 0.0000000 0.0000000 1.0000000
0.2005068 0.9796668 0.0071217 50.7661781
-0.9774940 0.1995649 0.0684127 -67.0000000
0.0656003 -0.0206786 0.9976313 4.7021918
0.0000000 0.0000000 0.0000000 1.0000000
0.1988630 0.9800115 0.0056191 50.8881874
-0.9775543 0.1979509 0.0721396 -67.6042252
0.0695853 -0.0198389 0.9973783 4.7528081
0.0000000 0.0000000 0.0000000 1.0000000
0.1963724 0.9805242 0.0032862 51.0074387
-0.9779826 0.1956199 0.0726899 -68.1937408
0.0706313 -0.0174881 0.9973487 4.7970591
0.0000000 0.0000000 0.0000000 1.0000000
0.1941469 0.9809665 0.0035153 51.1309395
-0.9785003 0.1934022 0.0716503 -68.7902679
0.0696066 -0.0173503 0.9974232 4.8399086
0.0000000 0.0000000 0.0000000 1.0000000
0.1923630 0.9813136 0.0045458 51.2549934
-0.9790648 0.1916040 0.0687107 -69.3760529
0.0665557 -0.0176680 0.9976258 4.8851395
0.0000000 0.0000000 0.0000000 1.0000000
0.1901220 0.9817508 0.0044305 51.3684959
-0.9797294 0.1894366 0.0651551 -69.9509506
0.0631268 -0.0167281 0.9978648 4.9332218
0.0000000 0.0000000 0.0000000 1.0000000
0.1874488 0.9822732 0.0017281 51.4715881
-0.9803143 0.1869634 0.0634786 -70.5105286
0.0620302 -0.0135931 0.9979813 4.9828649
0.0000000 0.0000000 0.0000000 1.0000000
0.1858748 0.9825718 -0.0020018 51.5754128
-0.9804537 0.1856072 0.0652811 -71.0547943
0.0645149 -0.0101714 0.9978644 5.0219231
0.0000000 0.0000000 0.0000000 1.0000000
0.1833998 0.9830189 -0.0062469 51.6831627
-0.9807636 0.1834038 0.0668346 -71.6080704
0.0668453 -0.0061307 0.9977440 5.0655375
0.0000000 0.0000000 0.0000000 1.0000000
0.1804864 0.9835598 -0.0059490 51.7853966
-0.9811763 0.1804649 0.0687506 -72.1503830
0.0686938 -0.0065715 0.9976156 5.1020036
0.0000000 0.0000000 0.0000000 1.0000000
0.1784570 0.9839325 -0.0055341 51.8912468
-0.9814153 0.1783982 0.0707052 -72.7003021
0.0705564 -0.0071866 0.9974814 5.1459765
0.0000000 0.0000000 0.0000000 1.0000000
0.1770041 0.9841862 -0.0069173 51.9898186
-0.9816974 0.1770498 0.0701765 -73.2478867
0.0702914 -0.0056308 0.9975101 5.1877728
0.0000000 0.0000000 0.0000000 1.0000000
0.1764551 0.9842272 -0.0126953 52.0775757
-0.9818591 0.1769108 0.0682372 -73.7962952
0.0694067 0.0004242 0.9975879 5.2311502
0.0000000 0.0000000 0.0000000 1.0000000
0.1786541 0.9837492 -0.0179165 52.1731377
-0.9814873 0.1794621 0.0669121 -74.3438416
0.0690400 0.0056307 0.9975975 5.2693949
0.0000000 0.0000000 0.0000000 1.0000000
0.1801121 0.9834308 -0.0205948 52.2680779
-0.9812554 0.1810940 0.0659080 -74.8961029
0.0685454 0.0083379 0.9976127 5.3118877
0.0000000 0.0000000 0.0000000 1.0000000
0.1830339 0.9829242 -0.0189550 52.3751984
-0.9807090 0.1838995 0.0662717 -75.4471359
0.0686258 0.0064594 0.9976211 5.3559361
0.0000000 0.0000000 0.0000000 1.0000000
0.1887428 0.9818656 -0.0177945 52.4848747
-0.9796148 0.1895177 0.0666255 -76.0115814
0.0687896 0.0048566 0.9976189 5.3972068
0.0000000 0.0000000 0.0000000 1.0000000
0.1949249 0.9806203 -0.0197179 52.6006203
-0.9784315 0.1958130 0.0658030 -76.5736237
0.0683888 0.0064660 0.9976373 5.4386115
0.0000000 0.0000000 0.0000000 1.0000000
0.2018348 0.9792503 -0.0182241 52.7189674
-0.9770368 0.2026062 0.0659617 -77.1447830
0.0682852 0.0044922 0.9976552 5.4795055
0.0000000 0.0000000 0.0000000 1.0000000
0.2102181 0.9774823 -0.0183668 52.8497696
-0.9753241 0.2109765 0.0650602 -77.7179718
0.0674701 0.0042367 0.9977118 5.5165057
0.0000000 0.0000000 0.0000000 1.0000000
0.2189839 0.9755917 -0.0163562 52.9948730
-0.9734443 0.2195871 0.0647202 -78.3052826
0.0667321 0.0017492 0.9977689 5.5648923
0.0000000 0.0000000 0.0000000 1.0000000
0.2274847 0.9736652 -0.0150805 53.1343346
-0.9715018 0.2279841 0.0648728 -78.8922348
0.0666025 -0.0001069 0.9977791 5.6076322
0.0000000 0.0000000 0.0000000 1.0000000
0.2384040 0.9710919 -0.0120264 53.2999229
-0.9687227 0.2386639 0.0679480 -79.4809189
0.0688539 -0.0045489 0.9976159 5.6480007
0.0000000 0.0000000 0.0000000 1.0000000
0.2476426 0.9688041 -0.0096075 53.4556770
-0.9662769 0.2476949 0.0704076 -80.0776367
0.0705909 -0.0081524 0.9974715 5.6905041
0.0000000 0.0000000 0.0000000 1.0000000
0.2597142 0.9656579 -0.0073404 53.6283646
-0.9629770 0.2595473 0.0728803 -80.6846313
0.0722825 -0.0118594 0.9973131 5.7339816
0.0000000 0.0000000 0.0000000 1.0000000
0.2702127 0.9627763 -0.0068908 53.8098793
-0.9599991 0.2699652 0.0743067 -81.3005066
0.0734010 -0.0134634 0.9972111 5.7857571
0.0000000 0.0000000 0.0000000 1.0000000
0.2807170 0.9597808 -0.0044046 54.0007591
-0.9569636 0.2802392 0.0754167 -81.9223404
0.0736178 -0.0169557 0.9971418 5.8345385
0.0000000 0.0000000 0.0000000 1.0000000
0.2903257 0.9569166 -0.0047232 54.2007370
-0.9540899 0.2898411 0.0755362 -82.5464783
0.0736508 -0.0174237 0.9971313 5.8829937
0.0000000 0.0000000 0.0000000 1.0000000
0.2997921 0.9540021 -0.0023297 54.4099274
-0.9511786 0.2990910 0.0761901 -83.1842728
0.0733822 -0.0206252 0.9970900 5.9300261
0.0000000 0.0000000 0.0000000 1.0000000
0.3138739 0.9494630 -0.0019726 54.6354103
-0.9469422 0.3131907 0.0722022 -83.8676376
0.0691711 -0.0207944 0.9973875 5.9786310
0.0000000 0.0000000 0.0000000 1.0000000
0.3217418 0.9468188 -0.0041186 54.8590393
-0.9447407 0.3213184 0.0649661 -84.5197449
0.0628344 -0.0170113 0.9978784 6.0293050
0.0000000 0.0000000 0.0000000 1.0000000
0.3333955 0.9427744 -0.0049614 55.1014481
-0.9409440 0.3330681 0.0607542 -85.2106857
0.0589299 -0.0155867 0.9981399 6.0806122
0.0000000 0.0000000 0.0000000 1.0000000
0.3431295 0.9392720 -0.0055522 55.3570747
-0.9376299 0.3428689 0.0573777 -85.8956909
0.0557969 -0.0144821 0.9983366 6.1227846
0.0000000 0.0000000 0.0000000 1.0000000
0.3515234 0.9361345 -0.0091773 55.6148224
-0.9345542 0.3514738 0.0554582 -86.5875015
0.0551419 -0.0109182 0.9984183 6.1695786
0.0000000 0.0000000 0.0000000 1.0000000
0.3593299 0.9330878 -0.0151592 55.8818855
-0.9316974 0.3596248 0.0510978 -87.3001099
0.0531303 -0.0042372 0.9985780 6.2059026
0.0000000 0.0000000 0.0000000 1.0000000
0.3679874 0.9295810 -0.0215664 56.1522560
-0.9286449 0.3685905 0.0419614 -88.0336380
0.0469557 0.0045862 0.9988859 6.2490778
0.0000000 0.0000000 0.0000000 1.0000000
0.3726491 0.9275926 -0.0265580 56.4358711
-0.9269248 0.3734358 0.0368390 -88.7454834
0.0440893 0.0108892 0.9989676 6.2951131
0.0000000 0.0000000 0.0000000 1.0000000
0.3809435 0.9240991 -0.0303906 56.7281456
-0.9234584 0.3819003 0.0371186 -89.4677124
0.0459074 0.0139244 0.9988480 6.3348212
0.0000000 0.0000000 0.0000000 1.0000000
0.3873879 0.9212336 -0.0354967 57.0260887
-0.9203873 0.3886758 0.0426545 -90.1837692
0.0530914 0.0161468 0.9984585 6.3783536
0.0000000 0.0000000 0.0000000 1.0000000
0.3945215 0.9179654 -0.0411464 57.3302078
-0.9169502 0.3962011 0.0472019 -90.8967972
0.0596319 0.0191070 0.9980370 6.4212050
0.0000000 0.0000000 0.0000000 1.0000000
0.3994765 0.9158284 -0.0409579 57.6461792
-0.9147037 0.4011687 0.0488039 -91.6129532
0.0611270 0.0179682 0.9979677 6.4718504
0.0000000 0.0000000 0.0000000 1.0000000
0.4033784 0.9143896 -0.0343263 57.9785042
-0.9130406 0.4046913 0.0508221 -92.3273926
0.0603627 0.0108407 0.9981170 6.5243683
0.0000000 0.0000000 0.0000000 1.0000000
0.4074861 0.9127165 -0.0300727 58.3046875
-0.9111033 0.4085614 0.0544912 -93.0256653
0.0620215 0.0051949 0.9980607 6.5742006
0.0000000 0.0000000 0.0000000 1.0000000
0.4116138 0.9108551 -0.0302929 58.6206322
-0.9090953 0.4127060 0.0567480 -93.7130127
0.0641912 0.0041809 0.9979283 6.6365194
0.0000000 0.0000000 0.0000000 1.0000000
0.4145566 0.9095312 -0.0299410 58.9352837
-0.9075232 0.4156312 0.0604425 -94.3814392
0.0674187 0.0021153 0.9977219 6.6880703
0.0000000 0.0000000 0.0000000 1.0000000
0.4183689 0.9078544 -0.0277215 59.2600708
-0.9056478 0.4192843 0.0632746 -95.0597992
0.0690673 -0.0013662 0.9976104 6.7483654
0.0000000 0.0000000 0.0000000 1.0000000
0.4224693 0.9059771 -0.0269428 59.5754089
-0.9038197 0.4233227 0.0625206 -95.7251358
0.0680477 -0.0020616 0.9976793 6.8020635
0.0000000 0.0000000 0.0000000 1.0000000
0.4254692 0.9045837 -0.0265489 59.8867073
-0.9026454 0.4262953 0.0592001 -96.3806229
0.0648692 -0.0012236 0.9978924 6.8642936
0.0000000 0.0000000 0.0000000 1.0000000
0.4299630 0.9024886 -0.0254330 60.1971092
-0.9006904 0.4307118 0.0569652 -97.0304108
0.0623648 -0.0015857 0.9980515 6.9181089
0.0000000 0.0000000 0.0000000 1.0000000
0.4327483 0.9011927 -0.0241101 60.5063133
-0.8994599 0.4334123 0.0559167 -97.6552200
0.0608413 -0.0025118 0.9981437 6.9761038
0.0000000 0.0000000 0.0000000 1.0000000
0.4365608 0.8993877 -0.0227393 60.8216209
-0.8975426 0.4371264 0.0577826 -98.2864075
0.0619089 -0.0048161 0.9980696 7.0232644
0.0000000 0.0000000 0.0000000 1.0000000
0.4393036 0.8980201 -0.0239357 61.1252747
-0.8961413 0.4399362 0.0582064 -98.9006577
0.0628006 -0.0041205 0.9980170 7.0750561
0.0000000 0.0000000 0.0000000 1.0000000
0.4412067 0.8970319 -0.0259079 61.4263458
-0.8952289 0.4419629 0.0568775 -99.5127640
0.0624712 -0.0019012 0.9980444 7.1228309
0.0000000 0.0000000 0.0000000 1.0000000
0.4420770 0.8965452 -0.0278459 61.7212448
-0.8948324 0.4429531 0.0553947 -100.1030960
0.0619983 0.0004287 0.9980756 7.1747971
0.0000000 0.0000000 0.0000000 1.0000000
0.4445108 0.8953745 -0.0267487 62.0222969
-0.8936216 0.4453140 0.0560084 -100.6922226
0.0620600 -0.0009931 0.9980714 7.2208972
0.0000000 0.0000000 0.0000000 1.0000000
0.4466810 0.8942544 -0.0280324 62.3121567
-0.8925543 0.4475598 0.0551177 -101.2704315
