1.0000000 0.0000000 0.0000000 0.0000000
0.0000000 1.0000000 0.0000000 0.0000000
0.0000000 0.0000000 1.0000000 0.0000000
0.0000000 0.0000000 0.0000000 1.0000000
0.9999962 0.0025178 0.0010920 0.0954596
-0.0025178 0.9999968 -0.0000821 0.0261358
-0.0010922 0.0000793 0.9999994 0.0004397
0.0000000 0.0000000 0.0000000 1.0000000
0.9999913 0.0040543 0.0009869 0.0984539
-0.0040535 0.9999915 -0.0008112 0.0415096
-0.0009902 0.0008072 0.9999992 -0.0017757
0.0000000 0.0000000 0.0000000 1.0000000
0.9999926 0.0038297 0.0002976 0.1169113
-0.0038293 0.9999920 -0.0012081 0.0545865
-0.0003022 0.0012069 0.9999992 0.0005364
0.0000000 0.0000000 0.0000000 1.0000000
0.9999767 0.0068258 0.0000826 0.1447335
-0.0068257 0.9999759 -0.0012505 0.0869673
-0.0000912 0.0012499 0.9999992 -0.0018921
0.0000000 0.0000000 0.0000000 1.0000000
0.9999397 0.0109582 0.0006366 0.2389556
-0.0109574 0.9999393 -0.0011681 0.1077937
-0.0006493 0.0011610 0.9999991 -0.0044352
0.0000000 0.0000000 0.0000000 1.0000000
0.9998966 0.0142293 0.0020686 0.3587720
-0.0142252 0.9998968 -0.0019770 0.1078147
-0.0020966 0.0019474 0.9999959 -0.0017102
0.0000000 0.0000000 0.0000000 1.0000000
0.9998583 0.0166677 0.0023437 0.4421235
-0.0166639 0.9998598 -0.0016264 0.1076322
-0.0023705 0.0015871 0.9999959 -0.0031382
0.0000000 0.0000000 0.0000000 1.0000000
0.9997975 0.0200876 0.0011799 0.5386323
-0.0200872 0.9997982 -0.0002797 0.1077569
-0.0011852 0.0002560 0.9999992 -0.0012264
0.0000000 0.0000000 0.0000000 1.0000000
0.9997336 0.0230659 -0.0007652 1.4169594
-0.0230639 0.9997306 0.0025807 0.0864774
0.0008245 -0.0025624 0.9999964 0.0073621
0.0000000 0.0000000 0.0000000 1.0000000
0.9995834 0.0288010 -0.0018670 1.4778140
-0.0287887 0.9995656 0.0063041 0.0693082
0.0020477 -0.0062478 0.9999784 0.0127782
0.0000000 0.0000000 0.0000000 1.0000000
0.9995804 0.0288852 -0.0021400 1.5624872
-0.0288664 0.9995486 0.0083234 0.0769097
0.0023795 -0.0082581 0.9999630 0.0159905
0.0000000 0.0000000 0.0000000 1.0000000
0.9994901 0.0318950 -0.0015050 1.6908799
-0.0318809 0.9994547 0.0085985 0.0557436
0.0017784 -0.0085462 0.9999619 0.0195974
0.0000000 0.0000000 0.0000000 1.0000000
0.9993748 0.0353360 0.0011762 2.2587748
-0.0353427 0.9993559 0.0062148 -0.0040102
-0.0009558 -0.0062525 0.9999800 0.0284352
0.0000000 0.0000000 0.0000000 1.0000000
0.9992468 0.0386825 0.0030771 2.7396741
-0.0386879 0.9992498 0.0017232 -0.0813552
-0.0030081 -0.0018410 0.9999937 0.0366515
0.0000000 0.0000000 0.0000000 1.0000000
0.9990841 0.0427706 0.0013039 3.5710783
-0.0427699 0.9990848 -0.0005816 -0.1830368
-0.0013276 0.0005253 0.9999989 0.0494553
0.0000000 0.0000000 0.0000000 1.0000000
0.9990655 0.0432226 -0.0003868 4.8674655
-0.0432232 0.9990643 -0.0014726 -0.2399544
0.0003228 0.0014880 0.9999988 0.0613644
0.0000000 0.0000000 0.0000000 1.0000000
0.9989009 0.0468553 -0.0013194 4.9804821
-0.0468542 0.9989014 0.0008429 -0.2998810
0.0013575 -0.0007802 0.9999987 0.0736419
0.0000000 0.0000000 0.0000000 1.0000000
0.9988944 0.0470116 0.0000561 5.0932217
-0.0470114 0.9988865 0.0039601 -0.3914883
0.0001301 -0.0039583 0.9999921 0.0718217
0.0000000 0.0000000 0.0000000 1.0000000
0.9988501 0.0477520 0.0042802 5.1656365
-0.0477717 0.9988475 0.0046199 -0.4520031
-0.0040547 -0.0048191 0.9999802 0.0755947
0.0000000 0.0000000 0.0000000 1.0000000
0.9988998 0.0465788 0.0054501 5.3033895
-0.0465935 0.9989105 0.0026081 -0.5356783
-0.0053227 -0.0028591 0.9999817 0.0737482
0.0000000 0.0000000 0.0000000 1.0000000
0.9990180 0.0440534 0.0047394 5.4281654
-0.0440516 0.9990291 -0.0004834 -0.5779564
-0.0047561 0.0002741 0.9999886 0.0776155
0.0000000 0.0000000 0.0000000 1.0000000
0.9991459 0.0412696 0.0021070 5.8552494
-0.0412685 0.9991479 -0.0005661 -0.6269799
-0.0021285 0.0004787 0.9999976 0.0762516
0.0000000 0.0000000 0.0000000 1.0000000
0.9991776 0.0405328 0.0011487 6.0262270
-0.0405328 0.9991782 0.0000229 -0.6651040
-0.0011468 -0.0000694 0.9999993 0.0882414
0.0000000 0.0000000 0.0000000 1.0000000
0.9993230 0.0367947 0.0000412 6.1252866
-0.0367947 0.9993176 0.0032394 -0.6541888
0.0000780 -0.0032387 0.9999947 0.0881193
0.0000000 0.0000000 0.0000000 1.0000000
0.9993584 0.0358134 -0.0006730 6.1776462
-0.0358097 0.9993469 0.0048405 -0.6506212
0.0008459 -0.0048132 0.9999880 0.0971812
0.0000000 0.0000000 0.0000000 1.0000000
0.9993725 0.0354239 -0.0001036 6.2439928
-0.0354228 0.9993567 0.0056049 -0.6802828
0.0003020 -0.0055977 0.9999843 0.1020531
0.0000000 0.0000000 0.0000000 1.0000000
0.9994283 0.0337611 0.0018686 6.2869158
-0.0337705 0.9994159 0.0052431 -0.6728517
-0.0016905 -0.0053032 0.9999845 0.1115257
0.0000000 0.0000000 0.0000000 1.0000000
0.9994269 0.0336106 0.0040461 6.3013492
-0.0336372 0.9994117 0.0066902 -0.6481141
-0.0038188 -0.0068225 0.9999694 0.1127058
0.0000000 0.0000000 0.0000000 1.0000000
0.9993877 0.0346949 0.0045401 6.3319573
-0.0347336 0.9993585 0.0087274 -0.6129375
-0.0042344 -0.0088798 0.9999516 0.1114851
0.0000000 0.0000000 0.0000000 1.0000000
0.9993197 0.0365639 0.0048395 6.2580085
-0.0366157 0.9992679 0.0110820 -0.5895129
-0.0044308 -0.0112516 0.9999269 0.1107536
0.0000000 0.0000000 0.0000000 1.0000000
0.9993709 0.0350749 0.0052654 6.3082657
-0.0351350 0.9993129 0.0117954 -0.5542707
-0.0048481 -0.0119730 0.9999166 0.1063316
0.0000000 0.0000000 0.0000000 1.0000000
0.9994313 0.0332418 0.0056663 6.4634395
-0.0333114 0.9993647 0.0126661 -0.5688636
-0.0052417 -0.0128477 0.9999037 0.1055347
0.0000000 0.0000000 0.0000000 1.0000000
0.9993961 0.0342549 0.0058445 6.4812503
-0.0343197 0.9993461 0.0113806 -0.5379130
-0.0054508 -0.0115743 0.9999182 0.1034910
0.0000000 0.0000000 0.0000000 1.0000000
0.9994104 0.0339466 0.0051516 6.6359029
-0.0339987 0.9993680 0.0103791 -0.5556610
-0.0047960 -0.0105481 0.9999329 0.1018998
0.0000000 0.0000000 0.0000000 1.0000000
0.9994784 0.0318531 0.0053289 6.7166653
-0.0319036 0.9994441 0.0096762 -0.5646368
-0.0050177 -0.0098412 0.9999390 0.1001910
0.0000000 0.0000000 0.0000000 1.0000000
0.9994878 0.0314609 0.0058662 6.8925977
-0.0315165 0.9994567 0.0096375 -0.5706139
-0.0055598 -0.0098174 0.9999364 0.1002369
0.0000000 0.0000000 0.0000000 1.0000000
0.9995193 0.0304411 0.0058741 6.9926844
-0.0305016 0.9994796 0.0104918 -0.5845933
-0.0055517 -0.0106660 0.9999278 0.1009959
0.0000000 0.0000000 0.0000000 1.0000000
0.9995937 0.0278322 0.0061490 7.1483603
-0.0278959 0.9995553 0.0105248 -0.6072943
-0.0058534 -0.0106921 0.9999257 0.0993470
0.0000000 0.0000000 0.0000000 1.0000000
0.9996386 0.0259944 0.0068566 7.3393450
-0.0260660 0.9996043 0.0105639 -0.6073996
-0.0065793 -0.0107388 0.9999207 0.0983568
0.0000000 0.0000000 0.0000000 1.0000000
0.9996567 0.0249831 0.0079059 7.4090433
-0.0250619 0.9996356 0.0100254 -0.5939059
-0.0076525 -0.0102201 0.9999185 0.1019032
0.0000000 0.0000000 0.0000000 1.0000000
0.9996690 0.0244762 0.0079385 7.3906894
-0.0245547 0.9996489 0.0099490 -0.5778993
-0.0076922 -0.0101406 0.9999190 0.1063998
0.0000000 0.0000000 0.0000000 1.0000000
0.9996913 0.0236054 0.0077626 7.5264735
-0.0236749 0.9996792 0.0089945 -0.5739148
-0.0075478 -0.0091755 0.9999294 0.1122805
0.0000000 0.0000000 0.0000000 1.0000000
0.9996673 0.0244976 0.0080787 7.6692839
-0.0245640 0.9996644 0.0082185 -0.5631369
-0.0078746 -0.0084142 0.9999336 0.1135420
0.0000000 0.0000000 0.0000000 1.0000000
0.9996704 0.0242003 0.0085745 7.8420210
-0.0242573 0.9996839 0.0066102 -0.5695816
-0.0084118 -0.0068160 0.9999414 0.1134173
0.0000000 0.0000000 0.0000000 1.0000000
0.9996024 0.0266066 0.0093370 7.8640614
-0.0266591 0.9996291 0.0055453 -0.5429620
-0.0091860 -0.0057920 0.9999411 0.1153540
0.0000000 0.0000000 0.0000000 1.0000000
0.9995559 0.0284130 0.0089942 7.7494354
-0.0284504 0.9995869 0.0040508 -0.5196009
-0.0088754 -0.0043049 0.9999514 0.1167900
0.0000000 0.0000000 0.0000000 1.0000000
0.9995213 0.0298479 0.0081484 7.8106341
-0.0298706 0.9995501 0.0026836 -0.5017257
-0.0080646 -0.0029257 0.9999632 0.1167374
0.0000000 0.0000000 0.0000000 1.0000000
0.9994788 0.0313139 0.0078503 7.8413868
-0.0313279 0.9995077 0.0016640 -0.4950033
-0.0077943 -0.0019091 0.9999678 0.1165405
0.0000000 0.0000000 0.0000000 1.0000000
0.9993951 0.0338864 0.0078241 7.8467026
-0.0339052 0.9994224 0.0022836 -0.4675956
-0.0077422 -0.0025475 0.9999668 0.1122732
0.0000000 0.0000000 0.0000000 1.0000000
0.9993420 0.0351069 0.0091262 8.0326147
-0.0351461 0.9993734 0.0041693 -0.4579325
-0.0089741 -0.0044873 0.9999497 0.1108959
0.0000000 0.0000000 0.0000000 1.0000000
0.9992637 0.0369581 0.0103102 8.0440855
-0.0370231 0.9992952 0.0061830 -0.4410356
-0.0100744 -0.0065602 0.9999278 0.1044545
0.0000000 0.0000000 0.0000000 1.0000000
0.9991702 0.0391646 0.0111901 8.0137424
-0.0392664 0.9991880 0.0090237 -0.4222069
-0.0108276 -0.0094556 0.9998967 0.0991859
0.0000000 0.0000000 0.0000000 1.0000000
0.9990743 0.0415371 0.0111936 8.0034266
-0.0416763 0.9990528 0.0125114 -0.4040136
-0.0106633 -0.0129664 0.9998591 0.0912182
0.0000000 0.0000000 0.0000000 1.0000000
0.9990007 0.0434232 0.0105923 8.1391802
-0.0435922 0.9989167 0.0162812 -0.4024565
-0.0098738 -0.0167267 0.9998114 0.0924457
0.0000000 0.0000000 0.0000000 1.0000000
0.9989063 0.0455616 0.0105112 8.1543493
-0.0457448 0.9987928 0.0178990 -0.4030321
-0.0096830 -0.0183602 0.9997845 0.0897230
0.0000000 0.0000000 0.0000000 1.0000000
0.9988719 0.0462616 0.0107185 8.1542721
-0.0464481 0.9987610 0.0178625 -0.4152934
-0.0098788 -0.0183402 0.9997830 0.0897854
0.0000000 0.0000000 0.0000000 1.0000000
0.9988678 0.0464117 0.0104517 8.1383505
-0.0465775 0.9987830 0.0162217 -0.4262501
-0.0096861 -0.0166902 0.9998138 0.0881276
0.0000000 0.0000000 0.0000000 1.0000000
0.9988565 0.0468877 0.0093462 8.0309734
-0.0470217 0.9987862 0.0146723 -0.4293011
-0.0086469 -0.0150950 0.9998487 0.0836424
0.0000000 0.0000000 0.0000000 1.0000000
0.9988539 0.0469655 0.0092313 7.9510927
-0.0470893 0.9987969 0.0136864 -0.4353563
-0.0085774 -0.0141054 0.9998637 0.0832271
0.0000000 0.0000000 0.0000000 1.0000000
0.9989016 0.0459179 0.0093382 7.9316630
-0.0460379 0.9988543 0.0130623 -0.4369761
-0.0087277 -0.0134778 0.9998710 0.0810894
0.0000000 0.0000000 0.0000000 1.0000000
0.9989344 0.0452661 0.0090067 7.9222379
-0.0453788 0.9988888 0.0127307 -0.4341896
-0.0084204 -0.0131258 0.9998783 0.0834415
0.0000000 0.0000000 0.0000000 1.0000000
0.9989896 0.0440460 0.0089358 7.9176278
-0.0441621 0.9989367 0.0132410 -0.4331858
-0.0083431 -0.0136222 0.9998723 0.0836190
0.0000000 0.0000000 0.0000000 1.0000000
0.9990433 0.0427306 0.0093038 7.8753581
-0.0428414 0.9990092 0.0120600 -0.4304981
-0.0087793 -0.0124470 0.9998839 0.0843598
0.0000000 0.0000000 0.0000000 1.0000000
0.9990980 0.0412586 0.0100473 8.0204849
-0.0413585 0.9990950 0.0099411 -0.4314190
-0.0096280 -0.0103476 0.9999000 0.0864866
0.0000000 0.0000000 0.0000000 1.0000000
0.9991588 0.0396641 0.0104131 7.9899182
-0.0397420 0.9991828 0.0073796 -0.4218489
-0.0101119 -0.0077872 0.9999184 0.0836281
0.0000000 0.0000000 0.0000000 1.0000000
0.9992144 0.0382620 0.0103235 8.0453444
-0.0383200 0.9992506 0.0054831 -0.4137733
-0.0101060 -0.0058744 0.9999315 0.0818232
0.0000000 0.0000000 0.0000000 1.0000000
0.9992608 0.0371175 0.0100003 8.3296900
-0.0371569 0.9993024 0.0037766 -0.4090831
-0.0098532 -0.0041453 0.9999427 0.0807577
0.0000000 0.0000000 0.0000000 1.0000000
0.9992828 0.0365652 0.0098411 8.2389755
-0.0365970 0.9993255 0.0030680 -0.3881107
-0.0097223 -0.0034260 0.9999467 0.0822465
0.0000000 0.0000000 0.0000000 1.0000000
0.9993041 0.0360630 0.0095199 8.2346392
-0.0361022 0.9993404 0.0039715 -0.3682203
-0.0093704 -0.0043125 0.9999467 0.0831542
0.0000000 0.0000000 0.0000000 1.0000000
0.9992907 0.0364865 0.0093099 8.2179785
-0.0365292 0.9993228 0.0044528 -0.3450086
-0.0091412 -0.0047898 0.9999466 0.0873449
0.0000000 0.0000000 0.0000000 1.0000000
0.9992679 0.0371905 0.0089670 8.1973610
-0.0372399 0.9992919 0.0054026 -0.3238306
-0.0087598 -0.0057326 0.9999450 0.0886369
0.0000000 0.0000000 0.0000000 1.0000000
0.9992651 0.0371988 0.0092389 8.2150803
-0.0372578 0.9992860 0.0062951 -0.3047878
-0.0089981 -0.0066347 0.9999374 0.0839592
0.0000000 0.0000000 0.0000000 1.0000000
0.9992352 0.0375086 0.0110414 8.2655792
-0.0375784 0.9992747 0.0061852 -0.2873694
-0.0108013 -0.0065954 0.9999198 0.0861835
0.0000000 0.0000000 0.0000000 1.0000000
0.9992070 0.0378130 0.0124643 8.3007011
-0.0378958 0.9992608 0.0064716 -0.2737992
-0.0122104 -0.0069388 0.9999012 0.0822033
0.0000000 0.0000000 0.0000000 1.0000000
0.9991996 0.0382393 0.0117331 8.2901602
-0.0383123 0.9992476 0.0060590 -0.2577989
-0.0114926 -0.0065037 0.9999127 0.0834994
0.0000000 0.0000000 0.0000000 1.0000000
0.9992081 0.0386286 0.0095318 8.4060040
-0.0386849 0.9992347 0.0057982 -0.2459188
-0.0093006 -0.0061624 0.9999377 0.0818138
0.0000000 0.0000000 0.0000000 1.0000000
0.9992115 0.0387314 0.0087241 8.4385176
-0.0387782 0.9992341 0.0052649 -0.2351790
-0.0085135 -0.0055991 0.9999480 0.0797858
0.0000000 0.0000000 0.0000000 1.0000000
0.9991945 0.0388760 0.0099405 8.4766178
-0.0388984 0.9992411 0.0020709 -0.2273308
-0.0098524 -0.0024559 0.9999483 0.0816592
0.0000000 0.0000000 0.0000000 1.0000000
0.9991409 0.0397352 0.0117637 8.4770374
-0.0397264 0.9992102 -0.0009763 -0.2197364
-0.0117932 0.0005082 0.9999302 0.0777491
0.0000000 0.0000000 0.0000000 1.0000000
0.9990897 0.0408343 0.0123353 8.4946957
-0.0407930 0.9991612 -0.0035809 -0.2127959
-0.0124711 0.0030744 0.9999174 0.0754359
0.0000000 0.0000000 0.0000000 1.0000000
0.9990960 0.0411462 0.0106817 8.6556330
-0.0410961 0.9991434 -0.0048688 -0.2163060
-0.0108728 0.0044254 0.9999310 0.0726057
0.0000000 0.0000000 0.0000000 1.0000000
0.9991004 0.0416337 0.0080554 8.7313871
-0.0416066 0.9991280 -0.0034937 -0.2121301
-0.0081938 0.0031554 0.9999613 0.0679404
0.0000000 0.0000000 0.0000000 1.0000000
0.9990687 0.0426783 0.0063340 8.7434740
-0.0426688 0.9990880 -0.0016248 -0.2120256
-0.0063976 0.0013530 0.9999785 0.0672621
0.0000000 0.0000000 0.0000000 1.0000000
0.9990061 0.0441742 0.0059359 8.7837439
-0.0441789 0.9990234 0.0006656 -0.2036540
-0.0059007 -0.0009272 0.9999820 0.0638021
0.0000000 0.0000000 0.0000000 1.0000000
0.9989222 0.0457859 0.0076026 8.7817974
-0.0457930 0.9989507 0.0007675 -0.2050719
-0.0075595 -0.0011148 0.9999706 0.0619154
0.0000000 0.0000000 0.0000000 1.0000000
0.9988523 0.0469256 0.0095880 8.8146524
-0.0469259 0.9988984 -0.0001994 -0.2078951
-0.0095868 -0.0002508 0.9999538 0.0593840
0.0000000 0.0000000 0.0000000 1.0000000
0.9987864 0.0482058 0.0100843 8.8143167
-0.0481986 0.9988374 -0.0009571 -0.2198409
-0.0101188 0.0004699 0.9999485 0.0591327
0.0000000 0.0000000 0.0000000 1.0000000
0.9987291 0.0495076 0.0094335 8.8158340
-0.0495047 0.9987738 -0.0005375 -0.2243870
-0.0094486 0.0000698 0.9999552 0.0553338
0.0000000 0.0000000 0.0000000 1.0000000
0.9986506 0.0511134 0.0091787 8.7974873
-0.0511192 0.9986925 0.0004061 -0.2289353
-0.0091459 -0.0008747 0.9999576 0.0499898
0.0000000 0.0000000 0.0000000 1.0000000
0.9985980 0.0521808 0.0088862 8.7688761
-0.0522077 0.9986323 0.0028251 -0.2347418
-0.0087266 -0.0032850 0.9999564 0.0480718
0.0000000 0.0000000 0.0000000 1.0000000
0.9984872 0.0544111 0.0078973 8.7303534
-0.0544451 0.9985082 0.0041539 -0.2440475
-0.0076595 -0.0045776 0.9999600 0.0493078
0.0000000 0.0000000 0.0000000 1.0000000
0.9984340 0.0555027 0.0069795 8.9421539
-0.0555427 0.9984403 0.0056794 -0.2695240
-0.0066534 -0.0060582 0.9999593 0.0508414
0.0000000 0.0000000 0.0000000 1.0000000
0.9983947 0.0562435 0.0066713 8.9504023
-0.0562745 0.9984050 0.0045560 -0.2861750
-0.0064044 -0.0049241 0.9999672 0.0524776
0.0000000 0.0000000 0.0000000 1.0000000
0.9983686 0.0565745 0.0076913 9.1537943
-0.0566098 0.9983866 0.0044476 -0.3075928
-0.0074272 -0.0048758 0.9999604 0.0567522
0.0000000 0.0000000 0.0000000 1.0000000
0.9983276 0.0571544 0.0086680 9.1708555
-0.0571851 0.9983581 0.0033375 -0.3292132
-0.0084630 -0.0038277 0.9999567 0.0565514
0.0000000 0.0000000 0.0000000 1.0000000
0.9983306 0.0570456 0.0090331 9.4129915
-0.0570730 0.9983662 0.0028059 -0.3606631
-0.0088583 -0.0033168 0.9999551 0.0599281
0.0000000 0.0000000 0.0000000 1.0000000
0.9983470 0.0567056 0.0093590 9.4841833
-0.0567168 0.9983900 0.0009423 -0.3828345
-0.0092905 -0.0014716 0.9999555 0.0580895
0.0000000 0.0000000 0.0000000 1.0000000
0.9983756 0.0560649 0.0101354 9.5858469
-0.0560565 0.9984271 -0.0011105 -0.4069906
-0.0101817 0.0005405 0.9999478 0.0551755
0.0000000 0.0000000 0.0000000 1.0000000
0.9983960 0.0557401 0.0099137 9.6333694
-0.0557143 0.9984428 -0.0028640 -0.4254656
-0.0100579 0.0023071 0.9999465 0.0525570
0.0000000 0.0000000 0.0000000 1.0000000
0.9984613 0.0545567 0.0099179 9.8268890
-0.0545216 0.9985056 -0.0037737 -0.4525704
-0.0101089 0.0032272 0.9999435 0.0528671
0.0000000 0.0000000 0.0000000 1.0000000
0.9984848 0.0540108 0.0105180 9.8703079
-0.0539585 0.9985298 -0.0051992 -0.4735081
-0.0107833 0.0046238 0.9999310 0.0513312
0.0000000 0.0000000 0.0000000 1.0000000
0.9985204 0.0532809 0.0108644 9.8890123
-0.0532113 0.9985616 -0.0065981 -0.4862643
-0.0112003 0.0060103 0.9999190 0.0479120
0.0000000 0.0000000 0.0000000 1.0000000
0.9985486 0.0528237 0.0104950 9.8422213
-0.0527434 0.9985779 -0.0077846 -0.5061841
-0.0108912 0.0072197 0.9999144 0.0427104
0.0000000 0.0000000 0.0000000 1.0000000
0.9985688 0.0525359 0.0100036 9.8413095
-0.0524586 0.9985926 -0.0078306 -0.5187780
-0.0104009 0.0072946 0.9999191 0.0397674
0.0000000 0.0000000 0.0000000 1.0000000
0.9985558 0.0528447 0.0096737 10.2262812
-0.0527688 0.9985754 -0.0079366 -0.5486883
-0.0100793 0.0074147 0.9999214 0.0376409
0.0000000 0.0000000 0.0000000 1.0000000
0.9985611 0.0530819 0.0076042 10.3128891
-0.0530136 0.9985542 -0.0089150 -0.5831335
-0.0080664 0.0084991 0.9999311 0.0381855
0.0000000 0.0000000 0.0000000 1.0000000
0.9984967 0.0543762 0.0068802 10.5489359
-0.0542683 0.9984139 -0.0150041 -0.6454241
-0.0076852 0.0146082 0.9998635 0.0419436
0.0000000 0.0000000 0.0000000 1.0000000
0.9984841 0.0542132 0.0094956 10.8400059
-0.0539762 0.9982623 -0.0236497 -0.7143053
-0.0107612 0.0231013 0.9996750 0.0400102
0.0000000 0.0000000 0.0000000 1.0000000
0.9985326 0.0530378 0.0109275 11.0748787
-0.0526684 0.9981092 -0.0316934 -0.7786017
-0.0125878 0.0310714 0.9994377 0.0362442
0.0000000 0.0000000 0.0000000 1.0000000
0.9985787 0.0526684 0.0081526 11.5027542
-0.0523554 0.9980239 -0.0347519 -0.8425126
-0.0099668 0.0342757 0.9993625 0.0349916
0.0000000 0.0000000 0.0000000 1.0000000
0.9985198 0.0541766 0.0047910 11.8904152
-0.0539774 0.9979331 -0.0348768 -0.9067973
-0.0066706 0.0345666 0.9993799 0.0340799
0.0000000 0.0000000 0.0000000 1.0000000
0.9984519 0.0555738 0.0022888 11.8687010
-0.0554693 0.9979238 -0.0327370 -0.9421986
-0.0041034 0.0325594 0.9994612 0.0265254
0.0000000 0.0000000 0.0000000 1.0000000
0.9984069 0.0563793 0.0022076 11.8751984
-0.0562745 0.9978576 -0.0333757 -0.9726123
-0.0040846 0.0331983 0.9994403 0.0291372
0.0000000 0.0000000 0.0000000 1.0000000
0.9983881 0.0565429 0.0048860 12.0306177
-0.0563201 0.9977046 -0.0376053 -1.0117710
-0.0070011 0.0372695 0.9992805 0.0312970
0.0000000 0.0000000 0.0000000 1.0000000
0.9983532 0.0568000 0.0080249 12.2764750
-0.0563950 0.9974422 -0.0439227 -1.0627215
-0.0104992 0.0433978 0.9990025 0.0362724
0.0000000 0.0000000 0.0000000 1.0000000
0.9983572 0.0565761 0.0090535 12.3424520
-0.0560726 0.9972448 -0.0485723 -1.0899071
-0.0117765 0.0479849 0.9987785 0.0311594
0.0000000 0.0000000 0.0000000 1.0000000
0.9983920 0.0559857 0.0088802 12.3307934
-0.0554679 0.9971796 -0.0505651 -1.1156913
-0.0116861 0.0499912 0.9986811 0.0262945
0.0000000 0.0000000 0.0000000 1.0000000
0.9983251 0.0571005 0.0092982 12.4543447
-0.0565760 0.9971817 -0.0492790 -1.1356751
-0.0120858 0.0486704 0.9987416 0.0204817
0.0000000 0.0000000 0.0000000 1.0000000
0.9983088 0.0575621 0.0081253 12.6548815
-0.0571221 0.9972740 -0.0467141 -1.1566179
-0.0107921 0.0461709 0.9988751 0.0095816
0.0000000 0.0000000 0.0000000 1.0000000
0.9983036 0.0578903 0.0062086 12.6525984
-0.0575689 0.9974032 -0.0432824 -1.1688826
-0.0086981 0.0428516 0.9990434 0.0009511
0.0000000 0.0000000 0.0000000 1.0000000
0.9983129 0.0577834 0.0056880 12.6376238
-0.0575034 0.9975061 -0.0409346 -1.1850382
-0.0080391 0.0405384 0.9991454 -0.0061874
0.0000000 0.0000000 0.0000000 1.0000000
0.9983138 0.0576461 0.0068087 12.7172785
-0.0573286 0.9975504 -0.0400912 -1.2082486
-0.0091031 0.0396333 0.9991726 -0.0104673
0.0000000 0.0000000 0.0000000 1.0000000
0.9983579 0.0568741 0.0068371 13.2584982
-0.0565612 0.9976169 -0.0395222 -1.2453918
-0.0090686 0.0390706 0.9991951 -0.0110643
0.0000000 0.0000000 0.0000000 1.0000000
0.9984030 0.0562631 0.0050936 13.8749285
-0.0560331 0.9977226 -0.0375557 -1.2847271
-0.0071950 0.0372103 0.9992813 -0.0108678
0.0000000 0.0000000 0.0000000 1.0000000
0.9984627 0.0553756 0.0023918 14.1920996
-0.0552615 0.9978849 -0.0342402 -1.3080285
-0.0042828 0.0340553 0.9994106 -0.0104300
0.0000000 0.0000000 0.0000000 1.0000000
0.9984946 0.0548327 0.0013222 14.5823174
-0.0547691 0.9980550 -0.0297846 -1.3249046
-0.0029527 0.0296673 0.9995553 -0.0073349
0.0000000 0.0000000 0.0000000 1.0000000
0.9985093 0.0545301 0.0023253 14.9414768
-0.0544484 0.9981572 -0.0267965 -1.3443098
-0.0037823 0.0266299 0.9996380 -0.0058530
0.0000000 0.0000000 0.0000000 1.0000000
0.9984684 0.0551399 0.0045012 15.2235565
-0.0550111 0.9981742 -0.0249516 -1.3567234
-0.0058688 0.0246657 0.9996783 -0.0046993
0.0000000 0.0000000 0.0000000 1.0000000
0.9984754 0.0548241 0.0064044 15.5637589
-0.0546466 0.9981880 -0.0252015 -1.3775520
-0.0077744 0.0248131 0.9996617 -0.0041198
0.0000000 0.0000000 0.0000000 1.0000000
0.9984783 0.0546869 0.0070898 15.6993876
-0.0544651 0.9981120 -0.0284010 -1.3971248
-0.0086296 0.0279717 0.9995713 -0.0101270
0.0000000 0.0000000 0.0000000 1.0000000
0.9985489 0.0533930 0.0070004 16.1883640
-0.0531449 0.9980804 -0.0318069 -1.4284730
-0.0086852 0.0313887 0.9994693 -0.0115642
0.0000000 0.0000000 0.0000000 1.0000000
0.9986540 0.0517922 0.0027488 16.4870396
-0.0516777 0.9981490 -0.0320714 -1.4480311
-0.0044048 0.0318862 0.9994816 -0.0111038
0.0000000 0.0000000 0.0000000 1.0000000
0.9987287 0.0503853 -0.0014792 16.7976685
-0.0504069 0.9982561 -0.0307331 -1.4649330
-0.0000718 0.0307686 0.9995263 -0.0102951
0.0000000 0.0000000 0.0000000 1.0000000
0.9987432 0.0500372 -0.0028686 16.8484802
-0.0500953 0.9984013 -0.0261900 -1.4650403
0.0015535 0.0263007 0.9996527 -0.0071059
0.0000000 0.0000000 0.0000000 1.0000000
0.9987435 0.0500869 -0.0015791 17.2241936
-0.0501094 0.9985058 -0.0218133 -1.4811310
0.0004842 0.0218650 0.9997606 0.0058884
0.0000000 0.0000000 0.0000000 1.0000000
0.9987171 0.0506154 0.0014382 17.5266285
-0.0505777 0.9985297 -0.0195172 -1.4922541
-0.0024239 0.0194195 0.9998083 0.0164874
0.0000000 0.0000000 0.0000000 1.0000000
0.9986835 0.0511905 0.0032852 17.6511059
-0.0511166 0.9985004 -0.0196128 -1.4943074
-0.0042842 0.0194190 0.9998021 0.0180508
0.0000000 0.0000000 0.0000000 1.0000000
0.9986587 0.0516235 0.0039656 17.8854179
-0.0515354 0.9984753 -0.0197933 -1.5079112
-0.0049814 0.0195624 0.9997960 0.0190988
0.0000000 0.0000000 0.0000000 1.0000000
0.9986854 0.0510608 0.0044990 18.2042370
-0.0509503 0.9984599 -0.0219678 -1.5312079
-0.0056137 0.0217097 0.9997483 0.0172396
0.0000000 0.0000000 0.0000000 1.0000000
0.9986869 0.0510040 0.0047847 18.3651009
-0.0508698 0.9983956 -0.0248837 -1.5479759
-0.0060461 0.0246076 0.9996787 0.0156430
0.0000000 0.0000000 0.0000000 1.0000000
0.9986941 0.0508939 0.0044525 18.5625019
-0.0507513 0.9983256 -0.0277638 -1.5605695
-0.0058581 0.0275016 0.9996043 0.0128753
0.0000000 0.0000000 0.0000000 1.0000000
0.9986590 0.0514986 0.0052857 18.7315254
-0.0513066 0.9981822 -0.0316306 -1.5718654
-0.0069050 0.0313170 0.9994854 0.0076826
0.0000000 0.0000000 0.0000000 1.0000000
0.9986128 0.0522210 0.0067322 19.0505009
-0.0519406 0.9979776 -0.0366546 -1.5941490
-0.0086327 0.0362541 0.9993050 0.0023625
0.0000000 0.0000000 0.0000000 1.0000000
0.9985707 0.0530332 0.0066245 19.3854332
-0.0527052 0.9977050 -0.0425151 -1.6241332
-0.0088640 0.0421052 0.9990736 -0.0067637
0.0000000 0.0000000 0.0000000 1.0000000
0.9985676 0.0534367 0.0026648 19.7743664
-0.0532814 0.9977251 -0.0413070 -1.6502392
-0.0048661 0.0411058 0.9991426 -0.0130776
0.0000000 0.0000000 0.0000000 1.0000000
0.9985370 0.0540330 -0.0020594 20.2590828
-0.0540720 0.9979141 -0.0352730 -1.6766772
0.0001492 0.0353327 0.9993753 -0.0130611
0.0000000 0.0000000 0.0000000 1.0000000
0.9984589 0.0554529 -0.0022026 20.3461552
-0.0554912 0.9981298 -0.0256553 -1.6787860
0.0007758 0.0257380 0.9996681 -0.0130340
0.0000000 0.0000000 0.0000000 1.0000000
0.9983681 0.0570724 0.0019810 20.4337120
-0.0570245 0.9981916 -0.0190323 -1.6714687
-0.0030637 0.0188883 0.9998166 -0.0131123
0.0000000 0.0000000 0.0000000 1.0000000
0.9982852 0.0584028 0.0039696 20.7416363
-0.0583181 0.9981201 -0.0188601 -1.6952631
-0.0050636 0.0185963 0.9998139 -0.0155141
0.0000000 0.0000000 0.0000000 1.0000000
0.9983048 0.0580950 0.0035316 21.1201725
-0.0580030 0.9980709 -0.0221495 -1.7314299
-0.0048116 0.0219071 0.9997481 -0.0209074
0.0000000 0.0000000 0.0000000 1.0000000
0.9983848 0.0567183 0.0032997 21.3356647
-0.0566123 0.9980501 -0.0262970 -1.7575287
-0.0047848 0.0260677 0.9996484 -0.0234077
0.0000000 0.0000000 0.0000000 1.0000000
0.9984531 0.0555337 0.0027360 21.7665958
-0.0554329 0.9980521 -0.0286299 -1.7946031
-0.0043206 0.0284339 0.9995860 -0.0186914
0.0000000 0.0000000 0.0000000 1.0000000
0.9985092 0.0545435 0.0021105 21.8361416
-0.0544596 0.9980958 -0.0289716 -1.8030953
-0.0036867 0.0288135 0.9995776 -0.0235718
0.0000000 0.0000000 0.0000000 1.0000000
0.9985197 0.0543469 0.0022286 22.2180119
-0.0542608 0.9981151 -0.0286794 -1.8174788
-0.0037830 0.0285160 0.9995858 -0.0242604
0.0000000 0.0000000 0.0000000 1.0000000
0.9985229 0.0542507 0.0029995 22.6505833
-0.0541387 0.9980963 -0.0295499 -1.8441782
-0.0045969 0.0293439 0.9995584 -0.0299866
0.0000000 0.0000000 0.0000000 1.0000000
0.9985624 0.0535436 0.0025151 22.8753624
-0.0534339 0.9980425 -0.0325014 -1.8554616
-0.0042504 0.0323203 0.9994681 -0.0368147
0.0000000 0.0000000 0.0000000 1.0000000
0.9985753 0.0533386 0.0015844 23.4695454
-0.0532537 0.9979995 -0.0340801 -1.8868591
-0.0033990 0.0339472 0.9994175 -0.0383515
0.0000000 0.0000000 0.0000000 1.0000000
0.9985837 0.0531982 0.0007328 23.5208092
-0.0531359 0.9979180 -0.0365606 -1.8934580
-0.0026762 0.0364698 0.9993308 -0.0453427
0.0000000 0.0000000 0.0000000 1.0000000
0.9986345 0.0522408 0.0004859 23.9853764
-0.0521848 0.9979163 -0.0379482 -1.9110698
-0.0024673 0.0378710 0.9992793 -0.0481028
0.0000000 0.0000000 0.0000000 1.0000000
0.9986510 0.0519254 0.0001823 24.2284393
-0.0518778 0.9978749 -0.0394293 -1.9263409
-0.0022293 0.0393667 0.9992220 -0.0498159
0.0000000 0.0000000 0.0000000 1.0000000
0.9986418 0.0521020 -0.0002425 24.3486481
-0.0520685 0.9978113 -0.0407660 -1.9380538
-0.0018820 0.0407232 0.9991684 -0.0548563
0.0000000 0.0000000 0.0000000 1.0000000
0.9986675 0.0516040 -0.0005025 24.5106430
-0.0515833 0.9978799 -0.0396890 -1.9495215
-0.0015467 0.0396621 0.9992117 -0.0554393
0.0000000 0.0000000 0.0000000 1.0000000
0.9986746 0.0514637 -0.0007777 24.6256504
-0.0514525 0.9978395 -0.0408571 -1.9575753
-0.0013266 0.0408429 0.9991644 -0.0560544
0.0000000 0.0000000 0.0000000 1.0000000
0.9986948 0.0510666 -0.0009746 24.7153893
-0.0510630 0.9978325 -0.0415107 -1.9591912
-0.0011473 0.0415062 0.9991373 -0.0613592
0.0000000 0.0000000 0.0000000 1.0000000
0.9987045 0.0508765 -0.0009612 24.7294827
-0.0508711 0.9977940 -0.0426553 -1.9583223
-0.0012111 0.0426489 0.9990891 -0.0598904
0.0000000 0.0000000 0.0000000 1.0000000
0.9987004 0.0509453 -0.0014441 24.7292080
-0.0509597 0.9977459 -0.0436627 -1.9581521
-0.0007836 0.0436796 0.9990450 -0.0615661
0.0000000 0.0000000 0.0000000 1.0000000
0.9986986 0.0509847 -0.0012964 24.7079964
-0.0509911 0.9976751 -0.0452154 -1.9480197
-0.0010119 0.0452227 0.9989761 -0.0624733
0.0000000 0.0000000 0.0000000 1.0000000
0.9987035 0.0509037 -0.0004818 24.9044743
-0.0508679 0.9975465 -0.0481006 -1.9521936
-0.0019679 0.0480627 0.9988421 -0.0613997
0.0000000 0.0000000 0.0000000 1.0000000
0.9987124 0.0507284 -0.0004191 24.9082031
-0.0506881 0.9975168 -0.0489011 -1.9520402
-0.0020626 0.0488594 0.9988032 -0.0640707
0.0000000 0.0000000 0.0000000 1.0000000
0.9987159 0.0506551 -0.0008128 24.9239712
-0.0506338 0.9975105 -0.0490850 -1.9472002
-0.0016756 0.0490631 0.9987940 -0.0638552
0.0000000 0.0000000 0.0000000 1.0000000
0.9986907 0.0511205 -0.0018752 25.1507320
-0.0511508 0.9974826 -0.0491158 -1.9632093
-0.0006403 0.0491474 0.9987910 -0.0637654
0.0000000 0.0000000 0.0000000 1.0000000
0.9986799 0.0513464 -0.0014158 25.3239212
-0.0513539 0.9974752 -0.0490536 -1.9683652
-0.0011065 0.0490615 0.9987949 -0.0649860
0.0000000 0.0000000 0.0000000 1.0000000
0.9986492 0.0519597 -0.0000125 25.3203201
-0.0518952 0.9973985 -0.0500345 -1.9650799
-0.0025873 0.0499676 0.9987472 -0.0702257
0.0000000 0.0000000 0.0000000 1.0000000
0.9986420 0.0520973 0.0003209 25.3595486
-0.0520160 0.9973924 -0.0500312 -1.9652430
-0.0029265 0.0499466 0.9987473 -0.0684930
0.0000000 0.0000000 0.0000000 1.0000000
0.9986304 0.0523004 -0.0013926 25.5522251
-0.0523053 0.9974118 -0.0493361 -1.9702842
-0.0011913 0.0493413 0.9987810 -0.0658926
0.0000000 0.0000000 0.0000000 1.0000000
0.9986222 0.0523923 -0.0029304 25.6047897
-0.0524730 0.9974217 -0.0489568 -1.9677553
0.0003579 0.0490431 0.9987963 -0.0630675
0.0000000 0.0000000 0.0000000 1.0000000
0.9986258 0.0523555 -0.0023156 25.5983982
-0.0524064 0.9974848 -0.0477283 -1.9661676
-0.0001891 0.0477840 0.9988574 -0.0622051
0.0000000 0.0000000 0.0000000 1.0000000
0.9986726 0.0514938 -0.0011150 25.7494240
-0.0514888 0.9975499 -0.0473656 -1.9733111
-0.0013267 0.0473601 0.9988767 -0.0550496
0.0000000 0.0000000 0.0000000 1.0000000
0.9987119 0.0507372 -0.0003370 25.9042320
-0.0506984 0.9976408 -0.0462897 -1.9727876
-0.0020124 0.0462472 0.9989277 -0.0474460
0.0000000 0.0000000 0.0000000 1.0000000
0.9987419 0.0501425 -0.0002338 25.9577408
-0.0501006 0.9976963 -0.0457422 -1.9710581
-0.0020604 0.0456963 0.9989530 -0.0458709
0.0000000 0.0000000 0.0000000 1.0000000
0.9987119 0.0507383 0.0000734 25.9867973
-0.0506871 0.9977673 -0.0434929 -1.9733728
-0.0022800 0.0434331 0.9990535 -0.0446598
0.0000000 0.0000000 0.0000000 1.0000000
0.9987030 0.0509092 0.0006183 26.3580170
-0.0508367 0.9977996 -0.0425663 -1.9834683
-0.0027839 0.0424797 0.9990932 -0.0402747
0.0000000 0.0000000 0.0000000 1.0000000
0.9986987 0.0509890 0.0010003 26.9459286
-0.0509008 0.9978039 -0.0423901 -2.0094030
-0.0031595 0.0422840 0.9991004 -0.0402751
0.0000000 0.0000000 0.0000000 1.0000000
0.9987084 0.0507902 0.0013663 27.3721218
-0.0506800 0.9977333 -0.0442745 -2.0271218
-0.0036119 0.0441480 0.9990182 -0.0355602
0.0000000 0.0000000 0.0000000 1.0000000
0.9987643 0.0496654 0.0017624 27.7108498
-0.0495301 0.9976920 -0.0464527 -2.0384598
-0.0040654 0.0463080 0.9989187 -0.0382563
0.0000000 0.0000000 0.0000000 1.0000000
0.9987614 0.0496929 0.0025013 27.8491287
-0.0495092 0.9975533 -0.0493632 -2.0520432
-0.0049482 0.0491782 0.9987775 -0.0339220
0.0000000 0.0000000 0.0000000 1.0000000
0.9987965 0.0490304 0.0012229 27.8465595
-0.0489039 0.9974946 -0.0511207 -2.0511515
-0.0037263 0.0509993 0.9986915 -0.0385297
0.0000000 0.0000000 0.0000000 1.0000000
0.9988126 0.0487133 -0.0006849 28.0434990
-0.0486830 0.9974607 -0.0519860 -2.0548999
-0.0018493 0.0519575 0.9986473 -0.0356066
0.0000000 0.0000000 0.0000000 1.0000000
0.9988263 0.0484292 0.0007498 28.1841164
-0.0483161 0.9973398 -0.0545834 -2.0563295
-0.0033912 0.0544831 0.9985087 -0.0352504
0.0000000 0.0000000 0.0000000 1.0000000
0.9987566 0.0498218 0.0017346 28.2246246
-0.0496425 0.9971440 -0.0569205 -2.0669768
-0.0045655 0.0567635 0.9983770 -0.0410469
0.0000000 0.0000000 0.0000000 1.0000000
0.9987330 0.0503161 0.0007437 28.3780479
-0.0501851 0.9970037 -0.0588690 -2.0762229
-0.0037035 0.0587570 0.9982652 -0.0446915
0.0000000 0.0000000 0.0000000 1.0000000
0.9986841 0.0512739 -0.0009865 28.5150089
-0.0512427 0.9969438 -0.0589713 -2.0876472
-0.0020402 0.0589442 0.9982589 -0.0434397
0.0000000 0.0000000 0.0000000 1.0000000
0.9986263 0.0523773 -0.0014397 28.6486053
-0.0523721 0.9969255 -0.0582845 -2.0990841
-0.0016175 0.0582798 0.9982987 -0.0434657
0.0000000 0.0000000 0.0000000 1.0000000
0.9985831 0.0531972 -0.0013526 28.8593788
-0.0531891 0.9970064 -0.0561217 -2.0948899
-0.0016369 0.0561141 0.9984227 -0.0405685
0.0000000 0.0000000 0.0000000 1.0000000
0.9984098 0.0563508 -0.0015345 28.8867645
-0.0563494 0.9968814 -0.0552504 -2.1143961
-0.0015837 0.0552490 0.9984711 -0.0433698
0.0000000 0.0000000 0.0000000 1.0000000
0.9983445 0.0574966 -0.0014940 28.8832531
-0.0574939 0.9969078 -0.0535703 -2.1214628
-0.0015908 0.0535675 0.9985627 -0.0424027
0.0000000 0.0000000 0.0000000 1.0000000
0.9982013 0.0599363 -0.0013394 28.9422951
-0.0599230 0.9967965 -0.0529760 -2.1433852
-0.0018401 0.0529610 0.9985946 -0.0401412
0.0000000 0.0000000 0.0000000 1.0000000
0.9979818 0.0634785 -0.0016478 28.9761028
-0.0634783 0.9966315 -0.0519291 -2.1803834
-0.0016541 0.0519289 0.9986492 -0.0386014
0.0000000 0.0000000 0.0000000 1.0000000
0.9978170 0.0660089 -0.0019573 28.9677296
-0.0660201 0.9964220 -0.0527734 -2.1923425
-0.0015332 0.0527874 0.9986044 -0.0392664
0.0000000 0.0000000 0.0000000 1.0000000
0.9977159 0.0675273 -0.0017041 28.9672298
-0.0675232 0.9963284 -0.0526381 -2.1998687
-0.0018567 0.0526329 0.9986120 -0.0388149
0.0000000 0.0000000 0.0000000 1.0000000
0.9978004 0.0662872 -0.0004470 29.0120697
-0.0662146 0.9963439 -0.0539893 -2.2170219
-0.0031334 0.0539002 0.9985412 -0.0397354
0.0000000 0.0000000 0.0000000 1.0000000
0.9976819 0.0680496 -0.0000641 29.0854759
-0.0679499 0.9961700 -0.0550322 -2.2530148
-0.0036810 0.0549090 0.9984843 -0.0410643
0.0000000 0.0000000 0.0000000 1.0000000
0.9977800 0.0665757 -0.0016235 29.3158283
-0.0665616 0.9961982 -0.0562045 -2.2665129
-0.0021245 0.0561878 0.9984177 -0.0395470
0.0000000 0.0000000 0.0000000 1.0000000
0.9978346 0.0657110 -0.0028183 29.3067074
-0.0657647 0.9962042 -0.0570314 -2.2632914
-0.0009400 0.0570932 0.9983681 -0.0442048
0.0000000 0.0000000 0.0000000 1.0000000
0.9977818 0.0665207 -0.0025350 29.2941551
-0.0665559 0.9961089 -0.0577727 -2.2820885
-0.0013179 0.0578132 0.9983263 -0.0475868
0.0000000 0.0000000 0.0000000 1.0000000
0.9978701 0.0651922 -0.0022584 29.3053532
-0.0652116 0.9961209 -0.0590838 -2.2823193
-0.0016021 0.0591052 0.9982502 -0.0451243
0.0000000 0.0000000 0.0000000 1.0000000
0.9979363 0.0641594 -0.0025587 29.2404900
-0.0641983 0.9961855 -0.0591045 -2.2920852
-0.0012432 0.0591468 0.9982483 -0.0483243
0.0000000 0.0000000 0.0000000 1.0000000
0.9980757 0.0619420 -0.0028106 29.3128986
-0.0619998 0.9963301 -0.0590155 -2.2995391
-0.0008553 0.0590762 0.9982529 -0.0469419
0.0000000 0.0000000 0.0000000 1.0000000
0.9980425 0.0624749 -0.0028143 29.3351326
-0.0625314 0.9962629 -0.0595863 -2.2941120
-0.0009188 0.0596456 0.9982190 -0.0498239
0.0000000 0.0000000 0.0000000 1.0000000
0.9975773 0.0695127 -0.0027120 29.4655914
-0.0695497 0.9957576 -0.0602498 -2.3068576
-0.0014877 0.0602924 0.9981794 -0.0458252
0.0000000 0.0000000 0.0000000 1.0000000
0.9975805 0.0694984 -0.0017299 29.6060581
-0.0694750 0.9957337 -0.0607301 -2.3253648
-0.0024982 0.0607033 0.9981525 -0.0459920
0.0000000 0.0000000 0.0000000 1.0000000
0.9974991 0.0706765 -0.0004599 29.9450932
-0.0705752 0.9956769 -0.0603920 -2.3704801
-0.0038103 0.0602734 0.9981744 -0.0477348
0.0000000 0.0000000 0.0000000 1.0000000
0.9971611 0.0752946 -0.0005751 30.0923100
-0.0751935 0.9953658 -0.0599445 -2.4242260
-0.0039411 0.0598175 0.9982014 -0.0504582
0.0000000 0.0000000 0.0000000 1.0000000
0.9968271 0.0795923 -0.0008381 30.0052032
-0.0795010 0.9950573 -0.0595066 -2.4356554
-0.0039023 0.0593844 0.9982274 -0.0570208
0.0000000 0.0000000 0.0000000 1.0000000
0.9973116 0.0732718 -0.0008508 29.9728374
-0.0731904 0.9955065 -0.0600873 -2.5082502
-0.0035558 0.0599880 0.9981925 -0.0652310
0.0000000 0.0000000 0.0000000 1.0000000
0.9973598 0.0725942 -0.0018315 29.9516449
-0.0725674 0.9954233 -0.0621851 -2.5646286
-0.0026912 0.0621538 0.9980627 -0.0728609
0.0000000 0.0000000 0.0000000 1.0000000
0.9974022 0.0719405 -0.0036520 29.9641380
-0.0720266 0.9953486 -0.0639836 -2.6164703
-0.0009680 0.0640804 0.9979441 -0.0746075
0.0000000 0.0000000 0.0000000 1.0000000
0.9973800 0.0721650 -0.0050284 29.9677811
-0.0723392 0.9952679 -0.0648801 -2.6373549
0.0003225 0.0650738 0.9978802 -0.0775721
0.0000000 0.0000000 0.0000000 1.0000000
0.9975000 0.0704009 -0.0061065 29.9207420
-0.0706475 0.9954516 -0.0639186 -2.6268234
0.0015788 0.0641902 0.9979362 -0.0723522
0.0000000 0.0000000 0.0000000 1.0000000
0.9975804 0.0692549 -0.0060736 29.9978733
-0.0695000 0.9956023 -0.0628206 -2.6126537
0.0016962 0.0630907 0.9980061 -0.0655636
0.0000000 0.0000000 0.0000000 1.0000000
0.9976610 0.0682742 -0.0033088 29.9813099
-0.0683490 0.9958137 -0.0606970 -2.5973430
-0.0008490 0.0607812 0.9981505 -0.0577026
0.0000000 0.0000000 0.0000000 1.0000000
0.9984173 0.0562380 -0.0001816 30.1126938
-0.0561432 0.9965378 -0.0613263 -2.5522399
-0.0032679 0.0612395 0.9981175 -0.0463260
0.0000000 0.0000000 0.0000000 1.0000000
0.9984261 0.0560782 0.0004771 30.1143761
-0.0559439 0.9965562 -0.0612087 -2.5506606
-0.0039080 0.0610857 0.9981246 -0.0440798
0.0000000 0.0000000 0.0000000 1.0000000
0.9984634 0.0554132 -0.0001736 30.2926731
-0.0553187 0.9965684 -0.0615774 -2.5323896
-0.0032392 0.0614924 0.9981020 -0.0388447
0.0000000 0.0000000 0.0000000 1.0000000
0.9983561 0.0573145 0.0000070 30.3096485
-0.0572045 0.9964478 -0.0618053 -2.5245841
-0.0035493 0.0617032 0.9980879 -0.0374917
0.0000000 0.0000000 0.0000000 1.0000000
0.9983339 0.0576904 0.0011039 30.6025581
-0.0575126 0.9964389 -0.0616636 -2.5664566
-0.0046573 0.0614973 0.9980961 -0.0320426
0.0000000 0.0000000 0.0000000 1.0000000
0.9982347 0.0593573 0.0020173 30.7243023
-0.0591174 0.9963135 -0.0621690 -2.5903745
-0.0057000 0.0619400 0.9980633 -0.0252464
0.0000000 0.0000000 0.0000000 1.0000000
0.9984051 0.0564108 0.0022153 30.9655590
-0.0561720 0.9965674 -0.0608151 -2.6450071
-0.0056383 0.0605936 0.9981463 -0.0244968
0.0000000 0.0000000 0.0000000 1.0000000
0.9985076 0.0545488 0.0026098 31.1425552
-0.0542901 0.9966780 -0.0607124 -2.6687160
-0.0059130 0.0604801 0.9981516 -0.0244255
0.0000000 0.0000000 0.0000000 1.0000000
0.9982187 0.0594399 0.0051295 31.7335091
-0.0590056 0.9963083 -0.0623582 -2.6669073
-0.0088171 0.0619444 0.9980404 -0.0196865
0.0000000 0.0000000 0.0000000 1.0000000
0.9980161 0.0626341 0.0063797 31.8584290
-0.0620916 0.9959680 -0.0647517 -2.6666286
-0.0104096 0.0642271 0.9978808 -0.0233737
0.0000000 0.0000000 0.0000000 1.0000000
0.9981831 0.0599729 0.0058041 31.9629803
-0.0594691 0.9961029 -0.0651377 -2.6982510
-0.0096880 0.0646742 0.9978591 -0.0280232
0.0000000 0.0000000 0.0000000 1.0000000
0.9982255 0.0592174 0.0062420 31.9776115
-0.0586866 0.9961476 -0.0651638 -2.6917961
-0.0100768 0.0646819 0.9978548 -0.0265933
0.0000000 0.0000000 0.0000000 1.0000000
0.9983944 0.0565147 0.0038304 32.0556297
-0.0561580 0.9963998 -0.0635165 -2.6973250
-0.0074062 0.0631994 0.9979731 -0.0378501
0.0000000 0.0000000 0.0000000 1.0000000
0.9987906 0.0491484 0.0013330 32.3898544
-0.0489775 0.9969608 -0.0605887 -2.6925220
-0.0043068 0.0604501 0.9981616 -0.0295036
0.0000000 0.0000000 0.0000000 1.0000000
0.9987999 0.0489473 0.0016871 32.4356079
-0.0487594 0.9970247 -0.0597069 -2.6771305
-0.0046046 0.0595530 0.9982142 -0.0259111
0.0000000 0.0000000 0.0000000 1.0000000
0.9988103 0.0485237 0.0048417 32.4514961
-0.0481526 0.9970821 -0.0592394 -2.6844161
-0.0077021 0.0589358 0.9982317 -0.0212703
0.0000000 0.0000000 0.0000000 1.0000000
0.9991230 0.0411710 0.0076202 32.5926743
-0.0406595 0.9974781 -0.0581786 -2.6349578
-0.0099962 0.0578177 0.9982768 -0.0221001
0.0000000 0.0000000 0.0000000 1.0000000
0.9991772 0.0399651 0.0069081 32.5976295
-0.0395030 0.9975639 -0.0575010 -2.6187756
-0.0091892 0.0571807 0.9983212 -0.0235458
0.0000000 0.0000000 0.0000000 1.0000000
0.9992097 0.0393501 0.0056113 32.6040993
-0.0389664 0.9976087 -0.0570885 -2.5840940
-0.0078443 0.0568247 0.9983531 -0.0224167
0.0000000 0.0000000 0.0000000 1.0000000
0.9992529 0.0380333 0.0068605 32.6130714
-0.0375673 0.9975762 -0.0585751 -2.5863526
-0.0090717 0.0582736 0.9982591 -0.0240791
0.0000000 0.0000000 0.0000000 1.0000000
