1.0000000 0.0000000 0.0000000 0.0000000
0.0000000 1.0000000 0.0000000 0.0000000
0.0000000 0.0000000 1.0000000 0.0000000
0.0000000 0.0000000 0.0000000 1.0000000
0.9999990 -0.0013018 -0.0005970 0.5579929
0.0013009 0.9999979 -0.0015781 -0.0017975
0.0005990 0.0015773 0.9999986 0.0110579
0.0000000 0.0000000 0.0000000 1.0000000
0.9999966 -0.0020263 -0.0016652 1.1213505
0.0020232 0.9999962 -0.0018522 0.0001224
0.0016689 0.0018488 0.9999969 0.0226634
0.0000000 0.0000000 0.0000000 1.0000000
0.9999849 -0.0046252 -0.0029721 1.6742646
0.0046180 0.9999865 -0.0024052 0.0039821
0.0029832 0.0023915 0.9999927 0.0301734
0.0000000 0.0000000 0.0000000 1.0000000
0.9999670 -0.0067077 -0.0045903 2.2251966
0.0066880 0.9999685 -0.0042926 0.0070828
0.0046190 0.0042617 0.9999802 0.0392549
0.0000000 0.0000000 0.0000000 1.0000000
0.9999544 -0.0070922 -0.0063942 2.7870841
0.0070503 0.9999538 -0.0065433 0.0092583
0.0064403 0.0064979 0.9999581 0.0498654
0.0000000 0.0000000 0.0000000 1.0000000
0.9999354 -0.0090341 -0.0068928 3.3538504
0.0089812 0.9999303 -0.0076660 0.0145470
0.0069616 0.0076036 0.9999468 0.0577693
0.0000000 0.0000000 0.0000000 1.0000000
0.9999291 -0.0100530 -0.0063857 3.9248226
0.0100009 0.9999170 -0.0081310 0.0196287
0.0064669 0.0080665 0.9999465 0.0677014
0.0000000 0.0000000 0.0000000 1.0000000
0.9999067 -0.0120201 -0.0064827 4.5089355
0.0119640 0.9998913 -0.0086209 0.0296829
0.0065856 0.0085425 0.9999418 0.0799768
0.0000000 0.0000000 0.0000000 1.0000000
0.9998832 -0.0123857 -0.0089471 5.0945144
0.0123116 0.9998899 -0.0082946 0.0375128
0.0090488 0.0081835 0.9999256 0.0938521
0.0000000 0.0000000 0.0000000 1.0000000
0.9998108 -0.0146153 -0.0128363 5.6989703
0.0145266 0.9998702 -0.0069766 0.0544206
0.0129366 0.0067888 0.9998932 0.1058972
0.0000000 0.0000000 0.0000000 1.0000000
0.9997391 -0.0155721 -0.0167078 6.3048468
0.0154886 0.9998670 -0.0051138 0.0720935
0.0167852 0.0048537 0.9998473 0.1150005
0.0000000 0.0000000 0.0000000 1.0000000
0.9997383 -0.0161233 -0.0162244 6.9258323
0.0160683 0.9998648 -0.0035163 0.0858649
0.0162789 0.0032547 0.9998621 0.1268252
0.0000000 0.0000000 0.0000000 1.0000000
0.9997886 -0.0178839 -0.0101350 7.5773201
0.0178704 0.9998394 -0.0014230 0.1100127
0.0101588 0.0012416 0.9999475 0.1349428
0.0000000 0.0000000 0.0000000 1.0000000
0.9998422 -0.0177538 0.0004714 8.2358170
0.0177541 0.9998423 -0.0005900 0.1245882
-0.0004609 0.0005982 0.9999996 0.1477132
0.0000000 0.0000000 0.0000000 1.0000000
0.9997890 -0.0192888 0.0070602 8.9077187
0.0192865 0.9998140 0.0003874 0.1428568
-0.0070664 -0.0002511 0.9999749 0.1622691
0.0000000 0.0000000 0.0000000 1.0000000
0.9997668 -0.0205584 0.0066020 9.5879755
0.0205481 0.9997876 0.0016258 0.1696638
-0.0066340 -0.0014898 0.9999768 0.1733580
0.0000000 0.0000000 0.0000000 1.0000000
0.9997883 -0.0205711 -0.0003153 10.2725649
0.0205722 0.9997796 0.0042045 0.1888999
0.0002287 -0.0042101 0.9999911 0.1740358
0.0000000 0.0000000 0.0000000 1.0000000
0.9997322 -0.0222335 -0.0064105 10.9836006
0.0222615 0.9997429 0.0043328 0.2189371
0.0063125 -0.0044743 0.9999700 0.1715053
0.0000000 0.0000000 0.0000000 1.0000000
0.9997309 -0.0226109 -0.0051720 11.7075968
0.0226264 0.9997396 0.0029644 0.2361550
0.0051037 -0.0030807 0.9999822 0.1733785
0.0000000 0.0000000 0.0000000 1.0000000
0.9997072 -0.0238759 0.0039099 12.4667721
0.0238690 0.9997135 0.0017857 0.2549342
-0.0039514 -0.0016918 0.9999907 0.1803263
0.0000000 0.0000000 0.0000000 1.0000000
0.9996464 -0.0239939 0.0114615 13.2295771
0.0239896 0.9997121 0.0005136 0.2762471
-0.0114705 -0.0002385 0.9999341 0.1838446
0.0000000 0.0000000 0.0000000 1.0000000
0.9995791 -0.0252362 0.0143086 14.0309181
0.0252418 0.9996814 -0.0002123 0.3050910
-0.0142987 0.0005734 0.9998975 0.1838543
0.0000000 0.0000000 0.0000000 1.0000000
0.9995744 -0.0256249 0.0139408 14.8345995
0.0256539 0.9996691 -0.0019071 0.3213629
-0.0138873 0.0022639 0.9999009 0.1823223
0.0000000 0.0000000 0.0000000 1.0000000
0.9996365 -0.0241385 0.0120058 15.6439543
0.0241650 0.9997059 -0.0020608 0.3481861
-0.0119526 0.0023501 0.9999257 0.1798563
0.0000000 0.0000000 0.0000000 1.0000000
0.9996617 -0.0247109 0.0081081 16.4885731
0.0247128 0.9996946 -0.0001370 0.3743337
-0.0081023 0.0003373 0.9999670 0.1676789
0.0000000 0.0000000 0.0000000 1.0000000
0.9997413 -0.0225140 0.0032278 17.3272438
0.0225237 0.9997419 -0.0030055 0.4042576
-0.0031593 0.0030774 0.9999902 0.1694664
0.0000000 0.0000000 0.0000000 1.0000000
0.9997382 -0.0226738 -0.0030487 18.2020092
0.0226559 0.9997267 -0.0057721 0.4215540
0.0031787 0.0057015 0.9999786 0.1741814
0.0000000 0.0000000 0.0000000 1.0000000
0.9997439 -0.0211336 -0.0080836 19.0803814
0.0210961 0.9997665 -0.0046953 0.4501454
0.0081809 0.0045236 0.9999562 0.1815355
0.0000000 0.0000000 0.0000000 1.0000000
0.9997275 -0.0213007 -0.0095470 19.9893436
0.0212719 0.9997689 -0.0031077 0.4789065
0.0096110 0.0029037 0.9999495 0.1884617
0.0000000 0.0000000 0.0000000 1.0000000
0.9997414 -0.0211907 -0.0082392 20.6070900
0.0211702 0.9997726 -0.0025604 0.4945439
0.0082916 0.0023853 0.9999626 0.1989908
0.0000000 0.0000000 0.0000000 1.0000000
0.9997548 -0.0201497 -0.0091718 21.5287991
0.0201340 0.9997957 -0.0017964 0.5264986
0.0092061 0.0016113 0.9999562 0.2156451
0.0000000 0.0000000 0.0000000 1.0000000
0.9997610 -0.0190185 -0.0107755 22.1830559
0.0190349 0.9998178 0.0014169 0.5521488
0.0107466 -0.0016217 0.9999408 0.2244364
0.0000000 0.0000000 0.0000000 1.0000000
0.9997745 -0.0176733 -0.0117633 23.0889034
0.0177393 0.9998273 0.0055278 0.5867391
0.0116636 -0.0057352 0.9999154 0.2387322
0.0000000 0.0000000 0.0000000 1.0000000
0.9997863 -0.0172176 -0.0114291 23.6313248
0.0173045 0.9998217 0.0075490 0.6025441
0.0112971 -0.0077452 0.9999061 0.2539153
0.0000000 0.0000000 0.0000000 1.0000000
0.9997503 -0.0193860 -0.0111082 23.8851147
0.0194874 0.9997687 0.0090923 0.6030559
0.0109294 -0.0093065 0.9998968 0.2608357
0.0000000 0.0000000 0.0000000 1.0000000
0.9997128 -0.0213402 -0.0108922 24.0745335
0.0214448 0.9997241 0.0095829 0.5956041
0.0106847 -0.0098138 0.9998946 0.2664287
0.0000000 0.0000000 0.0000000 1.0000000
0.9996913 -0.0229252 -0.0095641 24.5640221
0.0230239 0.9996814 0.0103429 0.6115169
0.0093240 -0.0105599 0.9999006 0.2765061
0.0000000 0.0000000 0.0000000 1.0000000
0.9996979 -0.0233888 -0.0075362 25.1738167
0.0234692 0.9996666 0.0107701 0.6364326
0.0072818 -0.0109437 0.9999135 0.2889311
0.0000000 0.0000000 0.0000000 1.0000000
0.9996724 -0.0247839 -0.0063814 25.7729740
0.0248539 0.9996291 0.0111361 0.6609362
0.0061030 -0.0112910 0.9999175 0.2987057
0.0000000 0.0000000 0.0000000 1.0000000
0.9996548 -0.0252660 -0.0071951 26.2692318
0.0253425 0.9996211 0.0107456 0.6813207
0.0069209 -0.0109242 0.9999163 0.3119084
0.0000000 0.0000000 0.0000000 1.0000000
0.9995766 -0.0277975 -0.0085875 26.4022503
0.0278999 0.9995382 0.0120460 0.6958221
0.0082487 -0.0122805 0.9998904 0.3169941
0.0000000 0.0000000 0.0000000 1.0000000
0.9995745 -0.0280790 -0.0078752 26.9911957
0.0281687 0.9995368 0.0115243 0.7205625
0.0075480 -0.0117412 0.9999025 0.3281619
0.0000000 0.0000000 0.0000000 1.0000000
0.9995791 -0.0284823 -0.0054955 27.4699993
0.0285382 0.9995388 0.0103826 0.7519154
0.0051972 -0.0105350 0.9999309 0.3388083
0.0000000 0.0000000 0.0000000 1.0000000
0.9995510 -0.0298847 -0.0021009 28.5121880
0.0299051 0.9994980 0.0104640 0.7904887
0.0017871 -0.0105221 0.9999430 0.3542543
0.0000000 0.0000000 0.0000000 1.0000000
0.9995754 -0.0291336 -0.0000794 29.5619125
0.0291330 0.9995275 0.0098067 0.8240407
-0.0002063 -0.0098048 0.9999518 0.3690462
0.0000000 0.0000000 0.0000000 1.0000000
0.9996098 -0.0279213 0.0005615 30.3061771
0.0279148 0.9995660 0.0094097 0.8541129
-0.0008240 -0.0093903 0.9999555 0.3787938
0.0000000 0.0000000 0.0000000 1.0000000
0.9996305 -0.0271670 -0.0007125 31.3694191
0.0271724 0.9995902 0.0090069 0.8875883
0.0004675 -0.0090230 0.9999591 0.3922035
0.0000000 0.0000000 0.0000000 1.0000000
0.9996055 -0.0280673 -0.0009024 32.4204254
0.0280747 0.9995604 0.0095241 0.9233883
0.0006347 -0.0095457 0.9999542 0.4032264
0.0000000 0.0000000 0.0000000 1.0000000
0.9996213 -0.0275138 -0.0001112 33.4082794
0.0275137 0.9995843 0.0086061 0.9534012
-0.0001257 -0.0086059 0.9999629 0.4146309
0.0000000 0.0000000 0.0000000 1.0000000
0.9996187 -0.0275537 0.0017264 34.4978752
0.0275378 0.9995833 0.0086446 0.9880653
-0.0019639 -0.0085938 0.9999611 0.4299571
0.0000000 0.0000000 0.0000000 1.0000000
0.9995706 -0.0289458 0.0045220 35.5574379
0.0289065 0.9995456 0.0085317 1.0224837
-0.0047669 -0.0083973 0.9999533 0.4437784
0.0000000 0.0000000 0.0000000 1.0000000
0.9996153 -0.0273233 0.0047467 36.2489433
0.0272795 0.9995868 0.0090493 1.0505188
-0.0049920 -0.0089163 0.9999477 0.4505702
0.0000000 0.0000000 0.0000000 1.0000000
0.9995968 -0.0283464 0.0015893 37.3100243
0.0283285 0.9995453 0.0103167 1.0879331
-0.0018810 -0.0102675 0.9999455 0.4658523
0.0000000 0.0000000 0.0000000 1.0000000
0.9996227 -0.0273770 -0.0021707 38.1522675
0.0274000 0.9995599 0.0113644 1.1151386
0.0018586 -0.0114196 0.9999330 0.4740037
0.0000000 0.0000000 0.0000000 1.0000000
0.9995933 -0.0284434 -0.0019853 39.2244568
0.0284658 0.9995188 0.0123230 1.1582088
0.0016338 -0.0123745 0.9999220 0.4871703
0.0000000 0.0000000 0.0000000 1.0000000
0.9996115 -0.0278576 0.0007630 39.5818787
0.0278478 0.9995542 0.0107622 1.1782357
-0.0010625 -0.0107368 0.9999417 0.4934347
0.0000000 0.0000000 0.0000000 1.0000000
0.9996334 -0.0268937 0.0031012 39.8682365
0.0268557 0.9995707 0.0117083 1.1990540
-0.0034148 -0.0116207 0.9999266 0.4951136
0.0000000 0.0000000 0.0000000 1.0000000
0.9996468 -0.0261029 0.0049554 39.9637871
0.0260537 0.9996130 0.0097413 1.2141160
-0.0052078 -0.0096088 0.9999402 0.4945148
0.0000000 0.0000000 0.0000000 1.0000000
0.9996594 -0.0256839 0.0046092 40.0654984
0.0256343 0.9996159 0.0105221 1.2235045
-0.0048777 -0.0104003 0.9999340 0.4909641
0.0000000 0.0000000 0.0000000 1.0000000
0.9996988 -0.0242700 0.0036048 40.2051735
0.0242378 0.9996679 0.0087364 1.2342227
-0.0038156 -0.0086464 0.9999553 0.4909174
0.0000000 0.0000000 0.0000000 1.0000000
0.9997249 -0.0234156 0.0012407 40.6236153
0.0234038 0.9996869 0.0088391 1.2448610
-0.0014473 -0.0088076 0.9999601 0.4884064
0.0000000 0.0000000 0.0000000 1.0000000
0.9997470 -0.0224631 -0.0010728 40.8305168
0.0224707 0.9997181 0.0076474 1.2552561
0.0009007 -0.0076696 0.9999701 0.4949859
0.0000000 0.0000000 0.0000000 1.0000000
0.9997519 -0.0218436 -0.0043428 41.2372856
0.0218717 0.9997393 0.0065336 1.2686200
0.0041990 -0.0066269 0.9999692 0.5051014
0.0000000 0.0000000 0.0000000 1.0000000
0.9997637 -0.0209393 -0.0058207 41.3806496
0.0209700 0.9997662 0.0052528 1.2705041
0.0057093 -0.0053736 0.9999692 0.5142977
0.0000000 0.0000000 0.0000000 1.0000000
0.9997724 -0.0209954 -0.0037757 41.5672150
0.0210091 0.9997726 0.0036144 1.2714018
0.0036989 -0.0036929 0.9999863 0.5229083
0.0000000 0.0000000 0.0000000 1.0000000
0.9998105 -0.0193243 0.0023495 41.8203201
0.0193187 0.9998103 0.0024052 1.2778661
-0.0023956 -0.0023594 0.9999943 0.5303496
0.0000000 0.0000000 0.0000000 1.0000000
0.9997964 -0.0183275 0.0084358 42.1953659
0.0183157 0.9998310 0.0014818 1.2796332
-0.0084616 -0.0013270 0.9999632 0.5370638
0.0000000 0.0000000 0.0000000 1.0000000
0.9997972 -0.0176502 0.0096942 42.5969734
0.0176543 0.9998440 -0.0003306 1.2790263
-0.0096868 0.0005016 0.9999529 0.5379718
0.0000000 0.0000000 0.0000000 1.0000000
0.9998439 -0.0162034 0.0070382 42.8602715
0.0162235 0.9998643 -0.0028058 1.2773236
-0.0069918 0.0029196 0.9999712 0.5359574
0.0000000 0.0000000 0.0000000 1.0000000
0.9998683 -0.0157402 0.0039341 43.2420120
0.0157556 0.9998681 -0.0039109 1.2801429
-0.0038720 0.0039724 0.9999845 0.5354268
0.0000000 0.0000000 0.0000000 1.0000000
0.9998684 -0.0162200 -0.0001138 43.3638840
0.0162199 0.9998681 -0.0006511 1.2830802
0.0001243 0.0006491 0.9999996 0.5351791
0.0000000 0.0000000 0.0000000 1.0000000
0.9998651 -0.0158708 -0.0042312 43.8797569
0.0158712 0.9998739 0.0000517 1.2916002
0.0042299 -0.0001189 0.9999909 0.5444973
0.0000000 0.0000000 0.0000000 1.0000000
0.9998788 -0.0146939 -0.0051300 44.4921494
0.0147129 0.9998848 0.0036718 1.3060604
0.0050755 -0.0037468 0.9999799 0.5551994
0.0000000 0.0000000 0.0000000 1.0000000
0.9999089 -0.0133688 -0.0018190 45.4809074
0.0133812 0.9998860 0.0069735 1.3321118
0.0017256 -0.0069972 0.9999738 0.5686145
0.0000000 0.0000000 0.0000000 1.0000000
0.9999136 -0.0131229 0.0007007 46.1160622
0.0131171 0.9998845 0.0076536 1.3399872
-0.0008011 -0.0076438 0.9999703 0.5832707
0.0000000 0.0000000 0.0000000 1.0000000
0.9999133 -0.0130921 0.0013831 46.3751602
0.0130807 0.9998824 0.0079784 1.3450890
-0.0014874 -0.0079596 0.9999670 0.5877326
0.0000000 0.0000000 0.0000000 1.0000000
0.9999102 -0.0131754 0.0024224 46.8987961
0.0131592 0.9998915 0.0065860 1.3500503
-0.0025089 -0.0065535 0.9999751 0.5959273
0.0000000 0.0000000 0.0000000 1.0000000
0.9999003 -0.0135736 0.0038571 47.3505783
0.0135501 0.9998897 0.0060557 1.3561423
-0.0039389 -0.0060028 0.9999740 0.6030582
0.0000000 0.0000000 0.0000000 1.0000000
0.9998822 -0.0140911 0.0060642 48.1834221
0.0140639 0.9998908 0.0045013 1.3623307
-0.0061269 -0.0044155 0.9999713 0.6123133
0.0000000 0.0000000 0.0000000 1.0000000
0.9998479 -0.0155831 0.0078137 48.4781952
0.0155575 0.9998733 0.0033302 1.3641160
-0.0078646 -0.0032081 0.9999637 0.6148325
0.0000000 0.0000000 0.0000000 1.0000000
0.9998580 -0.0155217 0.0065537 48.5937653
0.0155006 0.9998744 0.0032616 1.3631196
-0.0066035 -0.0031596 0.9999730 0.6185405
0.0000000 0.0000000 0.0000000 1.0000000
0.9998599 -0.0165192 0.0026571 48.9952164
0.0165095 0.9998569 0.0036377 1.3719753
-0.0027168 -0.0035934 0.9999896 0.6235129
0.0000000 0.0000000 0.0000000 1.0000000
0.9998420 -0.0177557 0.0006276 49.0224724
0.0177525 0.9998307 0.0048206 1.3729322
-0.0007131 -0.0048087 0.9999880 0.6282852
0.0000000 0.0000000 0.0000000 1.0000000
0.9998263 -0.0185571 0.0016856 49.2055168
0.0185456 0.9998060 0.0066179 1.3803543
-0.0018081 -0.0065855 0.9999765 0.6340572
0.0000000 0.0000000 0.0000000 1.0000000
0.9997991 -0.0191633 0.0058559 49.6798439
0.0191202 0.9997903 0.0073239 1.3914069
-0.0059950 -0.0072105 0.9999558 0.6419170
0.0000000 0.0000000 0.0000000 1.0000000
0.9997308 -0.0208959 0.0100655 50.2312737
0.0208100 0.9997466 0.0085708 1.4105595
-0.0102421 -0.0083590 0.9999124 0.6457681
0.0000000 0.0000000 0.0000000 1.0000000
0.9996988 -0.0219152 0.0110282 51.2670364
0.0218149 0.9997202 0.0091390 1.4414092
-0.0112254 -0.0088956 0.9998972 0.6545214
0.0000000 0.0000000 0.0000000 1.0000000
0.9997236 -0.0215687 0.0093407 52.3114891
0.0214809 0.9997250 0.0094012 1.4704298
-0.0095409 -0.0091979 0.9999120 0.6602321
0.0000000 0.0000000 0.0000000 1.0000000
0.9997026 -0.0227008 0.0088923 53.3534164
0.0226176 0.9997004 0.0093466 1.4996437
-0.0091018 -0.0091427 0.9999166 0.6689106
0.0000000 0.0000000 0.0000000 1.0000000
0.9996945 -0.0230608 0.0088778 54.2855415
0.0229781 0.9996926 0.0093102 1.5263605
-0.0090898 -0.0091034 0.9999170 0.6753008
0.0000000 0.0000000 0.0000000 1.0000000
0.9996811 -0.0235349 0.0091386 55.0122910
0.0234627 0.9996932 0.0079377 1.5476533
-0.0093226 -0.0077207 0.9999265 0.6837156
0.0000000 0.0000000 0.0000000 1.0000000
0.9996485 -0.0241475 0.0109297 55.5790558
0.0240697 0.9996843 0.0071958 1.5620418
-0.0111001 -0.0069302 0.9999142 0.6886123
0.0000000 0.0000000 0.0000000 1.0000000
0.9995927 -0.0251284 0.0135170 56.1512566
0.0250358 0.9996622 0.0069789 1.5838507
-0.0136878 -0.0066376 0.9998841 0.6919276
0.0000000 0.0000000 0.0000000 1.0000000
0.9995478 -0.0262573 0.0146419 57.1224899
0.0261738 0.9996402 0.0058635 1.6106673
-0.0147906 -0.0054777 0.9998754 0.7003720
0.0000000 0.0000000 0.0000000 1.0000000
0.9995089 -0.0275904 0.0148476 58.0706863
0.0275245 0.9996104 0.0046264 1.6373392
-0.0149694 -0.0042154 0.9998788 0.7051825
0.0000000 0.0000000 0.0000000 1.0000000
0.9994110 -0.0311284 0.0144355 58.9896507
0.0310706 0.9995083 0.0042093 1.6703895
-0.0145594 -0.0037583 0.9998867 0.7144904
0.0000000 0.0000000 0.0000000 1.0000000
0.9993213 -0.0341029 0.0139149 59.8950081
0.0340495 0.9994118 0.0040567 1.7042035
-0.0140451 -0.0035801 0.9998947 0.7194290
0.0000000 0.0000000 0.0000000 1.0000000
0.9992607 -0.0357693 0.0140802 60.7904816
0.0357157 0.9993537 0.0040416 1.7426113
-0.0142156 -0.0035357 0.9998924 0.7279255
0.0000000 0.0000000 0.0000000 1.0000000
0.9990922 -0.0397382 0.0153445 61.6513176
0.0396639 0.9991999 0.0051149 1.7821016
-0.0155354 -0.0045016 0.9998689 0.7344227
0.0000000 0.0000000 0.0000000 1.0000000
0.9989927 -0.0418624 0.0161504 62.4946823
0.0417692 0.9991088 0.0060612 1.8219558
-0.0163898 -0.0053805 0.9998509 0.7402551
0.0000000 0.0000000 0.0000000 1.0000000
0.9988104 -0.0454577 0.0176400 63.3100052
0.0453453 0.9989487 0.0067177 1.8655174
-0.0179268 -0.0059098 0.9998215 0.7459493
0.0000000 0.0000000 0.0000000 1.0000000
0.9987263 -0.0470258 0.0182760 64.0946732
0.0468849 0.9988677 0.0080636 1.9102851
-0.0186345 -0.0071964 0.9998001 0.7479175
0.0000000 0.0000000 0.0000000 1.0000000
0.9985752 -0.0500039 0.0186222 64.8610382
0.0498280 0.9987097 0.0097926 1.9541773
-0.0190878 -0.0088507 0.9997783 0.7525865
0.0000000 0.0000000 0.0000000 1.0000000
0.9984606 -0.0525249 0.0178093 65.5866776
0.0523294 0.9985662 0.0112734 1.9998256
-0.0183759 -0.0103241 0.9997775 0.7572602
0.0000000 0.0000000 0.0000000 1.0000000
0.9984356 -0.0540362 0.0143568 66.2852249
0.0538516 0.9984649 0.0129501 2.0433314
-0.0150345 -0.0121567 0.9998127 0.7626544
0.0000000 0.0000000 0.0000000 1.0000000
0.9983395 -0.0566142 0.0106097 66.9523163
0.0564444 0.9982826 0.0156734 2.0891831
-0.0114788 -0.0150485 0.9998205 0.7677456
0.0000000 0.0000000 0.0000000 1.0000000
0.9982324 -0.0589397 0.0075989 67.5819397
0.0587965 0.9981100 0.0178657 2.1348937
-0.0086375 -0.0173874 0.9998112 0.7709152
0.0000000 0.0000000 0.0000000 1.0000000
0.9981735 -0.0600549 0.0065331 68.1938934
0.0599156 0.9980076 0.0197656 2.1810033
-0.0077071 -0.0193381 0.9997830 0.7788430
0.0000000 0.0000000 0.0000000 1.0000000
0.9982008 -0.0595787 0.0067237 68.7844238
0.0594166 0.9979869 0.0221692 2.2234151
-0.0080310 -0.0217299 0.9997313 0.7875987
0.0000000 0.0000000 0.0000000 1.0000000
0.9983764 -0.0563749 0.0081255 69.3504333
0.0561529 0.9980999 0.0253595 2.2590926
-0.0095397 -0.0248620 0.9996451 0.7929934
0.0000000 0.0000000 0.0000000 1.0000000
0.9986305 -0.0514565 0.0094336 69.8913422
0.0511705 0.9982860 0.0283951 2.2960000
-0.0108786 -0.0278735 0.9995520 0.7998225
0.0000000 0.0000000 0.0000000 1.0000000
0.9989866 -0.0435437 0.0113771 70.4104462
0.0431976 0.9986430 0.0290801 2.3165720
-0.0126279 -0.0285591 0.9995120 0.8060335
0.0000000 0.0000000 0.0000000 1.0000000
0.9993085 -0.0345820 0.0136462 70.9084702
0.0341766 0.9989977 0.0288998 2.3376775
-0.0146320 -0.0284134 0.9994888 0.8100927
0.0000000 0.0000000 0.0000000 1.0000000
0.9996338 -0.0224193 0.0151403 71.3820496
0.0219863 0.9993608 0.0281818 2.3447480
-0.0157625 -0.0278386 0.9994878 0.8162925
0.0000000 0.0000000 0.0000000 1.0000000
0.9998339 -0.0095161 0.0155322 71.8350449
0.0090874 0.9995820 0.0274388 2.3482742
-0.0157868 -0.0272931 0.9995025 0.8198934
0.0000000 0.0000000 0.0000000 1.0000000
0.9998641 0.0058005 0.0154238 72.2653503
-0.0062144 0.9996181 0.0269195 2.3401785
-0.0152618 -0.0270117 0.9995183 0.8244265
0.0000000 0.0000000 0.0000000 1.0000000
0.9996370 0.0234683 0.0132232 72.6898422
-0.0238065 0.9993775 0.0260277 2.3277166
-0.0126041 -0.0263330 0.9995734 0.8307583
0.0000000 0.0000000 0.0000000 1.0000000
0.9989694 0.0444496 0.0091691 73.0993652
-0.0446704 0.9986766 0.0254816 2.3024063
-0.0080243 -0.0258649 0.9996329 0.8318903
0.0000000 0.0000000 0.0000000 1.0000000
0.9975743 0.0694378 0.0048556 73.5091171
-0.0695341 0.9972970 0.0237349 2.2599719
-0.0031943 -0.0240149 0.9997061 0.8353648
0.0000000 0.0000000 0.0000000 1.0000000
0.9953407 0.0963772 0.0028423 73.8980484
-0.0964162 0.9951057 0.0216367 2.2044427
-0.0007431 -0.0218100 0.9997615 0.8406010
0.0000000 0.0000000 0.0000000 1.0000000
0.9919404 0.1266836 0.0023101 74.2901535
-0.1267045 0.9917486 0.0195036 2.1343460
0.0001798 -0.0196391 0.9998068 0.8452399
0.0000000 0.0000000 0.0000000 1.0000000
0.9872922 0.1589119 0.0008921 74.6608276
-0.1589034 0.9871420 0.0173193 2.0608711
0.0018716 -0.0172410 0.9998493 0.8515754
0.0000000 0.0000000 0.0000000 1.0000000
0.9808685 0.1946699 -0.0005335 75.0318298
-0.1946400 0.9807595 0.0150222 1.9680094
0.0034476 -0.0146309 0.9998867 0.8570176
0.0000000 0.0000000 0.0000000 1.0000000
0.9725441 0.2327159 -0.0009516 75.3889084
-0.2326894 0.9724812 0.0116446 1.8605582
0.0036353 -0.0111035 0.9999314 0.8665336
0.0000000 0.0000000 0.0000000 1.0000000
0.9621459 0.2725319 -0.0011711 75.7450409
-0.2725070 0.9621013 0.0100271 1.7344363
0.0038594 -0.0093284 0.9999487 0.8771685
0.0000000 0.0000000 0.0000000 1.0000000
0.9495108 0.3137305 -0.0014316 76.0723038
-0.3136986 0.9494628 0.0106341 1.6061300
0.0046955 -0.0096481 0.9999421 0.8877187
0.0000000 0.0000000 0.0000000 1.0000000
0.9339043 0.3575216 -0.0008190 76.4045792
-0.3574825 0.9338315 0.0128273 1.4619583
0.0053509 -0.0116867 0.9999170 0.8906759
0.0000000 0.0000000 0.0000000 1.0000000
0.9157026 0.4018557 0.0006992 76.7266159
-0.4018332 0.9156300 0.0123026 1.2963421
0.0043037 -0.0115465 0.9999237 0.8992099
0.0000000 0.0000000 0.0000000 1.0000000
0.8951955 0.4456697 0.0017802 77.0293732
-0.4456584 0.8951262 0.0117110 1.1218803
0.0036257 -0.0112769 0.9999295 0.9012955
0.0000000 0.0000000 0.0000000 1.0000000
0.8718132 0.4898354 0.0016347 77.3263702
-0.4898239 0.8717579 0.0105022 0.9259967
0.0037193 -0.0099566 0.9999431 0.9109269
0.0000000 0.0000000 0.0000000 1.0000000
0.8464552 0.5324596 0.0002242 77.6056519
-0.5324313 0.8464058 0.0106586 0.7245362
0.0054855 -0.0091414 0.9999428 0.9224948
0.0000000 0.0000000 0.0000000 1.0000000
0.8186722 0.5742581 -0.0017556 77.8779373
-0.5741966 0.8186226 0.0124383 0.5063279
0.0085800 -0.0091748 0.9999207 0.9328470
0.0000000 0.0000000 0.0000000 1.0000000
0.7882343 0.6153664 -0.0032458 78.1296539
-0.6152382 0.7881593 0.0169183 0.2817755
0.0129691 -0.0113386 0.9998512 0.9399438
0.0000000 0.0000000 0.0000000 1.0000000
0.7540557 0.6568041 -0.0027980 78.3854294
-0.6565943 0.7539102 0.0224212 0.0389055
0.0168358 -0.0150696 0.9997443 0.9462445
0.0000000 0.0000000 0.0000000 1.0000000
0.7169971 0.6970738 -0.0016841 78.6202316
-0.6967843 0.7167651 0.0271812 -0.2072785
0.0201544 -0.0183154 0.9996287 0.9479606
0.0000000 0.0000000 0.0000000 1.0000000
0.6775149 0.7355065 -0.0018363 78.8507156
-0.7352018 0.6773022 0.0271939 -0.4867113
0.0212451 -0.0170742 0.9996281 0.9562640
0.0000000 0.0000000 0.0000000 1.0000000
0.6357958 0.7718548 -0.0018673 79.0662918
-0.7715971 0.6356426 0.0244098 -0.7892029
0.0200277 -0.0140789 0.9997000 0.9732291
0.0000000 0.0000000 0.0000000 1.0000000
0.5921274 0.8058441 -0.0000408 79.2612991
-0.8056365 0.5919760 0.0226604 -1.0971384
0.0182849 -0.0133850 0.9997429 0.9780541
0.0000000 0.0000000 0.0000000 1.0000000
0.5452726 0.8382559 0.0020801 79.4554520
-0.8381037 0.5451226 0.0205665 -1.4284126
0.0161061 -0.0129577 0.9997860 0.9889667
0.0000000 0.0000000 0.0000000 1.0000000
0.4978892 0.8672332 0.0035422 79.6172791
-0.8671260 0.4977531 0.0182700 -1.7627310
0.0140812 -0.0121680 0.9998264 0.9941692
0.0000000 0.0000000 0.0000000 1.0000000
0.4467213 0.8946648 0.0038304 79.7648697
-0.8946159 0.4466405 0.0131959 -2.1151817
0.0100951 -0.0093216 0.9999052 1.0127405
0.0000000 0.0000000 0.0000000 1.0000000
0.3952898 0.9185306 0.0068651 79.8983002
-0.9185116 0.3951862 0.0127936 -2.4736810
0.0090384 -0.0113628 0.9998942 1.0195177
0.0000000 0.0000000 0.0000000 1.0000000
0.3440774 0.9388938 0.0094243 80.0223770
-0.9388586 0.3438970 0.0166993 -2.8418684
0.0124379 -0.0145939 0.9998158 1.0290228
0.0000000 0.0000000 0.0000000 1.0000000
0.2936692 0.9558384 0.0114406 80.1238098
-0.9557403 0.2933736 0.0221794 -3.2283053
0.0178435 -0.0174476 0.9996881 1.0352311
0.0000000 0.0000000 0.0000000 1.0000000
0.2474601 0.9688454 0.0100880 80.2038269
-0.9686821 0.2471719 0.0236753 -3.6231940
0.0204443 -0.0156307 0.9996684 1.0385412
0.0000000 0.0000000 0.0000000 1.0000000
0.2050805 0.9787371 0.0039121 80.2711792
-0.9785088 0.2049417 0.0227817 -4.0360303
0.0214955 -0.0085001 0.9997324 1.0518192
0.0000000 0.0000000 0.0000000 1.0000000
0.1700403 0.9854327 -0.0028705 80.3186951
-0.9851816 0.1700619 0.0222650 -4.4651375
0.0224289 -0.0009580 0.9997476 1.0638192
0.0000000 0.0000000 0.0000000 1.0000000
0.1382733 0.9903790 -0.0054317 80.3743057
-0.9901218 0.1383618 0.0226806 -4.9131894
0.0232139 0.0022419 0.9997277 1.0762317
0.0000000 0.0000000 0.0000000 1.0000000
0.1105283 0.9938687 -0.0028370 80.4186630
-0.9936473 0.1105636 0.0209842 -5.3745689
0.0211692 0.0004996 0.9997755 1.0884224
0.0000000 0.0000000 0.0000000 1.0000000
0.0851261 0.9963623 0.0039174 80.4661331
-0.9962112 0.0850418 0.0181841 -5.8539000
0.0177848 -0.0054505 0.9998267 1.0944852
0.0000000 0.0000000 0.0000000 1.0000000
0.0608958 0.9981053 0.0087823 80.5006256
-0.9980510 0.0607678 0.0141770 -6.3602519
0.0136165 -0.0096285 0.9998606 1.0993679
0.0000000 0.0000000 0.0000000 1.0000000
0.0392038 0.9992173 0.0052404 80.5080414
-0.9991705 0.0391432 0.0112091 -6.8791513
0.0109952 -0.0056755 0.9999232 1.1155757
0.0000000 0.0000000 0.0000000 1.0000000
0.0188511 0.9998207 -0.0016403 80.5024109
-0.9997588 0.0188684 0.0112237 -7.4160900
0.0112527 0.0014284 0.9999354 1.1322775
0.0000000 0.0000000 0.0000000 1.0000000
0.0003041 0.9999768 -0.0067653 80.4915085
-0.9999136 0.0003930 0.0131244 -7.9737344
0.0131267 0.0067607 0.9998907 1.1487637
0.0000000 0.0000000 0.0000000 1.0000000
-0.0136610 0.9998826 -0.0068966 80.4807968
-0.9997455 -0.0135347 0.0180347 -8.5442104
0.0179392 0.0071413 0.9998133 1.1534302
0.0000000 0.0000000 0.0000000 1.0000000
-0.0257175 0.9996622 -0.0036938 80.4777222
-0.9994215 -0.0256287 0.0223457 -9.1358814
0.0222435 0.0042663 0.9997432 1.1567826
0.0000000 0.0000000 0.0000000 1.0000000
-0.0315136 0.9994921 -0.0046826 80.4527206
-0.9992498 -0.0313998 0.0226608 -9.7490587
0.0225023 0.0053932 0.9997320 1.1680228
0.0000000 0.0000000 0.0000000 1.0000000
-0.0342909 0.9993504 -0.0110698 80.4211044
-0.9992361 -0.0340751 0.0191222 -10.3915234
0.0187326 0.0117171 0.9997556 1.1905537
0.0000000 0.0000000 0.0000000 1.0000000
-0.0344992 0.9993174 -0.0131964 80.3998413
-0.9992591 -0.0342659 0.0175145 -11.0474920
0.0170504 0.0137909 0.9997592 1.2048881
0.0000000 0.0000000 0.0000000 1.0000000
-0.0324618 0.9993951 -0.0124634 80.3827438
-0.9993319 -0.0322453 0.0171937 -11.7342644
0.0167814 0.0130132 0.9997742 1.2257894
0.0000000 0.0000000 0.0000000 1.0000000
-0.0312452 0.9994686 -0.0092657 80.3727112
-0.9993588 -0.0310769 0.0177736 -12.4231310
0.0174762 0.0098151 0.9997988 1.2358351
0.0000000 0.0000000 0.0000000 1.0000000
-0.0298877 0.9995168 -0.0085151 80.3579254
-0.9993840 -0.0297248 0.0186477 -13.1372662
0.0183856 0.0090672 0.9997895 1.2534441
0.0000000 0.0000000 0.0000000 1.0000000
-0.0288492 0.9995522 -0.0079308 80.3416672
-0.9993982 -0.0286901 0.0194879 -13.8643303
0.0192516 0.0084882 0.9997783 1.2703424
0.0000000 0.0000000 0.0000000 1.0000000
-0.0285498 0.9995620 -0.0077797 80.3272476
-0.9994252 -0.0284019 0.0184999 -14.5802822
0.0182708 0.0083034 0.9997983 1.2916459
0.0000000 0.0000000 0.0000000 1.0000000
-0.0272816 0.9996048 -0.0067637 80.3149033
-0.9994733 -0.0271578 0.0177518 -15.3431177
0.0175610 0.0072445 0.9998193 1.3072321
0.0000000 0.0000000 0.0000000 1.0000000
-0.0270605 0.9996088 -0.0070587 80.2955399
-0.9995046 -0.0269428 0.0162567 -16.1052837
0.0160602 0.0074951 0.9998426 1.3288866
0.0000000 0.0000000 0.0000000 1.0000000
-0.0279407 0.9995774 -0.0080058 80.2954407
-0.9995270 -0.0278346 0.0130616 -16.5964928
0.0128333 0.0083669 0.9998823 1.3433156
0.0000000 0.0000000 0.0000000 1.0000000
-0.0282715 0.9995719 -0.0075167 80.3150177
-0.9995329 -0.0281816 0.0117985 -16.7653255
0.0115816 0.0078467 0.9999018 1.3435432
0.0000000 0.0000000 0.0000000 1.0000000
-0.0290839 0.9995659 -0.0046819 80.3272171
-0.9995211 -0.0290325 0.0106859 -17.1222610
0.0105453 0.0049905 0.9999316 1.3489327
0.0000000 0.0000000 0.0000000 1.0000000
-0.0300464 0.9995232 -0.0071014 80.3248367
-0.9995186 -0.0299901 0.0079058 -17.5717907
0.0076891 0.0073356 0.9999432 1.3573456
0.0000000 0.0000000 0.0000000 1.0000000
-0.0313859 0.9994788 -0.0075400 80.2997665
-0.9994910 -0.0313418 0.0058958 -18.3810558
0.0056564 0.0077212 0.9999539 1.3769213
0.0000000 0.0000000 0.0000000 1.0000000
-0.0324138 0.9994572 -0.0058610 80.2824860
-0.9994604 -0.0323819 0.0054470 -19.2067814
0.0052543 0.0060344 0.9999676 1.3908783
0.0000000 0.0000000 0.0000000 1.0000000
-0.0328897 0.9994562 -0.0022698 80.2689438
-0.9994151 -0.0328669 0.0094091 -19.9904804
0.0093293 0.0025780 0.9999528 1.4050732
0.0000000 0.0000000 0.0000000 1.0000000
-0.0342030 0.9994084 -0.0035599 80.2462540
-0.9993168 -0.0341496 0.0141066 -20.8137760
0.0139767 0.0040400 0.9998938 1.4197885
0.0000000 0.0000000 0.0000000 1.0000000
-0.0346930 0.9993907 -0.0037775 80.2201691
-0.9992921 -0.0346341 0.0146628 -21.6466846
0.0145231 0.0042835 0.9998850 1.4441860
0.0000000 0.0000000 0.0000000 1.0000000
-0.0366325 0.9993285 -0.0004177 80.2009659
-0.9992471 -0.0366242 0.0127715 -22.4810791
0.0127476 0.0008852 0.9999180 1.4611433
0.0000000 0.0000000 0.0000000 1.0000000
-0.0376396 0.9992884 0.0023450 80.2060394
-0.9992554 -0.0376579 0.0083618 -22.8851547
0.0084441 -0.0020286 0.9999619 1.4721682
0.0000000 0.0000000 0.0000000 1.0000000
-0.0383939 0.9992568 0.0033479 80.1807480
-0.9992577 -0.0384036 0.0029135 -23.7204914
0.0030399 -0.0032335 0.9999897 1.4945558
0.0000000 0.0000000 0.0000000 1.0000000
-0.0382816 0.9992437 0.0067913 80.1627197
-0.9992618 -0.0382591 -0.0033921 -24.4978294
-0.0031297 -0.0069161 0.9999708 1.5072309
0.0000000 0.0000000 0.0000000 1.0000000
-0.0378553 0.9992404 0.0092272 80.1420593
-0.9992725 -0.0378111 -0.0049116 -25.3430901
-0.0045590 -0.0094064 0.9999450 1.5180621
0.0000000 0.0000000 0.0000000 1.0000000
-0.0374875 0.9992748 0.0066310 80.1149292
-0.9992958 -0.0374958 0.0011521 -26.1677780
0.0013999 -0.0065832 0.9999770 1.5365479
0.0000000 0.0000000 0.0000000 1.0000000
-0.0362142 0.9993322 0.0048038 80.0846558
-0.9992769 -0.0362669 0.0113922 -26.9935074
0.0115588 -0.0043877 0.9999232 1.5528226
0.0000000 0.0000000 0.0000000 1.0000000
-0.0359730 0.9993453 0.0037908 80.0589981
-0.9992294 -0.0360278 0.0155616 -27.8210735
0.0156880 -0.0032281 0.9998714 1.5673592
0.0000000 0.0000000 0.0000000 1.0000000
-0.0342140 0.9994128 0.0017217 80.0321884
-0.9993517 -0.0342311 0.0111323 -28.6588078
0.0111847 -0.0013398 0.9999362 1.5811625
0.0000000 0.0000000 0.0000000 1.0000000
-0.0328693 0.9994566 -0.0023593 80.0037308
-0.9994526 -0.0328602 0.0037638 -29.4935532
0.0036842 0.0024817 0.9999898 1.6041962
0.0000000 0.0000000 0.0000000 1.0000000
-0.0334667 0.9994332 -0.0035531 79.9779510
-0.9994395 -0.0334666 0.0000933 -30.3202820
-0.0000257 0.0035543 0.9999934 1.6252282
0.0000000 0.0000000 0.0000000 1.0000000
-0.0326189 0.9994645 -0.0024756 79.9609604
-0.9994676 -0.0326189 0.0000081 -31.1372509
-0.0000727 0.0024745 0.9999967 1.6390418
0.0000000 0.0000000 0.0000000 1.0000000
-0.0349137 0.9993897 0.0008381 79.9433212
-0.9993896 -0.0349144 0.0008657 -31.9563084
0.0008944 -0.0008073 0.9999990 1.6517496
0.0000000 0.0000000 0.0000000 1.0000000
-0.0360318 0.9993470 0.0025954 79.9237518
-0.9993496 -0.0360349 0.0011622 -32.7687531
0.0012550 -0.0025518 0.9999956 1.6642778
0.0000000 0.0000000 0.0000000 1.0000000
-0.0390994 0.9992282 0.0036959 79.8967133
-0.9992346 -0.0391027 0.0008574 -33.5831413
0.0010012 -0.0036596 0.9999925 1.6781824
0.0000000 0.0000000 0.0000000 1.0000000
-0.0404775 0.9991693 0.0046625 79.8716736
-0.9991797 -0.0404816 0.0008037 -34.3901482
0.0009918 -0.0046262 0.9999885 1.6968853
0.0000000 0.0000000 0.0000000 1.0000000
-0.0427149 0.9990622 0.0070411 79.8435211
-0.9990860 -0.0427240 0.0011431 -35.1918182
0.0014428 -0.0069858 0.9999743 1.7093468
0.0000000 0.0000000 0.0000000 1.0000000
-0.0458132 0.9989120 0.0086751 79.8123245
-0.9989495 -0.0458167 0.0002100 -35.9957008
0.0006073 -0.0086564 0.9999620 1.7218010
0.0000000 0.0000000 0.0000000 1.0000000
-0.0474389 0.9988413 0.0080592 79.7797928
-0.9988738 -0.0474362 -0.0005219 -36.7877960
-0.0001390 -0.0080748 0.9999671 1.7391253
0.0000000 0.0000000 0.0000000 1.0000000
-0.0504908 0.9986889 0.0083878 79.7469788
-0.9987242 -0.0504877 -0.0005722 -37.5767937
-0.0001480 -0.0084060 0.9999644 1.7521544
0.0000000 0.0000000 0.0000000 1.0000000
-0.0518286 0.9986159 0.0089091 79.7307129
-0.9986557 -0.0518248 -0.0006500 -38.1118622
-0.0001874 -0.0089308 0.9999598 1.7600704
0.0000000 0.0000000 0.0000000 1.0000000
-0.0534742 0.9985297 0.0088401 79.6891937
-0.9985689 -0.0534701 -0.0006985 -38.8885689
-0.0002248 -0.0088648 0.9999604 1.7703388
0.0000000 0.0000000 0.0000000 1.0000000
-0.0540487 0.9985096 0.0075231 79.6439133
-0.9985369 -0.0540362 -0.0018522 -39.6585999
-0.0014429 -0.0076122 0.9999697 1.7860960
0.0000000 0.0000000 0.0000000 1.0000000
-0.0555660 0.9984306 0.0069242 79.5999527
-0.9984521 -0.0555487 -0.0026666 -40.4307442
-0.0022778 -0.0070616 0.9999722 1.8001478
0.0000000 0.0000000 0.0000000 1.0000000
-0.0577374 0.9983019 0.0076828 79.5593719
-0.9983278 -0.0577143 -0.0031850 -41.1981316
-0.0027362 -0.0078539 0.9999652 1.8128870
0.0000000 0.0000000 0.0000000 1.0000000
-0.0585202 0.9982463 0.0088923 79.5164337
-0.9982793 -0.0584850 -0.0041643 -41.9566689
-0.0036369 -0.0091207 0.9999515 1.8256332
0.0000000 0.0000000 0.0000000 1.0000000
-0.0606325 0.9981166 0.0092883 79.4796677
-0.9981500 -0.0605878 -0.0050154 -42.6981125
-0.0044432 -0.0095752 0.9999440 1.8364352
0.0000000 0.0000000 0.0000000 1.0000000
-0.0611693 0.9980827 0.0094034 79.4431152
-0.9981150 -0.0611194 -0.0055035 -43.3816109
-0.0049183 -0.0097224 0.9999404 1.8463360
0.0000000 0.0000000 0.0000000 1.0000000
-0.0617859 0.9980542 0.0083332 79.3999710
-0.9980844 -0.0617576 -0.0036140 -44.0917549
-0.0030924 -0.0085406 0.9999585 1.8585107
0.0000000 0.0000000 0.0000000 1.0000000
-0.0615441 0.9980612 0.0092328 79.3601227
-0.9981039 -0.0615353 -0.0012265 -44.7878952
-0.0006560 -0.0092908 0.9999564 1.8728579
0.0000000 0.0000000 0.0000000 1.0000000
-0.0622575 0.9980025 0.0106879 79.3240585
-0.9980592 -0.0622656 0.0004269 -45.4883575
0.0010915 -0.0106406 0.9999425 1.8817582
0.0000000 0.0000000 0.0000000 1.0000000
-0.0632707 0.9979454 0.0100432 79.2835159
-0.9979951 -0.0632813 0.0007406 -46.1878471
0.0013746 -0.0099762 0.9999490 1.8931761
0.0000000 0.0000000 0.0000000 1.0000000
-0.0631846 0.9979652 0.0084994 79.2416000
-0.9980010 -0.0631907 0.0004506 -46.8675156
0.0009868 -0.0084539 0.9999635 1.9063157
0.0000000 0.0000000 0.0000000 1.0000000
-0.0639683 0.9979221 0.0076651 79.1991959
-0.9979516 -0.0639686 -0.0001976 -47.5646896
0.0002931 -0.0076620 0.9999704 1.9192169
0.0000000 0.0000000 0.0000000 1.0000000
-0.0639722 0.9978895 0.0110991 79.1619186
-0.9979509 -0.0639796 0.0003235 -48.2529907
0.0010329 -0.0110556 0.9999381 1.9273778
0.0000000 0.0000000 0.0000000 1.0000000
-0.0643095 0.9978480 0.0127566 79.1250763
-0.9979290 -0.0643194 0.0003759 -48.9298592
0.0011955 -0.0127060 0.9999183 1.9407884
0.0000000 0.0000000 0.0000000 1.0000000
-0.0642733 0.9978609 0.0119045 79.0843048
-0.9979320 -0.0642677 -0.0008519 -49.6048698
-0.0000850 -0.0119347 0.9999285 1.9545910
0.0000000 0.0000000 0.0000000 1.0000000
-0.0657766 0.9977664 0.0116060 79.0447235
-0.9978337 -0.0657618 -0.0016446 -50.2840195
-0.0008777 -0.0116891 0.9999310 1.9643680
0.0000000 0.0000000 0.0000000 1.0000000
-0.0699952 0.9974446 0.0142860 79.0069733
-0.9975459 -0.0699663 -0.0025096 -50.9645042
-0.0015036 -0.0144266 0.9998946 1.9741278
0.0000000 0.0000000 0.0000000 1.0000000
-0.0745378 0.9970880 0.0160827 78.9681396
-0.9972171 -0.0745081 -0.0024360 -51.6343803
-0.0012306 -0.0162195 0.9998674 1.9812994
0.0000000 0.0000000 0.0000000 1.0000000
-0.0810208 0.9966209 0.0134715 78.9104462
-0.9967116 -0.0810278 -0.0000283 -52.2961617
0.0010634 -0.0134295 0.9999090 1.9949472
0.0000000 0.0000000 0.0000000 1.0000000
-0.0879067 0.9960500 0.0124869 78.8494644
-0.9961237 -0.0879380 0.0019848 -52.9594612
0.0030751 -0.0122640 0.9999198 2.0067067
0.0000000 0.0000000 0.0000000 1.0000000
-0.0954473 0.9953531 0.0126920 78.7872162
-0.9954242 -0.0954957 0.0032631 -53.6309052
0.0044600 -0.0123224 0.9999138 2.0183895
0.0000000 0.0000000 0.0000000 1.0000000
-0.1015374 0.9947033 0.0159569 78.7268295
-0.9948241 -0.1015852 0.0022143 -54.2947006
0.0038235 -0.0156495 0.9998699 2.0315394
0.0000000 0.0000000 0.0000000 1.0000000
-0.1072427 0.9941077 0.0157522 78.6587601
-0.9942288 -0.1072728 0.0010807 -54.9696846
0.0027641 -0.0155454 0.9998750 2.0434334
0.0000000 0.0000000 0.0000000 1.0000000
-0.1119525 0.9935033 0.0204235 78.6280212
-0.9937117 -0.1119656 -0.0004972 -55.3487473
0.0017928 -0.0203508 0.9997910 2.0588953
0.0000000 0.0000000 0.0000000 1.0000000
-0.1161418 0.9929585 0.0233160 78.5549011
-0.9932313 -0.1161443 -0.0012502 -56.0356903
0.0014666 -0.0233034 0.9997270 2.0653517
0.0000000 0.0000000 0.0000000 1.0000000
-0.1192297 0.9926252 0.0218816 78.4722977
-0.9928654 -0.1191689 -0.0040604 -56.7416000
-0.0014228 -0.0222096 0.9997520 2.0734220
0.0000000 0.0000000 0.0000000 1.0000000
-0.1214319 0.9923981 0.0199862 78.3878098
-0.9925858 -0.1212998 -0.0076978 -57.4411354
-0.0052150 -0.0207728 0.9997703 2.0830293
0.0000000 0.0000000 0.0000000 1.0000000
-0.1236468 0.9921141 0.0205002 78.3004379
-0.9922937 -0.1234495 -0.0106279 -58.1678696
-0.0080134 -0.0216563 0.9997330 2.0913441
0.0000000 0.0000000 0.0000000 1.0000000
-0.1248118 0.9919451 0.0215885 78.2170029
-0.9921457 -0.1245963 -0.0110576 -58.8890839
-0.0082787 -0.0227990 0.9997054 2.0954580
0.0000000 0.0000000 0.0000000 1.0000000
-0.1256038 0.9918694 0.0204465 78.1264877
-0.9920667 -0.1254678 -0.0078066 -59.6203156
-0.0051778 -0.0212648 0.9997601 2.0995643
0.0000000 0.0000000 0.0000000 1.0000000
-0.1264390 0.9918609 0.0149828 78.0247803
-0.9919723 -0.1263953 -0.0038294 -60.3548851
-0.0019045 -0.0153467 0.9998800 2.1021340
0.0000000 0.0000000 0.0000000 1.0000000
-0.1270155 0.9918572 0.0092549 77.9212265
-0.9918994 -0.1270236 0.0002982 -61.0877876
0.0014713 -0.0091420 0.9999567 2.1201489
0.0000000 0.0000000 0.0000000 1.0000000
-0.1282980 0.9917035 0.0079347 77.8268204
-0.9917327 -0.1283123 0.0013272 -61.8338547
0.0023342 -0.0076988 0.9999672 2.1223338
0.0000000 0.0000000 0.0000000 1.0000000
-0.1287110 0.9916410 0.0089931 77.7389450
-0.9916819 -0.1287083 -0.0008632 -62.5680962
0.0003015 -0.0090294 0.9999588 2.1306019
0.0000000 0.0000000 0.0000000 1.0000000
-0.1289315 0.9916220 0.0078490 77.6464615
-0.9916440 -0.1288918 -0.0053620 -63.3163605
-0.0043054 -0.0084748 0.9999544 2.1333859
0.0000000 0.0000000 0.0000000 1.0000000
-0.1295230 0.9915711 0.0031258 77.5431747
-0.9915540 -0.1294983 -0.0071001 -64.0698624
-0.0066354 -0.0040190 0.9999695 2.1471429
0.0000000 0.0000000 0.0000000 1.0000000
-0.1305307 0.9914438 -0.0001057 77.4487305
-0.9914218 -0.1305284 -0.0066985 -64.8024826
-0.0066549 -0.0007696 0.9999771 2.1576641
0.0000000 0.0000000 0.0000000 1.0000000
-0.1327955 0.9911396 0.0026098 77.3574829
-0.9911226 -0.1327751 -0.0068086 -65.5393829
-0.0064018 -0.0034908 0.9999729 2.1654012
0.0000000 0.0000000 0.0000000 1.0000000
-0.1349062 0.9908541 0.0027332 77.2621384
-0.9908390 -0.1348859 -0.0065970 -66.2745209
-0.0061680 -0.0035981 0.9999740 2.1730487
0.0000000 0.0000000 0.0000000 1.0000000
-0.1374718 0.9905007 0.0029711 77.1600647
-0.9904864 -0.1374497 -0.0066319 -67.0220718
-0.0061605 -0.0038545 0.9999731 2.1772902
0.0000000 0.0000000 0.0000000 1.0000000
-0.1393114 0.9902470 0.0015248 77.0587158
-0.9902290 -0.1392988 -0.0064824 -67.7526093
-0.0062068 -0.0024130 0.9999774 2.1852932
0.0000000 0.0000000 0.0000000 1.0000000
-0.1413214 0.9899595 0.0027311 76.9579468
-0.9899441 -0.1413007 -0.0066676 -68.4904251
-0.0062148 -0.0036459 0.9999735 2.1892562
0.0000000 0.0000000 0.0000000 1.0000000
-0.1435035 0.9896426 0.0036434 76.8559952
-0.9896337 -0.1434792 -0.0062105 -69.2402191
-0.0056235 -0.0044968 0.9999736 2.1954155
0.0000000 0.0000000 0.0000000 1.0000000
-0.1447698 0.9894514 0.0051522 76.7518463
-0.9894527 -0.1447397 -0.0057878 -69.9891281
-0.0049810 -0.0059358 0.9999695 2.2031021
