1.0000000 0.0000000 0.0000000 0.0000000
0.0000000 1.0000000 0.0000000 0.0000000
0.0000000 0.0000000 1.0000000 0.0000000
0.0000000 0.0000000 0.0000000 1.0000000
0.9999968 0.0025233 -0.0002274 0.9894620
-0.0025232 0.9999965 0.0007988 -0.0009366
0.0002294 -0.0007982 0.9999996 0.0146029
0.0000000 0.0000000 0.0000000 1.0000000
0.9999915 0.0041070 0.0000776 2.1936154
-0.0041070 0.9999909 0.0011430 0.0073148
-0.0000729 -0.0011433 0.9999993 0.0300635
0.0000000 0.0000000 0.0000000 1.0000000
0.9999880 0.0048684 0.0004395 3.3763132
-0.0048686 0.9999879 0.0006182 0.0074254
-0.0004365 -0.0006203 0.9999997 0.0473757
0.0000000 0.0000000 0.0000000 1.0000000
0.9999828 0.0058333 0.0006262 4.5799932
-0.0058337 0.9999827 0.0006957 0.0027099
-0.0006221 -0.0006994 0.9999995 0.0661386
0.0000000 0.0000000 0.0000000 1.0000000
0.9999738 0.0071316 0.0011866 4.9279284
-0.0071321 0.9999744 0.0004694 0.0013017
-0.0011832 -0.0004779 0.9999992 0.0706851
0.0000000 0.0000000 0.0000000 1.0000000
0.9999653 0.0082788 0.0008740 6.1029067
-0.0082794 0.9999655 0.0006075 -0.0016299
-0.0008689 -0.0006147 0.9999994 0.0909871
0.0000000 0.0000000 0.0000000 1.0000000
0.9999497 0.0100093 0.0006025 7.2276454
-0.0100096 0.9999497 0.0006003 -0.0123532
-0.0005964 -0.0006063 0.9999996 0.1050402
0.0000000 0.0000000 0.0000000 1.0000000
0.9999366 0.0110487 0.0021627 8.1813917
-0.0110499 0.9999388 0.0005548 -0.0213518
-0.0021564 -0.0005787 0.9999974 0.1191442
0.0000000 0.0000000 0.0000000 1.0000000
0.9999331 0.0111012 0.0032417 9.2066917
-0.0111015 0.9999384 0.0000700 -0.0267588
-0.0032407 -0.0001060 0.9999947 0.1287674
0.0000000 0.0000000 0.0000000 1.0000000
0.9999567 0.0087393 0.0031790 10.3897085
-0.0087369 0.9999616 -0.0007605 -0.0337145
-0.0031856 0.0007327 0.9999946 0.1445820
0.0000000 0.0000000 0.0000000 1.0000000
0.9999734 0.0067178 0.0027922 11.5361977
-0.0067164 0.9999774 -0.0005178 -0.0388012
-0.0027956 0.0004990 0.9999959 0.1580762
0.0000000 0.0000000 0.0000000 1.0000000
0.9999818 0.0053225 0.0027902 12.7159367
-0.0053223 0.9999859 -0.0000611 -0.0419552
-0.0027904 0.0000462 0.9999961 0.1745641
0.0000000 0.0000000 0.0000000 1.0000000
0.9999834 0.0049222 0.0029422 13.2906227
-0.0049277 0.9999862 0.0018581 -0.0464158
-0.0029330 -0.0018726 0.9999939 0.1808193
0.0000000 0.0000000 0.0000000 1.0000000
0.9999795 0.0055046 0.0032383 13.8531685
-0.0055109 0.9999830 0.0019532 -0.0457332
-0.0032275 -0.0019710 0.9999928 0.1885547
0.0000000 0.0000000 0.0000000 1.0000000
0.9999744 0.0060602 0.0037634 14.5009708
-0.0060657 0.9999806 0.0014537 -0.0383576
-0.0037545 -0.0014765 0.9999918 0.1968882
0.0000000 0.0000000 0.0000000 1.0000000
0.9999717 0.0062376 0.0041716 15.1638508
-0.0062419 0.9999800 0.0010233 -0.0308335
-0.0041651 -0.0010493 0.9999908 0.2024420
0.0000000 0.0000000 0.0000000 1.0000000
0.9999725 0.0066038 0.0033440 15.5066938
-0.0066071 0.9999778 0.0009618 -0.0275684
-0.0033375 -0.0009839 0.9999939 0.2066266
0.0000000 0.0000000 0.0000000 1.0000000
0.9999676 0.0075573 0.0027411 15.5304928
-0.0075600 0.9999710 0.0009742 -0.0174405
-0.0027337 -0.0009949 0.9999958 0.2044189
0.0000000 0.0000000 0.0000000 1.0000000
0.9999686 0.0071499 0.0033854 15.9430361
-0.0071542 0.9999737 0.0012578 -0.0148403
-0.0033763 -0.0012819 0.9999935 0.2111792
0.0000000 0.0000000 0.0000000 1.0000000
0.9999712 0.0068398 0.0032689 15.9976187
-0.0068428 0.9999763 0.0009106 -0.0087907
-0.0032626 -0.0009329 0.9999943 0.2110436
0.0000000 0.0000000 0.0000000 1.0000000
0.9999779 0.0060985 0.0025999 16.6821175
-0.0061006 0.9999812 0.0007658 -0.0083121
-0.0025952 -0.0007817 0.9999964 0.2193704
0.0000000 0.0000000 0.0000000 1.0000000
0.9999772 0.0057458 0.0035240 17.2339878
-0.0057486 0.9999833 0.0007659 -0.0046968
-0.0035195 -0.0007861 0.9999936 0.2256443
0.0000000 0.0000000 0.0000000 1.0000000
0.9999729 0.0055294 0.0048438 17.6922493
-0.0055255 0.9999845 -0.0008148 -0.0038955
-0.0048482 0.0007880 0.9999880 0.2296657
0.0000000 0.0000000 0.0000000 1.0000000
0.9999692 0.0060062 0.0050348 17.7212677
-0.0059997 0.9999813 -0.0012955 0.0003005
-0.0050425 0.0012653 0.9999866 0.2302718
0.0000000 0.0000000 0.0000000 1.0000000
0.9999784 0.0050806 0.0041586 17.6876030
-0.0050712 0.9999847 -0.0022690 0.0014954
-0.0041700 0.0022478 0.9999889 0.2269379
0.0000000 0.0000000 0.0000000 1.0000000
0.9999859 0.0037805 0.0037148 17.6576271
-0.0037705 0.9999894 -0.0026922 0.0088967
-0.0037249 0.0026782 0.9999896 0.2264774
0.0000000 0.0000000 0.0000000 1.0000000
0.9999851 0.0041083 0.0035817 18.4893017
-0.0040983 0.9999878 -0.0027982 0.0143193
-0.0035931 0.0027835 0.9999897 0.2348967
0.0000000 0.0000000 0.0000000 1.0000000
0.9999887 0.0027011 0.0038832 19.6869450
-0.0026898 0.9999923 -0.0029161 0.0134456
-0.0038911 0.0029056 0.9999883 0.2492568
0.0000000 0.0000000 0.0000000 1.0000000
0.9999898 0.0020646 0.0039992 20.8784370
-0.0020513 0.9999925 -0.0033324 0.0163705
-0.0040061 0.0033242 0.9999865 0.2609272
0.0000000 0.0000000 0.0000000 1.0000000
0.9999889 0.0019343 0.0042955 21.7924080
-0.0019164 0.9999896 -0.0041615 0.0253942
-0.0043035 0.0041532 0.9999822 0.2739745
0.0000000 0.0000000 0.0000000 1.0000000
0.9999903 0.0011664 0.0042270 22.9919167
-0.0011508 0.9999926 -0.0037019 0.0277946
-0.0042313 0.0036970 0.9999843 0.2849521
0.0000000 0.0000000 0.0000000 1.0000000
0.9999860 0.0016605 0.0050143 24.1948929
-0.0016393 0.9999899 -0.0042254 0.0335463
-0.0050213 0.0042171 0.9999785 0.3009661
0.0000000 0.0000000 0.0000000 1.0000000
0.9999806 0.0015357 0.0060281 25.3841763
-0.0015144 0.9999927 -0.0035369 0.0387430
-0.0060335 0.0035278 0.9999756 0.3128670
0.0000000 0.0000000 0.0000000 1.0000000
0.9999747 0.0013680 0.0069642 26.1557732
-0.0013508 0.9999961 -0.0024795 0.0510931
-0.0069675 0.0024701 0.9999727 0.3248707
0.0000000 0.0000000 0.0000000 1.0000000
0.9999765 0.0008534 0.0067850 27.0466499
-0.0008454 0.9999990 -0.0011797 0.0611083
-0.0067860 0.0011739 0.9999763 0.3370620
0.0000000 0.0000000 0.0000000 1.0000000
0.9999745 0.0005177 0.0071100 28.2449532
-0.0005148 0.9999999 -0.0004124 0.0719690
-0.0071102 0.0004088 0.9999747 0.3486814
0.0000000 0.0000000 0.0000000 1.0000000
0.9999659 0.0012045 0.0081541 28.5606136
-0.0012248 0.9999962 0.0024795 0.0975755
-0.0081511 -0.0024894 0.9999637 0.3528939
0.0000000 0.0000000 0.0000000 1.0000000
0.9999437 0.0025128 0.0103021 28.7698250
-0.0025477 0.9999911 0.0033808 0.1120236
-0.0102935 -0.0034069 0.9999412 0.3619408
0.0000000 0.0000000 0.0000000 1.0000000
0.9999112 0.0044783 0.0125399 28.9246426
-0.0045382 0.9999785 0.0047492 0.1205029
-0.0125183 -0.0048057 0.9999101 0.3656774
0.0000000 0.0000000 0.0000000 1.0000000
0.9998555 0.0060354 0.0158877 29.3962498
-0.0061203 0.9999673 0.0053014 0.1293782
-0.0158552 -0.0053979 0.9998598 0.3673262
0.0000000 0.0000000 0.0000000 1.0000000
0.9998093 0.0086356 0.0175062 29.5263901
-0.0087388 0.9999449 0.0058307 0.1260424
-0.0174549 -0.0059826 0.9998298 0.3702011
0.0000000 0.0000000 0.0000000 1.0000000
0.9998059 0.0103098 0.0167786 29.5531635
-0.0104078 0.9999293 0.0057631 0.1339714
-0.0167180 -0.0059366 0.9998426 0.3684087
0.0000000 0.0000000 0.0000000 1.0000000
0.9997796 0.0133535 0.0161894 29.4434338
-0.0134805 0.9998791 0.0077598 0.1366137
-0.0160838 -0.0079763 0.9998388 0.3696035
0.0000000 0.0000000 0.0000000 1.0000000
0.9997798 0.0143526 0.0152970 30.5602283
-0.0144784 0.9998621 0.0081435 0.1253074
-0.0151780 -0.0083632 0.9998499 0.3597548
0.0000000 0.0000000 0.0000000 1.0000000
0.9997664 0.0152696 0.0152845 31.7584114
-0.0153876 0.9998526 0.0076321 0.1110096
-0.0151657 -0.0078655 0.9998541 0.3639409
0.0000000 0.0000000 0.0000000 1.0000000
0.9997848 0.0144188 0.0149052 32.4454079
-0.0145275 0.9998686 0.0072097 0.1055475
-0.0147993 -0.0074247 0.9998630 0.3604456
0.0000000 0.0000000 0.0000000 1.0000000
0.9997994 0.0132878 0.0149744 33.6401100
-0.0134003 0.9998826 0.0074398 0.0958347
-0.0148738 -0.0076389 0.9998602 0.3583985
0.0000000 0.0000000 0.0000000 1.0000000
0.9997931 0.0124973 0.0160443 34.8401108
-0.0126137 0.9998948 0.0071733 0.0863570
-0.0159530 -0.0073742 0.9998456 0.3595481
0.0000000 0.0000000 0.0000000 1.0000000
0.9997954 0.0112962 0.0167726 35.6351471
-0.0114167 0.9999096 0.0071054 0.0778866
-0.0166908 -0.0072954 0.9998341 0.3566805
0.0000000 0.0000000 0.0000000 1.0000000
0.9998041 0.0108174 0.0165664 36.8383713
-0.0109441 0.9999115 0.0075760 0.0705110
-0.0164830 -0.0077558 0.9998341 0.3545577
0.0000000 0.0000000 0.0000000 1.0000000
0.9998065 0.0107454 0.0164716 37.2788086
-0.0108775 0.9999093 0.0079500 0.0713712
-0.0163847 -0.0081276 0.9998328 0.3514703
0.0000000 0.0000000 0.0000000 1.0000000
0.9998119 0.0108930 0.0160349 37.2768440
-0.0110079 0.9999143 0.0070964 0.0760140
-0.0159562 -0.0072716 0.9998463 0.3432472
0.0000000 0.0000000 0.0000000 1.0000000
0.9998140 0.0113240 0.0156010 37.3100510
-0.0114200 0.9999164 0.0060790 0.0721322
-0.0155308 -0.0062560 0.9998599 0.3435874
0.0000000 0.0000000 0.0000000 1.0000000
0.9998038 0.0112547 0.0162881 37.6232338
-0.0113474 0.9999200 0.0056065 0.0737337
-0.0162237 -0.0057902 0.9998517 0.3396629
0.0000000 0.0000000 0.0000000 1.0000000
0.9997811 0.0108507 0.0178798 37.8583412
-0.0109458 0.9999264 0.0052318 0.0720521
-0.0178217 -0.0054264 0.9998266 0.3376599
0.0000000 0.0000000 0.0000000 1.0000000
0.9997991 0.0111412 0.0166512 38.4560890
-0.0112346 0.9999217 0.0055270 0.0680624
-0.0165883 -0.0057129 0.9998462 0.3378481
0.0000000 0.0000000 0.0000000 1.0000000
0.9998214 0.0111006 0.0152867 38.6332664
-0.0112190 0.9999077 0.0076791 0.0793061
-0.0152001 -0.0078493 0.9998537 0.3356969
0.0000000 0.0000000 0.0000000 1.0000000
0.9998090 0.0116959 0.0156464 38.9844398
-0.0118397 0.9998883 0.0091338 0.0867429
-0.0155378 -0.0093173 0.9998359 0.3322940
0.0000000 0.0000000 0.0000000 1.0000000
0.9998148 0.0105537 0.0160815 39.2661819
-0.0107264 0.9998854 0.0106958 0.0941770
-0.0159667 -0.0108663 0.9998135 0.3322807
0.0000000 0.0000000 0.0000000 1.0000000
0.9998097 0.0101004 0.0166784 39.5433540
-0.0103026 0.9998741 0.0120828 0.1078061
-0.0165543 -0.0122523 0.9997879 0.3266925
0.0000000 0.0000000 0.0000000 1.0000000
0.9997869 0.0100116 0.0180425 40.1211090
-0.0102389 0.9998690 0.0125475 0.1049394
-0.0179146 -0.0127295 0.9997585 0.3289199
0.0000000 0.0000000 0.0000000 1.0000000
0.9997607 0.0116480 0.0185032 40.7839127
-0.0119120 0.9998280 0.0142250 0.1113882
-0.0183343 -0.0144420 0.9997277 0.3215607
0.0000000 0.0000000 0.0000000 1.0000000
0.9997771 0.0122171 0.0172036 41.3378906
-0.0124512 0.9998305 0.0135665 0.1150588
-0.0170350 -0.0137777 0.9997600 0.3235582
0.0000000 0.0000000 0.0000000 1.0000000
0.9998266 0.0134975 0.0128103 41.8536339
-0.0136429 0.9998429 0.0113282 0.1215567
-0.0126554 -0.0115010 0.9998538 0.3287367
0.0000000 0.0000000 0.0000000 1.0000000
0.9998109 0.0153304 0.0119411 42.3230438
-0.0154799 0.9998018 0.0125311 0.1247246
-0.0117467 -0.0127136 0.9998503 0.3265790
0.0000000 0.0000000 0.0000000 1.0000000
0.9997135 0.0178783 0.0159004 43.2341156
-0.0180701 0.9997647 0.0120063 0.1116072
-0.0156820 -0.0122901 0.9998016 0.3271551
0.0000000 0.0000000 0.0000000 1.0000000
0.9995948 0.0219142 0.0181521 44.1413155
-0.0221262 0.9996884 0.0115592 0.1030025
-0.0178932 -0.0119562 0.9997685 0.3310116
0.0000000 0.0000000 0.0000000 1.0000000
0.9995472 0.0250023 0.0167287 44.8762169
-0.0252140 0.9996033 0.0125611 0.0981128
-0.0164080 -0.0129772 0.9997813 0.3238966
0.0000000 0.0000000 0.0000000 1.0000000
0.9995144 0.0278155 0.0140294 46.0426445
-0.0279787 0.9995416 0.0115709 0.0662199
-0.0137011 -0.0119578 0.9998347 0.3260727
0.0000000 0.0000000 0.0000000 1.0000000
0.9994301 0.0321635 0.0102219 47.1940002
-0.0322719 0.9994228 0.0106161 0.0323774
-0.0098745 -0.0109400 0.9998915 0.3289449
0.0000000 0.0000000 0.0000000 1.0000000
0.9993488 0.0345873 0.0102622 47.1180954
-0.0346940 0.9993440 0.0104006 0.0548633
-0.0098958 -0.0107499 0.9998933 0.3345069
0.0000000 0.0000000 0.0000000 1.0000000
0.9992701 0.0362171 0.0121258 47.7071724
-0.0363470 0.9992824 0.0106689 0.0463022
-0.0117307 -0.0111018 0.9998696 0.3422389
0.0000000 0.0000000 0.0000000 1.0000000
0.9994049 0.0320366 0.0127679 47.7537880
-0.0321850 0.9994149 0.0115860 0.0684951
-0.0123892 -0.0119900 0.9998515 0.3440014
0.0000000 0.0000000 0.0000000 1.0000000
0.9993017 0.0356813 0.0110635 48.8768692
-0.0358074 0.9992936 0.0114188 0.0350293
-0.0106483 -0.0118070 0.9998737 0.3506116
0.0000000 0.0000000 0.0000000 1.0000000
0.9991602 0.0398664 0.0094416 48.7571793
-0.0399751 0.9991332 0.0116209 0.0901074
-0.0089702 -0.0119886 0.9998880 0.3529477
0.0000000 0.0000000 0.0000000 1.0000000
0.9988136 0.0477109 0.0097256 48.8692169
-0.0478250 0.9987856 0.0118514 0.1121290
-0.0091484 -0.0123025 0.9998826 0.3579798
0.0000000 0.0000000 0.0000000 1.0000000
0.9983972 0.0554492 0.0113137 49.2086868
-0.0555679 0.9984002 0.0104645 0.0955108
-0.0107154 -0.0110764 0.9998813 0.3636263
0.0000000 0.0000000 0.0000000 1.0000000
0.9978187 0.0646676 0.0132469 49.2508736
-0.0647993 0.9978507 0.0097660 0.0793835
-0.0125868 -0.0106031 0.9998646 0.3627832
0.0000000 0.0000000 0.0000000 1.0000000
0.9972588 0.0723630 0.0154286 49.3205070
-0.0725035 0.9973299 0.0087513 0.0422017
-0.0147541 -0.0098460 0.9998428 0.3589945
0.0000000 0.0000000 0.0000000 1.0000000
0.9966122 0.0804944 0.0168621 49.2657089
-0.0806220 0.9967201 0.0070247 -0.0064016
-0.0162414 -0.0083603 0.9998332 0.3549336
0.0000000 0.0000000 0.0000000 1.0000000
0.9962750 0.0847746 0.0157789 49.3088760
-0.0848816 0.9963716 0.0062420 -0.0682033
-0.0151925 -0.0075581 0.9998561 0.3513740
0.0000000 0.0000000 0.0000000 1.0000000
0.9960375 0.0879697 0.0130424 49.3902397
-0.0880419 0.9961040 0.0050676 -0.1347329
-0.0125458 -0.0061958 0.9999022 0.3448826
0.0000000 0.0000000 0.0000000 1.0000000
0.9956046 0.0929914 0.0111225 49.2996559
-0.0930624 0.9956421 0.0060370 -0.1997046
-0.0105127 -0.0070455 0.9999200 0.3404820
0.0000000 0.0000000 0.0000000 1.0000000
0.9954262 0.0949536 0.0104914 50.0029869
-0.0950197 0.9954575 0.0059885 -0.2920479
-0.0098751 -0.0069580 0.9999271 0.3405029
0.0000000 0.0000000 0.0000000 1.0000000
0.9950733 0.0985371 0.0109239 50.4827805
-0.0986056 0.9951092 0.0059115 -0.3839315
-0.0102880 -0.0069595 0.9999229 0.3404847
0.0000000 0.0000000 0.0000000 1.0000000
0.9950352 0.0987353 0.0124903 51.1569672
-0.0988099 0.9950913 0.0054937 -0.4784484
-0.0118865 -0.0067006 0.9999070 0.3409482
0.0000000 0.0000000 0.0000000 1.0000000
0.9950373 0.0985206 0.0139342 52.1049576
-0.0985954 0.9951162 0.0047841 -0.5813770
-0.0133948 -0.0061342 0.9998915 0.3424280
0.0000000 0.0000000 0.0000000 1.0000000
0.9950413 0.0983971 0.0145064 52.7085991
-0.0984763 0.9951277 0.0048434 -0.6685993
-0.0139591 -0.0062479 0.9998831 0.3394021
0.0000000 0.0000000 0.0000000 1.0000000
0.9953338 0.0953057 0.0150718 53.9144592
-0.0953912 0.9954272 0.0050506 -0.7708088
-0.0145215 -0.0064647 0.9998737 0.3377879
0.0000000 0.0000000 0.0000000 1.0000000
0.9955825 0.0926617 0.0151319 55.0852776
-0.0927535 0.9956742 0.0054785 -0.8740411
-0.0145588 -0.0068579 0.9998705 0.3342218
0.0000000 0.0000000 0.0000000 1.0000000
0.9956198 0.0923451 0.0146013 55.2569504
-0.0924437 0.9956986 0.0062231 -0.9512824
-0.0139639 -0.0075456 0.9998741 0.3347605
0.0000000 0.0000000 0.0000000 1.0000000
0.9959651 0.0884534 0.0151353 56.4549026
-0.0885569 0.9960514 0.0063011 -1.0559231
-0.0145182 -0.0076160 0.9998657 0.3345222
0.0000000 0.0000000 0.0000000 1.0000000
0.9961952 0.0856358 0.0161625 57.6381378
-0.0857503 0.9962955 0.0065269 -1.1541967
-0.0155437 -0.0078880 0.9998481 0.3307144
0.0000000 0.0000000 0.0000000 1.0000000
0.9966336 0.0802120 0.0169440 58.8645515
-0.0803374 0.9967443 0.0068536 -1.2481822
-0.0163391 -0.0081918 0.9998330 0.3296068
0.0000000 0.0000000 0.0000000 1.0000000
0.9968877 0.0768492 0.0175719 60.0574379
-0.0769826 0.9970077 0.0070429 -1.3330177
-0.0169781 -0.0083738 0.9998208 0.3272649
0.0000000 0.0000000 0.0000000 1.0000000
0.9973218 0.0709407 0.0177848 61.2926903
-0.0710817 0.9974430 0.0074246 -1.4121343
-0.0172127 -0.0086689 0.9998143 0.3231194
0.0000000 0.0000000 0.0000000 1.0000000
0.9976442 0.0662370 0.0178408 62.4661446
-0.0663899 0.9977609 0.0081148 -1.4863670
-0.0172633 -0.0092802 0.9998079 0.3188415
0.0000000 0.0000000 0.0000000 1.0000000
0.9979160 0.0619100 0.0181803 63.4235268
-0.0620668 0.9980385 0.0081899 -1.5487813
-0.0176376 -0.0093012 0.9998012 0.3165740
0.0000000 0.0000000 0.0000000 1.0000000
0.9982553 0.0562158 0.0180510 64.0620575
-0.0563766 0.9983733 0.0085238 -1.6041005
-0.0175425 -0.0095266 0.9998007 0.3158757
0.0000000 0.0000000 0.0000000 1.0000000
0.9983920 0.0537813 0.0179093 64.4072266
-0.0539584 0.9984975 0.0095596 -1.6661973
-0.0173683 -0.0105105 0.9997939 0.3160432
0.0000000 0.0000000 0.0000000 1.0000000
0.9984072 0.0533450 0.0183600 65.4441376
-0.0535529 0.9985042 0.0110272 -1.7222704
-0.0177443 -0.0119929 0.9997706 0.3088481
0.0000000 0.0000000 0.0000000 1.0000000
0.9984620 0.0523199 0.0183279 65.4747543
-0.0525288 0.9985577 0.0111124 -1.7141796
-0.0177200 -0.0120581 0.9997702 0.3120742
0.0000000 0.0000000 0.0000000 1.0000000
0.9985909 0.0497218 0.0185400 65.6209183
-0.0499528 0.9986770 0.0122112 -1.7274318
-0.0179083 -0.0131201 0.9997535 0.3130357
0.0000000 0.0000000 0.0000000 1.0000000
0.9986492 0.0480566 0.0197507 66.3740921
-0.0483200 0.9987463 0.0130837 -1.7473644
-0.0190972 -0.0140203 0.9997193 0.3071857
0.0000000 0.0000000 0.0000000 1.0000000
0.9986362 0.0480097 0.0205084 66.8389664
-0.0482836 0.9987481 0.0130783 -1.7567155
-0.0198549 -0.0140507 0.9997041 0.3079447
0.0000000 0.0000000 0.0000000 1.0000000
0.9986212 0.0473164 0.0227286 67.7021637
-0.0476977 0.9987250 0.0165365 -1.7929027
-0.0219172 -0.0175978 0.9996048 0.3023351
0.0000000 0.0000000 0.0000000 1.0000000
0.9986072 0.0460630 0.0257224 68.7833862
-0.0465272 0.9987593 0.0177517 -1.8329391
-0.0248728 -0.0189237 0.9995114 0.2871270
0.0000000 0.0000000 0.0000000 1.0000000
0.9986306 0.0452466 0.0262584 69.8935471
-0.0456870 0.9988209 0.0164197 -1.8749694
-0.0254845 -0.0175969 0.9995202 0.2763135
0.0000000 0.0000000 0.0000000 1.0000000
0.9986774 0.0446355 0.0255139 71.1177216
-0.0450722 0.9988424 0.0168079 -1.9229380
-0.0247341 -0.0179357 0.9995331 0.2605968
0.0000000 0.0000000 0.0000000 1.0000000
0.9986506 0.0450208 0.0258848 72.3475494
-0.0453994 0.9988676 0.0142307 -1.9787061
-0.0252148 -0.0153867 0.9995635 0.2424593
0.0000000 0.0000000 0.0000000 1.0000000
0.9986818 0.0433249 0.0275207 73.6108093
-0.0436655 0.9989754 0.0118974 -2.0364590
-0.0269771 -0.0130835 0.9995503 0.2313194
0.0000000 0.0000000 0.0000000 1.0000000
0.9986842 0.0423371 0.0289348 74.8809052
-0.0426143 0.9990508 0.0090339 -2.0931520
-0.0285249 -0.0102550 0.9995403 0.2123975
0.0000000 0.0000000 0.0000000 1.0000000
0.9986742 0.0422936 0.0293417 76.1297150
-0.0425128 0.9990723 0.0068869 -2.1543281
-0.0290232 -0.0081252 0.9995456 0.1948320
0.0000000 0.0000000 0.0000000 1.0000000
0.9987243 0.0419950 0.0280360 77.3977127
-0.0421023 0.9991081 0.0032449 -2.2100465
-0.0278748 -0.0044212 0.9996015 0.1805786
0.0000000 0.0000000 0.0000000 1.0000000
0.9986971 0.0432328 0.0271090 78.6450806
-0.0432820 0.9990622 0.0012294 -2.2523491
-0.0270304 -0.0024011 0.9996316 0.1591970
0.0000000 0.0000000 0.0000000 1.0000000
0.9985848 0.0457218 0.0271620 78.7704315
-0.0457329 0.9989537 -0.0002138 -2.2344191
-0.0271433 -0.0010287 0.9996309 0.1570409
0.0000000 0.0000000 0.0000000 1.0000000
0.9985834 0.0456197 0.0273823 80.0410233
-0.0456251 0.9989586 -0.0004310 -2.2856169
-0.0273735 -0.0008190 0.9996248 0.1384604
0.0000000 0.0000000 0.0000000 1.0000000
0.9984737 0.0470742 0.0288801 81.3092499
-0.0470964 0.9988904 0.0000879 -2.3334224
-0.0288439 -0.0014479 0.9995827 0.1225783
0.0000000 0.0000000 0.0000000 1.0000000
0.9984188 0.0473653 0.0302684 82.5815811
-0.0474478 0.9988717 0.0020119 -2.3843098
-0.0301389 -0.0034448 0.9995396 0.1002522
0.0000000 0.0000000 0.0000000 1.0000000
0.9983742 0.0487703 0.0294995 83.6687241
-0.0488517 0.9988040 0.0020423 -2.4335272
-0.0293646 -0.0034801 0.9995626 0.0877258
0.0000000 0.0000000 0.0000000 1.0000000
0.9981924 0.0529315 0.0284603 84.5463104
-0.0530340 0.9985887 0.0028549 -2.4729209
-0.0282690 -0.0043591 0.9995907 0.0686802
0.0000000 0.0000000 0.0000000 1.0000000
0.9981298 0.0549960 0.0266864 85.3214264
-0.0550801 0.9984791 0.0024273 -2.5073524
-0.0265123 -0.0038927 0.9996408 0.0547318
0.0000000 0.0000000 0.0000000 1.0000000
0.9980237 0.0581258 0.0238733 85.6903763
-0.0581755 0.9983055 0.0013877 -2.4837337
-0.0237522 -0.0027738 0.9997139 0.0478408
0.0000000 0.0000000 0.0000000 1.0000000
0.9978747 0.0617970 0.0206670 86.1441345
-0.0618469 0.9980841 0.0017824 -2.5024347
-0.0205173 -0.0030568 0.9997847 0.0388020
0.0000000 0.0000000 0.0000000 1.0000000
0.9977540 0.0638325 0.0203054 86.5275574
-0.0638855 0.9979554 0.0019711 -2.5367100
-0.0201381 -0.0032639 0.9997917 0.0386524
0.0000000 0.0000000 0.0000000 1.0000000
0.9976344 0.0655286 0.0207714 86.7212753
-0.0655888 0.9978443 0.0022289 -2.5536473
-0.0205806 -0.0035860 0.9997816 0.0383526
0.0000000 0.0000000 0.0000000 1.0000000
0.9973180 0.0699161 0.0216417 87.1193085
-0.0699966 0.9975429 0.0029817 -2.5928161
-0.0213801 -0.0044886 0.9997612 0.0372314
0.0000000 0.0000000 0.0000000 1.0000000
0.9972636 0.0702626 0.0229892 87.8271484
-0.0703551 0.9975168 0.0032391 -2.6456022
-0.0227046 -0.0048476 0.9997303 0.0347437
0.0000000 0.0000000 0.0000000 1.0000000
0.9972127 0.0707384 0.0237247 88.5540009
-0.0708427 0.9974811 0.0035852 -2.7166202
-0.0234113 -0.0052559 0.9997119 0.0313065
0.0000000 0.0000000 0.0000000 1.0000000
0.9972795 0.0698566 0.0235274 89.3585892
-0.0699618 0.9975430 0.0036766 -2.7910209
-0.0232128 -0.0053126 0.9997163 0.0254793
0.0000000 0.0000000 0.0000000 1.0000000
0.9974526 0.0671131 0.0241685 89.9749680
-0.0672272 0.9977300 0.0039387 -2.8633101
-0.0238493 -0.0055535 0.9997000 0.0211409
0.0000000 0.0000000 0.0000000 1.0000000
0.9975872 0.0646197 0.0253761 90.4928131
-0.0647322 0.9978961 0.0036369 -2.9142382
-0.0250876 -0.0052708 0.9996712 0.0179108
0.0000000 0.0000000 0.0000000 1.0000000
0.9976374 0.0636241 0.0259121 91.2409363
-0.0637506 0.9979576 0.0040860 -2.9709537
-0.0255992 -0.0057282 0.9996557 0.0086507
0.0000000 0.0000000 0.0000000 1.0000000
0.9976515 0.0635334 0.0255907 91.2417374
-0.0636621 0.9979626 0.0042436 -2.9605744
-0.0252690 -0.0058628 0.9996634 0.0062390
0.0000000 0.0000000 0.0000000 1.0000000
0.9977111 0.0627962 0.0250804 91.2924500
-0.0629259 0.9980085 0.0044160 -2.9559410
-0.0247532 -0.0059841 0.9996755 0.0037504
0.0000000 0.0000000 0.0000000 1.0000000
0.9978059 0.0612768 0.0250679 91.3762283
-0.0614164 0.9981006 0.0048330 -2.9532344
-0.0247241 -0.0063620 0.9996739 -0.0001230
0.0000000 0.0000000 0.0000000 1.0000000
0.9979858 0.0584254 0.0247127 92.1977844
-0.0585478 0.9982756 0.0042579 -2.9955373
-0.0244213 -0.0056962 0.9996853 -0.0074275
0.0000000 0.0000000 0.0000000 1.0000000
0.9979534 0.0592038 0.0241641 92.4352722
-0.0593202 0.9982306 0.0041299 -3.0047381
-0.0238768 -0.0055549 0.9996993 -0.0095744
0.0000000 0.0000000 0.0000000 1.0000000
0.9981869 0.0550716 0.0242874 92.7968063
-0.0551813 0.9984690 0.0038702 -3.0476277
-0.0240370 -0.0052034 0.9996973 -0.0140135
0.0000000 0.0000000 0.0000000 1.0000000
0.9982032 0.0541891 0.0255703 93.5551834
-0.0542954 0.9985190 0.0034778 -3.0910399
-0.0253439 -0.0048599 0.9996668 -0.0198605
0.0000000 0.0000000 0.0000000 1.0000000
0.9982601 0.0527660 0.0263161 94.2383118
-0.0528756 0.9985952 0.0034876 -3.1333344
-0.0260951 -0.0048730 0.9996474 -0.0260775
0.0000000 0.0000000 0.0000000 1.0000000
0.9982882 0.0519741 0.0268195 94.6022949
-0.0520888 0.9986361 0.0035970 -3.1513495
-0.0265960 -0.0049878 0.9996336 -0.0307290
0.0000000 0.0000000 0.0000000 1.0000000
0.9982836 0.0517715 0.0273794 95.3628769
-0.0518884 0.9986467 0.0035731 -3.1756158
-0.0271574 -0.0049877 0.9996185 -0.0407678
0.0000000 0.0000000 0.0000000 1.0000000
0.9982922 0.0518520 0.0269088 95.8020477
-0.0519649 0.9986429 0.0035124 -3.1816688
-0.0266902 -0.0049047 0.9996315 -0.0484539
0.0000000 0.0000000 0.0000000 1.0000000
0.9983973 0.0497164 0.0270407 96.4846802
-0.0498533 0.9987470 0.0044119 -3.1967733
-0.0267875 -0.0057529 0.9996244 -0.0574648
0.0000000 0.0000000 0.0000000 1.0000000
0.9983842 0.0497116 0.0275281 96.7665558
-0.0498497 0.9987474 0.0043550 -3.2034285
-0.0272771 -0.0057202 0.9996113 -0.0622340
0.0000000 0.0000000 0.0000000 1.0000000
0.9984435 0.0491652 0.0263334 97.3209152
-0.0492807 0.9987781 0.0037527 -3.2098227
-0.0261168 -0.0050446 0.9996459 -0.0703709
0.0000000 0.0000000 0.0000000 1.0000000
0.9985135 0.0482500 0.0253580 98.2431183
-0.0483410 0.9988266 0.0029860 -3.2427287
-0.0251842 -0.0042074 0.9996737 -0.0807585
0.0000000 0.0000000 0.0000000 1.0000000
0.9984879 0.0487618 0.0253836 99.0092468
-0.0487624 0.9988104 -0.0005943 -3.2592115
-0.0253823 -0.0006443 0.9996774 -0.0852498
0.0000000 0.0000000 0.0000000 1.0000000
0.9983994 0.0485774 0.0289676 99.9357681
-0.0485699 0.9988195 -0.0009631 -3.2805116
-0.0289802 -0.0004454 0.9995796 -0.0991986
0.0000000 0.0000000 0.0000000 1.0000000
0.9982791 0.0483274 0.0332186 100.4703674
-0.0482754 0.9988315 -0.0023661 -3.2867651
-0.0332941 0.0007584 0.9994450 -0.1074949
0.0000000 0.0000000 0.0000000 1.0000000
0.9983101 0.0476239 0.0333034 101.0890350
-0.0475967 0.9988655 -0.0016123 -3.2918503
-0.0333423 0.0000244 0.9994437 -0.1190354
0.0000000 0.0000000 0.0000000 1.0000000
0.9983523 0.0486549 0.0304238 101.8328247
-0.0486940 0.9988138 0.0005455 -3.2995820
-0.0303611 -0.0020261 0.9995366 -0.1355254
0.0000000 0.0000000 0.0000000 1.0000000
0.9983296 0.0498809 0.0291572 102.5343857
-0.0499334 0.9987522 0.0010727 -3.3052969
-0.0290673 -0.0025269 0.9995739 -0.1468392
0.0000000 0.0000000 0.0000000 1.0000000
0.9983618 0.0491823 0.0292405 103.1937485
-0.0492291 0.9987873 0.0008827 -3.3119049
-0.0291616 -0.0023207 0.9995717 -0.1540084
0.0000000 0.0000000 0.0000000 1.0000000
0.9983189 0.0495210 0.0301217 103.2786560
-0.0495667 0.9987707 0.0007712 -3.2864795
-0.0300465 -0.0022629 0.9995456 -0.1539547
0.0000000 0.0000000 0.0000000 1.0000000
0.9982666 0.0492324 0.0322512 103.9243393
-0.0492747 0.9987853 0.0005169 -3.2945669
-0.0321866 -0.0021052 0.9994794 -0.1640313
0.0000000 0.0000000 0.0000000 1.0000000
0.9982426 0.0490445 0.0332672 104.0708771
-0.0490657 0.9987957 -0.0001804 -3.2723918
-0.0332360 -0.0014522 0.9994462 -0.1675338
0.0000000 0.0000000 0.0000000 1.0000000
0.9981815 0.0504712 0.0329627 104.2341080
-0.0504873 0.9987249 -0.0003446 -3.2440288
-0.0329380 -0.0013202 0.9994562 -0.1765293
0.0000000 0.0000000 0.0000000 1.0000000
0.9981196 0.0523272 0.0319269 104.3672714
-0.0523010 0.9986302 -0.0016549 -3.2164710
-0.0319698 -0.0000181 0.9994885 -0.1789516
0.0000000 0.0000000 0.0000000 1.0000000
0.9981008 0.0534043 0.0307078 105.2826767
-0.0533889 0.9985731 -0.0013218 -3.2566276
-0.0307346 -0.0003202 0.9995272 -0.1967971
0.0000000 0.0000000 0.0000000 1.0000000
0.9979715 0.0559940 0.0302933 105.8915939
-0.0559456 0.9984310 -0.0024448 -3.2762535
-0.0303826 0.0007451 0.9995378 -0.2045349
0.0000000 0.0000000 0.0000000 1.0000000
0.9978058 0.0583611 0.0312695 106.4315872
-0.0583380 0.9982957 -0.0016536 -3.3028874
-0.0313127 -0.0001742 0.9995093 -0.2137370
0.0000000 0.0000000 0.0000000 1.0000000
0.9976466 0.0602146 0.0327959 106.6400833
-0.0601691 0.9981856 -0.0023718 -3.3130274
-0.0328792 0.0003929 0.9994590 -0.2173187
0.0000000 0.0000000 0.0000000 1.0000000
0.9975283 0.0619798 0.0331067 106.8270721
-0.0619472 0.9980776 -0.0020107 -3.3214698
-0.0331676 -0.0000451 0.9994495 -0.2196160
0.0000000 0.0000000 0.0000000 1.0000000
0.9974162 0.0638004 0.0330247 107.2794266
-0.0637617 0.9979628 -0.0022246 -3.3509572
-0.0330993 0.0001132 0.9994518 -0.2279813
0.0000000 0.0000000 0.0000000 1.0000000
0.9973123 0.0651894 0.0334467 108.0069733
-0.0651635 0.9978730 -0.0018657 -3.3967979
-0.0334971 -0.0003188 0.9994385 -0.2387636
0.0000000 0.0000000 0.0000000 1.0000000
0.9971223 0.0679913 0.0335329 108.1875534
-0.0679623 0.9976860 -0.0020066 -3.4092796
-0.0335917 -0.0002782 0.9994353 -0.2421077
0.0000000 0.0000000 0.0000000 1.0000000
0.9970381 0.0692088 0.0335451 108.8069611
-0.0691982 0.9976020 -0.0014785 -3.4473941
-0.0335670 -0.0008471 0.9994358 -0.2515902
0.0000000 0.0000000 0.0000000 1.0000000
0.9969798 0.0699421 0.0337565 109.0061722
-0.0699239 0.9975510 -0.0017227 -3.4714978
-0.0337943 -0.0006429 0.9994283 -0.2574002
0.0000000 0.0000000 0.0000000 1.0000000
0.9969606 0.0700266 0.0341454 109.8701477
-0.0699655 0.9975451 -0.0029824 -3.5140102
-0.0342704 0.0005843 0.9994122 -0.2698411
0.0000000 0.0000000 0.0000000 1.0000000
0.9968157 0.0716463 0.0350062 110.3947678
-0.0715758 0.9974299 -0.0032650 -3.5477686
-0.0351502 0.0007490 0.9993815 -0.2814198
0.0000000 0.0000000 0.0000000 1.0000000
0.9967952 0.0712798 0.0363137 111.2688217
-0.0711753 0.9974552 -0.0041646 -3.6004393
-0.0365181 0.0015667 0.9993315 -0.2936377
0.0000000 0.0000000 0.0000000 1.0000000
0.9968113 0.0711429 0.0361377 112.0001144
-0.0710428 0.9974651 -0.0040493 -3.6400764
-0.0363342 0.0014690 0.9993384 -0.3068235
0.0000000 0.0000000 0.0000000 1.0000000
0.9968351 0.0711374 0.0354887 112.8623657
-0.0710557 0.9974661 -0.0035602 -3.6889501
-0.0356520 0.0010273 0.9993635 -0.3200375
0.0000000 0.0000000 0.0000000 1.0000000
0.9968519 0.0712048 0.0348743 113.9322433
-0.0711394 0.9974616 -0.0031150 -3.7592108
-0.0350076 0.0006243 0.9993866 -0.3392081
0.0000000 0.0000000 0.0000000 1.0000000
0.9968255 0.0716943 0.0346264 114.0933914
-0.0716194 0.9974263 -0.0033998 -3.7874424
-0.0347811 0.0009091 0.9993943 -0.3395063
0.0000000 0.0000000 0.0000000 1.0000000
0.9969054 0.0704596 0.0348581 114.6591797
-0.0703615 0.9975135 -0.0040342 -3.8274219
-0.0350556 0.0015690 0.9993839 -0.3457272
0.0000000 0.0000000 0.0000000 1.0000000
0.9969519 0.0694988 0.0354544 115.4892654
-0.0693948 0.9975807 -0.0041566 -3.8834970
-0.0356575 0.0016836 0.9993624 -0.3599230
0.0000000 0.0000000 0.0000000 1.0000000
0.9969867 0.0680635 0.0372156 116.3300552
-0.0679214 0.9976779 -0.0050726 -3.9348974
-0.0374744 0.0025296 0.9992942 -0.3711908
0.0000000 0.0000000 0.0000000 1.0000000
0.9970108 0.0665103 0.0393196 116.8295364
-0.0663586 0.9977826 -0.0051506 -3.9675364
-0.0395749 0.0025260 0.9992132 -0.3808696
0.0000000 0.0000000 0.0000000 1.0000000
0.9971058 0.0649909 0.0394504 117.3748245
-0.0648366 0.9978825 -0.0051809 -4.0076628
-0.0397035 0.0026081 0.9992079 -0.3900803
0.0000000 0.0000000 0.0000000 1.0000000
0.9972652 0.0625356 0.0393906 117.8112640
-0.0624028 0.9980406 -0.0045921 -4.0291481
-0.0396005 0.0021214 0.9992132 -0.4008676
0.0000000 0.0000000 0.0000000 1.0000000
0.9973969 0.0601029 0.0398377 118.1534653
-0.0599680 0.9981899 -0.0045739 -4.0559444
-0.0400405 0.0021730 0.9991955 -0.4103203
0.0000000 0.0000000 0.0000000 1.0000000
0.9975632 0.0570856 0.0401109 119.0772705
-0.0569557 0.9983672 -0.0043738 -4.0968461
-0.0402951 0.0020786 0.9991855 -0.4284396
0.0000000 0.0000000 0.0000000 1.0000000
0.9977137 0.0545182 0.0399397 119.9878159
-0.0543943 0.9985109 -0.0041844 -4.1396651
-0.0401084 0.0020023 0.9991932 -0.4453675
0.0000000 0.0000000 0.0000000 1.0000000
0.9978547 0.0520594 0.0396970 120.0692291
-0.0519396 0.9986421 -0.0040455 -4.1362510
-0.0398537 0.0019750 0.9992034 -0.4463871
0.0000000 0.0000000 0.0000000 1.0000000
0.9980111 0.0488864 0.0397989 120.1976318
-0.0487570 0.9988019 -0.0042173 -4.1417875
-0.0399573 0.0022685 0.9991987 -0.4477348
0.0000000 0.0000000 0.0000000 1.0000000
0.9982004 0.0450916 0.0395311 120.6464844
-0.0449938 0.9989817 -0.0033594 -4.1549873
-0.0396423 0.0015747 0.9992126 -0.4587651
0.0000000 0.0000000 0.0000000 1.0000000
0.9983331 0.0424438 0.0391092 121.4781494
-0.0423583 0.9990981 -0.0030125 -4.1821856
-0.0392018 0.0013509 0.9992303 -0.4716097
0.0000000 0.0000000 0.0000000 1.0000000
0.9984028 0.0408775 0.0389966 122.2822952
-0.0408418 0.9991643 -0.0017129 -4.2049212
-0.0390340 0.0001175 0.9992377 -0.4888700
0.0000000 0.0000000 0.0000000 1.0000000
0.9984688 0.0388786 0.0393496 123.0821533
-0.0388674 0.9992440 -0.0010500 -4.2337785
-0.0393607 -0.0004810 0.9992248 -0.5040122
0.0000000 0.0000000 0.0000000 1.0000000
0.9984075 0.0395760 0.0402010 123.8497391
-0.0395542 0.9992167 -0.0013378 -4.2528944
-0.0402225 -0.0002545 0.9991906 -0.5171542
0.0000000 0.0000000 0.0000000 1.0000000
0.9983830 0.0394407 0.0409351 124.6157379
-0.0394248 0.9992220 -0.0011973 -4.2806287
-0.0409505 -0.0004185 0.9991609 -0.5317198
0.0000000 0.0000000 0.0000000 1.0000000
0.9984183 0.0392059 0.0402953 125.3480072
-0.0391923 0.9992312 -0.0011273 -4.3067698
-0.0403085 -0.0004537 0.9991871 -0.5452898
0.0000000 0.0000000 0.0000000 1.0000000
0.9984593 0.0396960 0.0387697 126.0781479
-0.0397077 0.9992114 -0.0004678 -4.3272147
-0.0387576 -0.0010724 0.9992480 -0.5608006
0.0000000 0.0000000 0.0000000 1.0000000
0.9985259 0.0398931 0.0368040 126.8119049
-0.0399059 0.9992035 -0.0003869 -4.3527079
-0.0367902 -0.0010823 0.9993224 -0.5748371
0.0000000 0.0000000 0.0000000 1.0000000
0.9984876 0.0416754 0.0358557 127.5336075
-0.0416905 0.9991307 -0.0003255 -4.3810010
-0.0358381 -0.0011699 0.9993569 -0.5873941
0.0000000 0.0000000 0.0000000 1.0000000
0.9984619 0.0425781 0.0355089 128.2608337
-0.0426119 0.9990918 0.0001948 -4.4106336
-0.0354683 -0.0017076 0.9993693 -0.6031649
0.0000000 0.0000000 0.0000000 1.0000000
0.9984224 0.0436281 0.0353456 128.9707336
-0.0436509 0.9990470 -0.0001275 -4.4385629
-0.0353175 -0.0014156 0.9993750 -0.6153078
0.0000000 0.0000000 0.0000000 1.0000000
0.9983253 0.0460404 0.0350272 129.6765900
-0.0460665 0.9989385 -0.0000611 -4.4673691
-0.0349928 -0.0015526 0.9993863 -0.6267241
0.0000000 0.0000000 0.0000000 1.0000000
0.9982421 0.0478219 0.0350100 130.3850250
-0.0478595 0.9988542 0.0002356 -4.4972396
-0.0349586 -0.0019108 0.9993868 -0.6400436
0.0000000 0.0000000 0.0000000 1.0000000
0.9981363 0.0499480 0.0350594 131.0853119
-0.0499844 0.9987501 0.0001612 -4.5267992
-0.0350076 -0.0019133 0.9993851 -0.6508779
0.0000000 0.0000000 0.0000000 1.0000000
0.9980184 0.0520828 0.0353087 131.7825012
-0.0521304 0.9986403 0.0004295 -4.5603480
-0.0352383 -0.0022693 0.9993762 -0.6641142
0.0000000 0.0000000 0.0000000 1.0000000
0.9978341 0.0552084 0.0357637 132.4798126
-0.0552417 0.9984731 -0.0000572 -4.5989165
-0.0357123 -0.0019186 0.9993601 -0.6771733
0.0000000 0.0000000 0.0000000 1.0000000
0.9976346 0.0583799 0.0362913 133.1711578
-0.0583921 0.9982936 -0.0007233 -4.6392694
-0.0362716 -0.0013975 0.9993409 -0.6876456
0.0000000 0.0000000 0.0000000 1.0000000
0.9975245 0.0602823 0.0362078 133.8566742
-0.0602939 0.9981805 -0.0007724 -4.6825891
-0.0361885 -0.0014126 0.9993439 -0.7000859
0.0000000 0.0000000 0.0000000 1.0000000
0.9972939 0.0640613 0.0360712 134.5393219
-0.0640624 0.9979454 -0.0011266 -4.7190595
-0.0360693 -0.0011873 0.9993485 -0.7124757
0.0000000 0.0000000 0.0000000 1.0000000
0.9971134 0.0667872 0.0361171 135.2241211
-0.0667921 0.9977665 -0.0010713 -4.7595897
-0.0361079 -0.0013441 0.9993469 -0.7262888
0.0000000 0.0000000 0.0000000 1.0000000
0.9969493 0.0695411 0.0354452 135.9184113
-0.0695745 0.9975769 -0.0002931 -4.8028388
-0.0353796 -0.0021739 0.9993715 -0.7421889
0.0000000 0.0000000 0.0000000 1.0000000
0.9967247 0.0729155 0.0349774 136.6028290
-0.0729471 0.9973359 -0.0003740 -4.8455896
-0.0349115 -0.0021787 0.9993879 -0.7567563
0.0000000 0.0000000 0.0000000 1.0000000
0.9965096 0.0753573 0.0359174 137.2942963
-0.0753988 0.9971536 -0.0001987 -4.8927283
-0.0358301 -0.0025101 0.9993546 -0.7703023
0.0000000 0.0000000 0.0000000 1.0000000
0.9962600 0.0783589 0.0364149 137.9900208
-0.0784203 0.9969205 0.0002574 -4.9420061
-0.0362826 -0.0031121 0.9993366 -0.7860366
0.0000000 0.0000000 0.0000000 1.0000000
0.9960920 0.0805579 0.0362139 138.6940613
-0.0806170 0.9967453 0.0001723 -4.9931693
-0.0360822 -0.0030911 0.9993439 -0.7987048
0.0000000 0.0000000 0.0000000 1.0000000
0.9959472 0.0829059 0.0348712 139.3836823
-0.0829573 0.9965532 0.0000256 -5.0475755
-0.0347488 -0.0029183 0.9993917 -0.8134793
0.0000000 0.0000000 0.0000000 1.0000000
0.9959101 0.0840967 0.0330306 140.0878601
-0.0841658 0.9964517 0.0007060 -5.1049848
-0.0328540 -0.0034832 0.9994540 -0.8285369
0.0000000 0.0000000 0.0000000 1.0000000
0.9958673 0.0850202 0.0319392 140.7933350
-0.0850607 0.9963759 -0.0000895 -5.1628165
-0.0318310 -0.0026276 0.9994897 -0.8439177
0.0000000 0.0000000 0.0000000 1.0000000
0.9958512 0.0852986 0.0316984 141.4953156
-0.0853384 0.9963522 -0.0001008 -5.2171106
-0.0315914 -0.0026047 0.9994974 -0.8584289
0.0000000 0.0000000 0.0000000 1.0000000
0.9958233 0.0856325 0.0316738 142.2291565
-0.0856556 0.9963248 -0.0006304 -5.2739387
-0.0316113 -0.0020852 0.9994980 -0.8699216
0.0000000 0.0000000 0.0000000 1.0000000
0.9957820 0.0860420 0.0318637 142.9447479
-0.0860997 0.9962866 0.0004418 -5.3317046
-0.0317074 -0.0031834 0.9994920 -0.8827139
0.0000000 0.0000000 0.0000000 1.0000000
0.9958127 0.0857943 0.0315706 143.6925812
-0.0858706 0.9963059 0.0010652 -5.3937893
-0.0313626 -0.0037717 0.9995008 -0.8987884
0.0000000 0.0000000 0.0000000 1.0000000
0.9958284 0.0860579 0.0303334 144.4333496
-0.0861110 0.9962856 0.0004448 -5.4578538
-0.0301825 -0.0030550 0.9995396 -0.9154552
0.0000000 0.0000000 0.0000000 1.0000000
0.9958022 0.0870653 0.0282452 145.1680603
-0.0870102 0.9962025 -0.0031767 -5.5258846
-0.0284145 0.0007057 0.9995959 -0.9253792
0.0000000 0.0000000 0.0000000 1.0000000
0.9958322 0.0869869 0.0274182 145.9243927
-0.0868906 0.9962070 -0.0046857 -5.5997939
-0.0277218 0.0022838 0.9996130 -0.9384021
0.0000000 0.0000000 0.0000000 1.0000000
0.9956625 0.0877143 0.0310260 146.6877136
-0.0876272 0.9961448 -0.0041604 -5.6650333
-0.0312713 0.0014236 0.9995098 -0.9561822
0.0000000 0.0000000 0.0000000 1.0000000
0.9952596 0.0896772 0.0376360 147.0142059
-0.0897468 0.9959648 0.0001588 -5.6708698
-0.0374699 -0.0035358 0.9992914 -0.9690775
0.0000000 0.0000000 0.0000000 1.0000000
0.9949341 0.0914610 0.0417281 147.4924622
-0.0914946 0.9958051 -0.0011087 -5.7002735
-0.0416544 -0.0027148 0.9991283 -0.9762389
0.0000000 0.0000000 0.0000000 1.0000000
0.9945626 0.0961361 0.0400394 147.9301453
-0.0961136 0.9953675 -0.0024908 -5.7291942
-0.0400933 -0.0013711 0.9991949 -0.9885522
0.0000000 0.0000000 0.0000000 1.0000000
0.9941630 0.1024675 0.0337706 147.9821625
-0.1025442 0.9947285 0.0005423 -5.7117467
-0.0335370 -0.0040021 0.9994294 -0.9960853
0.0000000 0.0000000 0.0000000 1.0000000
0.9938605 0.1064293 0.0302350 148.7792053
-0.1065987 0.9942941 0.0040423 -5.7900014
-0.0296322 -0.0072405 0.9995346 -1.0174559
0.0000000 0.0000000 0.0000000 1.0000000
0.9935568 0.1090835 0.0307524 149.6030884
-0.1092829 0.9939989 0.0048717 -5.8757939
-0.0300364 -0.0082010 0.9995151 -1.0358449
0.0000000 0.0000000 0.0000000 1.0000000
0.9931748 0.1119675 0.0326669 150.4245605
-0.1121503 0.9936841 0.0038148 -5.9662342
-0.0320335 -0.0074524 0.9994590 -1.0509208
0.0000000 0.0000000 0.0000000 1.0000000
0.9926881 0.1151784 0.0361150 151.2367096
-0.1152512 0.9933366 -0.0000667 -6.0634937
-0.0358820 -0.0040961 0.9993476 -1.0651321
0.0000000 0.0000000 0.0000000 1.0000000
0.9922960 0.1180216 0.0376762 152.0819244
-0.1180103 0.9930093 -0.0025309 -6.1666350
-0.0377115 -0.0019348 0.9992867 -1.0837179
0.0000000 0.0000000 0.0000000 1.0000000
0.9918752 0.1214285 0.0379322 152.9017487
-0.1214078 0.9925988 -0.0028587 -6.2619100
-0.0379985 -0.0017698 0.9992762 -1.1040266
0.0000000 0.0000000 0.0000000 1.0000000
0.9916736 0.1234352 0.0367045 153.7422028
-0.1234859 0.9923461 -0.0008904 -6.3624105
-0.0365334 -0.0036495 0.9993257 -1.1250575
0.0000000 0.0000000 0.0000000 1.0000000
0.9914563 0.1256264 0.0351067 154.5701294
-0.1257004 0.9920684 -0.0001004 -6.4621387
-0.0348408 -0.0043134 0.9993835 -1.1439332
0.0000000 0.0000000 0.0000000 1.0000000
0.9911238 0.1282226 0.0351109 155.3857269
-0.1283214 0.9917327 0.0005649 -6.5659728
-0.0347482 -0.0050653 0.9993832 -1.1613368
0.0000000 0.0000000 0.0000000 1.0000000
0.9906685 0.1311620 0.0370491 156.2377472
-0.1312863 0.9913442 0.0009305 -6.6719604
-0.0366063 -0.0057858 0.9993129 -1.1798511
0.0000000 0.0000000 0.0000000 1.0000000
0.9900762 0.1350444 0.0388890 156.6464233
-0.1352113 0.9908155 0.0016813 -6.7437644
-0.0383048 -0.0069228 0.9992421 -1.1872081
0.0000000 0.0000000 0.0000000 1.0000000
0.9896204 0.1382351 0.0392757 156.6726990
