1.0000000 0.0000000 0.0000000 0.0000000
0.0000000 1.0000000 0.0000000 0.0000000
0.0000000 0.0000000 1.0000000 0.0000000
0.0000000 0.0000000 0.0000000 1.0000000
0.9999787 -0.0065360 0.0000156 0.0909933
0.0065360 0.9999784 0.0006370 0.0062434
-0.0000197 -0.0006369 0.9999998 0.0012085
0.0000000 0.0000000 0.0000000 1.0000000
0.9999086 -0.0135240 0.0000222 0.1793477
0.0135240 0.9999077 0.0012479 0.0122398
-0.0000391 -0.0012475 0.9999992 0.0042156
0.0000000 0.0000000 0.0000000 1.0000000
0.9997699 -0.0214177 -0.0012125 0.2766438
0.0214197 0.9997692 0.0016576 0.0211635
0.0011767 -0.0016832 0.9999979 0.0050413
0.0000000 0.0000000 0.0000000 1.0000000
0.9995287 -0.0305726 -0.0027854 0.3758029
0.0305793 0.9995294 0.0023918 0.0343199
0.0027109 -0.0024759 0.9999933 0.0057316
0.0000000 0.0000000 0.0000000 1.0000000
0.9991094 -0.0419773 -0.0042714 0.4848309
0.0419882 0.9991149 0.0024887 0.0460139
0.0041632 -0.0026659 0.9999878 0.0059694
0.0000000 0.0000000 0.0000000 1.0000000
0.9984525 -0.0553495 -0.0053790 0.6084594
0.0553620 0.9984638 0.0022169 0.0623729
0.0052480 -0.0025113 0.9999831 0.0070410
0.0000000 0.0000000 0.0000000 1.0000000
0.9974368 -0.0713076 -0.0059152 0.7354096
0.0713215 0.9974509 0.0021696 0.0823686
0.0057454 -0.0025859 0.9999802 0.0071459
0.0000000 0.0000000 0.0000000 1.0000000
0.9959629 -0.0895706 -0.0059074 0.8870670
0.0895769 0.9959795 0.0008049 0.1058455
0.0058116 -0.0013308 0.9999822 0.0089605
0.0000000 0.0000000 0.0000000 1.0000000
0.9939415 -0.1097334 -0.0062271 1.0444089
0.1097339 0.9939609 -0.0002674 0.1357847
0.0062188 -0.0004176 0.9999806 0.0138104
0.0000000 0.0000000 0.0000000 1.0000000
0.9912419 -0.1318765 -0.0069180 1.2075387
0.1318766 0.9912660 -0.0004361 0.1709633
0.0069151 -0.0004801 0.9999760 0.0174461
0.0000000 0.0000000 0.0000000 1.0000000
0.9877030 -0.1560979 -0.0087264 1.3760185
0.1561287 0.9877322 0.0029624 0.2226507
0.0081570 -0.0042884 0.9999576 0.0223606
0.0000000 0.0000000 0.0000000 1.0000000
0.9832632 -0.1818155 -0.0116834 1.5560640
0.1819038 0.9832913 0.0069969 0.2811588
0.0102161 -0.0090050 0.9999073 0.0266164
0.0000000 0.0000000 0.0000000 1.0000000
0.9779299 -0.2084831 -0.0137054 1.7383679
0.2086287 0.9779414 0.0102207 0.3444323
0.0112722 -0.0128545 0.9998539 0.0316653
0.0000000 0.0000000 0.0000000 1.0000000
0.9712618 -0.2375576 -0.0147230 1.9292799
0.2377273 0.9712686 0.0110838 0.4129920
0.0116669 -0.0142654 0.9998302 0.0392503
0.0000000 0.0000000 0.0000000 1.0000000
0.9633207 -0.2679073 -0.0154516 2.1198044
0.2681062 0.9633061 0.0126545 0.4897560
0.0114943 -0.0163330 0.9998006 0.0444366
0.0000000 0.0000000 0.0000000 1.0000000
0.9538125 -0.2999699 -0.0161131 2.3223438
0.3001975 0.9537703 0.0142652 0.5773630
0.0110890 -0.0184435 0.9997685 0.0476691
0.0000000 0.0000000 0.0000000 1.0000000
0.9425775 -0.3335883 -0.0163196 2.5178063
0.3338355 0.9424965 0.0159373 0.6767435
0.0100647 -0.0204702 0.9997399 0.0531115
0.0000000 0.0000000 0.0000000 1.0000000
0.9302588 -0.3664512 -0.0182219 2.6987441
0.3667600 0.9301373 0.0182070 0.7767273
0.0102769 -0.0236203 0.9996682 0.0533573
0.0000000 0.0000000 0.0000000 1.0000000
0.9163941 -0.3997903 -0.0197348 2.8989694
0.4001586 0.9162080 0.0208726 0.8949906
0.0097366 -0.0270246 0.9995874 0.0549334
0.0000000 0.0000000 0.0000000 1.0000000
0.9003782 -0.4346064 -0.0208840 3.0900629
0.4350023 0.9001793 0.0212099 1.0157570
0.0095814 -0.0281815 0.9995570 0.0533974
0.0000000 0.0000000 0.0000000 1.0000000
0.8820266 -0.4707172 -0.0213154 3.2785401
0.4710721 0.8819372 0.0166593 1.1418713
0.0109570 -0.0247351 0.9996340 0.0528837
0.0000000 0.0000000 0.0000000 1.0000000
0.8608723 -0.5084120 -0.0203968 3.4796453
0.5086949 0.8608594 0.0122623 1.2810447
0.0113245 -0.0209320 0.9997168 0.0615061
0.0000000 0.0000000 0.0000000 1.0000000
0.8362943 -0.5479397 -0.0193346 3.6573629
0.5482094 0.8362341 0.0133714 1.4340093
0.0088415 -0.0217819 0.9997237 0.0693381
0.0000000 0.0000000 0.0000000 1.0000000
0.8074444 -0.5895974 -0.0202084 3.8471785
0.5899183 0.8072531 0.0184041 1.6194103
0.0054622 -0.0267816 0.9996265 0.0725640
0.0000000 0.0000000 0.0000000 1.0000000
0.7755072 -0.6309521 -0.0220883 4.0242724
0.6313257 0.7752402 0.0207440 1.8128291
0.0040353 -0.0300320 0.9995409 0.0791440
0.0000000 0.0000000 0.0000000 1.0000000
0.7401781 -0.6720273 -0.0227048 4.1878343
0.6724009 0.7399274 0.0195999 2.0065589
0.0036282 -0.0297741 0.9995502 0.0789922
0.0000000 0.0000000 0.0000000 1.0000000
0.7006838 -0.7132090 -0.0193686 4.3721652
0.7134678 0.7005123 0.0156823 2.2290945
0.0023832 -0.0248072 0.9996895 0.0846930
0.0000000 0.0000000 0.0000000 1.0000000
0.6583045 -0.7525699 -0.0165421 4.5361743
0.7527489 0.6582018 0.0118032 2.4548721
0.0020053 -0.0202222 0.9997936 0.0875649
0.0000000 0.0000000 0.0000000 1.0000000
0.6143008 -0.7889351 -0.0146934 4.6873999
0.7890714 0.6142097 0.0106032 2.7007656
0.0006596 -0.0181077 0.9998359 0.0890412
0.0000000 0.0000000 0.0000000 1.0000000
0.5665285 -0.8239526 -0.0121433 4.8444839
0.8240399 0.5664324 0.0105991 2.9785841
-0.0018548 -0.0160113 0.9998702 0.0879912
0.0000000 0.0000000 0.0000000 1.0000000
0.5159382 -0.8565511 -0.0113078 4.9825478
0.8566177 0.5158316 0.0111173 3.2614739
-0.0036896 -0.0154223 0.9998744 0.0892442
0.0000000 0.0000000 0.0000000 1.0000000
0.4642572 -0.8856354 -0.0107297 5.0973969
0.8856835 0.4641400 0.0117684 3.5541792
-0.0054424 -0.0149667 0.9998733 0.0865460
0.0000000 0.0000000 0.0000000 1.0000000
0.4095586 -0.9122301 -0.0098882 5.2141695
0.9122498 0.4094261 0.0130494 3.8896468
-0.0078556 -0.0143650 0.9998661 0.0869873
0.0000000 0.0000000 0.0000000 1.0000000
0.3553095 -0.9346965 -0.0098753 5.3007584
0.9346963 0.3551580 0.0143321 4.2190890
-0.0098888 -0.0143228 0.9998486 0.0844240
0.0000000 0.0000000 0.0000000 1.0000000
0.2999379 -0.9539247 -0.0080516 5.3882852
0.9538683 0.2997828 0.0162863 4.5876398
-0.0131222 -0.0125650 0.9998350 0.0848784
0.0000000 0.0000000 0.0000000 1.0000000
0.2457595 -0.9693223 -0.0040739 5.4627047
0.9691976 0.2456540 0.0176005 4.9665985
-0.0160598 -0.0082739 0.9998369 0.0863316
0.0000000 0.0000000 0.0000000 1.0000000
0.1952196 -0.9807554 -0.0028351 5.5174460
0.9806082 0.1951380 0.0181247 5.3473496
-0.0172226 -0.0063184 0.9998318 0.0903722
0.0000000 0.0000000 0.0000000 1.0000000
0.1474723 -0.9890506 -0.0055580 5.5457659
0.9889151 0.1473493 0.0182998 5.7748046
-0.0172805 -0.0081951 0.9998172 0.0855029
0.0000000 0.0000000 0.0000000 1.0000000
0.1052929 -0.9944037 -0.0086437 5.5634103
0.9942971 0.1051258 0.0179300 6.1929851
-0.0169210 -0.0104823 0.9998020 0.0762360
0.0000000 0.0000000 0.0000000 1.0000000
0.0668947 -0.9976969 -0.0112218 5.5690246
0.9976324 0.0667022 0.0167374 6.6399951
-0.0159504 -0.0123149 0.9997970 0.0673010
0.0000000 0.0000000 0.0000000 1.0000000
0.0322372 -0.9994190 -0.0110610 5.5676584
0.9993889 0.0320829 0.0138648 7.0995827
-0.0135019 -0.0115012 0.9998428 0.0639577
0.0000000 0.0000000 0.0000000 1.0000000
0.0011405 -0.9999347 -0.0113663 5.5497994
0.9999341 0.0010108 0.0114220 7.5693188
-0.0114098 -0.0113786 0.9998703 0.0624774
0.0000000 0.0000000 0.0000000 1.0000000
-0.0259532 -0.9995904 -0.0120556 5.5193725
0.9996166 -0.0260661 0.0093174 8.0601645
-0.0096278 -0.0118091 0.9998841 0.0588498
0.0000000 0.0000000 0.0000000 1.0000000
-0.0464622 -0.9988368 -0.0128959 5.4799628
0.9988877 -0.0465604 0.0074323 8.5615845
-0.0080241 -0.0125362 0.9998894 0.0526278
0.0000000 0.0000000 0.0000000 1.0000000
-0.0637619 -0.9978725 -0.0135918 5.4325509
0.9979376 -0.0638551 0.0065429 9.0941572
-0.0073969 -0.0131466 0.9998864 0.0431816
0.0000000 0.0000000 0.0000000 1.0000000
-0.0773376 -0.9969138 -0.0134805 5.3825035
0.9969719 -0.0774377 0.0070775 9.6389971
-0.0080995 -0.0128923 0.9998842 0.0434517
0.0000000 0.0000000 0.0000000 1.0000000
-0.0868163 -0.9961169 -0.0146314 5.3229756
0.9961811 -0.0869397 0.0080286 10.1908627
-0.0092695 -0.0138785 0.9998609 0.0436269
0.0000000 0.0000000 0.0000000 1.0000000
-0.0942752 -0.9954238 -0.0156067 5.2582445
0.9954911 -0.0944230 0.0090282 10.7661171
-0.0104606 -0.0146852 0.9998376 0.0437889
0.0000000 0.0000000 0.0000000 1.0000000
-0.0987021 -0.9949855 -0.0161741 5.1966968
0.9950538 -0.0988657 0.0096554 11.3449554
-0.0112060 -0.0151411 0.9998227 0.0409889
0.0000000 0.0000000 0.0000000 1.0000000
-0.1002683 -0.9948471 -0.0150173 5.1341996
0.9948859 -0.1004338 0.0107134 11.9527140
-0.0121664 -0.0138663 0.9998300 0.0346415
0.0000000 0.0000000 0.0000000 1.0000000
-0.0992679 -0.9949820 -0.0125139 5.0745034
0.9949593 -0.0994293 0.0130190 12.5658693
-0.0141980 -0.0111585 0.9998371 0.0288784
0.0000000 0.0000000 0.0000000 1.0000000
-0.0981357 -0.9950988 -0.0121519 5.0091848
0.9950255 -0.0983239 0.0160092 13.2027159
-0.0171255 -0.0105204 0.9997982 0.0294349
0.0000000 0.0000000 0.0000000 1.0000000
-0.0966872 -0.9952405 -0.0121547 4.9411249
0.9951665 -0.0968761 0.0160692 13.8478622
-0.0171702 -0.0105422 0.9997972 0.0244843
0.0000000 0.0000000 0.0000000 1.0000000
-0.0945754 -0.9954255 -0.0135412 4.8720379
0.9953926 -0.0947701 0.0145543 14.5083380
-0.0157711 -0.0121024 0.9998025 0.0222145
0.0000000 0.0000000 0.0000000 1.0000000
-0.0928268 -0.9955723 -0.0147904 4.8011751
0.9955622 -0.0930358 0.0141407 15.2224302
-0.0154542 -0.0134122 0.9997908 0.0127612
0.0000000 0.0000000 0.0000000 1.0000000
-0.0910044 -0.9957324 -0.0153288 4.7360225
0.9956861 -0.0912580 0.0167594 15.9175863
-0.0180868 -0.0137375 0.9997422 0.0033122
0.0000000 0.0000000 0.0000000 1.0000000
-0.0893594 -0.9958659 -0.0163019 4.6677670
0.9957578 -0.0896860 0.0205546 16.6280689
-0.0219317 -0.0143960 0.9996560 -0.0021775
0.0000000 0.0000000 0.0000000 1.0000000
-0.0870604 -0.9960498 -0.0174679 4.6001072
0.9959188 -0.0874409 0.0223515 17.3555546
-0.0237906 -0.0154506 0.9995977 -0.0061204
0.0000000 0.0000000 0.0000000 1.0000000
-0.0859864 -0.9961246 -0.0184878 4.5294647
0.9960172 -0.0863865 0.0220615 18.0872173
-0.0235731 -0.0165172 0.9995858 -0.0172157
0.0000000 0.0000000 0.0000000 1.0000000
-0.0845144 -0.9961886 -0.0215686 4.4568882
0.9961913 -0.0849407 0.0196857 18.8378639
-0.0214427 -0.0198227 0.9995737 -0.0277786
0.0000000 0.0000000 0.0000000 1.0000000
-0.0820127 -0.9963916 -0.0218506 4.3837271
0.9964201 -0.0824266 0.0187705 19.6120605
-0.0205038 -0.0202330 0.9995852 -0.0452688
0.0000000 0.0000000 0.0000000 1.0000000
-0.0812305 -0.9964966 -0.0198942 4.3218269
0.9964527 -0.0816347 0.0204293 20.3902740
-0.0219818 -0.0181642 0.9995936 -0.0522814
0.0000000 0.0000000 0.0000000 1.0000000
-0.0797682 -0.9966493 -0.0180833 4.2574730
0.9965435 -0.0801554 0.0218101 21.1875572
-0.0231865 -0.0162811 0.9995988 -0.0618007
0.0000000 0.0000000 0.0000000 1.0000000
-0.0799253 -0.9966588 -0.0168210 4.1921005
0.9964848 -0.0803133 0.0238217 21.9852047
-0.0250930 -0.0148580 0.9995749 -0.0679463
0.0000000 0.0000000 0.0000000 1.0000000
-0.0790322 -0.9967215 -0.0173183 4.1229453
0.9966401 -0.0793764 0.0201833 22.7832947
-0.0214918 -0.0156650 0.9996465 -0.0764536
0.0000000 0.0000000 0.0000000 1.0000000
-0.0784031 -0.9967999 -0.0155805 4.0560422
0.9968111 -0.0786174 0.0136589 23.5907269
-0.0148401 -0.0144599 0.9997855 -0.0847345
0.0000000 0.0000000 0.0000000 1.0000000
-0.0792917 -0.9967614 -0.0133913 3.9910095
0.9967966 -0.0794208 0.0094075 24.4050388
-0.0104406 -0.0126025 0.9998662 -0.0910818
0.0000000 0.0000000 0.0000000 1.0000000
-0.0793523 -0.9967611 -0.0130499 3.9219079
0.9967881 -0.0794825 0.0097841 25.2307491
-0.0107897 -0.0122316 0.9998671 -0.0964500
0.0000000 0.0000000 0.0000000 1.0000000
-0.0798716 -0.9967258 -0.0125681 3.8494794
0.9966401 -0.0800813 0.0171789 26.0706654
-0.0181291 -0.0111538 0.9997736 -0.0954460
0.0000000 0.0000000 0.0000000 1.0000000
-0.0803610 -0.9966607 -0.0144677 3.7736356
0.9964334 -0.0807004 0.0246490 26.9157581
-0.0257343 -0.0124353 0.9995916 -0.0995316
0.0000000 0.0000000 0.0000000 1.0000000
-0.0819110 -0.9965173 -0.0156094 3.7622442
0.9961060 -0.0823695 0.0314315 26.9558392
-0.0326078 -0.0129741 0.9993842 -0.0945120
0.0000000 0.0000000 0.0000000 1.0000000
-0.0828282 -0.9964169 -0.0171076 3.6849494
0.9959936 -0.0833491 0.0323939 27.7905407
-0.0337038 -0.0143560 0.9993289 -0.1076186
0.0000000 0.0000000 0.0000000 1.0000000
-0.0831956 -0.9963969 -0.0164758 3.6116841
0.9960702 -0.0836494 0.0290970 28.6299171
-0.0303703 -0.0139904 0.9994410 -0.1199275
0.0000000 0.0000000 0.0000000 1.0000000
-0.0840795 -0.9963282 -0.0161388 3.5370100
0.9960477 -0.0844989 0.0273605 29.4457836
-0.0286238 -0.0137745 0.9994955 -0.1286486
0.0000000 0.0000000 0.0000000 1.0000000
-0.0841943 -0.9962963 -0.0174573 3.4569080
0.9960085 -0.0846651 0.0282617 30.2854748
-0.0296350 -0.0150082 0.9994483 -0.1450134
0.0000000 0.0000000 0.0000000 1.0000000
-0.0835129 -0.9963495 -0.0176957 3.3778350
0.9960171 -0.0840151 0.0298513 31.1222401
-0.0312291 -0.0151322 0.9993979 -0.1553974
0.0000000 0.0000000 0.0000000 1.0000000
-0.0843460 -0.9962696 -0.0182341 3.2991595
0.9959651 -0.0848546 0.0292037 31.9510689
-0.0306420 -0.0156973 0.9994074 -0.1636286
0.0000000 0.0000000 0.0000000 1.0000000
-0.0833753 -0.9963351 -0.0190941 3.2222686
0.9961793 -0.0838311 0.0244699 32.7779770
-0.0259809 -0.0169810 0.9995184 -0.1768500
0.0000000 0.0000000 0.0000000 1.0000000
-0.0840244 -0.9962509 -0.0205840 3.1489201
0.9962142 -0.0844475 0.0206316 33.6074333
-0.0222925 -0.0187725 0.9995754 -0.1880377
0.0000000 0.0000000 0.0000000 1.0000000
-0.0833707 -0.9963146 -0.0201537 3.0750868
0.9962520 -0.0837989 0.0214316 34.4363060
-0.0230414 -0.0182914 0.9995674 -0.1999630
0.0000000 0.0000000 0.0000000 1.0000000
-0.0822196 -0.9964287 -0.0192224 2.9993219
0.9963054 -0.0826588 0.0232965 35.2695351
-0.0248022 -0.0172360 0.9995440 -0.2029726
0.0000000 0.0000000 0.0000000 1.0000000
-0.0825836 -0.9963850 -0.0199153 2.9262636
0.9961309 -0.0831320 0.0284941 36.0979118
-0.0300467 -0.0174851 0.9993958 -0.2128694
0.0000000 0.0000000 0.0000000 1.0000000
-0.0817935 -0.9964498 -0.0199358 2.8534238
0.9960145 -0.0824387 0.0340404 36.9391479
-0.0355630 -0.0170721 0.9992219 -0.2258847
0.0000000 0.0000000 0.0000000 1.0000000
-0.0828730 -0.9963362 -0.0211215 2.7824562
0.9957935 -0.0836217 0.0374479 37.7675514
-0.0390769 -0.0179292 0.9990756 -0.2415362
0.0000000 0.0000000 0.0000000 1.0000000
-0.0830859 -0.9963307 -0.0205391 2.7126663
0.9957664 -0.0838166 0.0377317 38.5991745
-0.0393147 -0.0173172 0.9990771 -0.2595242
0.0000000 0.0000000 0.0000000 1.0000000
-0.0823703 -0.9963763 -0.0211983 2.6372201
0.9959610 -0.0830612 0.0340907 39.4249115
-0.0357279 -0.0183046 0.9991942 -0.2772731
0.0000000 0.0000000 0.0000000 1.0000000
-0.0826234 -0.9963393 -0.0219376 2.5618949
0.9960782 -0.0832606 0.0299257 40.2537079
-0.0316427 -0.0193790 0.9993117 -0.2923696
0.0000000 0.0000000 0.0000000 1.0000000
-0.0824160 -0.9962955 -0.0245533 2.4808490
0.9961674 -0.0830794 0.0273501 41.0822029
-0.0292887 -0.0222051 0.9993247 -0.3058665
0.0000000 0.0000000 0.0000000 1.0000000
-0.0828755 -0.9961777 -0.0275974 2.3985891
0.9961778 -0.0835785 0.0253786 41.9222183
-0.0275881 -0.0253886 0.9992973 -0.3228461
0.0000000 0.0000000 0.0000000 1.0000000
-0.0834857 -0.9962065 -0.0245478 2.3254807
0.9961774 -0.0840677 0.0237233 42.7391205
-0.0256970 -0.0224734 0.9994175 -0.3299065
0.0000000 0.0000000 0.0000000 1.0000000
-0.0840469 -0.9962434 -0.0208598 2.2564790
0.9962038 -0.0844828 0.0209823 43.5584259
-0.0226658 -0.0190172 0.9995626 -0.3346710
0.0000000 0.0000000 0.0000000 1.0000000
-0.0855782 -0.9961802 -0.0173556 2.1862798
0.9961115 -0.0859122 0.0195140 44.3829460
-0.0209305 -0.0156181 0.9996593 -0.3461601
0.0000000 0.0000000 0.0000000 1.0000000
-0.0868606 -0.9960748 -0.0170318 2.1115377
0.9959193 -0.0872419 0.0230951 45.2090759
-0.0244903 -0.0149562 0.9995885 -0.3527101
0.0000000 0.0000000 0.0000000 1.0000000
-0.0897444 -0.9958476 -0.0152733 2.0375333
0.9954978 -0.0901612 0.0292373 46.0343323
-0.0304929 -0.0125806 0.9994562 -0.3630467
0.0000000 0.0000000 0.0000000 1.0000000
-0.0918332 -0.9956746 -0.0140963 1.9606637
0.9951913 -0.0922544 0.0329112 46.8511772
-0.0340693 -0.0110062 0.9993593 -0.3712687
0.0000000 0.0000000 0.0000000 1.0000000
-0.0927394 -0.9955873 -0.0143249 1.8856226
0.9951019 -0.0931694 0.0330361 47.6506042
-0.0342250 -0.0111910 0.9993519 -0.3798071
0.0000000 0.0000000 0.0000000 1.0000000
-0.0944738 -0.9953734 -0.0175001 1.7955463
0.9950445 -0.0949607 0.0294754 48.4523544
-0.0310008 -0.0146287 0.9994127 -0.3951569
0.0000000 0.0000000 0.0000000 1.0000000
-0.0958672 -0.9951542 -0.0218488 1.7057476
0.9949965 -0.0964261 0.0261505 49.2529984
-0.0281306 -0.0192325 0.9994196 -0.4062589
0.0000000 0.0000000 0.0000000 1.0000000
-0.0965496 -0.9949872 -0.0260477 1.6175269
0.9949607 -0.0971918 0.0246352 50.0470047
-0.0270434 -0.0235380 0.9993575 -0.4227699
0.0000000 0.0000000 0.0000000 1.0000000
-0.0980674 -0.9947907 -0.0278200 1.5314906
0.9947851 -0.0987772 0.0254055 50.8441124
-0.0280212 -0.0251835 0.9992904 -0.4329511
0.0000000 0.0000000 0.0000000 1.0000000
-0.0983722 -0.9947690 -0.0275197 1.4482294
0.9947103 -0.0991127 0.0269814 51.6313248
-0.0295678 -0.0247199 0.9992574 -0.4393749
0.0000000 0.0000000 0.0000000 1.0000000
-0.0999737 -0.9945521 -0.0295142 1.3621383
0.9945495 -0.1007680 0.0267775 52.4127197
-0.0296058 -0.0266762 0.9992060 -0.4486220
0.0000000 0.0000000 0.0000000 1.0000000
-0.1007798 -0.9944463 -0.0303266 1.2763742
0.9944727 -0.1015910 0.0265146 53.1930351
-0.0294482 -0.0274869 0.9991887 -0.4601039
0.0000000 0.0000000 0.0000000 1.0000000
-0.1008812 -0.9944673 -0.0292842 1.1934652
0.9944285 -0.1016943 0.0277502 53.9651642
-0.0305748 -0.0263215 0.9991862 -0.4706869
0.0000000 0.0000000 0.0000000 1.0000000
-0.1020041 -0.9943637 -0.0289115 1.1088248
0.9942483 -0.1028596 0.0298325 54.7450638
-0.0326382 -0.0257021 0.9991370 -0.4793019
0.0000000 0.0000000 0.0000000 1.0000000
-0.1012024 -0.9944445 -0.0289482 1.0244864
0.9942009 -0.1021554 0.0335933 55.5153923
-0.0363639 -0.0253807 0.9990166 -0.4932105
0.0000000 0.0000000 0.0000000 1.0000000
-0.1024748 -0.9943246 -0.0285869 0.9382764
0.9939872 -0.1034698 0.0358224 56.2753983
-0.0385770 -0.0247441 0.9989495 -0.5073500
0.0000000 0.0000000 0.0000000 1.0000000
-0.1036517 -0.9942051 -0.0285009 0.8540302
0.9938673 -0.1046411 0.0357455 57.0264969
-0.0385207 -0.0246210 0.9989547 -0.5205377
0.0000000 0.0000000 0.0000000 1.0000000
-0.1032632 -0.9942866 -0.0270304 0.7725358
0.9939793 -0.1041557 0.0340061 57.7683868
-0.0366272 -0.0233561 0.9990563 -0.5321757
0.0000000 0.0000000 0.0000000 1.0000000
-0.1039326 -0.9942051 -0.0274607 0.6911395
0.9940212 -0.1047629 0.0307627 58.5029678
-0.0334613 -0.0240993 0.9991497 -0.5447794
0.0000000 0.0000000 0.0000000 1.0000000
-0.1033875 -0.9942999 -0.0260465 0.6121901
0.9941580 -0.1041177 0.0284431 59.2149925
-0.0309929 -0.0229537 0.9992563 -0.5526486
0.0000000 0.0000000 0.0000000 1.0000000
-0.1029377 -0.9943319 -0.0266023 0.5310561
0.9942555 -0.1036444 0.0267120 59.9233932
-0.0293178 -0.0236998 0.9992894 -0.5622745
0.0000000 0.0000000 0.0000000 1.0000000
-0.1006515 -0.9945261 -0.0280499 0.4530158
0.9945060 -0.1013842 0.0260528 60.6105499
-0.0287541 -0.0252735 0.9992672 -0.5682357
0.0000000 0.0000000 0.0000000 1.0000000
-0.0967305 -0.9949505 -0.0267676 0.3797208
0.9948802 -0.0974443 0.0267903 61.2761383
-0.0292634 -0.0240391 0.9992829 -0.5745288
0.0000000 0.0000000 0.0000000 1.0000000
-0.0914809 -0.9954657 -0.0260585 0.3163183
0.9953458 -0.0922033 0.0280184 61.9421463
-0.0302941 -0.0233741 0.9992679 -0.5811105
0.0000000 0.0000000 0.0000000 1.0000000
-0.0839611 -0.9961422 -0.0255148 0.2605243
0.9959684 -0.0847028 0.0295315 62.5871315
-0.0315787 -0.0229325 0.9992384 -0.5867510
0.0000000 0.0000000 0.0000000 1.0000000
-0.0754846 -0.9968083 -0.0259830 0.2091957
0.9966179 -0.0762675 0.0305908 63.2186165
-0.0324749 -0.0235860 0.9991944 -0.5916305
0.0000000 0.0000000 0.0000000 1.0000000
-0.0639189 -0.9975832 -0.0272391 0.1634239
0.9973819 -0.0647831 0.0321271 63.8424034
-0.0338141 -0.0251142 0.9991128 -0.5974113
0.0000000 0.0000000 0.0000000 1.0000000
-0.0485505 -0.9984232 -0.0281731 0.1274361
0.9982178 -0.0494816 0.0333552 64.4418564
-0.0346966 -0.0265035 0.9990466 -0.6049281
0.0000000 0.0000000 0.0000000 1.0000000
-0.0307740 -0.9991053 -0.0290079 0.1077708
0.9989015 -0.0317676 0.0344440 65.0266953
-0.0353347 -0.0279160 0.9989858 -0.6125562
0.0000000 0.0000000 0.0000000 1.0000000
-0.0085500 -0.9995545 -0.0285946 0.1061621
0.9993339 -0.0095555 0.0352162 65.5906067
-0.0354738 -0.0282744 0.9989707 -0.6197550
0.0000000 0.0000000 0.0000000 1.0000000
0.0165634 -0.9994745 -0.0278624 0.1200535
0.9992311 0.0155563 0.0359856 66.1257782
-0.0355333 -0.0284370 0.9989640 -0.6260381
0.0000000 0.0000000 0.0000000 1.0000000
0.0456392 -0.9986330 -0.0254770 0.1532033
0.9983287 0.0446906 0.0366382 66.6451416
-0.0354495 -0.0271066 0.9990039 -0.6289926
0.0000000 0.0000000 0.0000000 1.0000000
0.0787334 -0.9966158 -0.0236181 0.2031239
0.9962961 0.0778426 0.0365290 67.1334305
-0.0345669 -0.0264067 0.9990536 -0.6389698
0.0000000 0.0000000 0.0000000 1.0000000
0.1160601 -0.9929917 -0.0223036 0.2706621
0.9926578 0.1151926 0.0368916 67.6110458
-0.0340639 -0.0264215 0.9990705 -0.6473340
0.0000000 0.0000000 0.0000000 1.0000000
0.1568671 -0.9873923 -0.0211919 0.3598799
0.9870493 0.1560113 0.0373363 68.0715561
-0.0335594 -0.0267743 0.9990782 -0.6522360
0.0000000 0.0000000 0.0000000 1.0000000
0.2008513 -0.9794293 -0.0194137 0.4651061
0.9790363 0.2000070 0.0385334 68.5136490
-0.0338579 -0.0267462 0.9990689 -0.6594712
0.0000000 0.0000000 0.0000000 1.0000000
0.2493144 -0.9683149 -0.0144413 0.6027389
0.9678593 0.2486333 0.0378103 68.9515076
-0.0330218 -0.0234038 0.9991807 -0.6640482
0.0000000 0.0000000 0.0000000 1.0000000
0.2987421 -0.9543129 -0.0063276 0.7667140
0.9538469 0.2983715 0.0339149 69.3660355
-0.0304774 -0.0161673 0.9994048 -0.6614284
0.0000000 0.0000000 0.0000000 1.0000000
0.3498606 -0.9368014 -0.0007764 0.9553503
0.9364070 0.3496891 0.0293111 69.7706299
-0.0271872 -0.0109819 0.9995702 -0.6638520
0.0000000 0.0000000 0.0000000 1.0000000
0.4013035 -0.9159310 0.0050725 1.1568182
0.9155896 0.4012960 0.0256319 70.1549454
-0.0255126 -0.0056419 0.9996588 -0.6682235
0.0000000 0.0000000 0.0000000 1.0000000
0.4527412 -0.8916188 0.0064136 1.3822721
0.8912884 0.4527526 0.0248935 70.5370331
-0.0250993 -0.0055540 0.9996697 -0.6793193
0.0000000 0.0000000 0.0000000 1.0000000
0.5008271 -0.8654992 0.0091258 1.6161703
0.8651750 0.5008932 0.0240383 70.9042282
-0.0253762 -0.0041436 0.9996696 -0.6879273
0.0000000 0.0000000 0.0000000 1.0000000
0.5458792 -0.8376980 0.0166724 1.8824897
0.8374439 0.5461275 0.0207836 71.2497711
-0.0265156 0.0026169 0.9996451 -0.6946599
0.0000000 0.0000000 0.0000000 1.0000000
0.5900666 -0.8068883 0.0274346 2.1803031
0.8068720 0.5905479 0.0145022 71.5790939
-0.0279031 0.0135790 0.9995185 -0.6879911
0.0000000 0.0000000 0.0000000 1.0000000
0.6322970 -0.7742140 0.0281632 2.4655893
0.7742945 0.6327401 0.0103702 71.8834915
-0.0258488 0.0152496 0.9995497 -0.6895002
0.0000000 0.0000000 0.0000000 1.0000000
0.6743009 -0.7381359 0.0217632 2.7685115
0.7382122 0.6745430 0.0058362 72.1885529
-0.0189881 0.0121306 0.9997463 -0.6983033
0.0000000 0.0000000 0.0000000 1.0000000
0.7150569 -0.6989650 0.0118958 3.0757654
0.6990083 0.7151129 0.0006745 72.4680405
-0.0089783 0.0078330 0.9999291 -0.7026651
0.0000000 0.0000000 0.0000000 1.0000000
0.7551445 -0.6555555 0.0018994 3.4287438
0.6555580 0.7551406 -0.0024275 72.7533951
0.0001570 0.0030783 0.9999954 -0.7123199
0.0000000 0.0000000 0.0000000 1.0000000
0.7920904 -0.6104017 -0.0015717 3.7996190
0.6103940 0.7920898 -0.0035272 73.0152283
0.0033979 0.0018345 0.9999927 -0.7149044
0.0000000 0.0000000 0.0000000 1.0000000
0.8269026 -0.5623366 -0.0030814 4.2086787
0.5623226 0.8269062 -0.0043471 73.2695541
0.0049926 0.0018619 0.9999859 -0.7146357
0.0000000 0.0000000 0.0000000 1.0000000
0.8584905 -0.5127863 -0.0066508 4.6551237
0.5127817 0.8585151 -0.0024696 73.5167542
0.0069762 -0.0012903 0.9999750 -0.7161552
0.0000000 0.0000000 0.0000000 1.0000000
0.8847082 -0.4661089 -0.0058078 5.1068516
0.4661137 0.8847243 -0.0005451 73.7403793
0.0053923 -0.0022249 0.9999831 -0.7028015
0.0000000 0.0000000 0.0000000 1.0000000
0.9070897 -0.4208714 -0.0074534 5.6026049
0.4209108 0.9070886 0.0048656 73.9669724
0.0047131 -0.0075507 0.9999605 -0.6995325
0.0000000 0.0000000 0.0000000 1.0000000
0.9248707 -0.3801240 -0.0109438 6.0994396
0.3802306 0.9248341 0.0102917 74.1714554
0.0062091 -0.0136797 0.9998873 -0.6970403
0.0000000 0.0000000 0.0000000 1.0000000
0.9389883 -0.3437705 -0.0110771 6.6324615
0.3439078 0.9388863 0.0148062 74.3656158
0.0053102 -0.0177124 0.9998292 -0.6948293
0.0000000 0.0000000 0.0000000 1.0000000
0.9498993 -0.3124349 -0.0086917 7.1923251
0.3125370 0.9497784 0.0155190 74.5484314
0.0034066 -0.0174580 0.9998419 -0.6887735
0.0000000 0.0000000 0.0000000 1.0000000
0.9574375 -0.2885651 -0.0065933 7.7605419
0.2886335 0.9573219 0.0149919 74.7073822
0.0019858 -0.0162568 0.9998660 -0.6783399
0.0000000 0.0000000 0.0000000 1.0000000
0.9638745 -0.2663192 -0.0044553 8.3585711
0.2663562 0.9637505 0.0154469 74.8703384
0.0001800 -0.0160756 0.9998709 -0.6723285
0.0000000 0.0000000 0.0000000 1.0000000
0.9684805 -0.2490785 -0.0022833 8.9617329
0.2490802 0.9683293 0.0172280 75.0260544
-0.0020801 -0.0172537 0.9998491 -0.6683981
0.0000000 0.0000000 0.0000000 1.0000000
0.9723139 -0.2336735 -0.0015281 9.5861235
0.2336500 0.9720732 0.0219274 75.1794739
-0.0036384 -0.0216773 0.9997585 -0.6622973
0.0000000 0.0000000 0.0000000 1.0000000
0.9756136 -0.2194937 -0.0007361 10.2356110
0.2194475 0.9753281 0.0240277 75.3310852
-0.0045559 -0.0236033 0.9997112 -0.6633231
0.0000000 0.0000000 0.0000000 1.0000000
0.9783225 -0.2070866 0.0003309 10.8832035
0.2070239 0.9780637 0.0230622 75.4665833
-0.0050995 -0.0224938 0.9997341 -0.6545897
0.0000000 0.0000000 0.0000000 1.0000000
0.9811692 -0.1931497 0.0004291 11.5616436
0.1930907 0.9809197 0.0226268 75.6000137
-0.0047912 -0.0221178 0.9997440 -0.6524040
0.0000000 0.0000000 0.0000000 1.0000000
0.9841052 -0.1775824 0.0011458 12.2579556
0.1775083 0.9838451 0.0232155 75.7309875
-0.0052499 -0.0226431 0.9997299 -0.6525875
0.0000000 0.0000000 0.0000000 1.0000000
0.9864990 -0.1637576 0.0017901 12.9603996
0.1636689 0.9862262 0.0238689 75.8537292
-0.0056741 -0.0232537 0.9997136 -0.6504672
0.0000000 0.0000000 0.0000000 1.0000000
0.9886443 -0.1502744 -0.0000685 13.6773567
0.1502334 0.9883644 0.0237727 75.9659424
-0.0035048 -0.0235131 0.9997175 -0.6433663
0.0000000 0.0000000 0.0000000 1.0000000
0.9901666 -0.1398039 -0.0049870 14.3970718
0.1398846 0.9898633 0.0245438 76.0669327
0.0015051 -0.0250000 0.9996864 -0.6363578
0.0000000 0.0000000 0.0000000 1.0000000
0.9914824 -0.1298322 -0.0103056 15.1324348
0.1300457 0.9912211 0.0238364 76.1652374
0.0071204 -0.0249736 0.9996629 -0.6276032
0.0000000 0.0000000 0.0000000 1.0000000
0.9925842 -0.1211194 -0.0103244 15.8855419
0.1213422 0.9923019 0.0247448 76.2592697
0.0072479 -0.0258141 0.9996406 -0.6204538
0.0000000 0.0000000 0.0000000 1.0000000
0.9933898 -0.1147194 -0.0040027 16.6505623
0.1147852 0.9930381 0.0264392 76.3531952
0.0009417 -0.0267239 0.9996425 -0.6051346
0.0000000 0.0000000 0.0000000 1.0000000
0.9939246 -0.1100010 0.0036943 17.4148998
0.1098441 0.9935049 0.0296919 76.4468079
-0.0069365 -0.0291057 0.9995524 -0.5989524
0.0000000 0.0000000 0.0000000 1.0000000
0.9943790 -0.1055806 0.0079409 18.1853867
0.1053033 0.9939979 0.0296457 76.5367203
-0.0110233 -0.0286428 0.9995290 -0.5901091
0.0000000 0.0000000 0.0000000 1.0000000
0.9947357 -0.1021849 0.0076785 18.9466057
0.1019240 0.9943710 0.0289350 76.6179733
-0.0105920 -0.0280000 0.9995519 -0.5831544
0.0000000 0.0000000 0.0000000 1.0000000
0.9951515 -0.0980765 0.0073768 19.7031803
0.0978250 0.9947809 0.0289943 76.6943359
-0.0101820 -0.0281321 0.9995524 -0.5787680
0.0000000 0.0000000 0.0000000 1.0000000
0.9953855 -0.0955231 0.0091101 20.4661465
0.0952321 0.9950525 0.0282995 76.7691727
-0.0117683 -0.0273013 0.9995580 -0.5769303
0.0000000 0.0000000 0.0000000 1.0000000
0.9956176 -0.0927442 0.0119982 21.2348251
0.0924036 0.9953724 0.0263596 76.8412476
-0.0143874 -0.0251354 0.9995806 -0.5722639
0.0000000 0.0000000 0.0000000 1.0000000
0.9959003 -0.0893668 0.0139991 21.9995327
0.0890261 0.9957561 0.0233125 76.9105759
-0.0160231 -0.0219706 0.9996303 -0.5687768
0.0000000 0.0000000 0.0000000 1.0000000
0.9961491 -0.0869850 0.0109709 22.7588367
0.0867210 0.9959763 0.0225870 76.9784164
-0.0128914 -0.0215486 0.9996848 -0.5640613
0.0000000 0.0000000 0.0000000 1.0000000
0.9963710 -0.0850406 0.0035849 23.5084991
0.0849189 0.9960459 0.0260931 77.0520935
-0.0057897 -0.0256940 0.9996532 -0.5636088
0.0000000 0.0000000 0.0000000 1.0000000
0.9965245 -0.0832020 -0.0040285 23.5488968
0.0832804 0.9961637 0.0268637 77.0592728
0.0017780 -0.0271059 0.9996310 -0.5641959
0.0000000 0.0000000 0.0000000 1.0000000
0.9966371 -0.0815461 -0.0080400 24.3099957
0.0817394 0.9962679 0.0277209 77.1256256
0.0057495 -0.0282848 0.9995834 -0.5537422
0.0000000 0.0000000 0.0000000 1.0000000
0.9968398 -0.0791789 -0.0064159 25.0688610
0.0793323 0.9964281 0.0289262 77.1915970
0.0041027 -0.0293438 0.9995610 -0.5411733
0.0000000 0.0000000 0.0000000 1.0000000
0.9970515 -0.0766899 -0.0026309 25.8314075
0.0767348 0.9965307 0.0322135 77.2594910
0.0001514 -0.0323204 0.9994776 -0.5274963
0.0000000 0.0000000 0.0000000 1.0000000
0.9972175 -0.0745260 0.0018021 26.5947742
0.0744171 0.9966102 0.0350644 77.3244019
-0.0044092 -0.0348327 0.9993835 -0.5167722
0.0000000 0.0000000 0.0000000 1.0000000
0.9974101 -0.0717908 0.0043962 27.3521347
0.0716092 0.9968942 0.0327629 77.3797836
-0.0067346 -0.0323632 0.9994535 -0.5082994
0.0000000 0.0000000 0.0000000 1.0000000
0.9975300 -0.0700837 0.0047196 28.1052608
0.0699097 0.9970933 0.0302814 77.4319458
-0.0068281 -0.0298766 0.9995303 -0.4973608
0.0000000 0.0000000 0.0000000 1.0000000
0.9976505 -0.0683377 0.0048425 28.8581333
0.0681699 0.9972534 0.0289468 77.4814835
-0.0068074 -0.0285487 0.9995692 -0.4889809
0.0000000 0.0000000 0.0000000 1.0000000
0.9976916 -0.0678092 0.0036649 29.6165161
0.0676780 0.9973009 0.0284624 77.5375366
-0.0055851 -0.0281487 0.9995881 -0.4846749
0.0000000 0.0000000 0.0000000 1.0000000
0.9977479 -0.0670255 0.0025925 30.3763676
0.0669305 0.9973864 0.0272059 77.5871887
-0.0044092 -0.0269711 0.9996265 -0.4784645
0.0000000 0.0000000 0.0000000 1.0000000
0.9978352 -0.0656981 0.0029557 31.1501102
0.0655988 0.9975039 0.0261188 77.6375885
-0.0046643 -0.0258684 0.9996545 -0.4689873
0.0000000 0.0000000 0.0000000 1.0000000
0.9978421 -0.0655621 0.0035594 31.9210320
0.0654401 0.9974778 0.0274777 77.6939240
-0.0053519 -0.0271855 0.9996161 -0.4649733
0.0000000 0.0000000 0.0000000 1.0000000
0.9978547 -0.0653859 0.0032870 32.6906204
0.0652673 0.9974670 0.0282719 77.7491150
-0.0051272 -0.0279968 0.9995949 -0.4600263
0.0000000 0.0000000 0.0000000 1.0000000
0.9977931 -0.0663368 0.0029048 33.4664421
0.0662344 0.9974380 0.0270186 77.8021469
-0.0046897 -0.0267666 0.9996307 -0.4561118
0.0000000 0.0000000 0.0000000 1.0000000
0.9976259 -0.0687544 0.0039305 34.2547913
0.0686327 0.9973170 0.0254510 77.8619919
-0.0056698 -0.0251208 0.9996683 -0.4490911
0.0000000 0.0000000 0.0000000 1.0000000
0.9974382 -0.0714205 0.0040321 35.0414543
0.0712820 0.9970708 0.0277129 77.9247360
-0.0059996 -0.0273545 0.9996077 -0.4447526
0.0000000 0.0000000 0.0000000 1.0000000
0.9971978 -0.0747306 0.0034656 35.8424911
0.0745961 0.9967750 0.0295695 77.9990540
-0.0056642 -0.0292282 0.9995567 -0.4380992
0.0000000 0.0000000 0.0000000 1.0000000
0.9970125 -0.0772354 -0.0009673 36.6418762
0.0772294 0.9965585 0.0301011 78.0707474
-0.0013609 -0.0300859 0.9995463 -0.4295659
0.0000000 0.0000000 0.0000000 1.0000000
0.9968310 -0.0794550 -0.0038827 37.4336777
0.0795363 0.9963690 0.0303668 78.1406403
0.0014558 -0.0305794 0.9995313 -0.4203599
0.0000000 0.0000000 0.0000000 1.0000000
0.9966664 -0.0814006 -0.0055035 38.1273537
0.0815324 0.9961907 0.0309197 78.1991272
0.0029657 -0.0312654 0.9995067 -0.4137774
0.0000000 0.0000000 0.0000000 1.0000000
0.9964945 -0.0835553 -0.0041631 38.9406929
0.0836423 0.9960525 0.0297111 78.2716599
0.0016641 -0.0299552 0.9995499 -0.4027461
0.0000000 0.0000000 0.0000000 1.0000000
0.9963191 -0.0856618 -0.0032543 39.7868767
0.0857202 0.9958951 0.0290563 78.3496017
0.0007519 -0.0292283 0.9995725 -0.3902647
0.0000000 0.0000000 0.0000000 1.0000000
0.9961911 -0.0871967 -0.0003562 40.4118195
0.0871719 0.9957941 0.0281861 78.4004364
-0.0021030 -0.0281098 0.9996027 -0.3792069
0.0000000 0.0000000 0.0000000 1.0000000
0.9961848 -0.0872370 0.0023970 41.2525520
0.0871369 0.9958078 0.0278072 78.4798126
-0.0048127 -0.0274922 0.9996105 -0.3771757
0.0000000 0.0000000 0.0000000 1.0000000
0.9960380 -0.0886635 0.0068864 42.0950508
0.0884515 0.9957247 0.0266076 78.5597000
-0.0092161 -0.0258930 0.9996223 -0.3717972
0.0000000 0.0000000 0.0000000 1.0000000
0.9960964 -0.0877115 0.0099483 42.9470787
0.0874201 0.9958139 0.0266767 78.6394272
-0.0122465 -0.0257029 0.9995946 -0.3643949
0.0000000 0.0000000 0.0000000 1.0000000
0.9963132 -0.0852815 0.0093409 43.8171082
0.0849751 0.9959502 0.0293530 78.7245178
-0.0118063 -0.0284510 0.9995255 -0.3669125
0.0000000 0.0000000 0.0000000 1.0000000
0.9964575 -0.0836355 0.0088149 44.6639023
0.0833439 0.9960859 0.0294250 78.8006058
-0.0112414 -0.0285861 0.9995282 -0.3669998
0.0000000 0.0000000 0.0000000 1.0000000
0.9966705 -0.0812410 0.0069178 45.5324249
0.0810178 0.9963187 0.0280079 78.8734818
-0.0091677 -0.0273542 0.9995838 -0.3660539
0.0000000 0.0000000 0.0000000 1.0000000
0.9967622 -0.0801482 0.0064537 46.3986092
0.0799721 0.9965072 0.0240229 78.9431000
-0.0083565 -0.0234290 0.9996907 -0.3616252
0.0000000 0.0000000 0.0000000 1.0000000
0.9969361 -0.0779638 0.0063463 47.2629509
0.0778032 0.9967148 0.0224822 79.0136948
-0.0080783 -0.0219195 0.9997272 -0.3613619
0.0000000 0.0000000 0.0000000 1.0000000
0.9970758 -0.0759724 0.0082628 48.1454582
0.0757993 0.9969311 0.0195457 79.0859985
-0.0097223 -0.0188622 0.9997749 -0.3630759
0.0000000 0.0000000 0.0000000 1.0000000
0.9970935 -0.0753704 0.0111368 49.0113220
0.0751837 0.9970357 0.0163205 79.1511993
-0.0123339 -0.0154357 0.9998049 -0.3584000
0.0000000 0.0000000 0.0000000 1.0000000
0.9971954 -0.0739216 0.0117069 49.8912277
0.0737335 0.9971533 0.0157460 79.2200317
-0.0128375 -0.0148386 0.9998076 -0.3509503
0.0000000 0.0000000 0.0000000 1.0000000
0.9972669 -0.0733777 0.0086287 50.7519035
0.0732229 0.9971694 0.0170571 79.2894363
-0.0098559 -0.0163787 0.9998174 -0.3475468
0.0000000 0.0000000 0.0000000 1.0000000
0.9973444 -0.0727600 0.0031826 51.2552834
0.0726695 0.9970974 0.0226958 79.3270493
-0.0048247 -0.0224043 0.9997374 -0.3436415
0.0000000 0.0000000 0.0000000 1.0000000
0.9974790 -0.0709366 -0.0019039 52.1172600
0.0709617 0.9971993 0.0236069 79.3973846
0.0002240 -0.0236824 0.9997196 -0.3346894
0.0000000 0.0000000 0.0000000 1.0000000
0.9974648 -0.0706575 -0.0084596 52.9697266
0.0708687 0.9970915 0.0280279 79.4679718
0.0064546 -0.0285564 0.9995714 -0.3232746
0.0000000 0.0000000 0.0000000 1.0000000
0.9975411 -0.0694002 -0.0097659 53.8223686
0.0696363 0.9972230 0.0263880 79.5327759
0.0079075 -0.0270032 0.9996042 -0.3108927
0.0000000 0.0000000 0.0000000 1.0000000
0.9975767 -0.0695022 -0.0032133 54.6665916
0.0695605 0.9972699 0.0247643 79.5917130
0.0014833 -0.0249278 0.9996883 -0.2927303
0.0000000 0.0000000 0.0000000 1.0000000
0.9975039 -0.0703241 0.0063634 55.5340424
0.0701554 0.9972547 0.0236735 79.6541824
-0.0080108 -0.0231680 0.9996996 -0.2721792
0.0000000 0.0000000 0.0000000 1.0000000
0.9973711 -0.0711420 0.0137726 56.3878365
0.0708543 0.9972787 0.0203476 79.7157364
-0.0151827 -0.0193183 0.9996982 -0.2641504
0.0000000 0.0000000 0.0000000 1.0000000
0.9971970 -0.0737659 0.0125199 57.2226219
0.0735107 0.9970986 0.0197450 79.7788239
-0.0139400 -0.0187693 0.9997268 -0.2571363
0.0000000 0.0000000 0.0000000 1.0000000
0.9971012 -0.0753246 0.0107410 58.0481224
0.0751621 0.9970611 0.0147967 79.8380203
-0.0118240 -0.0139465 0.9998329 -0.2489931
0.0000000 0.0000000 0.0000000 1.0000000
0.9969143 -0.0779056 0.0096229 58.8711929
0.0777725 0.9968794 0.0134926 79.9061966
-0.0106440 -0.0127026 0.9998628 -0.2470986
0.0000000 0.0000000 0.0000000 1.0000000
0.9967619 -0.0800669 0.0074280 59.6971931
0.0799478 0.9966840 0.0151211 79.9808350
-0.0086141 -0.0144783 0.9998582 -0.2391455
0.0000000 0.0000000 0.0000000 1.0000000
0.9965507 -0.0828671 0.0044518 60.5198555
0.0827814 0.9964251 0.0168363 80.0578232
-0.0058311 -0.0164097 0.9998485 -0.2320670
0.0000000 0.0000000 0.0000000 1.0000000
0.9962125 -0.0869385 0.0015651 61.3361778
0.0868983 0.9960658 0.0173448 80.1364899
-0.0030668 -0.0171431 0.9998485 -0.2283427
0.0000000 0.0000000 0.0000000 1.0000000
0.9960182 -0.0891422 -0.0011826 62.1456642
0.0891478 0.9958140 0.0201603 80.2200012
-0.0006195 -0.0201854 0.9997962 -0.2124705
0.0000000 0.0000000 0.0000000 1.0000000
0.9957116 -0.0924836 -0.0023134 62.9520187
0.0925124 0.9953945 0.0251105 80.3107376
-0.0000196 -0.0252168 0.9996821 -0.2023151
0.0000000 0.0000000 0.0000000 1.0000000
0.9953951 -0.0958513 -0.0011292 63.7552071
0.0958438 0.9949787 0.0288200 80.4027481
-0.0016389 -0.0287955 0.9995841 -0.1905503
0.0000000 0.0000000 0.0000000 1.0000000
0.9950785 -0.0990144 0.0038660 64.5527115
0.0988393 0.9945797 0.0322679 80.4927826
-0.0070400 -0.0317270 0.9994719 -0.1816551
0.0000000 0.0000000 0.0000000 1.0000000
0.9945306 -0.1039585 0.0100838 65.3646088
0.1035809 0.9940852 0.0326308 80.5870514
-0.0134164 -0.0314078 0.9994167 -0.1699375
0.0000000 0.0000000 0.0000000 1.0000000
0.9940616 -0.1080133 0.0132153 66.1569366
0.1075606 0.9937094 0.0311696 80.6810913
-0.0164989 -0.0295631 0.9994268 -0.1651884
0.0000000 0.0000000 0.0000000 1.0000000
0.9932505 -0.1152130 0.0133983 66.9470520
0.1147478 0.9928967 0.0314376 80.7780380
-0.0169252 -0.0296880 0.9994160 -0.1678489
0.0000000 0.0000000 0.0000000 1.0000000
0.9925112 -0.1210689 0.0162478 67.7395706
0.1205786 0.9922984 0.0283544 80.8734589
-0.0195555 -0.0261829 0.9994659 -0.1650938
0.0000000 0.0000000 0.0000000 1.0000000
0.9918055 -0.1267774 0.0157912 68.5121231
0.1262797 0.9915617 0.0292945 80.9767685
-0.0193719 -0.0270603 0.9994462 -0.1639063
0.0000000 0.0000000 0.0000000 1.0000000
0.9909365 -0.1335781 0.0142073 69.2971649
0.1330427 0.9905398 0.0336102 81.0937881
-0.0185625 -0.0314154 0.9993341 -0.1672993
0.0000000 0.0000000 0.0000000 1.0000000
0.9901992 -0.1392429 0.0108166 70.0667419
0.1387752 0.9896695 0.0359851 81.2097168
-0.0157156 -0.0341314 0.9992939 -0.1670165
0.0000000 0.0000000 0.0000000 1.0000000
0.9895058 -0.1442845 0.0077694 70.8244476
0.1439317 0.9889693 0.0349647 81.3256302
-0.0127286 -0.0334796 0.9993584 -0.1676495
0.0000000 0.0000000 0.0000000 1.0000000
0.9887124 -0.1496651 0.0069503 71.5922470
0.1493287 0.9881454 0.0356204 81.4518814
-0.0121990 -0.0341805 0.9993413 -0.1650244
0.0000000 0.0000000 0.0000000 1.0000000
0.9879739 -0.1542483 0.0107333 72.3550644
0.1537888 0.9874778 0.0351533 81.5824509
-0.0160212 -0.0330799 0.9993244 -0.1680117
0.0000000 0.0000000 0.0000000 1.0000000
0.9868979 -0.1606369 0.0151099 73.1193542
0.1600100 0.9864514 0.0361893 81.7124939
-0.0207185 -0.0332974 0.9992308 -0.1653286
0.0000000 0.0000000 0.0000000 1.0000000
0.9857913 -0.1670160 0.0179257 73.8781586
0.1663261 0.9854558 0.0348109 81.8428574
-0.0234790 -0.0313348 0.9992332 -0.1573253
0.0000000 0.0000000 0.0000000 1.0000000
0.9847818 -0.1731450 0.0150237 74.6216736
0.1725828 0.9844434 0.0329482 81.9769440
-0.0204947 -0.0298539 0.9993442 -0.1599951
0.0000000 0.0000000 0.0000000 1.0000000
0.9833054 -0.1817601 0.0085961 75.3561478
0.1814105 0.9829031 0.0314783 82.1164246
-0.0141707 -0.0293934 0.9994676 -0.1599879
0.0000000 0.0000000 0.0000000 1.0000000
0.9817460 -0.1901040 0.0059608 76.0926361
0.1898521 0.9813698 0.0294733 82.2621994
-0.0114527 -0.0278036 0.9995479 -0.1636462
0.0000000 0.0000000 0.0000000 1.0000000
0.9796155 -0.2006997 0.0085557 76.8289261
0.2003751 0.9792805 0.0293034 82.4154358
-0.0142596 -0.0269917 0.9995341 -0.1616767
0.0000000 0.0000000 0.0000000 1.0000000
0.9772649 -0.2115197 0.0145890 77.5651093
0.2110366 0.9770432 0.0291417 82.5837021
-0.0204181 -0.0254004 0.9994689 -0.1603773
0.0000000 0.0000000 0.0000000 1.0000000
0.9747385 -0.2223039 0.0215854 78.3005829
0.2215849 0.9746349 0.0314001 82.7594223
-0.0280183 -0.0258239 0.9992739 -0.1669607
