1.0000000 0.0000000 0.0000000 0.0000000
0.0000000 1.0000000 0.0000000 0.0000000
0.0000000 0.0000000 1.0000000 0.0000000
0.0000000 0.0000000 0.0000000 1.0000000
0.9999985 -0.0008326 0.0015523 0.7751825
0.0008285 0.9999961 0.0026590 0.0084103
-0.0015545 -0.0026577 0.9999952 0.0158279
0.0000000 0.0000000 0.0000000 1.0000000
0.9999981 -0.0003566 0.0019297 1.5429883
0.0003476 0.9999890 0.0046671 0.0166151
-0.0019314 -0.0046664 0.9999872 0.0286144
0.0000000 0.0000000 0.0000000 1.0000000
0.9999981 0.0008202 0.0017989 2.2838590
-0.0008294 0.9999865 0.0051274 0.0224499
-0.0017946 -0.0051289 0.9999852 0.0433695
0.0000000 0.0000000 0.0000000 1.0000000
0.9999990 0.0005830 0.0013496 3.0182414
-0.0005925 0.9999749 0.0070501 0.0258237
-0.0013454 -0.0070508 0.9999742 0.0534724
0.0000000 0.0000000 0.0000000 1.0000000
0.9999985 0.0011325 0.0013852 3.7318757
-0.0011421 0.9999752 0.0069397 0.0315297
-0.0013773 -0.0069412 0.9999749 0.0663066
0.0000000 0.0000000 0.0000000 1.0000000
0.9999946 0.0023906 0.0022875 4.4238300
-0.0024054 0.9999760 0.0064827 0.0288148
-0.0022720 -0.0064882 0.9999763 0.0798201
0.0000000 0.0000000 0.0000000 1.0000000
0.9999852 0.0023589 0.0049217 5.1044197
-0.0023953 0.9999697 0.0074027 0.0344050
-0.0049041 -0.0074144 0.9999605 0.0912015
0.0000000 0.0000000 0.0000000 1.0000000
0.9999572 0.0036496 0.0085053 5.7544508
-0.0037013 0.9999746 0.0060797 0.0391154
-0.0084829 -0.0061109 0.9999453 0.1004962
0.0000000 0.0000000 0.0000000 1.0000000
0.9999170 0.0046554 0.0120169 6.3941193
-0.0047223 0.9999734 0.0055518 0.0453377
-0.0119907 -0.0056081 0.9999124 0.1116871
0.0000000 0.0000000 0.0000000 1.0000000
0.9998818 0.0059822 0.0141654 6.9924335
-0.0060487 0.9999708 0.0046595 0.0440038
-0.0141371 -0.0047446 0.9998888 0.1202597
0.0000000 0.0000000 0.0000000 1.0000000
0.9998662 0.0082385 0.0141298 7.5658469
-0.0083041 0.9999549 0.0045905 0.0472766
-0.0140914 -0.0047072 0.9998897 0.1292475
0.0000000 0.0000000 0.0000000 1.0000000
0.9998850 0.0089120 0.0122732 8.1238775
-0.0089834 0.9999430 0.0057728 0.0455334
-0.0122210 -0.0058823 0.9999080 0.1363143
0.0000000 0.0000000 0.0000000 1.0000000
0.9999053 0.0098621 0.0095996 8.6451778
-0.0099089 0.9999392 0.0048378 0.0368337
-0.0095513 -0.0049325 0.9999422 0.1395615
0.0000000 0.0000000 0.0000000 1.0000000
0.9999037 0.0110782 0.0083505 9.1454134
-0.0111103 0.9999310 0.0038138 0.0355196
-0.0083077 -0.0039062 0.9999579 0.1433619
0.0000000 0.0000000 0.0000000 1.0000000
0.9998989 0.0128766 0.0060353 9.6138802
-0.0128772 0.9999170 0.0000690 0.0252881
-0.0060339 -0.0001467 0.9999818 0.1509252
0.0000000 0.0000000 0.0000000 1.0000000
0.9998733 0.0150453 0.0051917 10.0543509
-0.0150373 0.9998856 -0.0015825 0.0085403
-0.0052150 0.0015043 0.9999852 0.1636970
0.0000000 0.0000000 0.0000000 1.0000000
0.9998568 0.0165574 0.0034858 10.4559946
-0.0165654 0.9998601 0.0022879 0.0039651
-0.0034475 -0.0023454 0.9999912 0.1681137
0.0000000 0.0000000 0.0000000 1.0000000
0.9998063 0.0195081 0.0025829 10.8305740
-0.0195226 0.9997930 0.0057249 0.0093420
-0.0024707 -0.0057742 0.9999802 0.1747043
0.0000000 0.0000000 0.0000000 1.0000000
0.9997378 0.0226355 0.0034339 11.1790390
-0.0226564 0.9997241 0.0061945 0.0051035
-0.0032928 -0.0062706 0.9999748 0.1776786
0.0000000 0.0000000 0.0000000 1.0000000
0.9996479 0.0262488 0.0038778 11.4934216
-0.0262576 0.9996527 0.0022303 -0.0063913
-0.0038179 -0.0023313 0.9999899 0.1850526
0.0000000 0.0000000 0.0000000 1.0000000
0.9995546 0.0296169 0.0036625 11.7808304
-0.0296031 0.9995546 -0.0037588 -0.0196581
-0.0037722 0.0036487 0.9999862 0.1906180
0.0000000 0.0000000 0.0000000 1.0000000
0.9994707 0.0321716 0.0048144 12.0405912
-0.0321417 0.9994643 -0.0061608 -0.0425402
-0.0050100 0.0060028 0.9999694 0.1974039
0.0000000 0.0000000 0.0000000 1.0000000
0.9993888 0.0345271 0.0054675 12.2758408
-0.0344862 0.9993777 -0.0074091 -0.0522921
-0.0057199 0.0072160 0.9999576 0.2007829
0.0000000 0.0000000 0.0000000 1.0000000
0.9993320 0.0362043 0.0049818 12.4744930
-0.0361733 0.9993265 -0.0061785 -0.0596193
-0.0052021 0.0059941 0.9999685 0.2051545
0.0000000 0.0000000 0.0000000 1.0000000
0.9992678 0.0380503 0.0040003 12.6577673
-0.0380289 0.9992627 -0.0052920 -0.0627193
-0.0041987 0.0051360 0.9999779 0.2098138
0.0000000 0.0000000 0.0000000 1.0000000
0.9991455 0.0411830 0.0034724 12.8296604
-0.0411678 0.9991428 -0.0043512 -0.0720228
-0.0036486 0.0042045 0.9999844 0.2132168
0.0000000 0.0000000 0.0000000 1.0000000
0.9990730 0.0429380 0.0030363 12.9939184
-0.0429324 0.9990762 -0.0018854 -0.0752777
-0.0031144 0.0017532 0.9999936 0.2213028
0.0000000 0.0000000 0.0000000 1.0000000
0.9990547 0.0434146 0.0021895 13.1456594
-0.0434111 0.9990560 -0.0016189 -0.0814704
-0.0022577 0.0015223 0.9999962 0.2262302
0.0000000 0.0000000 0.0000000 1.0000000
0.9989297 0.0462361 0.0012421 13.2928591
-0.0462344 0.9989297 -0.0014031 -0.0845883
-0.0013056 0.0013442 0.9999982 0.2319558
0.0000000 0.0000000 0.0000000 1.0000000
0.9988647 0.0476344 0.0003846 13.4402018
-0.0476334 0.9988624 -0.0022580 -0.1009713
-0.0004917 0.0022371 0.9999973 0.2354788
0.0000000 0.0000000 0.0000000 1.0000000
0.9987769 0.0494417 -0.0000198 13.5744648
-0.0494415 0.9987730 -0.0028497 -0.1108179
-0.0001211 0.0028472 0.9999959 0.2391866
0.0000000 0.0000000 0.0000000 1.0000000
0.9987084 0.0507984 -0.0009620 13.7013226
-0.0508005 0.9987062 -0.0022940 -0.1181165
0.0008442 0.0023399 0.9999968 0.2409496
0.0000000 0.0000000 0.0000000 1.0000000
0.9986346 0.0521727 -0.0025788 13.8269119
-0.0521776 0.9986361 -0.0018575 -0.1202760
0.0024784 0.0019895 0.9999949 0.2420587
0.0000000 0.0000000 0.0000000 1.0000000
0.9985893 0.0529575 -0.0038382 13.9470654
-0.0529634 0.9985955 -0.0014337 -0.1284650
0.0037569 0.0016350 0.9999915 0.2450662
0.0000000 0.0000000 0.0000000 1.0000000
0.9985346 0.0538307 -0.0055517 14.0555515
-0.0538424 0.9985476 -0.0019782 -0.1411724
0.0054372 0.0022742 0.9999825 0.2480341
0.0000000 0.0000000 0.0000000 1.0000000
0.9985050 0.0542365 -0.0067841 14.1759405
-0.0542568 0.9985231 -0.0028440 -0.1557484
0.0066198 0.0032078 0.9999728 0.2502479
0.0000000 0.0000000 0.0000000 1.0000000
0.9986249 0.0519060 -0.0073519 14.2932692
-0.0519289 0.9986465 -0.0029595 -0.1635298
0.0071883 0.0033373 0.9999685 0.2535824
0.0000000 0.0000000 0.0000000 1.0000000
0.9988074 0.0481915 -0.0078309 14.4169798
-0.0482181 0.9988317 -0.0032392 -0.1669776
0.0076657 0.0036130 0.9999639 0.2543512
0.0000000 0.0000000 0.0000000 1.0000000
0.9989910 0.0440755 -0.0086166 14.5436583
-0.0440983 0.9990242 -0.0024757 -0.1665179
0.0084991 0.0028532 0.9999596 0.2565502
0.0000000 0.0000000 0.0000000 1.0000000
0.9992030 0.0387899 -0.0094183 14.6587124
-0.0388138 0.9992437 -0.0023710 -0.1667548
0.0093192 0.0027347 0.9999527 0.2582987
0.0000000 0.0000000 0.0000000 1.0000000
0.9994427 0.0318885 -0.0098674 14.7801075
-0.0319181 0.9994865 -0.0028606 -0.1651364
0.0097711 0.0031740 0.9999471 0.2592427
0.0000000 0.0000000 0.0000000 1.0000000
0.9996471 0.0244634 -0.0103536 14.8966331
-0.0244914 0.9996968 -0.0025913 -0.1638571
0.0102871 0.0028440 0.9999429 0.2595967
0.0000000 0.0000000 0.0000000 1.0000000
0.9998027 0.0165790 -0.0109367 15.0334301
-0.0166121 0.9998578 -0.0029405 -0.1540754
0.0108864 0.0031216 0.9999357 0.2576720
0.0000000 0.0000000 0.0000000 1.0000000
0.9999085 0.0070557 -0.0115359 15.1832457
-0.0070896 0.9999707 -0.0029096 -0.1454517
0.0115150 0.0029911 0.9999291 0.2558527
0.0000000 0.0000000 0.0000000 1.0000000
0.9999086 -0.0055540 -0.0123260 15.3360643
0.0055098 0.9999784 -0.0036139 -0.1379669
0.0123458 0.0035457 0.9999174 0.2530558
0.0000000 0.0000000 0.0000000 1.0000000
0.9997007 -0.0203905 -0.0135117 15.4896011
0.0203373 0.9997850 -0.0040641 -0.1294026
0.0135916 0.0037881 0.9999003 0.2544636
0.0000000 0.0000000 0.0000000 1.0000000
0.9991001 -0.0398616 -0.0144847 15.6615009
0.0398125 0.9992005 -0.0036636 -0.1232514
0.0146191 0.0030837 0.9998882 0.2550954
0.0000000 0.0000000 0.0000000 1.0000000
0.9979936 -0.0616555 -0.0143966 15.8467321
0.0616148 0.9980948 -0.0032547 -0.1088029
0.0145698 0.0023611 0.9998909 0.2578223
0.0000000 0.0000000 0.0000000 1.0000000
0.9961865 -0.0861596 -0.0137434 16.0541592
0.0861224 0.9962792 -0.0032794 -0.0880275
0.0139748 0.0020833 0.9999000 0.2607669
0.0000000 0.0000000 0.0000000 1.0000000
0.9934672 -0.1133651 -0.0130874 16.2811489
0.1133413 0.9935529 -0.0025550 -0.0491388
0.0132927 0.0010550 0.9999110 0.2674696
0.0000000 0.0000000 0.0000000 1.0000000
0.9896022 -0.1433260 -0.0120434 16.5102158
0.1433063 0.9896753 -0.0024945 0.0001879
0.0122766 0.0007427 0.9999242 0.2698737
0.0000000 0.0000000 0.0000000 1.0000000
0.9841758 -0.1769050 -0.0101263 16.7650909
0.1768909 0.9842279 -0.0022789 0.0457710
0.0103698 0.0004515 0.9999460 0.2754543
0.0000000 0.0000000 0.0000000 1.0000000
0.9769433 -0.2133718 -0.0073604 17.0324173
0.2133637 0.9769711 -0.0018775 0.1126483
0.0075915 0.0002637 0.9999710 0.2771404
0.0000000 0.0000000 0.0000000 1.0000000
0.9674219 -0.2531581 -0.0023964 17.2900066
0.2531563 0.9674249 -0.0010182 0.2003240
0.0025761 0.0003784 0.9999965 0.2856249
0.0000000 0.0000000 0.0000000 1.0000000
0.9555402 -0.2948605 0.0004609 17.5752258
0.2948572 0.9555351 0.0034905 0.3265026
-0.0014697 -0.0031994 0.9999937 0.2834882
0.0000000 0.0000000 0.0000000 1.0000000
0.9416570 -0.3365602 0.0030453 17.8610153
0.3365342 0.9416463 0.0068603 0.4536359
-0.0051765 -0.0054352 0.9999717 0.2866555
0.0000000 0.0000000 0.0000000 1.0000000
0.9252531 -0.3792852 0.0070327 18.1431179
0.3792251 0.9252650 0.0085519 0.5981147
-0.0097507 -0.0052457 0.9999385 0.2877817
0.0000000 0.0000000 0.0000000 1.0000000
0.9060495 -0.4229855 0.0125506 18.4365616
0.4228531 0.9061198 0.0119328 0.7691510
-0.0164198 -0.0055047 0.9998499 0.2915558
0.0000000 0.0000000 0.0000000 1.0000000
0.8844940 -0.4662546 0.0166404 18.7369099
0.4660305 0.8846294 0.0157035 0.9594730
-0.0220424 -0.0061347 0.9997380 0.2917216
0.0000000 0.0000000 0.0000000 1.0000000
0.8604143 -0.5092683 0.0182459 19.0154572
0.5089437 0.8605733 0.0197501 1.1681771
-0.0257600 -0.0077071 0.9996383 0.2898685
0.0000000 0.0000000 0.0000000 1.0000000
0.8326789 -0.5534561 0.0182213 19.3198109
0.5530594 0.8328311 0.0227570 1.3908941
-0.0277703 -0.0088718 0.9995748 0.2886316
0.0000000 0.0000000 0.0000000 1.0000000
0.8026502 -0.5962223 0.0164739 19.5867977
0.5957829 0.8027526 0.0251220 1.6387544
-0.0282027 -0.0103494 0.9995485 0.2766306
0.0000000 0.0000000 0.0000000 1.0000000
0.7690221 -0.6390213 0.0160215 19.8773079
0.6385400 0.7691177 0.0269222 1.9168202
-0.0295263 -0.0104733 0.9995090 0.2695981
0.0000000 0.0000000 0.0000000 1.0000000
0.7327921 -0.6802751 0.0155338 20.1496239
0.6797244 0.7328730 0.0295295 2.2175183
-0.0314725 -0.0110803 0.9994431 0.2538587
0.0000000 0.0000000 0.0000000 1.0000000
0.6945614 -0.7192416 0.0166111 20.4185848
0.7186815 0.6947058 0.0296790 2.5336215
-0.0328862 -0.0086758 0.9994213 0.2409254
0.0000000 0.0000000 0.0000000 1.0000000
0.6540252 -0.7562896 0.0166420 20.6938572
0.7557395 0.6542015 0.0296367 2.8889761
-0.0333011 -0.0068061 0.9994220 0.2316471
0.0000000 0.0000000 0.0000000 1.0000000
0.6117459 -0.7908265 0.0189810 20.9526310
0.7903274 0.6120362 0.0281853 3.2621276
-0.0339067 -0.0022411 0.9994223 0.2188708
0.0000000 0.0000000 0.0000000 1.0000000
0.5679525 -0.8227642 0.0221123 21.1937599
0.8223049 0.5683772 0.0276071 3.6565149
-0.0352823 0.0025035 0.9993741 0.2110505
0.0000000 0.0000000 0.0000000 1.0000000
0.5212678 -0.8531145 0.0218030 21.4256287
0.8526512 0.5217097 0.0283731 4.0830507
-0.0355803 0.0038004 0.9993594 0.1922893
0.0000000 0.0000000 0.0000000 1.0000000
0.4729755 -0.8808339 0.0206317 21.6348190
0.8804222 0.4733968 0.0274284 4.5277700
-0.0339268 0.0051916 0.9994107 0.1718849
0.0000000 0.0000000 0.0000000 1.0000000
0.4209664 -0.9068069 0.0220992 21.8373489
0.9064683 0.4214512 0.0263493 5.0101686
-0.0332075 0.0089400 0.9994084 0.1574162
0.0000000 0.0000000 0.0000000 1.0000000
0.3684458 -0.9293186 0.0247896 22.0149879
0.9290959 0.3690155 0.0246680 5.5151010
-0.0320722 0.0139431 0.9993882 0.1431258
0.0000000 0.0000000 0.0000000 1.0000000
0.3144188 -0.9489735 0.0242911 22.1740780
0.9487914 0.3149772 0.0241753 6.0311556
-0.0305929 0.0154460 0.9994124 0.1320369
0.0000000 0.0000000 0.0000000 1.0000000
0.2610425 -0.9650338 0.0238022 22.3031082
0.9647629 0.2616535 0.0277510 6.5946155
-0.0330086 0.0157193 0.9993313 0.1022842
0.0000000 0.0000000 0.0000000 1.0000000
0.2098245 -0.9773948 0.0259403 22.4123478
0.9770237 0.2106118 0.0326731 7.1727509
-0.0373978 0.0184886 0.9991292 0.0825697
0.0000000 0.0000000 0.0000000 1.0000000
0.1631891 -0.9861477 0.0296958 22.4983177
0.9858401 0.1641674 0.0341834 7.7665210
-0.0385850 0.0236970 0.9989741 0.0728003
0.0000000 0.0000000 0.0000000 1.0000000
0.1182530 -0.9925454 0.0294903 22.5693626
0.9922615 0.1192473 0.0346054 8.3937569
-0.0378641 0.0251699 0.9989657 0.0593807
0.0000000 0.0000000 0.0000000 1.0000000
0.0798026 -0.9963987 0.0286521 22.5965309
0.9961824 0.0807397 0.0331959 9.0358877
-0.0353897 0.0258936 0.9990379 0.0412192
0.0000000 0.0000000 0.0000000 1.0000000
0.0439728 -0.9987619 0.0232548 22.6117744
0.9985788 0.0446425 0.0291163 9.7002335
-0.0301184 0.0219414 0.9993053 0.0160087
0.0000000 0.0000000 0.0000000 1.0000000
0.0160954 -0.9996706 0.0199832 22.6123543
0.9994609 0.0166576 0.0282992 10.3697109
-0.0286227 0.0195170 0.9993995 -0.0119568
0.0000000 0.0000000 0.0000000 1.0000000
-0.0048028 -0.9998314 0.0177167 22.5972462
0.9994696 -0.0042289 0.0322944 11.0889225
-0.0322141 0.0178624 0.9993212 -0.0309450
0.0000000 0.0000000 0.0000000 1.0000000
-0.0180354 -0.9996678 0.0184074 22.5755825
0.9991347 -0.0173297 0.0378145 11.8189840
-0.0374829 0.0190735 0.9991150 -0.0523143
0.0000000 0.0000000 0.0000000 1.0000000
-0.0265628 -0.9994525 0.0197203 22.5555592
0.9988237 -0.0257353 0.0411008 12.5554399
-0.0405708 0.0207888 0.9989602 -0.0686838
0.0000000 0.0000000 0.0000000 1.0000000
-0.0306070 -0.9993309 0.0200158 22.5267563
0.9987954 -0.0298100 0.0389790 13.3201675
-0.0383562 0.0211847 0.9990394 -0.0896916
0.0000000 0.0000000 0.0000000 1.0000000
-0.0295402 -0.9991860 0.0274688 22.5110035
0.9989891 -0.0285805 0.0347029 14.1009398
-0.0338896 0.0284661 0.9990199 -0.1235234
0.0000000 0.0000000 0.0000000 1.0000000
-0.0259397 -0.9988720 0.0397689 22.5063000
0.9990968 -0.0245650 0.0346763 14.9043074
-0.0336602 0.0406324 0.9986069 -0.1381351
0.0000000 0.0000000 0.0000000 1.0000000
-0.0203295 -0.9988889 0.0425151 22.4923515
0.9992326 -0.0188757 0.0343234 15.7318392
-0.0334827 0.0431802 0.9985059 -0.1663591
0.0000000 0.0000000 0.0000000 1.0000000
-0.0155408 -0.9990408 0.0409341 22.4762974
0.9993625 -0.0142037 0.0327596 16.5850449
-0.0321468 0.0414171 0.9986245 -0.1960166
0.0000000 0.0000000 0.0000000 1.0000000
-0.0196591 -0.9987580 0.0457786 22.4949055
0.9994475 -0.0184041 0.0276797 16.6446476
-0.0268028 0.0462974 0.9985679 -0.1977249
0.0000000 0.0000000 0.0000000 1.0000000
-0.0201385 -0.9988679 0.0430954 22.4804573
0.9996663 -0.0194196 0.0170387 16.6699963
-0.0161825 0.0434241 0.9989255 -0.1992069
0.0000000 0.0000000 0.0000000 1.0000000
-0.0179575 -0.9991361 0.0374730 22.4589329
0.9998108 -0.0176635 0.0081651 16.8253517
-0.0074961 0.0376125 0.9992641 -0.2030877
0.0000000 0.0000000 0.0000000 1.0000000
-0.0211145 -0.9992781 0.0315794 22.4199028
0.9997631 -0.0209364 0.0059660 16.6985435
-0.0053005 0.0316978 0.9994833 -0.1863682
0.0000000 0.0000000 0.0000000 1.0000000
-0.0245276 -0.9994420 0.0226689 22.3736305
0.9996382 -0.0242693 0.0116077 17.0152283
-0.0110511 0.0229454 0.9996755 -0.1769890
0.0000000 0.0000000 0.0000000 1.0000000
-0.0313765 -0.9993371 0.0184572 22.3268185
0.9993278 -0.0310152 0.0195542 16.9084969
-0.0189687 0.0190583 0.9996383 -0.1662372
0.0000000 0.0000000 0.0000000 1.0000000
-0.0313142 -0.9993801 0.0160839 22.2821388
0.9990916 -0.0308318 0.0294228 17.4016495
-0.0289087 0.0169907 0.9994375 -0.1653907
0.0000000 0.0000000 0.0000000 1.0000000
-0.0356765 -0.9992493 0.0150901 22.2341614
0.9986246 -0.0350656 0.0389841 17.6369247
-0.0384256 0.0164601 0.9991258 -0.1753502
0.0000000 0.0000000 0.0000000 1.0000000
-0.0365919 -0.9991768 0.0175092 22.2126122
0.9982719 -0.0357414 0.0466493 18.6393051
-0.0459851 0.0191859 0.9987578 -0.2006941
0.0000000 0.0000000 0.0000000 1.0000000
-0.0385641 -0.9990839 0.0185440 22.1681252
0.9981252 -0.0376312 0.0482733 19.6730022
-0.0475313 0.0203708 0.9986619 -0.2307520
0.0000000 0.0000000 0.0000000 1.0000000
-0.0389872 -0.9990845 0.0176041 22.1392879
0.9982570 -0.0381617 0.0450217 20.6825924
-0.0443087 0.0193286 0.9988308 -0.2720575
0.0000000 0.0000000 0.0000000 1.0000000
-0.0420451 -0.9990883 0.0073849 22.0678272
0.9983377 -0.0417197 0.0397675 21.7098103
-0.0394232 0.0090446 0.9991816 -0.3032133
0.0000000 0.0000000 0.0000000 1.0000000
-0.0457649 -0.9989386 0.0052085 21.9865589
0.9983798 -0.0455617 0.0340898 22.7395515
-0.0338163 0.0067602 0.9994051 -0.3258182
0.0000000 0.0000000 0.0000000 1.0000000
-0.0512693 -0.9986549 0.0077209 21.9457397
0.9982645 -0.0510220 0.0294111 23.7697163
-0.0289775 0.0092154 0.9995375 -0.3492993
0.0000000 0.0000000 0.0000000 1.0000000
-0.0581822 -0.9982979 0.0039916 21.8696098
0.9979566 -0.0580557 0.0266888 24.8127232
-0.0264116 0.0055363 0.9996357 -0.3708280
0.0000000 0.0000000 0.0000000 1.0000000
-0.0653864 -0.9978447 0.0055084 21.7960281
0.9974385 -0.0651975 0.0294246 25.8496113
-0.0290020 0.0074183 0.9995517 -0.3902643
0.0000000 0.0000000 0.0000000 1.0000000
-0.0722851 -0.9973810 0.0023971 21.7040157
0.9968002 -0.0721605 0.0343859 26.9207859
-0.0341229 0.0048750 0.9994056 -0.4069758
0.0000000 0.0000000 0.0000000 1.0000000
-0.0784967 -0.9969138 0.0010000 21.6115704
0.9961987 -0.0784025 0.0379650 27.9905548
-0.0377695 0.0039763 0.9992784 -0.4343901
0.0000000 0.0000000 0.0000000 1.0000000
-0.0818791 -0.9966339 -0.0040633 21.5049076
0.9958287 -0.0819764 0.0400663 29.0474949
-0.0402645 -0.0007658 0.9991886 -0.4613037
0.0000000 0.0000000 0.0000000 1.0000000
-0.0853090 -0.9963240 -0.0077858 21.3937721
0.9954530 -0.0855617 0.0418661 30.1469803
-0.0423783 -0.0041789 0.9990928 -0.4901729
0.0000000 0.0000000 0.0000000 1.0000000
-0.0864248 -0.9961641 -0.0136996 21.2857552
0.9953076 -0.0869349 0.0424885 31.1979980
-0.0435165 -0.0099632 0.9990029 -0.5230568
0.0000000 0.0000000 0.0000000 1.0000000
-0.0887026 -0.9959614 -0.0138746 21.1748638
0.9950996 -0.0892198 0.0426243 32.2778053
-0.0436901 -0.0100258 0.9989946 -0.5524578
0.0000000 0.0000000 0.0000000 1.0000000
-0.0902688 -0.9958158 -0.0142208 21.0643482
0.9949726 -0.0907960 0.0422595 33.3433762
-0.0433738 -0.0103346 0.9990053 -0.5832219
0.0000000 0.0000000 0.0000000 1.0000000
-0.0905130 -0.9957762 -0.0153947 20.9478016
0.9949632 -0.0910863 0.0418535 34.3962364
-0.0430790 -0.0115289 0.9990050 -0.6156688
0.0000000 0.0000000 0.0000000 1.0000000
-0.0897405 -0.9958363 -0.0160178 20.8253860
0.9950590 -0.0903334 0.0412037 35.1729851
-0.0424790 -0.0122410 0.9990222 -0.6400021
0.0000000 0.0000000 0.0000000 1.0000000
-0.0881696 -0.9958732 -0.0215044 20.7001953
0.9952737 -0.0889577 0.0389496 35.8011093
-0.0407018 -0.0179686 0.9990095 -0.6574729
0.0000000 0.0000000 0.0000000 1.0000000
-0.0870567 -0.9958580 -0.0262237 20.5872650
0.9955528 -0.0879211 0.0338357 36.8125763
-0.0360012 -0.0231615 0.9990831 -0.6868050
0.0000000 0.0000000 0.0000000 1.0000000
-0.0831141 -0.9961331 -0.0284697 20.4683971
0.9959149 -0.0840401 0.0330299 37.6113892
-0.0352947 -0.0256082 0.9990486 -0.7080648
0.0000000 0.0000000 0.0000000 1.0000000
-0.0814980 -0.9962620 -0.0286352 20.3642597
0.9958971 -0.0825350 0.0371109 38.6706390
-0.0393356 -0.0254933 0.9989006 -0.7353612
0.0000000 0.0000000 0.0000000 1.0000000
-0.0795831 -0.9964156 -0.0286769 20.2679920
0.9959311 -0.0806990 0.0401132 39.7420807
-0.0422836 -0.0253679 0.9987833 -0.7660494
0.0000000 0.0000000 0.0000000 1.0000000
-0.0768178 -0.9966689 -0.0273837 20.1757584
0.9961420 -0.0778883 0.0404330 40.8423271
-0.0424311 -0.0241721 0.9988068 -0.7946901
0.0000000 0.0000000 0.0000000 1.0000000
-0.0709676 -0.9971176 -0.0268325 20.0830021
0.9965917 -0.0720131 0.0402393 41.3429680
-0.0420556 -0.0238854 0.9988295 -0.8119419
0.0000000 0.0000000 0.0000000 1.0000000
-0.0656757 -0.9974040 -0.0295241 19.9910259
0.9969163 -0.0668598 0.0410831 42.1393700
-0.0429504 -0.0267349 0.9987193 -0.8370447
0.0000000 0.0000000 0.0000000 1.0000000
-0.0604868 -0.9975652 -0.0347104 19.9158077
0.9972059 -0.0619193 0.0417913 42.3134384
-0.0438388 -0.0320856 0.9985231 -0.8494533
0.0000000 0.0000000 0.0000000 1.0000000
-0.0524887 -0.9979629 -0.0362607 19.8381577
0.9976518 -0.0540032 0.0421260 42.6535950
-0.0439984 -0.0339644 0.9984540 -0.8630486
0.0000000 0.0000000 0.0000000 1.0000000
-0.0458392 -0.9982191 -0.0381723 19.7771416
0.9980062 -0.0474223 0.0416518 43.4297409
-0.0433878 -0.0361869 0.9984026 -0.8905089
0.0000000 0.0000000 0.0000000 1.0000000
-0.0385067 -0.9985675 -0.0371473 19.7090130
0.9983380 -0.0400399 0.0414491 44.3763351
-0.0428771 -0.0354895 0.9984497 -0.9175860
0.0000000 0.0000000 0.0000000 1.0000000
-0.0321218 -0.9988435 -0.0357726 19.6623096
0.9985681 -0.0336039 0.0416257 45.4303436
-0.0427796 -0.0343843 0.9984925 -0.9471411
0.0000000 0.0000000 0.0000000 1.0000000
-0.0258975 -0.9990553 -0.0348934 19.6220055
0.9987185 -0.0273757 0.0425679 45.8929520
-0.0434829 -0.0337463 0.9984840 -0.9626417
0.0000000 0.0000000 0.0000000 1.0000000
-0.0208021 -0.9992087 -0.0338982 19.5852814
0.9987755 -0.0222916 0.0441659 47.0286713
-0.0448866 -0.0329380 0.9984488 -0.9900036
0.0000000 0.0000000 0.0000000 1.0000000
-0.0149654 -0.9992756 -0.0349864 19.5527077
0.9988633 -0.0165248 0.0447105 48.1518860
-0.0452563 -0.0342776 0.9983870 -1.0332077
0.0000000 0.0000000 0.0000000 1.0000000
-0.0093520 -0.9993675 -0.0343071 19.5321045
0.9989361 -0.0108865 0.0448132 49.2348824
-0.0451584 -0.0338515 0.9984060 -1.0657849
0.0000000 0.0000000 0.0000000 1.0000000
-0.0054034 -0.9994112 -0.0338806 19.5096245
0.9991473 -0.0067829 0.0407280 50.3935242
-0.0409338 -0.0336317 0.9985955 -1.1008070
0.0000000 0.0000000 0.0000000 1.0000000
-0.0009755 -0.9994456 -0.0332778 19.4903431
0.9993584 -0.0021659 0.0357522 51.5106430
-0.0358045 -0.0332216 0.9988063 -1.1292511
0.0000000 0.0000000 0.0000000 1.0000000
0.0026268 -0.9994286 -0.0336960 19.4830227
0.9993851 0.0014454 0.0350333 52.6726685
-0.0349646 -0.0337673 0.9988177 -1.1605551
0.0000000 0.0000000 0.0000000 1.0000000
0.0053403 -0.9994401 -0.0330258 19.4830017
0.9992979 0.0041088 0.0372395 53.8221817
-0.0370829 -0.0332015 0.9987603 -1.1885334
0.0000000 0.0000000 0.0000000 1.0000000
0.0075184 -0.9994007 -0.0337872 19.4773865
0.9992638 0.0062375 0.0378547 54.5728798
-0.0376212 -0.0340469 0.9987117 -1.2009104
0.0000000 0.0000000 0.0000000 1.0000000
0.0073115 -0.9993631 -0.0349236 19.4631958
0.9992750 0.0059969 0.0375956 55.7405930
-0.0373622 -0.0351732 0.9986824 -1.2333188
0.0000000 0.0000000 0.0000000 1.0000000
0.0090896 -0.9993092 -0.0360317 19.4635563
0.9992170 0.0076892 0.0388107 56.2797852
-0.0385068 -0.0363563 0.9985965 -1.2445101
0.0000000 0.0000000 0.0000000 1.0000000
0.0113035 -0.9992564 -0.0368605 19.4518757
0.9991823 0.0098561 0.0392106 56.8042564
-0.0388182 -0.0372736 0.9985507 -1.2495697
0.0000000 0.0000000 0.0000000 1.0000000
0.0131785 -0.9991940 -0.0379144 19.4364929
0.9991955 0.0117231 0.0383520 57.6526680
-0.0378766 -0.0383894 0.9985445 -1.2661964
0.0000000 0.0000000 0.0000000 1.0000000
0.0134429 -0.9992260 -0.0369667 19.4224396
0.9992228 0.0120542 0.0375307 57.9780350
-0.0370560 -0.0374425 0.9986113 -1.2637585
0.0000000 0.0000000 0.0000000 1.0000000
0.0134016 -0.9993392 -0.0337852 19.4255104
0.9992419 0.0121497 0.0369864 59.1727295
-0.0365515 -0.0342553 0.9987442 -1.2911212
0.0000000 0.0000000 0.0000000 1.0000000
0.0150880 -0.9994022 -0.0311049 19.4272766
0.9991763 0.0138978 0.0381269 60.0791206
-0.0376718 -0.0316546 0.9987884 -1.3084128
0.0000000 0.0000000 0.0000000 1.0000000
0.0152475 -0.9994004 -0.0310852 19.4353695
0.9990613 0.0139667 0.0410063 61.1763115
-0.0405476 -0.0316813 0.9986749 -1.3331209
0.0000000 0.0000000 0.0000000 1.0000000
0.0149958 -0.9993286 -0.0334290 19.4440727
0.9989445 0.0135214 0.0438983 62.3758926
-0.0434168 -0.0340520 0.9984763 -1.3672096
0.0000000 0.0000000 0.0000000 1.0000000
0.0156989 -0.9992613 -0.0350769 19.4480190
0.9989352 0.0141522 0.0439115 63.5388260
-0.0433826 -0.0357289 0.9984192 -1.3994484
0.0000000 0.0000000 0.0000000 1.0000000
0.0181622 -0.9992185 -0.0351064 19.4336739
0.9989539 0.0166610 0.0425859 63.5586166
-0.0419677 -0.0358431 0.9984756 -1.3998541
0.0000000 0.0000000 0.0000000 1.0000000
0.0204627 -0.9991938 -0.0345364 19.4335747
0.9989656 0.0190304 0.0413007 64.4479828
-0.0406101 -0.0353458 0.9985494 -1.4246919
0.0000000 0.0000000 0.0000000 1.0000000
0.0215280 -0.9992659 -0.0316866 19.4353428
0.9989449 0.0202133 0.0412383 64.9305573
-0.0405675 -0.0325410 0.9986465 -1.4351531
0.0000000 0.0000000 0.0000000 1.0000000
0.0203356 -0.9993293 -0.0304521 19.4524403
0.9989362 0.0190478 0.0419961 66.1260757
-0.0413878 -0.0312737 0.9986534 -1.4652998
0.0000000 0.0000000 0.0000000 1.0000000
0.0207470 -0.9993198 -0.0304859 19.4722767
0.9988219 0.0193793 0.0444912 67.3024750
-0.0438701 -0.0313730 0.9985443 -1.4958693
0.0000000 0.0000000 0.0000000 1.0000000
0.0210957 -0.9993212 -0.0301976 19.4821205
0.9987139 0.0196706 0.0467307 67.5857468
-0.0461049 -0.0311446 0.9984508 -1.5029005
0.0000000 0.0000000 0.0000000 1.0000000
0.0209641 -0.9992806 -0.0316020 19.4998302
0.9987099 0.0194688 0.0469004 68.7710495
-0.0462514 -0.0325444 0.9983993 -1.5406308
0.0000000 0.0000000 0.0000000 1.0000000
0.0217835 -0.9992462 -0.0321299 19.5052109
0.9987528 0.0203059 0.0456154 69.5170364
-0.0449286 -0.0330835 0.9984420 -1.5579371
0.0000000 0.0000000 0.0000000 1.0000000
0.0212288 -0.9992901 -0.0311191 19.5212765
0.9988235 0.0198408 0.0442510 70.6951218
-0.0436022 -0.0320219 0.9985354 -1.5903022
0.0000000 0.0000000 0.0000000 1.0000000
0.0209094 -0.9993232 -0.0302603 19.5453873
0.9988011 0.0195390 0.0448885 71.8643265
-0.0442668 -0.0311626 0.9985333 -1.6210483
0.0000000 0.0000000 0.0000000 1.0000000
0.0209569 -0.9993852 -0.0281016 19.5692406
0.9986487 0.0195877 0.0481396 73.0029678
-0.0475596 -0.0290725 0.9984450 -1.6563953
0.0000000 0.0000000 0.0000000 1.0000000
0.0199087 -0.9994603 -0.0261251 19.5844421
0.9985558 0.0185727 0.0504157 74.1816406
-0.0499032 -0.0270911 0.9983863 -1.6936183
0.0000000 0.0000000 0.0000000 1.0000000
0.0202303 -0.9994297 -0.0270324 19.5990753
0.9984609 0.0187992 0.0521792 75.3369751
-0.0516413 -0.0280464 0.9982715 -1.7334641
0.0000000 0.0000000 0.0000000 1.0000000
0.0209690 -0.9993694 -0.0286487 19.6103153
0.9983816 0.0194157 0.0534567 76.4690247
-0.0528668 -0.0297233 0.9981589 -1.7795442
0.0000000 0.0000000 0.0000000 1.0000000
0.0205580 -0.9993449 -0.0297801 19.6108150
0.9984266 0.0189664 0.0527719 77.6242218
-0.0521725 -0.0308181 0.9981622 -1.8239977
0.0000000 0.0000000 0.0000000 1.0000000
0.0206662 -0.9992654 -0.0322682 19.6119499
0.9986211 0.0190733 0.0489116 78.7586441
-0.0482602 -0.0332345 0.9982815 -1.8653476
0.0000000 0.0000000 0.0000000 1.0000000
0.0226033 -0.9991696 -0.0338954 19.6113491
0.9986509 0.0209800 0.0475022 79.4870071
-0.0467516 -0.0349234 0.9982956 -1.8905556
0.0000000 0.0000000 0.0000000 1.0000000
0.0225139 -0.9991739 -0.0338263 19.6299706
0.9987051 0.0209334 0.0463690 80.6300201
-0.0456226 -0.0348265 0.9983512 -1.9273471
0.0000000 0.0000000 0.0000000 1.0000000
0.0228925 -0.9992093 -0.0325018 19.6488266
0.9986920 0.0213696 0.0464530 81.7554245
-0.0457217 -0.0335227 0.9983913 -1.9620826
0.0000000 0.0000000 0.0000000 1.0000000
0.0245608 -0.9991630 -0.0327076 19.6444073
0.9985202 0.0229305 0.0493148 82.5488052
-0.0485235 -0.0338704 0.9982473 -1.9894935
0.0000000 0.0000000 0.0000000 1.0000000
0.0250383 -0.9992160 -0.0306600 19.6635685
0.9983711 0.0234206 0.0520277 83.4594193
-0.0512688 -0.0319128 0.9981746 -2.0187125
0.0000000 0.0000000 0.0000000 1.0000000
0.0261427 -0.9990515 -0.0348171 19.6662483
0.9983621 0.0243197 0.0517880 83.9680405
-0.0508921 -0.0361139 0.9980507 -2.0422876
0.0000000 0.0000000 0.0000000 1.0000000
0.0268794 -0.9988955 -0.0385334 19.6723785
0.9982966 0.0248263 0.0528002 84.8280716
-0.0517852 -0.0398870 0.9978611 -2.0810099
0.0000000 0.0000000 0.0000000 1.0000000
0.0277191 -0.9987509 -0.0415668 19.6783600
0.9982982 0.0255241 0.0524348 84.9338150
-0.0513084 -0.0429495 0.9977586 -2.0906074
0.0000000 0.0000000 0.0000000 1.0000000
0.0265620 -0.9987482 -0.0423793 19.7003288
0.9985003 0.0244773 0.0489716 86.1096497
-0.0478730 -0.0436165 0.9979004 -2.1326811
0.0000000 0.0000000 0.0000000 1.0000000
0.0282540 -0.9986517 -0.0435448 19.6930275
0.9986205 0.0262705 0.0454662 86.5986633
-0.0442610 -0.0447694 0.9980161 -2.1535764
0.0000000 0.0000000 0.0000000 1.0000000
0.0287168 -0.9987579 -0.0407141 19.7048874
0.9986378 0.0268902 0.0447181 87.1168594
-0.0435678 -0.0419428 0.9981694 -2.1667535
0.0000000 0.0000000 0.0000000 1.0000000
0.0301942 -0.9989088 -0.0356245 19.7077713
0.9985928 0.0285914 0.0446683 87.3623199
-0.0436009 -0.0369231 0.9983662 -2.1693251
0.0000000 0.0000000 0.0000000 1.0000000
0.0302748 -0.9989272 -0.0350354 19.7335014
0.9985213 0.0286418 0.0462066 88.5468369
-0.0451536 -0.0363825 0.9983171 -2.2112689
0.0000000 0.0000000 0.0000000 1.0000000
0.0287143 -0.9990225 -0.0336016 19.7579041
0.9983978 0.0270240 0.0497183 89.7459793
-0.0487616 -0.0349754 0.9981976 -2.2558653
0.0000000 0.0000000 0.0000000 1.0000000
0.0277779 -0.9991012 -0.0320112 19.7841492
0.9983965 0.0261495 0.0502094 90.9720078
-0.0493271 -0.0333546 0.9982253 -2.2995622
0.0000000 0.0000000 0.0000000 1.0000000
0.0276546 -0.9991133 -0.0317409 19.8047314
0.9986069 0.0261850 0.0458137 92.1718750
-0.0449419 -0.0329637 0.9984453 -2.3447676
0.0000000 0.0000000 0.0000000 1.0000000
0.0272467 -0.9990783 -0.0331627 19.8168144
0.9987522 0.0258186 0.0427517 92.8347397
-0.0418561 -0.0342861 0.9985349 -2.3691998
0.0000000 0.0000000 0.0000000 1.0000000
0.0271094 -0.9990844 -0.0330926 19.8180408
0.9988075 0.0257274 0.0414947 93.2653046
-0.0406053 -0.0341780 0.9985903 -2.3758667
0.0000000 0.0000000 0.0000000 1.0000000
0.0263169 -0.9990497 -0.0347374 19.8351097
0.9987774 0.0248231 0.0427520 94.4998169
-0.0418490 -0.0358200 0.9984814 -2.4116259
0.0000000 0.0000000 0.0000000 1.0000000
0.0269233 -0.9988600 -0.0394143 19.8465824
0.9985634 0.0250459 0.0473704 95.4598007
-0.0463292 -0.0406330 0.9980992 -2.4438055
0.0000000 0.0000000 0.0000000 1.0000000
0.0286134 -0.9985768 -0.0450037 19.8542538
0.9983242 0.0262824 0.0515579 96.4656067
-0.0503017 -0.0464035 0.9976552 -2.4793644
0.0000000 0.0000000 0.0000000 1.0000000
0.0291408 -0.9982278 -0.0518804 19.8525543
0.9983053 0.0264487 0.0518383 97.1074295
-0.0503743 -0.0533031 0.9973067 -2.5095561
0.0000000 0.0000000 0.0000000 1.0000000
0.0299923 -0.9980216 -0.0552528 19.8497314
0.9983881 0.0272467 0.0497897 97.5528412
-0.0481857 -0.0566571 0.9972299 -2.5269134
0.0000000 0.0000000 0.0000000 1.0000000
0.0302019 -0.9979214 -0.0569233 19.8358822
0.9984415 0.0274456 0.0485943 97.7523575
-0.0469310 -0.0583022 0.9971949 -2.5291607
0.0000000 0.0000000 0.0000000 1.0000000
0.0294153 -0.9979368 -0.0570647 19.8587132
0.9984721 0.0266633 0.0484006 98.9951553
-0.0467792 -0.0584012 0.9971963 -2.5690391
0.0000000 0.0000000 0.0000000 1.0000000
0.0299274 -0.9980131 -0.0554412 19.8827782
0.9984638 0.0272610 0.0482381 99.9938126
-0.0466309 -0.0567997 0.9972958 -2.5944929
0.0000000 0.0000000 0.0000000 1.0000000
0.0288504 -0.9980441 -0.0554537 19.9117966
0.9984624 0.0261465 0.0488806 101.2516403
-0.0473351 -0.0567786 0.9972638 -2.6344762
0.0000000 0.0000000 0.0000000 1.0000000
0.0282022 -0.9980596 -0.0555088 19.9397621
0.9982426 0.0252249 0.0536231 102.5038071
-0.0521188 -0.0569235 0.9970170 -2.6799021
0.0000000 0.0000000 0.0000000 1.0000000
0.0276511 -0.9981661 -0.0538446 19.9695663
0.9980248 0.0245272 0.0578359 103.7121735
-0.0564092 -0.0553374 0.9968728 -2.7253263
0.0000000 0.0000000 0.0000000 1.0000000
0.0275060 -0.9981123 -0.0549068 19.9889774
0.9980649 0.0243573 0.0572119 104.9731369
-0.0557665 -0.0563742 0.9968508 -2.7746148
0.0000000 0.0000000 0.0000000 1.0000000
0.0283697 -0.9980404 -0.0557664 19.9998779
0.9981424 0.0252751 0.0554332 105.3274460
-0.0539151 -0.0572354 0.9969036 -2.7944665
0.0000000 0.0000000 0.0000000 1.0000000
0.0296828 -0.9980682 -0.0545735 20.0271645
0.9981184 0.0266652 0.0552137 106.5671997
-0.0536518 -0.0561098 0.9969818 -2.8408897
0.0000000 0.0000000 0.0000000 1.0000000
0.0322459 -0.9979655 -0.0549955 20.0177517
0.9980659 0.0292256 0.0548647 106.6255798
-0.0531459 -0.0566583 0.9969779 -2.8423913
0.0000000 0.0000000 0.0000000 1.0000000
0.0333588 -0.9979289 -0.0549966 20.0302582
0.9979110 0.0302111 0.0571033 107.2009048
-0.0553235 -0.0567866 0.9968521 -2.8628504
0.0000000 0.0000000 0.0000000 1.0000000
0.0361059 -0.9977568 -0.0563672 20.0372200
0.9975947 0.0326454 0.0611476 107.6558990
-0.0591703 -0.0584394 0.9965356 -2.8851416
0.0000000 0.0000000 0.0000000 1.0000000
0.0379290 -0.9975944 -0.0580206 20.0472851
0.9974312 0.0342641 0.0629044 108.1987381
-0.0607650 -0.0602575 0.9963313 -2.9118812
0.0000000 0.0000000 0.0000000 1.0000000
0.0386390 -0.9973856 -0.0610606 20.0364361
0.9975757 0.0349626 0.0601695 108.2438431
-0.0578773 -0.0632374 0.9963186 -2.9239175
0.0000000 0.0000000 0.0000000 1.0000000
0.0388701 -0.9974055 -0.0605873 20.0408306
0.9977613 0.0354388 0.0567143 108.2460098
-0.0544200 -0.0626562 0.9965501 -2.9316132
0.0000000 0.0000000 0.0000000 1.0000000
0.0395562 -0.9975089 -0.0584015 20.0400639
0.9977906 0.0363099 0.0556371 108.1451263
-0.0533779 -0.0604733 0.9967414 -2.9269071
0.0000000 0.0000000 0.0000000 1.0000000
0.0406569 -0.9975315 -0.0572487 20.0512505
0.9977673 0.0374945 0.0552695 108.6750107
-0.0529866 -0.0593680 0.9968287 -2.9463701
0.0000000 0.0000000 0.0000000 1.0000000
0.0398424 -0.9976909 -0.0550001 20.0646801
0.9977906 0.0367968 0.0553162 108.8379974
-0.0531646 -0.0570825 0.9969527 -2.9524205
0.0000000 0.0000000 0.0000000 1.0000000
0.0405159 -0.9977151 -0.0540608 20.0760574
0.9977837 0.0375417 0.0549388 109.0331192
-0.0527838 -0.0561669 0.9970249 -2.9516718
0.0000000 0.0000000 0.0000000 1.0000000
0.0413576 -0.9977209 -0.0533100 20.0988350
0.9977408 0.0384133 0.0551159 109.6169739
-0.0529425 -0.0554690 0.9970555 -2.9763844
0.0000000 0.0000000 0.0000000 1.0000000
0.0418301 -0.9977944 -0.0515350 20.1181583
0.9975823 0.0388448 0.0576253 110.1683884
-0.0554963 -0.0538209 0.9970070 -2.9977734
0.0000000 0.0000000 0.0000000 1.0000000
0.0413410 -0.9979551 -0.0487421 20.1574516
0.9974951 0.0384210 0.0593920 111.1570816
-0.0573979 -0.0510753 0.9970438 -3.0389304
0.0000000 0.0000000 0.0000000 1.0000000
0.0410582 -0.9980431 -0.0471551 20.1740208
0.9975979 0.0383130 0.0577106 111.6216278
-0.0557910 -0.0494113 0.9972188 -3.0582209
0.0000000 0.0000000 0.0000000 1.0000000
0.0420243 -0.9979541 -0.0481751 20.1835003
0.9975707 0.0392291 0.0575655 111.6327362
-0.0555579 -0.0504772 0.9971785 -3.0637887
0.0000000 0.0000000 0.0000000 1.0000000
0.0420269 -0.9979112 -0.0490553 20.2023907
0.9972951 0.0389362 0.0623415 112.2092438
-0.0603012 -0.0515426 0.9968484 -3.0868864
0.0000000 0.0000000 0.0000000 1.0000000
0.0434136 -0.9976777 -0.0524769 20.2128830
0.9968553 0.0397726 0.0685393 112.5814667
-0.0662930 -0.0552874 0.9962671 -3.1130695
0.0000000 0.0000000 0.0000000 1.0000000
0.0458097 -0.9972573 -0.0581265 20.2324791
0.9966707 0.0416989 0.0700624 113.1710968
-0.0674465 -0.0611425 0.9958475 -3.1519706
0.0000000 0.0000000 0.0000000 1.0000000
0.0485535 -0.9968844 -0.0621561 20.2472763
0.9967898 0.0443945 0.0666268 113.5969315
-0.0636598 -0.0651916 0.9958400 -3.1855481
0.0000000 0.0000000 0.0000000 1.0000000
0.0509074 -0.9965211 -0.0659817 20.2773628
0.9969739 0.0468216 0.0620544 114.2131195
-0.0587492 -0.0689411 0.9958892 -3.2203040
0.0000000 0.0000000 0.0000000 1.0000000
0.0515093 -0.9963209 -0.0684892 20.3092117
0.9970636 0.0474138 0.0601336 114.9964142
-0.0566650 -0.0713855 0.9958378 -3.2623961
0.0000000 0.0000000 0.0000000 1.0000000
0.0533695 -0.9965211 -0.0640064 20.3476315
0.9971188 0.0497219 0.0572860 115.6809235
-0.0539042 -0.0668793 0.9963038 -3.2864900
0.0000000 0.0000000 0.0000000 1.0000000
0.0536941 -0.9966897 -0.0610400 20.3831196
0.9973239 0.0504900 0.0528744 116.1859055
-0.0496175 -0.0637157 0.9967338 -3.3077960
0.0000000 0.0000000 0.0000000 1.0000000
0.0534105 -0.9969947 -0.0561083 20.4310513
0.9974582 0.0506126 0.0501537 116.9358597
-0.0471632 -0.0586444 0.9971641 -3.3293362
0.0000000 0.0000000 0.0000000 1.0000000
0.0528101 -0.9971508 -0.0538568 20.4583950
0.9973344 0.0499467 0.0531926 117.2379303
-0.0503511 -0.0565224 0.9971308 -3.3374145
0.0000000 0.0000000 0.0000000 1.0000000
0.0530719 -0.9971201 -0.0541685 20.5009804
0.9969699 0.0498182 0.0597419 118.0261078
-0.0568712 -0.0571750 0.9967430 -3.3690512
0.0000000 0.0000000 0.0000000 1.0000000
0.0541766 -0.9970323 -0.0546880 20.5345974
0.9967035 0.0506838 0.0633500 118.6730118
-0.0603902 -0.0579398 0.9964918 -3.3999207
0.0000000 0.0000000 0.0000000 1.0000000
0.0575391 -0.9966789 -0.0576164 20.5906525
0.9966572 0.0539933 0.0613121 119.5714951
-0.0579975 -0.0609517 0.9964542 -3.4415772
0.0000000 0.0000000 0.0000000 1.0000000
0.0580093 -0.9965458 -0.0594193 20.6277390
0.9966692 0.0543935 0.0607607 120.2452850
-0.0573188 -0.0627461 0.9963821 -3.4777849
0.0000000 0.0000000 0.0000000 1.0000000
0.0590303 -0.9965353 -0.0585838 20.6506805
0.9965580 0.0554065 0.0616631 120.3479462
-0.0582035 -0.0620221 0.9963762 -3.4863057
0.0000000 0.0000000 0.0000000 1.0000000
0.0605865 -0.9964632 -0.0582194 20.6978378
0.9965273 0.0570464 0.0606552 121.0107651
-0.0571195 -0.0616921 0.9964594 -3.5129235
0.0000000 0.0000000 0.0000000 1.0000000
0.0617223 -0.9963259 -0.0593665 20.7356644
0.9965296 0.0581881 0.0595222 121.5579224
-0.0558491 -0.0628344 0.9964600 -3.5363505
0.0000000 0.0000000 0.0000000 1.0000000
0.0638122 -0.9961824 -0.0595631 20.7639141
0.9963361 0.0601891 0.0607581 121.8751526
-0.0569411 -0.0632219 0.9963737 -3.5520949
0.0000000 0.0000000 0.0000000 1.0000000
0.0648119 -0.9961289 -0.0593801 20.8055229
0.9961553 0.0610693 0.0628095 122.4370346
-0.0589401 -0.0632226 0.9962574 -3.5677974
0.0000000 0.0000000 0.0000000 1.0000000
0.0646770 -0.9961199 -0.0596767 20.8450966
0.9960938 0.0608413 0.0639956 123.1807556
-0.0601165 -0.0635827 0.9961642 -3.5910592
0.0000000 0.0000000 0.0000000 1.0000000
0.0647537 -0.9960927 -0.0600470 20.8853397
0.9960246 0.0608261 0.0650779 123.8307648
-0.0611712 -0.0640223 0.9960718 -3.6172843
0.0000000 0.0000000 0.0000000 1.0000000
0.0650863 -0.9961374 -0.0589341 20.9281693
0.9959419 0.0611677 0.0660166 124.4271698
-0.0621567 -0.0629917 0.9960765 -3.6360724
0.0000000 0.0000000 0.0000000 1.0000000
0.0653647 -0.9960874 -0.0594685 20.9779530
0.9959573 0.0614439 0.0655270 125.4221039
-0.0616167 -0.0635112 0.9960771 -3.6734898
0.0000000 0.0000000 0.0000000 1.0000000
0.0675446 -0.9959031 -0.0601159 21.0265083
0.9958140 0.0635742 0.0656721 126.1914978
-0.0615812 -0.0643000 0.9960287 -3.7029715
0.0000000 0.0000000 0.0000000 1.0000000
0.0678555 -0.9958496 -0.0606498 21.0837860
0.9957753 0.0638302 0.0660093 127.1341171
-0.0618641 -0.0648726 0.9959740 -3.7428861
0.0000000 0.0000000 0.0000000 1.0000000
0.0672972 -0.9959436 -0.0597215 21.1409836
0.9958535 0.0633776 0.0652602 128.0711060
-0.0612105 -0.0638656 0.9960794 -3.7785125
0.0000000 0.0000000 0.0000000 1.0000000
0.0647091 -0.9962422 -0.0575629 21.2013264
0.9961955 0.0611166 0.0621221 129.0024719
-0.0583706 -0.0613638 0.9964072 -3.8108561
0.0000000 0.0000000 0.0000000 1.0000000
0.0589679 -0.9966055 -0.0574405 21.2472458
0.9967061 0.0555694 0.0590657 129.9351959
-0.0556733 -0.0607343 0.9966000 -3.8462806
0.0000000 0.0000000 0.0000000 1.0000000
0.0549029 -0.9966843 -0.0600442 21.2920570
0.9970640 0.0515105 0.0566561 130.8605652
-0.0533754 -0.0629785 0.9965864 -3.8866286
0.0000000 0.0000000 0.0000000 1.0000000
0.0519725 -0.9967405 -0.0616955 21.3345585
0.9972376 0.0485170 0.0562428 131.7737427
-0.0530662 -0.0644482 0.9965090 -3.9241948
0.0000000 0.0000000 0.0000000 1.0000000
0.0482887 -0.9968467 -0.0629601 21.3639107
0.9973778 0.0447206 0.0568989 132.6961212
-0.0539039 -0.0655426 0.9963927 -3.9618411
0.0000000 0.0000000 0.0000000 1.0000000
0.0466983 -0.9969887 -0.0619032 21.4040508
