1.0000000 0.0000000 0.0000000 0.0000000
0.0000000 1.0000000 0.0000000 0.0000000
0.0000000 0.0000000 1.0000000 0.0000000
0.0000000 0.0000000 0.0000000 1.0000000
0.9999417 0.0107202 0.0012750 0.2900676
-0.0107174 0.9999401 -0.0022194 -0.0066352
-0.0012987 0.0022056 0.9999967 0.0076095
0.0000000 0.0000000 0.0000000 1.0000000
0.9998529 0.0170774 0.0015696 0.5759738
-0.0170712 0.9998468 -0.0038827 -0.0239141
-0.0016357 0.0038553 0.9999912 0.0111501
0.0000000 0.0000000 0.0000000 1.0000000
0.9998145 0.0192597 0.0002034 0.8816243
-0.0192580 0.9997942 -0.0063798 -0.0306727
-0.0003262 0.0063747 0.9999796 0.0122141
0.0000000 0.0000000 0.0000000 1.0000000
0.9998407 0.0178272 -0.0008766 1.1973469
-0.0178333 0.9998132 -0.0074542 -0.0390106
0.0007435 0.0074686 0.9999718 0.0132540
0.0000000 0.0000000 0.0000000 1.0000000
0.9999413 0.0105819 -0.0023290 1.5095060
-0.0106047 0.9998935 -0.0100222 -0.0359151
0.0022227 0.0100463 0.9999470 0.0127530
0.0000000 0.0000000 0.0000000 1.0000000
0.9999905 -0.0016126 -0.0040382 1.8319720
0.0015665 0.9999340 -0.0113875 -0.0303260
0.0040563 0.0113811 0.9999269 0.0182335
0.0000000 0.0000000 0.0000000 1.0000000
0.9998384 -0.0174032 -0.0045016 2.1735141
0.0173532 0.9997898 -0.0109233 -0.0114461
0.0046908 0.0108434 0.9999301 0.0227018
0.0000000 0.0000000 0.0000000 1.0000000
0.9993029 -0.0370271 -0.0047550 2.5228610
0.0369940 0.9992919 -0.0068715 0.0260522
0.0050060 0.0066908 0.9999650 0.0264935
0.0000000 0.0000000 0.0000000 1.0000000
0.9983675 -0.0567947 -0.0060507 2.8620226
0.0567765 0.9983820 -0.0031447 0.0479615
0.0062195 0.0027961 0.9999767 0.0289520
0.0000000 0.0000000 0.0000000 1.0000000
0.9970925 -0.0759315 -0.0063893 3.2302921
0.0759177 0.9971113 -0.0023791 0.0935222
0.0065515 0.0018871 0.9999767 0.0304891
0.0000000 0.0000000 0.0000000 1.0000000
0.9952607 -0.0970740 -0.0057058 3.6096859
0.0970558 0.9952732 -0.0033743 0.1400153
0.0060064 0.0028045 0.9999779 0.0340065
0.0000000 0.0000000 0.0000000 1.0000000
0.9931562 -0.1166906 -0.0048833 3.9891124
0.1166687 0.9931604 -0.0045640 0.1896505
0.0053825 0.0039630 0.9999776 0.0388076
0.0000000 0.0000000 0.0000000 1.0000000
0.9909933 -0.1338247 -0.0047860 4.3851018
0.1338066 0.9909997 -0.0039336 0.2578898
0.0052693 0.0032578 0.9999807 0.0440288
0.0000000 0.0000000 0.0000000 1.0000000
0.9886793 -0.1499746 -0.0045211 4.7950206
0.1499622 0.9886873 -0.0029713 0.3362821
0.0049156 0.0022596 0.9999853 0.0489221
0.0000000 0.0000000 0.0000000 1.0000000
0.9865819 -0.1631949 -0.0048283 5.2167296
0.1631859 0.9865929 -0.0022122 0.4164716
0.0051245 0.0013946 0.9999858 0.0545568
0.0000000 0.0000000 0.0000000 1.0000000
0.9845161 -0.1752173 -0.0051604 5.6550565
0.1752014 0.9845268 -0.0033919 0.5016264
0.0056749 0.0024352 0.9999809 0.0597765
0.0000000 0.0000000 0.0000000 1.0000000
0.9827344 -0.1848967 -0.0067719 6.1047339
0.1848562 0.9827461 -0.0061987 0.5848616
0.0078011 0.0048399 0.9999578 0.0674463
0.0000000 0.0000000 0.0000000 1.0000000
0.9814715 -0.1914123 -0.0086359 6.5772653
0.1913692 0.9815023 -0.0055821 0.6754233
0.0095446 0.0038260 0.9999471 0.0724567
0.0000000 0.0000000 0.0000000 1.0000000
0.9798690 -0.1993605 -0.0105708 7.0511508
0.1993199 0.9799229 -0.0047768 0.7816832
0.0113109 0.0025737 0.9999326 0.0734926
0.0000000 0.0000000 0.0000000 1.0000000
0.9781314 -0.2075507 -0.0134672 7.5243597
0.2074922 0.9782206 -0.0056160 0.8930156
0.0143395 0.0026989 0.9998935 0.0779286
0.0000000 0.0000000 0.0000000 1.0000000
0.9762876 -0.2159967 -0.0144041 8.0243950
0.2158742 0.9763740 -0.0096010 0.9948643
0.0161376 0.0062639 0.9998501 0.0864175
0.0000000 0.0000000 0.0000000 1.0000000
0.9747363 -0.2228955 -0.0143662 8.5507040
0.2226735 0.9747689 -0.0155648 1.1139048
0.0174731 0.0119726 0.9997756 0.1007267
0.0000000 0.0000000 0.0000000 1.0000000
0.9729933 -0.2302734 -0.0160605 9.0862646
0.2300166 0.9730493 -0.0163557 1.2386965
0.0193939 0.0122198 0.9997372 0.1189822
0.0000000 0.0000000 0.0000000 1.0000000
0.9706844 -0.2393800 -0.0216467 9.6158524
0.2391437 0.9708978 -0.0129542 1.3977755
0.0241177 0.0073978 0.9996817 0.1208888
0.0000000 0.0000000 0.0000000 1.0000000
0.9686511 -0.2471223 -0.0254024 10.1565027
0.2469433 0.9689783 -0.0100060 1.5484540
0.0270871 0.0034194 0.9996272 0.1352323
0.0000000 0.0000000 0.0000000 1.0000000
0.9663523 -0.2558764 -0.0262667 10.7107306
0.2556373 0.9666964 -0.0121479 1.6892204
0.0285003 0.0050245 0.9995811 0.1515620
0.0000000 0.0000000 0.0000000 1.0000000
0.9639361 -0.2647508 -0.0270880 11.2687168
0.2644497 0.9642947 -0.0142187 1.8514587
0.0298852 0.0065425 0.9995319 0.1731869
0.0000000 0.0000000 0.0000000 1.0000000
0.9618807 -0.2718744 -0.0294829 11.8417635
0.2715759 0.9623185 -0.0137757 2.0226190
0.0321172 0.0052437 0.9994703 0.1925115
0.0000000 0.0000000 0.0000000 1.0000000
0.9594060 -0.2800401 -0.0334240 12.4333649
0.2797590 0.9599835 -0.0129054 2.2068446
0.0357005 0.0030309 0.9993579 0.2110829
0.0000000 0.0000000 0.0000000 1.0000000
0.9574837 -0.2859025 -0.0385259 13.0329103
0.2855998 0.9582572 -0.0132623 2.3833070
0.0407095 0.0016954 0.9991695 0.2349501
0.0000000 0.0000000 0.0000000 1.0000000
0.9552950 -0.2921005 -0.0456971 13.6338739
0.2917776 0.9563876 -0.0137350 2.5682499
0.0477161 -0.0002124 0.9988608 0.2635658
0.0000000 0.0000000 0.0000000 1.0000000
0.9528680 -0.2986118 -0.0536008 14.1865873
0.2982937 0.9543710 -0.0140289 2.7575743
0.0553442 -0.0026211 0.9984638 0.2907647
0.0000000 0.0000000 0.0000000 1.0000000
0.9512472 -0.3019063 -0.0630948 14.8209496
0.3016393 0.9533201 -0.0139443 2.9642272
0.0643594 -0.0057674 0.9979100 0.3260617
0.0000000 0.0000000 0.0000000 1.0000000
0.9482681 -0.3091212 -0.0723276 15.4176207
0.3089829 0.9509735 -0.0133754 3.1829581
0.0729163 -0.0096645 0.9972911 0.3618381
0.0000000 0.0000000 0.0000000 1.0000000
0.9466900 -0.3120535 -0.0800014 16.0715313
0.3120834 0.9499731 -0.0124523 3.4135683
0.0798849 -0.0131787 0.9967169 0.4130935
0.0000000 0.0000000 0.0000000 1.0000000
0.9439801 -0.3181448 -0.0876638 16.7173767
0.3184367 0.9478802 -0.0110100 3.6441419
0.0865976 -0.0175221 0.9960892 0.4650644
0.0000000 0.0000000 0.0000000 1.0000000
0.9432818 -0.3188531 -0.0924749 17.0293560
0.3193668 0.9475827 -0.0095884 3.8029366
0.0906849 -0.0204888 0.9956687 0.5041624
0.0000000 0.0000000 0.0000000 1.0000000
0.9410440 -0.3236725 -0.0983457 17.6598854
0.3245384 0.9458427 -0.0075078 4.0429482
0.0954496 -0.0248518 0.9951239 0.5652591
0.0000000 0.0000000 0.0000000 1.0000000
0.9385324 -0.3296112 -0.1025323 18.2567406
0.3309457 0.9436405 -0.0042050 4.2614994
0.0981397 -0.0299861 0.9947206 0.6249610
0.0000000 0.0000000 0.0000000 1.0000000
0.9353570 -0.3379687 -0.1043258 18.8542862
0.3395064 0.9405984 -0.0031920 4.4958649
0.0992075 -0.0324336 0.9945379 0.6858502
0.0000000 0.0000000 0.0000000 1.0000000
0.9351902 -0.3391876 -0.1018359 19.1693745
0.3406881 0.9401723 -0.0028136 4.6321321
0.0966976 -0.0320631 0.9947971 0.7331738
0.0000000 0.0000000 0.0000000 1.0000000
0.9348226 -0.3409932 -0.0991461 19.5968266
0.3424265 0.9395407 -0.0027117 4.8136883
0.0940764 -0.0314153 0.9950690 0.7838762
0.0000000 0.0000000 0.0000000 1.0000000
0.9329085 -0.3469619 -0.0964299 20.0037766
0.3483405 0.9373642 -0.0026940 4.9816279
0.0913247 -0.0310772 0.9953359 0.8333880
0.0000000 0.0000000 0.0000000 1.0000000
0.9320376 -0.3505102 -0.0919133 20.3206100
0.3517825 0.9360784 -0.0025063 5.1288376
0.0869165 -0.0299976 0.9957637 0.8736971
0.0000000 0.0000000 0.0000000 1.0000000
0.9302076 -0.3566557 -0.0866613 20.6465530
0.3579273 0.9337490 -0.0009242 5.2468066
0.0812495 -0.0301587 0.9962372 0.9069800
0.0000000 0.0000000 0.0000000 1.0000000
0.9266891 -0.3669043 -0.0814128 21.0932980
0.3682346 0.9297318 0.0014318 5.4523325
0.0751668 -0.0313058 0.9966792 0.9523901
0.0000000 0.0000000 0.0000000 1.0000000
0.9255055 -0.3705906 -0.0781140 21.4518967
0.3720467 0.9282033 0.0044548 5.6181459
0.0708548 -0.0331850 0.9969343 0.9861313
0.0000000 0.0000000 0.0000000 1.0000000
0.9239374 -0.3747470 -0.0768371 21.7230549
0.3762102 0.9265209 0.0049952 5.7540746
0.0693192 -0.0335221 0.9970310 1.0101241
0.0000000 0.0000000 0.0000000 1.0000000
0.9211312 -0.3816431 -0.0765858 22.0657215
0.3831193 0.9236851 0.0050301 5.8977165
0.0688215 -0.0339749 0.9970501 1.0385132
0.0000000 0.0000000 0.0000000 1.0000000
0.9198661 -0.3846317 -0.0768387 22.0865116
0.3861047 0.9224428 0.0047371 5.9473381
0.0690573 -0.0340253 0.9970321 1.0411456
0.0000000 0.0000000 0.0000000 1.0000000
0.9185149 -0.3878446 -0.0768532 22.2372894
0.3893340 0.9210839 0.0048377 6.0137568
0.0689120 -0.0343651 0.9970305 1.0545058
0.0000000 0.0000000 0.0000000 1.0000000
0.9119462 -0.4033670 -0.0751576 22.5921993
0.4048404 0.9143745 0.0048473 6.1830397
0.0667670 -0.0348474 0.9971597 1.0868951
0.0000000 0.0000000 0.0000000 1.0000000
0.9127946 -0.4020098 -0.0720670 22.7609978
0.4034440 0.9149850 0.0059488 6.2538338
0.0635487 -0.0345050 0.9973819 1.1021086
0.0000000 0.0000000 0.0000000 1.0000000
0.9114125 -0.4059388 -0.0673833 22.8357868
0.4072714 0.9132821 0.0067626 6.3389664
0.0587948 -0.0336068 0.9977040 1.1078433
0.0000000 0.0000000 0.0000000 1.0000000
0.9122383 -0.4046277 -0.0640102 22.8206120
0.4058545 0.9139116 0.0069082 6.3744335
0.0557045 -0.0322807 0.9979251 1.1098218
0.0000000 0.0000000 0.0000000 1.0000000
0.9111722 -0.4072256 -0.0627069 23.0362854
0.4084174 0.9127688 0.0069510 6.4904881
0.0544063 -0.0319442 0.9980075 1.1235461
0.0000000 0.0000000 0.0000000 1.0000000
0.9106427 -0.4083726 -0.0629389 23.2484341
0.4095959 0.9122374 0.0073544 6.6038117
0.0544119 -0.0324767 0.9979900 1.1352527
0.0000000 0.0000000 0.0000000 1.0000000
0.9086493 -0.4127263 -0.0633491 23.3500481
0.4140548 0.9102084 0.0089002 6.6833658
0.0539875 -0.0343172 0.9979514 1.1329588
0.0000000 0.0000000 0.0000000 1.0000000
0.9096240 -0.4106609 -0.0627805 23.4257927
0.4119239 0.9111822 0.0081086 6.7478304
0.0538745 -0.0332366 0.9979941 1.1321652
0.0000000 0.0000000 0.0000000 1.0000000
0.9103748 -0.4088870 -0.0634722 23.5873203
0.4101699 0.9119731 0.0081046 6.8150802
0.0545711 -0.0334126 0.9979504 1.1384306
0.0000000 0.0000000 0.0000000 1.0000000
0.9154531 -0.3972055 -0.0645986 23.6477737
0.3985128 0.9171257 0.0082440 6.8391733
0.0559705 -0.0332904 0.9978769 1.1395533
0.0000000 0.0000000 0.0000000 1.0000000
0.9176127 -0.3919533 -0.0660241 23.7948151
0.3933287 0.9193561 0.0087668 6.9184775
0.0572634 -0.0340137 0.9977792 1.1455909
0.0000000 0.0000000 0.0000000 1.0000000
0.9207317 -0.3845953 -0.0658727 23.9606915
0.3859974 0.9224503 0.0095649 7.0185413
0.0570857 -0.0342334 0.9977819 1.1550598
0.0000000 0.0000000 0.0000000 1.0000000
0.9229982 -0.3793275 -0.0646891 24.1714954
0.3807125 0.9246378 0.0101480 7.1243401
0.0559645 -0.0339945 0.9978536 1.1673255
0.0000000 0.0000000 0.0000000 1.0000000
0.9249852 -0.3745565 -0.0641053 24.1920338
0.3758426 0.9266409 0.0088842 7.1469674
0.0560749 -0.0323113 0.9979033 1.1685328
0.0000000 0.0000000 0.0000000 1.0000000
0.9250612 -0.3742169 -0.0649861 24.2285366
0.3754435 0.9268160 0.0073572 7.1589971
0.0574769 -0.0312045 0.9978588 1.1669178
0.0000000 0.0000000 0.0000000 1.0000000
0.9268037 -0.3699435 -0.0646250 24.3140049
0.3710300 0.9286059 0.0052666 7.1857376
0.0580628 -0.0288590 0.9978954 1.1720756
0.0000000 0.0000000 0.0000000 1.0000000
0.9305668 -0.3606318 -0.0631649 24.3741760
0.3616344 0.9323074 0.0048344 7.1885114
0.0571457 -0.0273414 0.9979911 1.1752489
0.0000000 0.0000000 0.0000000 1.0000000
0.9304893 -0.3613533 -0.0601091 24.5525284
0.3623016 0.9320456 0.0053245 7.2266455
0.0541004 -0.0267320 0.9981773 1.1875510
0.0000000 0.0000000 0.0000000 1.0000000
0.9313998 -0.3597345 -0.0555439 24.4256153
0.3605757 0.9327131 0.0056012 7.1274042
0.0497916 -0.0252448 0.9984402 1.1787617
0.0000000 0.0000000 0.0000000 1.0000000
0.9304023 -0.3626007 -0.0535902 24.4163647
0.3633442 0.9316440 0.0045072 7.0843492
0.0482926 -0.0236652 0.9985525 1.1774319
0.0000000 0.0000000 0.0000000 1.0000000
0.9298128 -0.3638631 -0.0552400 24.4205074
0.3645017 0.9312013 0.0016052 7.0936460
0.0508555 -0.0216276 0.9984715 1.1755393
0.0000000 0.0000000 0.0000000 1.0000000
0.9280945 -0.3677442 -0.0583480 24.4999180
0.3683970 0.9296684 0.0004652 7.0316300
0.0540732 -0.0219270 0.9982959 1.1813363
0.0000000 0.0000000 0.0000000 1.0000000
0.9289931 -0.3654343 -0.0585601 24.5844746
0.3660741 0.9305856 0.0002137 7.0429850
0.0544171 -0.0216358 0.9982836 1.1816756
0.0000000 0.0000000 0.0000000 1.0000000
0.9262893 -0.3728473 -0.0545217 24.6205597
0.3735963 0.9275832 0.0038769 7.0421648
0.0491279 -0.0239602 0.9985048 1.1801223
0.0000000 0.0000000 0.0000000 1.0000000
0.9241304 -0.3787710 -0.0501524 24.7021332
0.3795443 0.9251503 0.0065471 7.0871658
0.0439187 -0.0250854 0.9987198 1.1826811
0.0000000 0.0000000 0.0000000 1.0000000
0.9246867 -0.3770959 -0.0524678 24.6733475
0.3780220 0.9257563 0.0086338 7.0673041
0.0453166 -0.0278176 0.9985850 1.1720616
0.0000000 0.0000000 0.0000000 1.0000000
0.9243135 -0.3772982 -0.0573610 24.7209263
0.3783359 0.9256334 0.0080393 7.0401635
0.0500620 -0.0291326 0.9983208 1.1711947
0.0000000 0.0000000 0.0000000 1.0000000
0.9246294 -0.3752811 -0.0649932 24.6157970
0.3765583 0.9263566 0.0081983 7.0179782
0.0571302 -0.0320541 0.9978517 1.1636376
0.0000000 0.0000000 0.0000000 1.0000000
0.9244545 -0.3754840 -0.0662967 24.7075787
0.3767992 0.9262593 0.0081187 7.0183973
0.0583595 -0.0324859 0.9977666 1.1722504
0.0000000 0.0000000 0.0000000 1.0000000
0.9251353 -0.3743965 -0.0628618 24.9247303
0.3756194 0.9267352 0.0084677 7.1017661
0.0550859 -0.0314459 0.9979860 1.1936672
0.0000000 0.0000000 0.0000000 1.0000000
0.9253305 -0.3747478 -0.0576816 25.2118092
0.3759014 0.9266030 0.0102392 7.1744866
0.0496108 -0.0311573 0.9982822 1.2133716
0.0000000 0.0000000 0.0000000 1.0000000
0.9261100 -0.3732508 -0.0548048 25.3896465
0.3743383 0.9272298 0.0107511 7.2500730
0.0468038 -0.0304722 0.9984389 1.2228241
0.0000000 0.0000000 0.0000000 1.0000000
0.9256789 -0.3741989 -0.0556177 25.4123669
0.3753924 0.9267823 0.0124414 7.2555642
0.0468899 -0.0323952 0.9983743 1.2178119
0.0000000 0.0000000 0.0000000 1.0000000
0.9239377 -0.3783079 -0.0567608 25.4027252
0.3794699 0.9251397 0.0109034 7.2469378
0.0483868 -0.0316131 0.9983279 1.2089647
0.0000000 0.0000000 0.0000000 1.0000000
0.9242070 -0.3773769 -0.0585469 25.2885361
0.3785618 0.9255192 0.0102471 7.1600814
0.0503192 -0.0316340 0.9982317 1.2015123
0.0000000 0.0000000 0.0000000 1.0000000
0.9229219 -0.3804367 -0.0590137 25.2140675
0.3816540 0.9242454 0.0105044 7.1100235
0.0505468 -0.0322176 0.9982015 1.1919452
0.0000000 0.0000000 0.0000000 1.0000000
0.9217358 -0.3834604 -0.0579723 25.1767311
0.3846823 0.9229810 0.0111909 7.0714512
0.0492161 -0.0326160 0.9982551 1.1869175
0.0000000 0.0000000 0.0000000 1.0000000
0.9204385 -0.3866464 -0.0574208 25.1837788
0.3878718 0.9216408 0.0115465 7.0465598
0.0484569 -0.0328998 0.9982830 1.1828911
0.0000000 0.0000000 0.0000000 1.0000000
0.9211526 -0.3848566 -0.0579899 25.2418289
0.3861178 0.9223720 0.0119385 7.0203018
0.0488936 -0.0333881 0.9982455 1.1841671
0.0000000 0.0000000 0.0000000 1.0000000
0.9192868 -0.3892303 -0.0584040 25.3024445
0.3904724 0.9205468 0.0111540 7.0229850
0.0494221 -0.0330588 0.9982304 1.1853280
0.0000000 0.0000000 0.0000000 1.0000000
0.9189179 -0.3900702 -0.0586061 25.3818817
0.3912590 0.9202268 0.0099278 7.0286365
0.0500584 -0.0320530 0.9982315 1.1882687
0.0000000 0.0000000 0.0000000 1.0000000
0.9200490 -0.3873567 -0.0588568 25.5193863
0.3885095 0.9213992 0.0091333 7.0828080
0.0506928 -0.0312695 0.9982243 1.1977159
0.0000000 0.0000000 0.0000000 1.0000000
0.9200773 -0.3872009 -0.0594370 25.7909966
0.3882904 0.9215059 0.0075585 7.2108579
0.0518449 -0.0300332 0.9982031 1.2125666
0.0000000 0.0000000 0.0000000 1.0000000
0.9192821 -0.3891617 -0.0589325 25.8695412
0.3902293 0.9206880 0.0073690 7.1971226
0.0513908 -0.0297714 0.9982345 1.2164237
0.0000000 0.0000000 0.0000000 1.0000000
0.9192004 -0.3896594 -0.0568839 25.9824810
0.3906545 0.9205097 0.0071098 7.2627792
0.0495918 -0.0287573 0.9983552 1.2240597
0.0000000 0.0000000 0.0000000 1.0000000
0.9177061 -0.3933119 -0.0558651 26.0796719
0.3942652 0.9189717 0.0067497 7.2802968
0.0486837 -0.0282199 0.9984152 1.2306890
0.0000000 0.0000000 0.0000000 1.0000000
0.9175343 -0.3938661 -0.0547712 26.1646786
0.3946529 0.9188217 0.0039222 7.3680711
0.0487801 -0.0252144 0.9984909 1.2340128
0.0000000 0.0000000 0.0000000 1.0000000
0.9131785 -0.4037503 -0.0555900 26.4469433
0.4045359 0.9145163 0.0031867 7.4660850
0.0495513 -0.0253982 0.9984483 1.2507130
0.0000000 0.0000000 0.0000000 1.0000000
0.9099410 -0.4110167 -0.0554277 26.5643215
0.4118332 0.9112515 0.0036846 7.5398164
0.0489941 -0.0261798 0.9984556 1.2517811
0.0000000 0.0000000 0.0000000 1.0000000
0.9083458 -0.4146841 -0.0542637 26.7319489
0.4154866 0.9095906 0.0039199 7.6411252
0.0477323 -0.0261065 0.9985186 1.2572854
0.0000000 0.0000000 0.0000000 1.0000000
0.9077938 -0.4158714 -0.0544141 26.7639179
0.4167455 0.9090074 0.0053084 7.6457224
0.0472553 -0.0274957 0.9985040 1.2549219
0.0000000 0.0000000 0.0000000 1.0000000
0.9083964 -0.4144648 -0.0550856 26.8528690
0.4153934 0.9096212 0.0060964 7.7206144
0.0475803 -0.0284202 0.9984627 1.2578958
0.0000000 0.0000000 0.0000000 1.0000000
0.9049088 -0.4216881 -0.0576078 26.9577351
0.4226923 0.9062536 0.0059294 7.7649307
0.0497069 -0.0297159 0.9983214 1.2591058
0.0000000 0.0000000 0.0000000 1.0000000
0.9042950 -0.4227414 -0.0594952 26.9690971
0.4237697 0.9057544 0.0052592 7.7599683
0.0516648 -0.0299681 0.9982145 1.2576642
0.0000000 0.0000000 0.0000000 1.0000000
0.9049239 -0.4212721 -0.0603481 27.0661125
0.4223995 0.9063847 0.0067065 7.8044901
0.0518733 -0.0315599 0.9981546 1.2647330
0.0000000 0.0000000 0.0000000 1.0000000
0.9061731 -0.4188645 -0.0583290 26.9218178
0.4199653 0.9075089 0.0075090 7.7764492
0.0497888 -0.0313006 0.9982689 1.2541261
0.0000000 0.0000000 0.0000000 1.0000000
0.9072600 -0.4167366 -0.0566506 27.0579891
0.4177833 0.9085153 0.0075291 7.8330150
0.0483303 -0.0304985 0.9983654 1.2643933
0.0000000 0.0000000 0.0000000 1.0000000
0.9057420 -0.4200060 -0.0567965 27.2415314
0.4211051 0.9069725 0.0084287 7.9182649
0.0479728 -0.0315515 0.9983499 1.2762350
0.0000000 0.0000000 0.0000000 1.0000000
0.9050607 -0.4214877 -0.0566795 27.2409458
0.4226025 0.9062724 0.0087898 7.9137793
0.0476622 -0.0319082 0.9983534 1.2699049
0.0000000 0.0000000 0.0000000 1.0000000
0.9055943 -0.4204576 -0.0558007 27.2497234
0.4215533 0.9067587 0.0090082 7.9125824
0.0468102 -0.0316807 0.9984010 1.2696794
0.0000000 0.0000000 0.0000000 1.0000000
0.9070489 -0.4173884 -0.0552132 27.3112164
0.4184491 0.9081980 0.0087399 7.9044709
0.0464966 -0.0310314 0.9984360 1.2670184
0.0000000 0.0000000 0.0000000 1.0000000
0.9073414 -0.4167722 -0.0550615 27.4684639
0.4177976 0.9085038 0.0080978 7.9505868
0.0466486 -0.0303521 0.9984498 1.2760247
0.0000000 0.0000000 0.0000000 1.0000000
0.9060628 -0.4193799 -0.0563024 27.5456905
0.4203874 0.9073185 0.0068598 7.9135876
0.0482074 -0.0298842 0.9983899 1.2786874
0.0000000 0.0000000 0.0000000 1.0000000
0.9074495 -0.4164438 -0.0557617 27.6655083
0.4172597 0.9087809 0.0033350 7.9457035
0.0492863 -0.0262934 0.9984382 1.2809383
0.0000000 0.0000000 0.0000000 1.0000000
0.9084596 -0.4144797 -0.0539170 27.8794575
0.4150900 0.9097801 0.0001329 8.0301018
0.0489976 -0.0225011 0.9985451 1.2938761
0.0000000 0.0000000 0.0000000 1.0000000
0.9099562 -0.4114491 -0.0518525 27.9743195
0.4118030 0.9112632 -0.0041608 8.0842047
0.0489633 -0.0175669 0.9986458 1.2975392
0.0000000 0.0000000 0.0000000 1.0000000
0.9084655 -0.4150112 -0.0495515 28.1281052
0.4152282 0.9096951 -0.0063191 8.1251802
0.0476992 -0.0148345 0.9987513 1.3064950
0.0000000 0.0000000 0.0000000 1.0000000
0.9063769 -0.4198489 -0.0469794 28.2200031
0.4200730 0.9074736 -0.0054751 8.1541042
0.0449313 -0.0147723 0.9988806 1.3023916
0.0000000 0.0000000 0.0000000 1.0000000
0.9054726 -0.4218312 -0.0466591 28.3157768
0.4220638 0.9065508 -0.0052339 8.2061605
0.0445066 -0.0149540 0.9988969 1.3056828
0.0000000 0.0000000 0.0000000 1.0000000
0.9054403 -0.4215407 -0.0498051 28.4517365
0.4218616 0.9066494 -0.0043996 8.2490082
0.0470104 -0.0170273 0.9987490 1.3028609
0.0000000 0.0000000 0.0000000 1.0000000
0.9036311 -0.4252093 -0.0514508 28.5890560
0.4254864 0.9049448 -0.0059869 8.3136396
0.0491058 -0.0164817 0.9986573 1.3103032
0.0000000 0.0000000 0.0000000 1.0000000
0.9016301 -0.4293097 -0.0524936 28.5781994
0.4296141 0.9029930 -0.0059169 8.2933636
0.0499415 -0.0172172 0.9986035 1.3037621
0.0000000 0.0000000 0.0000000 1.0000000
0.8994181 -0.4343015 -0.0492796 28.7364120
0.4343856 0.9006761 -0.0095502 8.3976221
0.0485326 -0.0128168 0.9987391 1.3135377
0.0000000 0.0000000 0.0000000 1.0000000
0.8979987 -0.4374168 -0.0475826 28.5613003
0.4374933 0.8991728 -0.0093488 8.3118210
0.0468743 -0.0124219 0.9988233 1.3032745
0.0000000 0.0000000 0.0000000 1.0000000
0.8963262 -0.4407725 -0.0481474 28.6136799
0.4408884 0.8975189 -0.0087607 8.3360043
0.0470747 -0.0133752 0.9988016 1.3063465
0.0000000 0.0000000 0.0000000 1.0000000
0.8929744 -0.4473652 -0.0496011 28.7718410
0.4475961 0.8942084 -0.0069719 8.4106817
0.0474727 -0.0159755 0.9987445 1.3155795
0.0000000 0.0000000 0.0000000 1.0000000
0.8908190 -0.4515008 -0.0508698 28.8409367
0.4517617 0.8921117 -0.0069046 8.4894781
0.0484990 -0.0168303 0.9986812 1.3158019
0.0000000 0.0000000 0.0000000 1.0000000
0.8881598 -0.4565366 -0.0523996 29.1296520
0.4568114 0.8895333 -0.0073088 8.6889877
0.0499479 -0.0174454 0.9985992 1.3316922
0.0000000 0.0000000 0.0000000 1.0000000
0.8869664 -0.4588380 -0.0525107 29.2372074
0.4590929 0.8883536 -0.0078158 8.7964430
0.0502343 -0.0171749 0.9985896 1.3397164
0.0000000 0.0000000 0.0000000 1.0000000
0.8865588 -0.4597917 -0.0510326 29.2457829
0.4600751 0.8878542 -0.0067481 8.8390465
0.0484122 -0.0174963 0.9986740 1.3396481
0.0000000 0.0000000 0.0000000 1.0000000
0.8867232 -0.4598006 -0.0480069 29.4154053
0.4599721 0.8878965 -0.0080686 9.0007629
0.0463351 -0.0149272 0.9988142 1.3469207
0.0000000 0.0000000 0.0000000 1.0000000
0.8853544 -0.4625172 -0.0471664 29.7011700
0.4626124 0.8865091 -0.0095361 9.2012606
0.0462240 -0.0133769 0.9988413 1.3612785
0.0000000 0.0000000 0.0000000 1.0000000
0.8850471 -0.4630418 -0.0477842 29.9789791
0.4629510 0.8862790 -0.0136194 9.4241457
0.0486564 -0.0100680 0.9987646 1.3755363
0.0000000 0.0000000 0.0000000 1.0000000
0.8850401 -0.4630326 -0.0480014 30.1608887
0.4626636 0.8863257 -0.0192039 9.5974503
0.0514369 -0.0052123 0.9986625 1.3878515
0.0000000 0.0000000 0.0000000 1.0000000
0.8836462 -0.4656691 -0.0481757 30.4118671
0.4650635 0.8849576 -0.0237822 9.8161993
0.0537081 -0.0013897 0.9985555 1.4074445
0.0000000 0.0000000 0.0000000 1.0000000
0.8837228 -0.4654484 -0.0488983 30.4744492
0.4646239 0.8850729 -0.0277518 9.9134474
0.0561956 0.0018056 0.9984180 1.4237468
0.0000000 0.0000000 0.0000000 1.0000000
0.8842573 -0.4646348 -0.0469340 30.5715027
0.4636649 0.8854871 -0.0304482 10.0317764
0.0557067 0.0051624 0.9984336 1.4424100
0.0000000 0.0000000 0.0000000 1.0000000
0.8866668 -0.4604252 -0.0427768 30.7661686
0.4593936 0.8876553 -0.0320212 10.2017355
0.0527144 0.0087407 0.9985712 1.4673890
0.0000000 0.0000000 0.0000000 1.0000000
0.8882096 -0.4579387 -0.0370806 30.9212532
0.4568267 0.8888733 -0.0348316 10.3474751
0.0489107 0.0139983 0.9987049 1.4868927
0.0000000 0.0000000 0.0000000 1.0000000
0.8895386 -0.4555382 -0.0347142 31.0820351
0.4543781 0.8900586 -0.0365511 10.4900446
0.0475481 0.0167402 0.9987285 1.5036011
0.0000000 0.0000000 0.0000000 1.0000000
0.8923580 -0.4500868 -0.0334398 31.0864658
0.4489158 0.8927996 -0.0371906 10.5474701
0.0465940 0.0181757 0.9987484 1.5068429
0.0000000 0.0000000 0.0000000 1.0000000
0.8951715 -0.4446516 -0.0308558 31.1289845
0.4434403 0.8954489 -0.0391380 10.6328602
0.0450326 0.0213525 0.9987571 1.5137714
0.0000000 0.0000000 0.0000000 1.0000000
0.8965105 -0.4420883 -0.0287379 31.2258644
0.4409264 0.8966932 -0.0390517 10.6958256
0.0430334 0.0223389 0.9988237 1.5199863
0.0000000 0.0000000 0.0000000 1.0000000
0.8988588 -0.4373690 -0.0275751 31.3498516
0.4361906 0.8989624 -0.0400510 10.7724981
0.0423061 0.0239721 0.9988169 1.5313425
0.0000000 0.0000000 0.0000000 1.0000000
0.9000754 -0.4349869 -0.0254911 31.4289684
0.4337961 0.9000498 -0.0416064 10.7990332
0.0410415 0.0263909 0.9988087 1.5348544
0.0000000 0.0000000 0.0000000 1.0000000
0.9012247 -0.4327721 -0.0223946 31.5641117
0.4316467 0.9010597 -0.0420983 10.8654728
0.0383979 0.0282735 0.9988623 1.5381316
0.0000000 0.0000000 0.0000000 1.0000000
0.9010442 -0.4332444 -0.0204354 31.6254883
0.4321942 0.9008214 -0.0415771 10.8870573
0.0364217 0.0286307 0.9989261 1.5353948
0.0000000 0.0000000 0.0000000 1.0000000
0.9032628 -0.4286029 -0.0203692 31.7546883
0.4275569 0.9030331 -0.0415474 10.9308653
0.0362014 0.0288192 0.9989287 1.5368644
0.0000000 0.0000000 0.0000000 1.0000000
0.9045555 -0.4258481 -0.0207785 31.9822407
0.4247543 0.9043083 -0.0425455 11.0187988
0.0369081 0.0296591 0.9988782 1.5431236
0.0000000 0.0000000 0.0000000 1.0000000
0.9023008 -0.4305365 -0.0221512 31.8778419
0.4294614 0.9021555 -0.0409640 10.9612989
0.0376203 0.0274488 0.9989148 1.5293115
0.0000000 0.0000000 0.0000000 1.0000000
0.9018307 -0.4314689 -0.0231292 31.8908691
0.4303638 0.9017215 -0.0410496 10.9792318
0.0385677 0.0270658 0.9988891 1.5307273
0.0000000 0.0000000 0.0000000 1.0000000
0.9029174 -0.4290615 -0.0254046 31.9182205
0.4279947 0.9029572 -0.0385832 10.9814510
0.0394938 0.0239644 0.9989322 1.5304092
0.0000000 0.0000000 0.0000000 1.0000000
0.9040837 -0.4264321 -0.0280600 32.0782547
0.4254003 0.9042799 -0.0362230 11.0730839
0.0408207 0.0208119 0.9989495 1.5386080
0.0000000 0.0000000 0.0000000 1.0000000
0.9041970 -0.4261038 -0.0293682 32.0348587
0.4251010 0.9044734 -0.0348836 11.0500059
0.0414268 0.0190572 0.9989595 1.5371217
0.0000000 0.0000000 0.0000000 1.0000000
0.9036089 -0.4272901 -0.0302187 32.0818787
0.4263469 0.9039543 -0.0330850 11.0857468
0.0414532 0.0170123 0.9989954 1.5411841
0.0000000 0.0000000 0.0000000 1.0000000
0.9036235 -0.4273221 -0.0293171 32.2197037
0.4264549 0.9039569 -0.0315882 11.1620140
0.0399997 0.0160414 0.9990707 1.5505155
0.0000000 0.0000000 0.0000000 1.0000000
0.9030472 -0.4285508 -0.0291388 32.3087540
0.4277607 0.9034032 -0.0297196 11.1867256
0.0390605 0.0143738 0.9991332 1.5540065
0.0000000 0.0000000 0.0000000 1.0000000
0.9025356 -0.4296603 -0.0286446 32.3256989
0.4289260 0.9028910 -0.0284647 11.1724958
0.0380931 0.0134040 0.9991841 1.5521482
0.0000000 0.0000000 0.0000000 1.0000000
0.9013577 -0.4322011 -0.0274863 32.3446274
0.4314747 0.9016683 -0.0287000 11.2167435
0.0371877 0.0140093 0.9992099 1.5494430
0.0000000 0.0000000 0.0000000 1.0000000
0.9021058 -0.4305865 -0.0282746 32.2896881
0.4298295 0.9024377 -0.0292019 11.1996775
0.0380901 0.0141900 0.9991733 1.5431318
0.0000000 0.0000000 0.0000000 1.0000000
0.9049150 -0.4244471 -0.0311851 32.4270172
0.4236626 0.9053611 -0.0288313 11.2916479
0.0404712 0.0128779 0.9990975 1.5487150
0.0000000 0.0000000 0.0000000 1.0000000
0.9032626 -0.4278303 -0.0328170 32.4321213
0.4270690 0.9037905 -0.0278342 11.3214531
0.0415680 0.0111264 0.9990735 1.5459572
0.0000000 0.0000000 0.0000000 1.0000000
0.9053062 -0.4234754 -0.0329885 32.6676674
0.4227951 0.9058590 -0.0257648 11.4654961
0.0407937 0.0093777 0.9991234 1.5571638
0.0000000 0.0000000 0.0000000 1.0000000
0.9059865 -0.4221434 -0.0313423 32.7845535
0.4215259 0.9064841 -0.0245484 11.5580969
0.0387742 0.0090289 0.9992070 1.5636190
0.0000000 0.0000000 0.0000000 1.0000000
0.9083074 -0.4172388 -0.0298068 32.8292732
0.4166985 0.9087592 -0.0227862 11.5780134
0.0365945 0.0082764 0.9992957 1.5618962
0.0000000 0.0000000 0.0000000 1.0000000
0.9096354 -0.4143759 -0.0292418 33.0424385
0.4138303 0.9100628 -0.0230258 11.6952534
0.0361532 0.0088440 0.9993069 1.5677615
0.0000000 0.0000000 0.0000000 1.0000000
0.9095204 -0.4146320 -0.0291877 33.3025208
0.4140488 0.9099362 -0.0240775 11.8409672
0.0365423 0.0098139 0.9992837 1.5747473
0.0000000 0.0000000 0.0000000 1.0000000
0.9090685 -0.4155644 -0.0299937 33.4321823
0.4149477 0.9095079 -0.0247761 11.9267750
0.0375756 0.0100774 0.9992428 1.5752132
0.0000000 0.0000000 0.0000000 1.0000000
0.9088300 -0.4161147 -0.0295877 33.5202713
0.4153700 0.9092134 -0.0282639 11.9796524
0.0386626 0.0133972 0.9991623 1.5752248
0.0000000 0.0000000 0.0000000 1.0000000
0.9115912 -0.4100785 -0.0289151 33.6967545
0.4093297 0.9119399 -0.0285455 12.0918827
0.0380747 0.0141860 0.9991740 1.5838810
0.0000000 0.0000000 0.0000000 1.0000000
0.9103727 -0.4128581 -0.0277256 33.9785957
0.4121565 0.9106901 -0.0277591 12.2322588
0.0367100 0.0138439 0.9992298 1.5959414
0.0000000 0.0000000 0.0000000 1.0000000
0.9096014 -0.4146892 -0.0256345 34.1931496
0.4140626 0.9098635 -0.0264684 12.3489046
0.0343001 0.0134614 0.9993207 1.6035004
0.0000000 0.0000000 0.0000000 1.0000000
0.9075345 -0.4192052 -0.0254371 34.3954659
0.4186296 0.9078106 -0.0250825 12.4497843
0.0336068 0.0121145 0.9993615 1.6104245
0.0000000 0.0000000 0.0000000 1.0000000
0.9075398 -0.4190027 -0.0284114 34.5019608
0.4184735 0.9079419 -0.0228313 12.5204935
0.0353623 0.0088309 0.9993353 1.6100464
0.0000000 0.0000000 0.0000000 1.0000000
0.9066087 -0.4208598 -0.0306068 34.7164040
0.4203349 0.9070962 -0.0222479 12.6483068
0.0371265 0.0073050 0.9992836 1.6172848
0.0000000 0.0000000 0.0000000 1.0000000
0.9060308 -0.4220691 -0.0310621 34.9096031
0.4215381 0.9065353 -0.0223430 12.7899590
0.0375892 0.0071495 0.9992675 1.6235960
0.0000000 0.0000000 0.0000000 1.0000000
0.9064912 -0.4211597 -0.0299545 35.0775032
0.4206602 0.9069589 -0.0216899 12.8859434
0.0363024 0.0070611 0.9993157 1.6347306
0.0000000 0.0000000 0.0000000 1.0000000
0.9067125 -0.4207335 -0.0292381 35.3210335
0.4202705 0.9071603 -0.0208006 13.0234175
0.0352752 0.0065723 0.9993558 1.6439533
0.0000000 0.0000000 0.0000000 1.0000000
0.9060454 -0.4221976 -0.0288102 35.3691788
0.4217269 0.9064768 -0.0211217 13.0828791
0.0350333 0.0069872 0.9993615 1.6503172
0.0000000 0.0000000 0.0000000 1.0000000
0.9069399 -0.4201197 -0.0309614 35.5384064
0.4196797 0.9074547 -0.0198710 13.1777639
0.0364443 0.0050279 0.9993228 1.6572722
0.0000000 0.0000000 0.0000000 1.0000000
0.9065021 -0.4210520 -0.0311148 35.8255959
0.4206433 0.9070269 -0.0190064 13.3408289
0.0362247 0.0041411 0.9993348 1.6769663
0.0000000 0.0000000 0.0000000 1.0000000
0.9039752 -0.4265510 -0.0297023 36.2336578
0.4262441 0.9044610 -0.0163145 13.5507488
0.0338236 0.0020875 0.9994254 1.6986625
0.0000000 0.0000000 0.0000000 1.0000000
0.9063880 -0.4214729 -0.0286440 36.4401245
0.4212117 0.9068397 -0.0149113 13.6847582
0.0322602 0.0014502 0.9994782 1.7123328
0.0000000 0.0000000 0.0000000 1.0000000
0.9077846 -0.4184650 -0.0285157 36.6632843
0.4182107 0.9082317 -0.0146554 13.8319921
0.0320316 0.0013784 0.9994856 1.7248662
0.0000000 0.0000000 0.0000000 1.0000000
0.9095521 -0.4146038 -0.0285955 37.0346260
0.4143587 0.9100012 -0.0143044 14.0253191
0.0319526 0.0011618 0.9994884 1.7509845
0.0000000 0.0000000 0.0000000 1.0000000
0.9094751 -0.4147997 -0.0281994 37.4380264
0.4146193 0.9099125 -0.0122500 14.2455301
0.0307403 -0.0005509 0.9995270 1.7707107
0.0000000 0.0000000 0.0000000 1.0000000
0.9105344 -0.4125880 -0.0264051 37.7328072
0.4124661 0.9109161 -0.0101692 14.4020176
0.0282485 -0.0016318 0.9995993 1.7881519
0.0000000 0.0000000 0.0000000 1.0000000
0.9154789 -0.4016100 -0.0246354 38.3129387
0.4015702 0.9158032 -0.0067662 14.6324167
0.0252786 -0.0036985 0.9996734 1.8183477
0.0000000 0.0000000 0.0000000 1.0000000
0.9173166 -0.3973815 -0.0248463 38.5790939
0.3973958 0.9176358 -0.0045781 14.7335911
0.0246191 -0.0056742 0.9996806 1.8314528
0.0000000 0.0000000 0.0000000 1.0000000
0.9216319 -0.3872000 -0.0258830 39.0267067
0.3872367 0.9219725 -0.0037859 14.9131021
0.0253293 -0.0065336 0.9996576 1.8520187
0.0000000 0.0000000 0.0000000 1.0000000
0.9244089 -0.3803937 -0.0277089 39.4585838
0.3804170 0.9248033 -0.0046390 15.0876513
0.0273899 -0.0062526 0.9996051 1.8723576
0.0000000 0.0000000 0.0000000 1.0000000
0.9280011 -0.3715320 -0.0278731 39.9397621
0.3715725 0.9283956 -0.0039104 15.2917042
0.0273301 -0.0067281 0.9996036 1.8925973
0.0000000 0.0000000 0.0000000 1.0000000
0.9304054 -0.3654747 -0.0278038 40.1762962
0.3655353 0.9307923 -0.0030594 15.3453531
0.0269977 -0.0073168 0.9996085 1.9009842
0.0000000 0.0000000 0.0000000 1.0000000
0.9338697 -0.3566681 -0.0259662 40.6579552
0.3567519 0.9341978 -0.0014946 15.4932270
0.0247907 -0.0078677 0.9996615 1.9221575
0.0000000 0.0000000 0.0000000 1.0000000
0.9389573 -0.3432058 -0.0238337 41.1772766
0.3432883 0.9392297 -0.0006790 15.6415491
0.0226184 -0.0075443 0.9997155 1.9455811
0.0000000 0.0000000 0.0000000 1.0000000
0.9440790 -0.3290067 -0.0216442 41.9645157
0.3290885 0.9442989 0.0002197 15.9139776
0.0203663 -0.0073302 0.9997655 1.9748379
0.0000000 0.0000000 0.0000000 1.0000000
0.9489998 -0.3146613 -0.0196634 42.7620316
0.3147289 0.9491814 0.0003481 16.1722584
0.0185546 -0.0065190 0.9998064 2.0012460
0.0000000 0.0000000 0.0000000 1.0000000
0.9526812 -0.3034334 -0.0180496 43.5458794
0.3034786 0.9528381 -0.0002631 16.4254150
0.0172782 -0.0052270 0.9998369 2.0259230
0.0000000 0.0000000 0.0000000 1.0000000
0.9563856 -0.2915840 -0.0174487 44.3473625
0.2916303 0.9565310 0.0000992 16.6769276
0.0166613 -0.0051834 0.9998475 2.0531621
0.0000000 0.0000000 0.0000000 1.0000000
0.9602234 -0.2786718 -0.0176635 45.1636467
0.2787344 0.9603674 0.0011247 16.9176559
0.0166500 -0.0060034 0.9998431 2.0720141
0.0000000 0.0000000 0.0000000 1.0000000
0.9634289 -0.2674113 -0.0171782 45.9702950
0.2674889 0.9635580 0.0023354 17.1511135
0.0159277 -0.0068450 0.9998495 2.0949974
0.0000000 0.0000000 0.0000000 1.0000000
0.9670576 -0.2539966 -0.0168663 46.7857666
0.2540851 0.9671761 0.0032835 17.3697605
0.0154787 -0.0074609 0.9998521 2.1137214
0.0000000 0.0000000 0.0000000 1.0000000
0.9700823 -0.2422047 -0.0166207 47.6039505
0.2422871 0.9701995 0.0030980 17.5952377
0.0153751 -0.0070323 0.9998568 2.1367919
0.0000000 0.0000000 0.0000000 1.0000000
0.9724765 -0.2323705 -0.0171004 48.4307518
0.2324486 0.9726048 0.0026914 17.7962494
0.0160066 -0.0065923 0.9998499 2.1587565
0.0000000 0.0000000 0.0000000 1.0000000
0.9749201 -0.2218674 -0.0174580 49.2818489
0.2219457 0.9750553 0.0026491 17.9902668
0.0164347 -0.0064574 0.9998438 2.1809618
0.0000000 0.0000000 0.0000000 1.0000000
0.9764375 -0.2151416 -0.0168234 50.1230278
0.2152236 0.9765594 0.0031932 18.1834278
0.0157420 -0.0067388 0.9998531 2.2001433
0.0000000 0.0000000 0.0000000 1.0000000
0.9778007 -0.2090843 -0.0137379 50.9793282
0.2091590 0.9778724 0.0042139 18.3732281
0.0125528 -0.0069938 0.9998965 2.2222850
0.0000000 0.0000000 0.0000000 1.0000000
0.9794494 -0.2014339 -0.0101217 51.8531303
0.2015072 0.9794633 0.0067920 18.5401096
0.0085457 -0.0086920 0.9999255 2.2402275
0.0000000 0.0000000 0.0000000 1.0000000
0.9809294 -0.1942025 -0.0078748 52.7529182
0.1942718 0.9809040 0.0092355 18.7276783
0.0059309 -0.0105892 0.9999261 2.2543983
0.0000000 0.0000000 0.0000000 1.0000000
0.9822714 -0.1873572 -0.0062735 53.6617088
0.1874183 0.9822164 0.0111781 18.9011402
0.0040676 -0.0121557 0.9999176 2.2662618
0.0000000 0.0000000 0.0000000 1.0000000
0.9834505 -0.1811174 -0.0045449 54.5798874
0.1811616 0.9833710 0.0127053 19.0777912
0.0021682 -0.0133185 0.9999087 2.2740068
0.0000000 0.0000000 0.0000000 1.0000000
0.9848629 -0.1733214 -0.0019745 55.5136795
0.1733325 0.9847733 0.0133012 19.2406483
-0.0003609 -0.0134421 0.9999094 2.2833502
0.0000000 0.0000000 0.0000000 1.0000000
0.9865157 -0.1636635 0.0003147 56.4487000
0.1636455 0.9864317 0.0131248 19.3845234
-0.0024585 -0.0128963 0.9999136 2.2901900
0.0000000 0.0000000 0.0000000 1.0000000
0.9880467 -0.1541461 0.0013224 57.4032707
0.1541168 0.9879686 0.0128680 19.5412006
-0.0032901 -0.0125104 0.9999161 2.2956278
0.0000000 0.0000000 0.0000000 1.0000000
0.9892693 -0.1460933 0.0014195 58.3631287
0.1460646 0.9891956 0.0125185 19.6724472
-0.0032330 -0.0121769 0.9999204 2.2932737
0.0000000 0.0000000 0.0000000 1.0000000
0.9907645 -0.1355776 0.0018513 59.3277130
0.1355525 0.9907184 0.0101035 19.8222389
-0.0032039 -0.0097593 0.9999470 2.3029795
0.0000000 0.0000000 0.0000000 1.0000000
0.9920669 -0.1257047 0.0008134 60.3054199
0.1256922 0.9920266 0.0091819 19.9445629
-0.0019611 -0.0090068 0.9999573 2.3040750
0.0000000 0.0000000 0.0000000 1.0000000
0.9936527 -0.1124844 -0.0007502 61.3142090
0.1124868 0.9936139 0.0088162 20.0609722
-0.0002463 -0.0088446 0.9999606 2.3124564
0.0000000 0.0000000 0.0000000 1.0000000
0.9951126 -0.0987306 -0.0014878 62.3302689
0.0987409 0.9950575 0.0105062 20.1906166
0.0004432 -0.0106017 0.9999434 2.3166952
0.0000000 0.0000000 0.0000000 1.0000000
0.9965515 -0.0829691 -0.0004712 63.3577805
0.0829680 0.9964607 0.0134926 20.2885017
-0.0006499 -0.0134852 0.9999086 2.3240192
0.0000000 0.0000000 0.0000000 1.0000000
0.9979480 -0.0639858 0.0021410 64.4138489
0.0639413 0.9978128 0.0167566 20.3685360
-0.0032085 -0.0165854 0.9998570 2.3277533
0.0000000 0.0000000 0.0000000 1.0000000
0.9990764 -0.0427856 0.0038412 65.4797668
0.0427044 0.9989027 0.0192210 20.4201050
-0.0046594 -0.0190392 0.9998076 2.3329527
0.0000000 0.0000000 0.0000000 1.0000000
0.9997889 -0.0198952 0.0050204 66.5553055
0.0197881 0.9995924 0.0205735 20.4577770
-0.0054277 -0.0204698 0.9997755 2.3376794
0.0000000 0.0000000 0.0000000 1.0000000
0.9999744 0.0025286 0.0066105 67.6186371
-0.0026689 0.9997690 0.0213184 20.4689331
-0.0065551 -0.0213355 0.9997506 2.3378754
0.0000000 0.0000000 0.0000000 1.0000000
0.9996325 0.0254336 0.0093259 68.7456512
-0.0256279 0.9994433 0.0213562 20.4521732
-0.0087775 -0.0215874 0.9997281 2.3407536
0.0000000 0.0000000 0.0000000 1.0000000
0.9991396 0.0393943 0.0129266 69.5749054
-0.0396764 0.9989624 0.0223528 20.4174938
-0.0120327 -0.0228464 0.9996663 2.3369961
0.0000000 0.0000000 0.0000000 1.0000000
0.9989146 0.0433062 0.0171223 69.7557831
-0.0436874 0.9987904 0.0225580 20.4130726
-0.0161247 -0.0232815 0.9995986 2.3357806
0.0000000 0.0000000 0.0000000 1.0000000
0.9980558 0.0587313 0.0208399 70.5423126
-0.0592154 0.9979702 0.0234291 20.3526173
-0.0194216 -0.0246176 0.9995080 2.3276122
0.0000000 0.0000000 0.0000000 1.0000000
0.9970626 0.0735858 0.0212220 71.3807602
-0.0740945 0.9969556 0.0242770 20.2948818
-0.0193709 -0.0257781 0.9994797 2.3189175
0.0000000 0.0000000 0.0000000 1.0000000
0.9955640 0.0918380 0.0204194 72.3541183
-0.0923220 0.9954354 0.0241827 20.1987801
-0.0181053 -0.0259606 0.9994987 2.3080132
0.0000000 0.0000000 0.0000000 1.0000000
0.9954056 0.0936629 0.0198444 72.5391617
-0.0941284 0.9952708 0.0239919 20.1558094
-0.0175034 -0.0257496 0.9995149 2.2994514
0.0000000 0.0000000 0.0000000 1.0000000
0.9941269 0.1059644 0.0219571 73.3392563
-0.1064489 0.9940698 0.0222183 20.0640755
-0.0194726 -0.0244252 0.9995117 2.2908111
0.0000000 0.0000000 0.0000000 1.0000000
0.9918393 0.1252619 0.0237288 74.4785919
-0.1257851 0.9918131 0.0220142 19.9252453
-0.0207770 -0.0248193 0.9994757 2.2746735
0.0000000 0.0000000 0.0000000 1.0000000
0.9905580 0.1347702 0.0251120 75.2776031
-0.1353264 0.9905579 0.0219458 19.8361301
-0.0219172 -0.0251369 0.9994434 2.2633717
0.0000000 0.0000000 0.0000000 1.0000000
0.9877799 0.1536359 0.0261863 76.4504471
-0.1542359 0.9877738 0.0226718 19.6686592
-0.0223829 -0.0264336 0.9993997 2.2454984
0.0000000 0.0000000 0.0000000 1.0000000
0.9850650 0.1700035 0.0272862 77.4548798
-0.1706254 0.9850825 0.0223464 19.5194569
-0.0230802 -0.0266684 0.9993775 2.2291052
0.0000000 0.0000000 0.0000000 1.0000000
0.9820959 0.1863325 0.0276891 78.5304337
-0.1869933 0.9820786 0.0235584 19.3321781
-0.0228032 -0.0283143 0.9993386 2.2097607
0.0000000 0.0000000 0.0000000 1.0000000
0.9794948 0.1995408 0.0277910 79.4111099
-0.2002050 0.9794700 0.0235892 19.1811199
-0.0225134 -0.0286694 0.9993351 2.1918433
0.0000000 0.0000000 0.0000000 1.0000000
0.9756875 0.2174554 0.0273102 80.5959396
-0.2181130 0.9756292 0.0239622 18.9412003
-0.0214339 -0.0293364 0.9993394 2.1766894
0.0000000 0.0000000 0.0000000 1.0000000
0.9713201 0.2363392 0.0260752 81.8160782
-0.2369972 0.9711641 0.0259310 18.6768990
-0.0191948 -0.0313670 0.9993232 2.1597490
0.0000000 0.0000000 0.0000000 1.0000000
0.9671692 0.2527874 0.0260982 82.8705063
-0.2534454 0.9669992 0.0260364 18.4315872
-0.0186552 -0.0317960 0.9993199 2.1453083
0.0000000 0.0000000 0.0000000 1.0000000
