1.0000000 0.0000000 0.0000000 0.0000000
0.0000000 1.0000000 0.0000000 0.0000000
0.0000000 0.0000000 1.0000000 0.0000000
0.0000000 0.0000000 0.0000000 1.0000000
0.9998730 0.0159278 -0.0004595 0.1162865
-0.0159273 0.9998724 0.0011713 0.0007437
0.0004781 -0.0011639 0.9999992 0.0030487
0.0000000 0.0000000 0.0000000 1.0000000
0.9993575 0.0358424 -0.0001966 0.2653000
-0.0358415 0.9993508 0.0036589 -0.0129152
0.0003276 -0.0036496 0.9999933 -0.0000597
0.0000000 0.0000000 0.0000000 1.0000000
0.9980876 0.0618017 0.0013487 0.4202166
-0.0618075 0.9980763 0.0048616 -0.0251942
-0.0010456 -0.0049357 0.9999873 -0.0020161
0.0000000 0.0000000 0.0000000 1.0000000
0.9954765 0.0949308 0.0038467 0.6012245
-0.0949483 0.9954713 0.0046575 -0.0652303
-0.0033871 -0.0050017 0.9999818 -0.0026734
0.0000000 0.0000000 0.0000000 1.0000000
0.9910247 0.1335461 0.0059587 0.8113068
-0.1335585 0.9910394 0.0017264 -0.1305966
-0.0056747 -0.0025068 0.9999807 -0.0031813
0.0000000 0.0000000 0.0000000 1.0000000
0.9846842 0.1742149 0.0067995 1.0106226
-0.1742143 0.9847075 -0.0006808 -0.1885134
-0.0068141 -0.0005142 0.9999766 -0.0009230
0.0000000 0.0000000 0.0000000 1.0000000
0.9761557 0.2169266 0.0079403 1.2195804
-0.2169267 0.9761875 -0.0008588 -0.2554750
-0.0079376 -0.0008842 0.9999681 -0.0042824
0.0000000 0.0000000 0.0000000 1.0000000
0.9646980 0.2631196 0.0112258 1.4226819
-0.2631332 0.9647594 -0.0002779 -0.3381507
-0.0109034 -0.0026858 0.9999369 -0.0114775
0.0000000 0.0000000 0.0000000 1.0000000
0.9502849 0.3108864 0.0175599 1.6641045
-0.3108663 0.9504455 -0.0039350 -0.4567239
-0.0179130 -0.0017194 0.9998381 -0.0143498
0.0000000 0.0000000 0.0000000 1.0000000
0.9324450 0.3605483 0.0234783 1.9008354
-0.3603129 0.9327304 -0.0137307 -0.5835828
-0.0268495 0.0043436 0.9996300 -0.0068615
0.0000000 0.0000000 0.0000000 1.0000000
0.9113046 0.4108841 0.0264246 2.1303914
-0.4104884 0.9116632 -0.0192200 -0.7127676
-0.0319875 0.0066683 0.9994660 -0.0067901
0.0000000 0.0000000 0.0000000 1.0000000
0.8876730 0.4595394 0.0293291 2.3562739
-0.4590887 0.8881422 -0.0209966 -0.8660060
-0.0356972 0.0051735 0.9993492 -0.0123679
0.0000000 0.0000000 0.0000000 1.0000000
0.8592590 0.5104550 0.0333120 2.5696251
-0.5099565 0.8599008 -0.0226899 -1.0372572
-0.0402272 0.0025088 0.9991874 -0.0247241
0.0000000 0.0000000 0.0000000 1.0000000
0.8275844 0.5602317 0.0352781 2.8313818
-0.5595441 0.8283290 -0.0279534 -1.2465411
-0.0448823 0.0033942 0.9989865 -0.0328778
0.0000000 0.0000000 0.0000000 1.0000000
0.7928951 0.6083285 0.0354079 3.0749829
-0.6074213 0.7936687 -0.0336037 -1.4709686
-0.0485442 0.0051367 0.9988078 -0.0394444
0.0000000 0.0000000 0.0000000 1.0000000
0.7551967 0.6545468 0.0353049 3.2939882
-0.6534619 0.7560000 -0.0380974 -1.7122645
-0.0516270 0.0057006 0.9986502 -0.0504201
0.0000000 0.0000000 0.0000000 1.0000000
0.7156999 0.6976030 0.0335212 3.5121243
-0.6963894 0.7164554 -0.0416335 -1.9847025
-0.0530601 0.0064533 0.9985705 -0.0650189
0.0000000 0.0000000 0.0000000 1.0000000
0.6745136 0.7375085 0.0333570 3.7241788
-0.7362596 0.6753227 -0.0431392 -2.2708302
-0.0543422 0.0045385 0.9985121 -0.0824185
0.0000000 0.0000000 0.0000000 1.0000000
0.6327384 0.7735493 0.0355507 3.9429545
-0.7723243 0.6337363 -0.0435126 -2.5773904
-0.0561889 0.0000754 0.9984202 -0.1068695
0.0000000 0.0000000 0.0000000 1.0000000
0.5915769 0.8054262 0.0364072 4.1519423
-0.8041974 0.5926890 -0.0445662 -2.8982985
-0.0574729 -0.0029142 0.9983428 -0.1250354
0.0000000 0.0000000 0.0000000 1.0000000
0.5521531 0.8329252 0.0369148 4.3564439
-0.8316930 0.5533583 -0.0456203 -3.2542784
-0.0584254 -0.0055124 0.9982765 -0.1460973
0.0000000 0.0000000 0.0000000 1.0000000
0.5129798 0.8575907 0.0372845 4.5779305
-0.8562757 0.5142813 -0.0480254 -3.6477695
-0.0603608 -0.0072897 0.9981500 -0.1650910
0.0000000 0.0000000 0.0000000 1.0000000
0.4746891 0.8793336 0.0379860 4.8073468
-0.8780925 0.4760881 -0.0478917 -4.0699978
-0.0601974 -0.0106215 0.9981300 -0.1905690
0.0000000 0.0000000 0.0000000 1.0000000
0.4387656 0.8978449 0.0368722 4.9942913
-0.8966565 0.4401456 -0.0477389 -4.5056591
-0.0590913 -0.0121155 0.9981790 -0.2173910
0.0000000 0.0000000 0.0000000 1.0000000
0.4046841 0.9138420 0.0335246 5.1954632
-0.9127192 0.4059025 -0.0467631 -5.0063052
-0.0563418 -0.0116742 0.9983432 -0.2447867
0.0000000 0.0000000 0.0000000 1.0000000
0.3764133 0.9259932 0.0291518 5.3743587
-0.9249440 0.3774091 -0.0451757 -5.5039926
-0.0528345 -0.0099590 0.9985536 -0.2714456
0.0000000 0.0000000 0.0000000 1.0000000
0.3508978 0.9360492 0.0261316 5.5389752
-0.9350824 0.3517501 -0.0435068 -6.0304499
-0.0499163 -0.0091688 0.9987113 -0.2998315
0.0000000 0.0000000 0.0000000 1.0000000
0.3310102 0.9433056 0.0246383 5.7201233
-0.9423661 0.3318046 -0.0430339 -6.5874372
-0.0487692 -0.0089736 0.9987698 -0.3303732
0.0000000 0.0000000 0.0000000 1.0000000
0.3187229 0.9475664 0.0231008 5.8982892
-0.9466027 0.3194586 -0.0434690 -7.1577039
-0.0485695 -0.0080127 0.9987876 -0.3586880
0.0000000 0.0000000 0.0000000 1.0000000
0.3060582 0.9517472 0.0224913 6.0847673
-0.9507121 0.3067893 -0.0450208 -7.7634549
-0.0497485 -0.0076038 0.9987328 -0.3840861
0.0000000 0.0000000 0.0000000 1.0000000
0.2964296 0.9547610 0.0236855 6.2838926
-0.9536609 0.2972454 -0.0466487 -8.3996239
-0.0515787 -0.0087599 0.9986305 -0.4156983
0.0000000 0.0000000 0.0000000 1.0000000
0.2867905 0.9576707 0.0248636 6.4843168
-0.9565098 0.2876938 -0.0481796 -9.0708704
-0.0532933 -0.0099648 0.9985291 -0.4506438
0.0000000 0.0000000 0.0000000 1.0000000
0.2767239 0.9606144 0.0253761 6.6873555
-0.9593763 0.2776850 -0.0498820 -9.7350836
-0.0549639 -0.0105417 0.9984326 -0.4820351
0.0000000 0.0000000 0.0000000 1.0000000
0.2670648 0.9633161 0.0264336 6.8822241
-0.9620013 0.2681173 -0.0516391 -10.4458046
-0.0568321 -0.0116381 0.9983159 -0.5151778
0.0000000 0.0000000 0.0000000 1.0000000
0.2584091 0.9656627 0.0268433 7.0790997
-0.9642741 0.2595156 -0.0531711 -11.1706877
-0.0583116 -0.0121444 0.9982245 -0.5504978
0.0000000 0.0000000 0.0000000 1.0000000
0.2481055 0.9683611 0.0268455 7.2705388
-0.9669046 0.2492439 -0.0545260 -11.9095592
-0.0594920 -0.0124288 0.9981514 -0.5870670
0.0000000 0.0000000 0.0000000 1.0000000
0.2391552 0.9705654 0.0284231 7.4563208
-0.9689561 0.2404438 -0.0575418 -12.6667452
-0.0626822 -0.0137793 0.9979384 -0.6267812
0.0000000 0.0000000 0.0000000 1.0000000
0.2288722 0.9729903 0.0301282 7.6478438
-0.9712049 0.2303372 -0.0608753 -13.4485254
-0.0661707 -0.0153280 0.9976906 -0.6740242
0.0000000 0.0000000 0.0000000 1.0000000
0.2154452 0.9760275 0.0308839 7.8270059
-0.9740139 0.2170483 -0.0647077 -14.2377758
-0.0698598 -0.0161404 0.9974262 -0.7144417
0.0000000 0.0000000 0.0000000 1.0000000
0.2029508 0.9786821 0.0315040 7.9976296
-0.9765466 0.2046604 -0.0668648 -15.0328970
-0.0718870 -0.0171949 0.9972645 -0.7592891
0.0000000 0.0000000 0.0000000 1.0000000
0.1893150 0.9814317 0.0308521 8.1609850
-0.9792342 0.1910255 -0.0678944 -15.8140326
-0.0725273 -0.0173580 0.9972153 -0.8017555
0.0000000 0.0000000 0.0000000 1.0000000
0.1773719 0.9836494 0.0311967 8.2955093
-0.9815325 0.1791202 -0.0671566 -16.6089935
-0.0716465 -0.0187088 0.9972546 -0.8470210
0.0000000 0.0000000 0.0000000 1.0000000
0.1611849 0.9864419 0.0308580 8.4346104
-0.9843999 0.1629289 -0.0664155 -17.4286652
-0.0705427 -0.0196714 0.9973147 -0.8934870
0.0000000 0.0000000 0.0000000 1.0000000
0.1431933 0.9891756 0.0320552 8.5613804
-0.9872627 0.1450358 -0.0653993 -18.2180443
-0.0693405 -0.0222822 0.9973441 -0.9361616
0.0000000 0.0000000 0.0000000 1.0000000
0.1191932 0.9922652 0.0346862 8.6688156
-0.9905288 0.1212377 -0.0644527 -19.0505619
-0.0681595 -0.0266753 0.9973177 -0.9823138
0.0000000 0.0000000 0.0000000 1.0000000
0.0899079 0.9952735 0.0367077 8.7573175
-0.9936745 0.0921317 -0.0642092 -19.8690395
-0.0672876 -0.0307026 0.9972610 -1.0271471
0.0000000 0.0000000 0.0000000 1.0000000
0.0581044 0.9976166 0.0372183 8.8205166
-0.9961024 0.0604139 -0.0642671 -20.7158585
-0.0663624 -0.0333390 0.9972384 -1.0717983
0.0000000 0.0000000 0.0000000 1.0000000
0.0271410 0.9989529 0.0368359 8.8498039
-0.9975036 0.0294681 -0.0641739 -21.5349579
-0.0651921 -0.0350022 0.9972586 -1.1115953
0.0000000 0.0000000 0.0000000 1.0000000
-0.0050102 0.9993150 0.0366723 8.8383265
-0.9979526 -0.0026583 -0.0639030 -22.3502369
-0.0637617 -0.0369174 0.9972820 -1.1473328
0.0000000 0.0000000 0.0000000 1.0000000
-0.0361061 0.9986564 0.0371768 8.8071289
-0.9974771 -0.0337382 -0.0624606 -23.1864834
-0.0611224 -0.0393382 0.9973547 -1.1848527
0.0000000 0.0000000 0.0000000 1.0000000
-0.0525174 0.9978626 0.0388911 8.7545738
-0.9969225 -0.0501184 -0.0602807 -23.8727360
-0.0582027 -0.0419372 0.9974235 -1.2231308
0.0000000 0.0000000 0.0000000 1.0000000
-0.0822218 0.9959809 0.0355232 8.6828318
-0.9951870 -0.0801450 -0.0563885 -24.6907597
-0.0533148 -0.0399886 0.9977767 -1.2536161
0.0000000 0.0000000 0.0000000 1.0000000
-0.1102233 0.9934607 0.0297830 8.5814896
-0.9927396 -0.1085924 -0.0517295 -25.5316639
-0.0481570 -0.0352686 0.9982169 -1.2810224
0.0000000 0.0000000 0.0000000 1.0000000
-0.1405685 0.9897870 0.0237134 8.4567575
-0.9891719 -0.1393800 -0.0459606 -26.3609447
-0.0421861 -0.0299173 0.9986618 -1.3083615
0.0000000 0.0000000 0.0000000 1.0000000
-0.1673704 0.9857328 0.0178378 8.2974892
-0.9851865 -0.1665374 -0.0409035 -27.1883564
-0.0373492 -0.0244196 0.9990039 -1.3285936
0.0000000 0.0000000 0.0000000 1.0000000
-0.1926144 0.9812239 0.0099819 8.1134186
-0.9807264 -0.1921567 -0.0353802 -27.9883633
-0.0327978 -0.0166042 0.9993241 -1.3478431
0.0000000 0.0000000 0.0000000 1.0000000
-0.2203944 0.9753959 0.0054245 7.9115515
-0.9751230 -0.2201907 -0.0255208 -28.8241100
-0.0236985 -0.0109142 0.9996596 -1.3557937
0.0000000 0.0000000 0.0000000 1.0000000
-0.2436716 0.9698486 0.0042356 7.7029972
-0.9698154 -0.2436176 -0.0104248 -29.6324730
-0.0090786 -0.0066480 0.9999367 -1.3554511
0.0000000 0.0000000 0.0000000 1.0000000
-0.2685742 0.9632254 0.0080528 7.4850430
-0.9632215 -0.2686281 0.0065800 -30.4290771
0.0085013 -0.0059894 0.9999459 -1.3483459
0.0000000 0.0000000 0.0000000 1.0000000
-0.2950285 0.9553866 0.0139526 7.2444787
-0.9551637 -0.2952774 0.0217626 -31.2180042
0.0249116 -0.0069064 0.9996658 -1.3378117
0.0000000 0.0000000 0.0000000 1.0000000
-0.3202619 0.9472162 0.0146268 6.9895716
-0.9466622 -0.3205775 0.0325700 -32.0024452
0.0355399 -0.0034157 0.9993624 -1.3075382
0.0000000 0.0000000 0.0000000 1.0000000
-0.3469707 0.9377799 0.0134304 6.7019587
-0.9370514 -0.3472304 0.0369573 -32.7780647
0.0393212 0.0002381 0.9992266 -1.2682718
0.0000000 0.0000000 0.0000000 1.0000000
-0.3688355 0.9294261 0.0113018 6.4002619
-0.9287332 -0.3689981 0.0359891 -33.5440369
0.0376196 0.0027777 0.9992883 -1.2278761
0.0000000 0.0000000 0.0000000 1.0000000
-0.3888791 0.9212655 0.0065638 6.0835829
-0.9207352 -0.3888824 0.0318951 -34.2966423
0.0319364 0.0063598 0.9994696 -1.1854718
0.0000000 0.0000000 0.0000000 1.0000000
-0.4098679 0.9121426 -0.0020944 5.7484946
-0.9117604 -0.4096272 0.0299757 -35.0516243
0.0264842 0.0141956 0.9995484 -1.1465802
0.0000000 0.0000000 0.0000000 1.0000000
-0.4234158 0.9059225 -0.0048766 5.3928862
-0.9055811 -0.4230934 0.0302490 -35.7879868
0.0253400 0.0172240 0.9995304 -1.1071742
0.0000000 0.0000000 0.0000000 1.0000000
-0.4344289 0.9006875 -0.0058230 5.0440946
-0.9002855 -0.4340192 0.0333680 -36.5103073
0.0275269 0.0197384 0.9994261 -1.0686724
0.0000000 0.0000000 0.0000000 1.0000000
-0.4456228 0.8952038 -0.0055341 4.6930909
-0.8947418 -0.4451736 0.0354634 -37.2163391
0.0292833 0.0207549 0.9993556 -1.0317271
0.0000000 0.0000000 0.0000000 1.0000000
-0.4549418 0.8905195 0.0018050 4.3406839
-0.8899479 -0.4547206 0.0349581 -37.9372940
0.0319517 0.0142975 0.9993871 -0.9916097
0.0000000 0.0000000 0.0000000 1.0000000
-0.4680082 0.8837205 0.0026029 3.9780426
-0.8831776 -0.4678202 0.0337887 -38.6434364
0.0310775 0.0135145 0.9994255 -0.9612858
0.0000000 0.0000000 0.0000000 1.0000000
-0.4759248 0.8794848 0.0015739 3.5982716
-0.8789250 -0.4756842 0.0348653 -39.3503494
0.0314121 0.0152099 0.9993907 -0.9223651
0.0000000 0.0000000 0.0000000 1.0000000
-0.4827643 0.8757505 -0.0002346 3.1972885
-0.8751375 -0.4824163 0.0375357 -40.0608521
0.0327587 0.0183262 0.9992952 -0.8833327
0.0000000 0.0000000 0.0000000 1.0000000
-0.4875125 0.8731158 0.0008223 2.7977126
-0.8723935 -0.4871470 0.0402178 -40.7837791
0.0355154 0.0188893 0.9991905 -0.8491919
0.0000000 0.0000000 0.0000000 1.0000000
-0.4857132 0.8741133 0.0029959 2.3840375
-0.8732885 -0.4853984 0.0419011 -41.5301590
0.0380805 0.0177356 0.9991172 -0.8136270
0.0000000 0.0000000 0.0000000 1.0000000
-0.4816690 0.8763533 0.0003764 1.9735848
-0.8755612 -0.4812518 0.0423010 -42.2916107
0.0372517 0.0200455 0.9991047 -0.7752326
0.0000000 0.0000000 0.0000000 1.0000000
-0.4788171 0.8779140 0.0012727 1.8076649
-0.8771647 -0.4784673 0.0406349 -42.5701599
0.0362829 0.0183403 0.9991732 -0.7539435
0.0000000 0.0000000 0.0000000 1.0000000
-0.4722325 0.8814702 0.0026482 1.4220470
-0.8807322 -0.4719561 0.0396021 -43.3142128
0.0361579 0.0163690 0.9992119 -0.7206756
0.0000000 0.0000000 0.0000000 1.0000000
-0.4671742 0.8841568 0.0039067 1.1015464
-0.8834348 -0.4669632 0.0385809 -43.9417686
0.0359359 0.0145727 0.9992477 -0.6902352
0.0000000 0.0000000 0.0000000 1.0000000
-0.4614623 0.8871414 0.0057436 0.7335035
-0.8864438 -0.4613401 0.0371853 -44.6863556
0.0356384 0.0120682 0.9992918 -0.6541901
0.0000000 0.0000000 0.0000000 1.0000000
-0.4585253 0.8886338 0.0092081 0.3241667
-0.8879716 -0.4585485 0.0352101 -45.5102577
0.0355112 0.0079682 0.9993374 -0.6153568
0.0000000 0.0000000 0.0000000 1.0000000
-0.4571206 0.8893198 0.0122974 -0.0998034
-0.8887161 -0.4572669 0.0330257 -46.3467407
0.0349936 0.0041678 0.9993787 -0.5821107
0.0000000 0.0000000 0.0000000 1.0000000
-0.4617626 0.8868917 0.0140945 -0.4436335
-0.8863935 -0.4619759 0.0297482 -47.0439110
0.0328947 0.0012434 0.9994580 -0.5484521
0.0000000 0.0000000 0.0000000 1.0000000
-0.4681408 0.8835451 0.0138763 -0.7184848
-0.8831128 -0.4683458 0.0276430 -47.6193390
0.0309227 0.0006865 0.9995214 -0.5259145
0.0000000 0.0000000 0.0000000 1.0000000
-0.4712083 0.8819222 0.0132690 -1.1431979
-0.8815128 -0.4713940 0.0268868 -48.4336586
0.0299670 0.0009725 0.9995503 -0.4889272
0.0000000 0.0000000 0.0000000 1.0000000
-0.4769529 0.8788479 0.0119347 -1.3918045
-0.8784830 -0.4770994 0.0253744 -48.9122505
0.0279942 0.0016179 0.9996067 -0.4742610
0.0000000 0.0000000 0.0000000 1.0000000
-0.4830793 0.8755233 0.0096677 -1.6565603
-0.8751822 -0.4831636 0.0246826 -49.3977470
0.0262813 0.0034627 0.9996485 -0.4620267
0.0000000 0.0000000 0.0000000 1.0000000
-0.4862040 0.8738015 0.0087581 -1.8829068
-0.8734825 -0.4862664 0.0239431 -49.8510017
0.0251803 0.0039912 0.9996749 -0.4498572
0.0000000 0.0000000 0.0000000 1.0000000
-0.4935822 0.8696609 0.0081640 -1.9891235
-0.8693746 -0.4936326 0.0226848 -50.0610199
0.0237581 0.0040992 0.9997092 -0.4504616
0.0000000 0.0000000 0.0000000 1.0000000
-0.4973886 0.8674945 0.0076093 -2.3688521
-0.8672374 -0.4974299 0.0215135 -50.6936798
0.0224479 0.0041015 0.9997395 -0.4272541
0.0000000 0.0000000 0.0000000 1.0000000
-0.5007721 0.8655416 0.0080626 -2.5281305
-0.8653119 -0.5008273 0.0201821 -50.9517365
0.0215064 0.0031299 0.9997637 -0.4139305
0.0000000 0.0000000 0.0000000 1.0000000
-0.5010145 0.8654059 0.0075604 -2.7157781
-0.8652003 -0.5010625 0.0191006 -51.2359200
0.0203180 0.0030284 0.9997889 -0.4026694
0.0000000 0.0000000 0.0000000 1.0000000
-0.5009472 0.8654631 0.0050546 -2.8073275
-0.8652934 -0.5009525 0.0177139 -51.3584366
0.0178628 0.0045000 0.9998302 -0.3995118
0.0000000 0.0000000 0.0000000 1.0000000
-0.5013608 0.8652269 0.0044464 -3.0263479
-0.8650924 -0.5013640 0.0157857 -51.6987267
0.0158875 0.0040678 0.9998654 -0.3844809
0.0000000 0.0000000 0.0000000 1.0000000
-0.4996850 0.8661933 0.0049023 -3.2562597
-0.8660764 -0.4996999 0.0145486 -52.0412064
0.0150516 0.0030240 0.9998820 -0.3730249
0.0000000 0.0000000 0.0000000 1.0000000
-0.4980628 0.8671259 0.0051092 -3.5099587
-0.8670302 -0.4980847 0.0130458 -52.4518204
0.0138572 0.0020678 0.9999018 -0.3529179
0.0000000 0.0000000 0.0000000 1.0000000
-0.4983213 0.8669769 0.0051837 -3.6604636
-0.8668788 -0.4983438 0.0132117 -52.7073250
0.0140375 0.0020900 0.9998992 -0.3425807
0.0000000 0.0000000 0.0000000 1.0000000
-0.4998289 0.8661014 0.0062725 -3.7166455
-0.8659689 -0.4998633 0.0153119 -52.8490791
0.0163970 0.0022216 0.9998630 -0.3386455
0.0000000 0.0000000 0.0000000 1.0000000
-0.5042576 0.8635110 0.0085473 -3.8222921
-0.8633277 -0.5043274 0.0178661 -53.0314484
0.0197383 0.0016300 0.9998038 -0.3305905
0.0000000 0.0000000 0.0000000 1.0000000
-0.5112174 0.8594003 0.0093742 -3.9816160
-0.8591866 -0.5113002 0.0192441 -53.3122368
0.0213315 0.0017838 0.9997708 -0.3213741
0.0000000 0.0000000 0.0000000 1.0000000
-0.5199108 0.8541821 0.0081062 -4.2273068
-0.8540024 -0.5199690 0.0176676 -53.7321434
0.0193063 0.0022629 0.9998110 -0.3056501
0.0000000 0.0000000 0.0000000 1.0000000
-0.5282466 0.8490876 0.0023599 -4.3638177
-0.8489649 -0.5282141 0.0157607 -53.9499474
0.0146288 0.0063220 0.9998729 -0.2865414
0.0000000 0.0000000 0.0000000 1.0000000
-0.5381901 0.8428141 0.0039423 -4.5157704
-0.8427264 -0.5381932 0.0126570 -54.1874695
0.0127892 0.0034896 0.9999120 -0.2692547
0.0000000 0.0000000 0.0000000 1.0000000
-0.5480863 0.8364117 0.0040735 -4.8941164
-0.8363087 -0.5480859 0.0137661 -54.7731934
0.0137468 0.0041383 0.9998968 -0.2447813
0.0000000 0.0000000 0.0000000 1.0000000
-0.5546054 0.8321000 0.0047183 -5.3702989
-0.8319753 -0.5546078 0.0150749 -55.4801865
0.0151606 0.0044351 0.9998751 -0.2216667
0.0000000 0.0000000 0.0000000 1.0000000
-0.5593424 0.8289135 0.0061909 -5.8998542
-0.8287804 -0.5593664 0.0152386 -56.2810593
0.0160945 0.0033927 0.9998646 -0.1939135
0.0000000 0.0000000 0.0000000 1.0000000
-0.5646982 0.8252755 0.0060022 -6.0494909
-0.8251408 -0.5647178 0.0153747 -56.4640007
0.0160779 0.0037294 0.9998637 -0.1823508
0.0000000 0.0000000 0.0000000 1.0000000
-0.5705820 0.8212273 0.0046669 -6.3259516
-0.8211355 -0.5705907 0.0127550 -56.8428001
0.0131377 0.0034456 0.9999077 -0.1637292
0.0000000 0.0000000 0.0000000 1.0000000
-0.5744269 0.8185536 -0.0018923 -6.5358930
-0.8185505 -0.5744135 0.0049067 -57.0869408
0.0029294 0.0043675 0.9999861 -0.1526808
0.0000000 0.0000000 0.0000000 1.0000000
-0.5793818 0.8150168 -0.0080152 -6.7449560
-0.8150044 -0.5794278 -0.0055750 -57.3744888
-0.0091879 0.0033024 0.9999523 -0.1439899
0.0000000 0.0000000 0.0000000 1.0000000
-0.5809239 0.8138934 -0.0102451 -7.3025622
-0.8138573 -0.5810040 -0.0084042 -58.1580582
-0.0127925 0.0034559 0.9999121 -0.1354888
0.0000000 0.0000000 0.0000000 1.0000000
-0.5822049 0.8130115 -0.0070517 -7.8552709
-0.8130142 -0.5822349 -0.0032130 -58.9478035
-0.0067179 0.0038625 0.9999699 -0.1311495
0.0000000 0.0000000 0.0000000 1.0000000
-0.5836559 0.8119898 -0.0042671 -8.4074097
-0.8120006 -0.5836526 0.0021402 -59.7278748
-0.0007527 0.0047140 0.9999886 -0.1218754
0.0000000 0.0000000 0.0000000 1.0000000
-0.5844836 0.8113633 -0.0082698 -8.9639149
-0.8114052 -0.5844460 0.0066546 -60.4925346
0.0005660 0.0105996 0.9999436 -0.1112439
0.0000000 0.0000000 0.0000000 1.0000000
-0.5838841 0.8117614 -0.0110791 -9.5407228
-0.8118367 -0.5838388 0.0072938 -61.2812653
-0.0005476 0.0132532 0.9999120 -0.0937784
0.0000000 0.0000000 0.0000000 1.0000000
-0.5831924 0.8122393 -0.0123984 -10.0990067
-0.8123265 -0.5831844 0.0046356 -62.0661545
-0.0034653 0.0127750 0.9999123 -0.0800853
0.0000000 0.0000000 0.0000000 1.0000000
-0.5832812 0.8121437 -0.0143412 -10.6416206
-0.8122212 -0.5833490 -0.0006872 -62.8295250
-0.0089240 0.0112474 0.9998968 -0.0746046
0.0000000 0.0000000 0.0000000 1.0000000
-0.5821847 0.8128963 -0.0161381 -11.1988382
-0.8129190 -0.5823366 -0.0068262 -63.6200562
-0.0149468 0.0091449 0.9998464 -0.0675919
0.0000000 0.0000000 0.0000000 1.0000000
-0.5818598 0.8132190 -0.0106760 -11.7299881
-0.8131150 -0.5819568 -0.0130426 -64.3891678
-0.0168194 0.0010918 0.9998579 -0.0645782
0.0000000 0.0000000 0.0000000 1.0000000
-0.5793549 0.8150639 -0.0043239 -12.2698441
-0.8148960 -0.5793306 -0.0179004 -65.1725006
-0.0170949 -0.0068471 0.9998304 -0.0727103
0.0000000 0.0000000 0.0000000 1.0000000
-0.5778979 0.8160798 -0.0069079 -12.8130894
-0.8159030 -0.5779216 -0.0175709 -65.9406509
-0.0183315 -0.0045180 0.9998217 -0.0729875
0.0000000 0.0000000 0.0000000 1.0000000
-0.5758929 0.8174637 -0.0100199 -13.3500900
-0.8173418 -0.5759802 -0.0141069 -66.6995468
-0.0173031 0.0000656 0.9998503 -0.0657652
0.0000000 0.0000000 0.0000000 1.0000000
-0.5701355 0.8214975 -0.0093458 -13.8890600
-0.8214201 -0.5702109 -0.0113283 -67.4754333
-0.0146353 0.0012181 0.9998921 -0.0656357
0.0000000 0.0000000 0.0000000 1.0000000
-0.5628030 0.8264796 -0.0135747 -14.4170017
-0.8264475 -0.5629355 -0.0093796 -68.2420731
-0.0153937 0.0059400 0.9998638 -0.0646454
0.0000000 0.0000000 0.0000000 1.0000000
-0.5560125 0.8309208 -0.0205152 -14.9379663
-0.8310021 -0.5562300 -0.0065988 -69.0087662
-0.0168943 0.0133791 0.9997677 -0.0557313
0.0000000 0.0000000 0.0000000 1.0000000
-0.5454440 0.8379521 -0.0180848 -15.4543505
-0.8379899 -0.5456327 -0.0075903 -69.7990723
-0.0162279 0.0110148 0.9998076 -0.0513660
0.0000000 0.0000000 0.0000000 1.0000000
-0.5354950 0.8443840 -0.0161509 -15.9429121
-0.8443493 -0.5356818 -0.0109039 -70.5845413
-0.0178589 0.0077980 0.9998100 -0.0553743
0.0000000 0.0000000 0.0000000 1.0000000
-0.5232949 0.8519530 -0.0184003 -16.4303913
-0.8518832 -0.5235501 -0.0137871 -71.3846664
-0.0213794 0.0084602 0.9997356 -0.0523828
0.0000000 0.0000000 0.0000000 1.0000000
-0.5122396 0.8586524 -0.0180766 -16.9064808
-0.8585576 -0.5124984 -0.0149643 -72.1793823
-0.0221133 0.0078545 0.9997246 -0.0510196
0.0000000 0.0000000 0.0000000 1.0000000
-0.5019663 0.8647037 -0.0178163 -17.3667698
-0.8645852 -0.5022289 -0.0160698 -72.9803009
-0.0228435 0.0073372 0.9997121 -0.0574152
0.0000000 0.0000000 0.0000000 1.0000000
-0.4892296 0.8719198 -0.0202550 -17.8233910
-0.8718601 -0.4895361 -0.0146283 -73.7910233
-0.0226702 0.0105029 0.9996878 -0.0596013
0.0000000 0.0000000 0.0000000 1.0000000
-0.4774961 0.8784491 -0.0180154 -18.2631207
-0.8784374 -0.4777225 -0.0113441 -74.5995712
-0.0185715 0.0104086 0.9997733 -0.0613605
0.0000000 0.0000000 0.0000000 1.0000000
-0.4669975 0.8841118 -0.0161154 -18.6869259
-0.8842049 -0.4670924 -0.0024978 -75.4066162
-0.0097357 0.0130828 0.9998670 -0.0639328
0.0000000 0.0000000 0.0000000 1.0000000
-0.4538633 0.8909681 -0.0135581 -19.0987606
-0.8910586 -0.4538853 0.0015981 -76.2227097
-0.0047300 0.0128063 0.9999068 -0.0596857
0.0000000 0.0000000 0.0000000 1.0000000
-0.4425515 0.8966383 -0.0137059 -19.5000038
-0.8967128 -0.4426103 -0.0014279 -77.0431671
-0.0073467 0.0116583 0.9999050 -0.0575443
0.0000000 0.0000000 0.0000000 1.0000000
-0.4297575 0.9028094 -0.0156103 -19.8974628
-0.9028657 -0.4298840 -0.0057555 -77.8839264
-0.0119068 0.0116205 0.9998616 -0.0451080
0.0000000 0.0000000 0.0000000 1.0000000
-0.4199532 0.9074492 -0.0132395 -20.2733345
-0.9074910 -0.4200435 -0.0048517 -78.7148972
-0.0099638 0.0099773 0.9999006 -0.0429428
0.0000000 0.0000000 0.0000000 1.0000000
-0.4134643 0.9104887 -0.0075931 -20.6358891
-0.9105136 -0.4134788 -0.0003551 -79.5401230
-0.0034629 0.0067668 0.9999711 -0.0349313
0.0000000 0.0000000 0.0000000 1.0000000
-0.4076703 0.9131287 0.0009447 -20.9926205
-0.9131191 -0.4076706 0.0042665 -80.3751373
0.0042810 0.0008767 0.9999905 -0.0315649
0.0000000 0.0000000 0.0000000 1.0000000
-0.4041812 0.9146665 0.0047704 -21.3488731
-0.9146484 -0.4042050 0.0060540 -81.2086105
0.0074656 -0.0019163 0.9999703 -0.0142462
0.0000000 0.0000000 0.0000000 1.0000000
-0.4018084 0.9157143 0.0041606 -21.6843662
-0.9156947 -0.4018279 0.0061229 -81.9873276
0.0072787 -0.0013496 0.9999726 0.0024212
0.0000000 0.0000000 0.0000000 1.0000000
-0.4044201 0.9145448 0.0072246 -21.8621368
-0.9145592 -0.4044451 0.0023320 -82.4068527
0.0050546 -0.0056642 0.9999712 0.0345196
0.0000000 0.0000000 0.0000000 1.0000000
-0.4026164 0.9153256 0.0088941 -22.1372910
-0.9153685 -0.4026038 -0.0032555 -83.0429382
0.0006010 -0.0094522 0.9999552 0.0570092
0.0000000 0.0000000 0.0000000 1.0000000
-0.4062532 0.9136228 0.0158663 -22.2267494
-0.9137500 -0.4061043 -0.0118366 -83.2682190
-0.0043708 -0.0193066 0.9998041 0.0847090
0.0000000 0.0000000 0.0000000 1.0000000
-0.4070944 0.9132286 0.0169598 -22.4219284
-0.9133449 -0.4068298 -0.0170463 -83.7062836
-0.0086674 -0.0224296 0.9997109 0.1080686
0.0000000 0.0000000 0.0000000 1.0000000
-0.4050901 0.9140210 0.0216236 -22.6382198
-0.9142267 -0.4047075 -0.0200313 -84.2116165
-0.0095578 -0.0278834 0.9995655 0.1202153
0.0000000 0.0000000 0.0000000 1.0000000
-0.4042175 0.9141995 0.0291125 -22.7289295
-0.9146308 -0.4037327 -0.0212168 -84.4585266
-0.0076427 -0.0352034 0.9993510 0.1178900
0.0000000 0.0000000 0.0000000 1.0000000
-0.4024304 0.9148656 0.0327212 -22.8854465
-0.9154339 -0.4019508 -0.0204016 -84.8416290
-0.0055124 -0.0381643 0.9992563 0.1388035
0.0000000 0.0000000 0.0000000 1.0000000
-0.3996620 0.9159715 0.0355871 -23.0551109
-0.9166535 -0.3991845 -0.0199532 -85.2598953
-0.0040707 -0.0405956 0.9991674 0.1518137
0.0000000 0.0000000 0.0000000 1.0000000
-0.3965146 0.9171951 0.0391041 -23.2367382
-0.9179990 -0.3958018 -0.0248752 -85.6880188
-0.0073379 -0.0457609 0.9989255 0.1595222
0.0000000 0.0000000 0.0000000 1.0000000
-0.3932391 0.9186883 0.0370772 -23.3591995
-0.9193453 -0.3923134 -0.0299068 -85.9739838
-0.0129292 -0.0458473 0.9988648 0.1535832
0.0000000 0.0000000 0.0000000 1.0000000
-0.3903043 0.9199087 0.0378202 -23.4756584
-0.9205333 -0.3891628 -0.0342150 -86.2409439
-0.0167565 -0.0481690 0.9986987 0.1582254
0.0000000 0.0000000 0.0000000 1.0000000
-0.3873747 0.9210008 0.0412102 -23.5836563
-0.9218165 -0.3862661 -0.0324463 -86.5210648
-0.0139650 -0.0505571 0.9986235 0.1495380
0.0000000 0.0000000 0.0000000 1.0000000
-0.3844814 0.9221683 0.0421856 -23.7335415
-0.9230511 -0.3834387 -0.0308433 -86.9233856
-0.0122671 -0.0507982 0.9986336 0.1502082
0.0000000 0.0000000 0.0000000 1.0000000
-0.3829204 0.9227480 0.0436796 -23.9953136
-0.9236961 -0.3818152 -0.0316632 -87.6084213
-0.0125396 -0.0524712 0.9985437 0.1538142
0.0000000 0.0000000 0.0000000 1.0000000
-0.3794894 0.9240599 0.0458367 -24.0568924
-0.9250832 -0.3782040 -0.0343900 -87.7933044
-0.0144428 -0.0554534 0.9983568 0.1698172
0.0000000 0.0000000 0.0000000 1.0000000
-0.3729456 0.9268995 0.0420556 -24.3618088
-0.9277151 -0.3717256 -0.0341259 -88.5753479
-0.0159981 -0.0517427 0.9985323 0.1690426
0.0000000 0.0000000 0.0000000 1.0000000
-0.3715483 0.9276337 0.0380452 -24.3677750
-0.9282539 -0.3704126 -0.0337492 -88.6815796
-0.0172144 -0.0478550 0.9987059 0.1726305
0.0000000 0.0000000 0.0000000 1.0000000
-0.3719847 0.9274575 0.0380773 -24.3174877
-0.9280514 -0.3707727 -0.0353279 -88.6205139
-0.0186471 -0.0484791 0.9986501 0.1878456
0.0000000 0.0000000 0.0000000 1.0000000
-0.3728882 0.9268767 0.0430551 -24.3169632
-0.9276891 -0.3714799 -0.0373559 -88.7093201
-0.0186302 -0.0538714 0.9983740 0.1861238
0.0000000 0.0000000 0.0000000 1.0000000
-0.3723621 0.9268804 0.0473185 -24.4146709
-0.9278748 -0.3707014 -0.0403568 -88.9905701
-0.0198649 -0.0589330 0.9980642 0.1824887
0.0000000 0.0000000 0.0000000 1.0000000
-0.3768048 0.9252654 0.0436119 -24.4380798
-0.9260714 -0.3752683 -0.0395648 -89.0779877
-0.0202418 -0.0552960 0.9982647 0.1814454
0.0000000 0.0000000 0.0000000 1.0000000
-0.3804047 0.9238493 0.0423615 -24.5579433
-0.9245696 -0.3788367 -0.0406656 -89.3949280
-0.0215208 -0.0546356 0.9982743 0.1786734
0.0000000 0.0000000 0.0000000 1.0000000
-0.3807346 0.9236911 0.0428455 -24.6647015
-0.9244513 -0.3791899 -0.0400591 -89.6646271
-0.0207556 -0.0548605 0.9982782 0.1811437
0.0000000 0.0000000 0.0000000 1.0000000
-0.3813742 0.9237480 0.0352590 -24.8064728
-0.9241410 -0.3800432 -0.0391215 -90.0035019
-0.0227384 -0.0475042 0.9986121 0.1763020
0.0000000 0.0000000 0.0000000 1.0000000
-0.3764006 0.9260579 0.0271874 -25.1548138
-0.9260764 -0.3752429 -0.0396887 -90.8307343
-0.0265522 -0.0401165 0.9988421 0.1706654
0.0000000 0.0000000 0.0000000 1.0000000
-0.3734265 0.9273357 0.0245124 -25.4820614
-0.9272140 -0.3722979 -0.0408442 -91.6379700
-0.0287504 -0.0379805 0.9988647 0.1688885
0.0000000 0.0000000 0.0000000 1.0000000
-0.3720175 0.9278727 0.0255953 -25.7524986
-0.9278215 -0.3709006 -0.0397484 -92.3251572
-0.0273881 -0.0385350 0.9988818 0.1582968
0.0000000 0.0000000 0.0000000 1.0000000
-0.3690756 0.9289854 0.0277346 -26.0730190
-0.9290432 -0.3679441 -0.0386744 -93.1483154
-0.0257232 -0.0400404 0.9988668 0.1437712
0.0000000 0.0000000 0.0000000 1.0000000
-0.3675539 0.9295522 0.0289254 -26.3955517
-0.9296337 -0.3663552 -0.0395593 -93.9778214
-0.0261755 -0.0414302 0.9987984 0.1337747
0.0000000 0.0000000 0.0000000 1.0000000
-0.3662352 0.9300695 0.0290221 -26.7143040
-0.9301128 -0.3649710 -0.0410642 -94.7968292
-0.0276004 -0.0420330 0.9987348 0.1177629
0.0000000 0.0000000 0.0000000 1.0000000
-0.3658168 0.9303437 0.0252702 -27.0397282
-0.9301057 -0.3644944 -0.0452446 -95.6257477
-0.0328821 -0.0400552 0.9986562 0.1044719
0.0000000 0.0000000 0.0000000 1.0000000
-0.3650004 0.9306832 0.0245634 -27.3515892
-0.9302390 -0.3635007 -0.0502249 -96.4427414
-0.0378147 -0.0411820 0.9984357 0.0902983
0.0000000 0.0000000 0.0000000 1.0000000
-0.3642398 0.9310389 0.0222672 -27.6689968
-0.9304276 -0.3627549 -0.0520895 -97.2600174
-0.0404198 -0.0396911 0.9983941 0.0716709
0.0000000 0.0000000 0.0000000 1.0000000
-0.3640406 0.9310757 0.0239231 -27.9830761
-0.9306696 -0.3626366 -0.0484637 -98.0721970
-0.0364480 -0.0399073 0.9985383 0.0508643
0.0000000 0.0000000 0.0000000 1.0000000
-0.3636898 0.9311643 0.0257420 -28.2903996
-0.9309407 -0.3623504 -0.0452943 -98.8767319
-0.0328488 -0.0404374 0.9986418 0.0354968
0.0000000 0.0000000 0.0000000 1.0000000
-0.3637150 0.9310884 0.0280291 -28.6025333
-0.9309115 -0.3622380 -0.0467689 -99.6888885
-0.0333927 -0.0431032 0.9985123 0.0129681
0.0000000 0.0000000 0.0000000 1.0000000
-0.3638272 0.9309878 0.0298559 -28.9146366
-0.9308449 -0.3622269 -0.0481594 -100.5065765
-0.0340212 -0.0453129 0.9983932 -0.0006512
0.0000000 0.0000000 0.0000000 1.0000000
-0.3629665 0.9314581 0.0253173 -29.2296066
-0.9311728 -0.3615892 -0.0465865 -101.2985077
-0.0342389 -0.0404841 0.9985933 -0.0159017
0.0000000 0.0000000 0.0000000 1.0000000
-0.3629656 0.9313936 0.0276005 -29.5387363
-0.9312572 -0.3615810 -0.0449350 -102.1060181
-0.0318723 -0.0420131 0.9986085 -0.0272641
0.0000000 0.0000000 0.0000000 1.0000000
-0.3625408 0.9312273 0.0371437 -29.8274574
-0.9315323 -0.3608652 -0.0449869 -102.8938217
-0.0284891 -0.0509102 0.9982967 -0.0498093
0.0000000 0.0000000 0.0000000 1.0000000
-0.3619747 0.9312119 0.0426435 -30.1233349
-0.9318092 -0.3601453 -0.0450202 -103.6912689
-0.0265654 -0.0560318 0.9980754 -0.0656023
0.0000000 0.0000000 0.0000000 1.0000000
-0.3625368 0.9309832 0.0428627 -30.4262791
-0.9316503 -0.3608257 -0.0428081 -104.4825745
-0.0243876 -0.0554526 0.9981633 -0.0723826
0.0000000 0.0000000 0.0000000 1.0000000
-0.3619813 0.9312783 0.0411100 -30.7282887
-0.9318720 -0.3603644 -0.0418569 -105.2636795
-0.0241659 -0.0534607 0.9982774 -0.0784868
0.0000000 0.0000000 0.0000000 1.0000000
-0.3603511 0.9318810 0.0417692 -31.0236874
-0.9325238 -0.3587548 -0.0411626 -106.0469131
-0.0233738 -0.0537838 0.9982789 -0.0882595
0.0000000 0.0000000 0.0000000 1.0000000
-0.3582083 0.9329350 0.0363163 -31.3268433
-0.9333041 -0.3567621 -0.0407943 -106.8220673
-0.0251021 -0.0485070 0.9985073 -0.1005685
0.0000000 0.0000000 0.0000000 1.0000000
-0.3556472 0.9341698 0.0290136 -31.6279716
-0.9341472 -0.3543083 -0.0428336 -107.5936050
-0.0297341 -0.0423366 0.9986607 -0.1075032
0.0000000 0.0000000 0.0000000 1.0000000
-0.3538685 0.9349914 0.0238330 -31.9183998
-0.9346364 -0.3525482 -0.0465262 -108.3510895
-0.0350993 -0.0387394 0.9986326 -0.1201743
0.0000000 0.0000000 0.0000000 1.0000000
-0.3503314 0.9363726 0.0217735 -32.1399117
-0.9359032 -0.3490536 -0.0474005 -108.9459991
-0.0367844 -0.0369838 0.9986385 -0.1296266
0.0000000 0.0000000 0.0000000 1.0000000
-0.3463621 0.9377692 0.0249411 -32.3344345
-0.9375010 -0.3450677 -0.0449466 -109.4804459
-0.0335431 -0.0389501 0.9986779 -0.1326876
0.0000000 0.0000000 0.0000000 1.0000000
-0.3412025 0.9396212 0.0263188 -32.4786453
-0.9394771 -0.3399582 -0.0425571 -109.8979874
-0.0310403 -0.0392465 0.9987472 -0.1425721
0.0000000 0.0000000 0.0000000 1.0000000
-0.3354056 0.9416989 0.0265727 -32.5900269
-0.9415458 -0.3341402 -0.0429153 -110.2312698
-0.0315343 -0.0394134 0.9987252 -0.1464330
0.0000000 0.0000000 0.0000000 1.0000000
-0.3295780 0.9438127 0.0244076 -32.6668968
-0.9434172 -0.3282167 -0.0473058 -110.4916916
-0.0366368 -0.0386175 0.9985821 -0.1490882
0.0000000 0.0000000 0.0000000 1.0000000
-0.3231827 0.9461259 0.0199659 -32.7113724
-0.9454897 -0.3219294 -0.0490988 -110.6753998
-0.0400260 -0.0347455 0.9985943 -0.1493597
0.0000000 0.0000000 0.0000000 1.0000000
-0.3183056 0.9477563 0.0209619 -32.6976852
-0.9471816 -0.3170453 -0.0482620 -110.6815796
-0.0390947 -0.0352168 0.9986147 -0.1577241
0.0000000 0.0000000 0.0000000 1.0000000
-0.3142654 0.9491444 0.0190253 -32.7106247
-0.9485514 -0.3131288 -0.0469120 -110.7987061
-0.0385688 -0.0327893 0.9987178 -0.1696599
0.0000000 0.0000000 0.0000000 1.0000000
-0.3098254 0.9506477 0.0166429 -32.7529755
-0.9499794 -0.3087885 -0.0467864 -111.0032425
-0.0393382 -0.0303060 0.9987662 -0.1832280
0.0000000 0.0000000 0.0000000 1.0000000
-0.3090369 0.9509094 0.0163512 -32.7204819
-0.9502817 -0.3080507 -0.0454932 -110.9893036
-0.0382229 -0.0295974 0.9988308 -0.1867696
0.0000000 0.0000000 0.0000000 1.0000000
-0.3045755 0.9523126 0.0182824 -32.7571716
-0.9519153 -0.3036706 -0.0405159 -111.1864777
-0.0330320 -0.0297434 0.9990116 -0.1898833
0.0000000 0.0000000 0.0000000 1.0000000
-0.3012633 0.9531664 0.0267241 -32.7806396
-0.9532292 -0.3003298 -0.0340033 -111.3809280
-0.0243848 -0.0357182 0.9990643 -0.1945845
0.0000000 0.0000000 0.0000000 1.0000000
-0.2962827 0.9546583 0.0290513 -32.8147812
-0.9549465 -0.2955519 -0.0269541 -111.5892639
-0.0171458 -0.0357285 0.9992144 -0.1935935
0.0000000 0.0000000 0.0000000 1.0000000
-0.2934273 0.9554911 0.0306111 -32.8219414
-0.9558198 -0.2926384 -0.0277752 -111.7073517
-0.0175809 -0.0374087 0.9991453 -0.1863988
0.0000000 0.0000000 0.0000000 1.0000000
-0.2912143 0.9561540 0.0310435 -32.7953949
-0.9563859 -0.2902043 -0.0332836 -111.7256851
-0.0228152 -0.0393823 0.9989637 -0.1781894
0.0000000 0.0000000 0.0000000 1.0000000
-0.2862116 0.9576041 0.0328209 -32.8259163
-0.9578130 -0.2850076 -0.0369494 -111.9291763
-0.0260287 -0.0420116 0.9987780 -0.1767414
0.0000000 0.0000000 0.0000000 1.0000000
-0.2825004 0.9586169 0.0353161 -32.8235168
-0.9590237 -0.2814074 -0.0329209 -112.0359344
-0.0216203 -0.0431692 0.9988338 -0.1651157
0.0000000 0.0000000 0.0000000 1.0000000
-0.2810684 0.9588563 0.0399394 -32.7976074
-0.9595614 -0.2801124 -0.0279150 -112.0519791
-0.0155789 -0.0461704 0.9988121 -0.1504536
0.0000000 0.0000000 0.0000000 1.0000000
-0.2820477 0.9584618 0.0424264 -32.7683220
-0.9593022 -0.2811099 -0.0267733 -112.0624847
-0.0137347 -0.0482510 0.9987408 -0.1433980
0.0000000 0.0000000 0.0000000 1.0000000
-0.2858815 0.9575260 0.0376259 -32.7552147
-0.9580973 -0.2848765 -0.0299193 -112.1214981
-0.0179298 -0.0446027 0.9988439 -0.1335627
0.0000000 0.0000000 0.0000000 1.0000000
-0.2913264 0.9560294 0.0337134 -32.7689857
-0.9563342 -0.2901902 -0.0348535 -112.2391586
-0.0235377 -0.0423951 0.9988236 -0.1160952
0.0000000 0.0000000 0.0000000 1.0000000
-0.2969012 0.9544399 0.0299008 -32.7832146
-0.9545271 -0.2957524 -0.0375352 -112.3345566
-0.0269819 -0.0396854 0.9988479 -0.1047897
0.0000000 0.0000000 0.0000000 1.0000000
-0.3020948 0.9529503 0.0249884 -32.8643036
-0.9528819 -0.3011099 -0.0367332 -112.6163406
-0.0274806 -0.0349079 0.9990127 -0.1091426
0.0000000 0.0000000 0.0000000 1.0000000
-0.3079386 0.9512143 0.0191113 -32.9534225
-0.9509943 -0.3071520 -0.0356085 -112.8888702
-0.0280012 -0.0291400 0.9991831 -0.1131164
0.0000000 0.0000000 0.0000000 1.0000000
-0.3145834 0.9491554 0.0118894 -33.0060425
-0.9487587 -0.3140079 -0.0354446 -113.0439529
-0.0299090 -0.0224305 0.9993010 -0.1134816
0.0000000 0.0000000 0.0000000 1.0000000
-0.3198678 0.9473979 0.0110345 -33.2263527
-0.9469788 -0.3193108 -0.0356665 -113.7243881
-0.0302669 -0.0218580 0.9993029 -0.1295466
0.0000000 0.0000000 0.0000000 1.0000000
-0.3255129 0.9454715 0.0111850 -33.4387169
-0.9450164 -0.3249179 -0.0370486 -114.3564224
-0.0313942 -0.0226298 0.9992509 -0.1442208
0.0000000 0.0000000 0.0000000 1.0000000
-0.3308713 0.9436448 0.0076579 -33.6822128
-0.9430680 -0.3303559 -0.0385743 -115.0505447
-0.0338706 -0.0199851 0.9992264 -0.1533866
0.0000000 0.0000000 0.0000000 1.0000000
-0.3359956 0.9418300 0.0079477 -33.9203262
-0.9412471 -0.3354584 -0.0390119 -115.7306976
-0.0340765 -0.0205885 0.9992071 -0.1673044
0.0000000 0.0000000 0.0000000 1.0000000
-0.3403931 0.9402155 0.0112875 -34.1610680
-0.9397362 -0.3397611 -0.0381927 -116.4258118
-0.0320743 -0.0236078 0.9992067 -0.1820057
0.0000000 0.0000000 0.0000000 1.0000000
-0.3439254 0.9389217 0.0118852 -34.3992271
-0.9385198 -0.3433195 -0.0362308 -117.0989456
-0.0299374 -0.0236151 0.9992728 -0.1946604
0.0000000 0.0000000 0.0000000 1.0000000
-0.3464817 0.9379920 0.0110214 -34.6460190
-0.9376233 -0.3459404 -0.0344711 -117.7763443
-0.0285208 -0.0222775 0.9993449 -0.2061221
0.0000000 0.0000000 0.0000000 1.0000000
-0.3481157 0.9374098 0.0088529 -34.8920479
-0.9370396 -0.3476672 -0.0329334 -118.4496307
-0.0277942 -0.0197601 0.9994184 -0.2201520
0.0000000 0.0000000 0.0000000 1.0000000
-0.3479469 0.9375002 0.0051215 -35.1335220
-0.9370400 -0.3475919 -0.0337081 -119.0926361
-0.0298211 -0.0165276 0.9994186 -0.2289023
0.0000000 0.0000000 0.0000000 1.0000000
-0.3444243 0.9388129 0.0015095 -35.3743553
-0.9382144 -0.3441463 -0.0362943 -119.7554245
-0.0335540 -0.0139169 0.9993400 -0.2369908
0.0000000 0.0000000 0.0000000 1.0000000
-0.3371480 0.9414517 0.0001556 -35.6088333
-0.9408165 -0.3369144 -0.0367882 -120.4216843
-0.0345818 -0.0125494 0.9993231 -0.2428616
0.0000000 0.0000000 0.0000000 1.0000000
-0.3269683 0.9450290 -0.0034535 -35.8366241
-0.9444141 -0.3268836 -0.0350644 -121.0882187
-0.0342657 -0.0082034 0.9993791 -0.2530864
0.0000000 0.0000000 0.0000000 1.0000000
-0.3132051 0.9496621 -0.0066626 -36.0492668
-0.9490589 -0.3132455 -0.0341275 -121.7371445
-0.0344966 -0.0043657 0.9993953 -0.2680183
0.0000000 0.0000000 0.0000000 1.0000000
-0.2977082 0.9546275 -0.0074890 -36.2492752
-0.9539750 -0.2977828 -0.0354605 -122.4008942
-0.0360817 -0.0034125 0.9993430 -0.2860800
0.0000000 0.0000000 0.0000000 1.0000000
-0.2821968 0.9593432 -0.0050596 -36.4338379
-0.9584618 -0.2821573 -0.0416947 -123.0796051
-0.0414271 -0.0069167 0.9991176 -0.3027104
0.0000000 0.0000000 0.0000000 1.0000000
-0.2656443 0.9640453 -0.0070492 -36.6042671
-0.9628977 -0.2656744 -0.0473850 -123.7348938
-0.0475541 -0.0057999 0.9988518 -0.3255300
0.0000000 0.0000000 0.0000000 1.0000000
-0.2484487 0.9686059 -0.0087007 -36.7687798
-0.9670964 -0.2485492 -0.0542955 -124.3956680
-0.0547534 -0.0050752 0.9984870 -0.3466904
0.0000000 0.0000000 0.0000000 1.0000000
-0.2312474 0.9728285 -0.0113710 -36.9193344
-0.9709069 -0.2315059 -0.0611969 -125.0653305
-0.0621665 -0.0031115 0.9980609 -0.3715695
0.0000000 0.0000000 0.0000000 1.0000000
-0.2144018 0.9766621 -0.0127647 -37.0489616
-0.9744071 -0.2147740 -0.0663565 -125.7042236
-0.0675493 -0.0017889 0.9977143 -0.4056957
0.0000000 0.0000000 0.0000000 1.0000000
-0.1964470 0.9804211 -0.0135289 -37.1743393
-0.9780165 -0.1969121 -0.0686260 -126.3619995
-0.0699463 -0.0002499 0.9975507 -0.4367293
0.0000000 0.0000000 0.0000000 1.0000000
-0.1788781 0.9837537 -0.0152028 -37.2825394
-0.9813657 -0.1795033 -0.0685571 -126.9938431
-0.0701722 0.0026561 0.9975314 -0.4711576
0.0000000 0.0000000 0.0000000 1.0000000
-0.1610055 0.9868477 -0.0144498 -37.3783264
-0.9844356 -0.1616227 -0.0690276 -127.6414871
-0.0704552 0.0031111 0.9975101 -0.5097456
0.0000000 0.0000000 0.0000000 1.0000000
-0.1451730 0.9893575 -0.0098250 -37.4587898
-0.9867749 -0.1455034 -0.0714437 -128.2931976
-0.0721129 -0.0006767 0.9973962 -0.5401896
0.0000000 0.0000000 0.0000000 1.0000000
-0.1302563 0.9914485 -0.0079403 -37.5269432
-0.9885630 -0.1304827 -0.0756152 -128.9277496
