0.9999999 -0.0004999 0.0000417 0.0068374
0.0004999 0.9999997 -0.0006502 -0.0056568
-0.0000414 0.0006502 0.9999998 0.0054669
0.0000000 0.0000000 0.0000000 1.0000000
0.9999942 -0.0030373 -0.0015725 0.6945040
0.0030309 0.9999873 -0.0040317 -0.0044634
0.0015848 0.0040269 0.9999906 0.0130066
0.0000000 0.0000000 0.0000000 1.0000000
0.9999706 -0.0069893 -0.0031658 1.4008699
0.0069775 0.9999687 -0.0037243 0.0051379
0.0031917 0.0037021 0.9999881 0.0107673
0.0000000 0.0000000 0.0000000 1.0000000
0.9999250 -0.0112452 -0.0048463 2.1196531
0.0112278 0.9999305 -0.0036002 0.0146539
0.0048864 0.0035455 0.9999818 0.0191111
0.0000000 0.0000000 0.0000000 1.0000000
0.9998557 -0.0159069 -0.0059674 2.8557908
0.0158890 0.9998691 -0.0030372 0.0372574
0.0060149 0.0029419 0.9999776 0.0288236
0.0000000 0.0000000 0.0000000 1.0000000
0.9997655 -0.0207658 -0.0061456 3.6067176
0.0207442 0.9997785 -0.0035486 0.0472311
0.0062179 0.0034203 0.9999748 0.0395786
0.0000000 0.0000000 0.0000000 1.0000000
0.9996618 -0.0250719 -0.0069043 4.3680972
0.0250527 0.9996820 -0.0028648 0.0742493
0.0069739 0.0026908 0.9999721 0.0578750
0.0000000 0.0000000 0.0000000 1.0000000
0.9995252 -0.0297921 -0.0078576 5.1515709
0.0297867 0.9995560 -0.0007999 0.1042555
0.0078780 0.0005654 0.9999688 0.0671660
0.0000000 0.0000000 0.0000000 1.0000000
0.9993889 -0.0340832 -0.0077602 5.9457679
0.0340802 0.9994190 -0.0005119 0.1347970
0.0077732 0.0002471 0.9999698 0.0704468
0.0000000 0.0000000 0.0000000 1.0000000
0.9992426 -0.0386906 -0.0041452 6.7505154
0.0386882 0.9992511 -0.0006716 0.1709464
0.0041681 0.0005107 0.9999912 0.0757344
0.0000000 0.0000000 0.0000000 1.0000000
0.9990990 -0.0423690 -0.0024737 7.5685653
0.0423666 0.9991016 -0.0009972 0.2027424
0.0025137 0.0008915 0.9999964 0.0803381
0.0000000 0.0000000 0.0000000 1.0000000
0.9989951 -0.0447573 -0.0023739 8.3903412
0.0447581 0.9989978 0.0003086 0.2509315
0.0023577 -0.0004145 0.9999971 0.0883593
0.0000000 0.0000000 0.0000000 1.0000000
0.9989028 -0.0467438 -0.0028759 9.2202538
0.0467455 0.9989067 0.0005168 0.2888178
0.0028486 -0.0006507 0.9999957 0.0902290
0.0000000 0.0000000 0.0000000 1.0000000
0.9988016 -0.0488839 -0.0023983 10.0634508
0.0488787 0.9988024 -0.0021427 0.3272576
0.0025002 0.0020229 0.9999948 0.1017754
0.0000000 0.0000000 0.0000000 1.0000000
0.9987116 -0.0507213 -0.0015741 10.9066399
0.0507166 0.9987088 -0.0029427 0.3729515
0.0017213 0.0028590 0.9999944 0.1146000
0.0000000 0.0000000 0.0000000 1.0000000
0.9986418 -0.0520331 -0.0026715 11.7703864
0.0520203 0.9986352 -0.0046585 0.4250371
0.0029102 0.0045132 0.9999856 0.1226827
0.0000000 0.0000000 0.0000000 1.0000000
0.9985341 -0.0539644 -0.0041932 12.6317207
0.0539544 0.9985403 -0.0024736 0.4715531
0.0043205 0.0022437 0.9999882 0.1273950
0.0000000 0.0000000 0.0000000 1.0000000
0.9984454 -0.0552429 -0.0074141 13.4929751
0.0552296 0.9984717 -0.0019794 0.5213397
0.0075121 0.0015669 0.9999706 0.1314943
0.0000000 0.0000000 0.0000000 1.0000000
0.9983388 -0.0568777 -0.0091928 14.3773687
0.0568827 0.9983808 0.0002910 0.5757048
0.0091614 -0.0008134 0.9999577 0.1375238
0.0000000 0.0000000 0.0000000 1.0000000
0.9982733 -0.0580537 -0.0089588 15.2644840
0.0580678 0.9983118 0.0013277 0.6253952
0.0088666 -0.0018456 0.9999590 0.1472655
0.0000000 0.0000000 0.0000000 1.0000000
0.9982205 -0.0592218 -0.0069783 16.1597162
0.0592251 0.9982446 0.0002717 0.6765980
0.0069500 -0.0006845 0.9999756 0.1617729
0.0000000 0.0000000 0.0000000 1.0000000
0.9981453 -0.0606956 -0.0047002 17.0649118
0.0606965 0.9981563 0.0000467 0.7294700
0.0046887 -0.0003319 0.9999890 0.1713314
0.0000000 0.0000000 0.0000000 1.0000000
0.9980872 -0.0617110 -0.0036960 17.9758041
0.0617076 0.9980937 -0.0010411 0.7853077
0.0037532 0.0008111 0.9999926 0.1859232
0.0000000 0.0000000 0.0000000 1.0000000
0.9979957 -0.0631220 -0.0044951 18.8810942
0.0631139 0.9980045 -0.0019278 0.8395134
0.0046079 0.0016402 0.9999880 0.1859728
0.0000000 0.0000000 0.0000000 1.0000000
0.9979309 -0.0641051 -0.0049516 19.7992739
0.0640843 0.9979354 -0.0042532 0.8944156
0.0052140 0.0039270 0.9999787 0.2031391
0.0000000 0.0000000 0.0000000 1.0000000
0.9979076 -0.0645988 -0.0027134 20.7186545
0.0645861 0.9979019 -0.0045300 0.9494733
0.0030003 0.0043452 0.9999861 0.2116992
0.0000000 0.0000000 0.0000000 1.0000000
0.9979117 -0.0645880 0.0007525 21.6542124
0.0645896 0.9979089 -0.0024531 1.0116365
-0.0005925 0.0024966 0.9999967 0.2273461
0.0000000 0.0000000 0.0000000 1.0000000
0.9979535 -0.0637566 0.0048856 22.5945578
0.0637645 0.9979639 -0.0014901 1.0745327
-0.0047806 0.0017986 0.9999870 0.2399124
0.0000000 0.0000000 0.0000000 1.0000000
0.9980128 -0.0624691 0.0082544 23.5300220
0.0624844 0.9980446 -0.0016097 1.1290394
-0.0081377 0.0021223 0.9999646 0.2495164
0.0000000 0.0000000 0.0000000 1.0000000
0.9980964 -0.0608400 0.0101041 24.4788027
0.0608600 0.9981449 -0.0016809 1.1893236
-0.0099831 0.0022927 0.9999475 0.2521834
0.0000000 0.0000000 0.0000000 1.0000000
0.9982022 -0.0594052 0.0079593 25.4276838
0.0594226 0.9982310 -0.0019771 1.2405928
-0.0078278 0.0024465 0.9999664 0.2525218
0.0000000 0.0000000 0.0000000 1.0000000
0.9982932 -0.0582594 0.0040535 26.3789290
0.0582668 0.9982996 -0.0017267 1.2941004
-0.0039460 0.0019599 0.9999903 0.2590809
0.0000000 0.0000000 0.0000000 1.0000000
0.9983776 -0.0569180 0.0015607 27.3331031
0.0569218 0.9983754 -0.0025390 1.3447629
-0.0014137 0.0026237 0.9999956 0.2592117
0.0000000 0.0000000 0.0000000 1.0000000
0.9984224 -0.0560295 0.0036599 28.3100101
0.0560404 0.9984242 -0.0029305 1.3936660
-0.0034900 0.0031310 0.9999890 0.2725510
0.0000000 0.0000000 0.0000000 1.0000000
0.9983888 -0.0561780 0.0079881 29.2891012
0.0562131 0.9984097 -0.0042485 1.4447221
-0.0077367 0.0046907 0.9999591 0.2847166
0.0000000 0.0000000 0.0000000 1.0000000
0.9983131 -0.0568832 0.0116267 30.2694552
0.0569516 0.9983610 -0.0056344 1.4997813
-0.0112871 0.0062870 0.9999165 0.2954082
0.0000000 0.0000000 0.0000000 1.0000000
0.9982727 -0.0575557 0.0117886 31.2596644
0.0577043 0.9982531 -0.0126868 1.5442317
-0.0110378 0.0133451 0.9998500 0.3130157
0.0000000 0.0000000 0.0000000 1.0000000
0.9982091 -0.0592759 0.0080545 32.2448236
0.0593916 0.9981223 -0.0149862 1.5947279
-0.0071511 0.0154377 0.9998553 0.3169436
0.0000000 0.0000000 0.0000000 1.0000000
0.9981376 -0.0608443 0.0043871 33.2304764
0.0609038 0.9980308 -0.0150109 1.6543069
-0.0034651 0.0152501 0.9998777 0.3152816
0.0000000 0.0000000 0.0000000 1.0000000
0.9980272 -0.0627186 0.0028435 34.2277617
0.0627536 0.9979222 -0.0146064 1.7214018
-0.0019215 0.0147560 0.9998893 0.3145890
0.0000000 0.0000000 0.0000000 1.0000000
0.9979740 -0.0633343 0.0060558 35.2301946
0.0634193 0.9978731 -0.0150724 1.7839402
-0.0050883 0.0154259 0.9998681 0.3359513
0.0000000 0.0000000 0.0000000 1.0000000
0.9978930 -0.0644287 0.0076507 36.2305792
0.0645172 0.9978450 -0.0119521 1.8485171
-0.0068641 0.0124205 0.9998993 0.3461253
0.0000000 0.0000000 0.0000000 1.0000000
0.9978220 -0.0653817 0.0087505 37.2306870
0.0654726 0.9977988 -0.0105325 1.9170877
-0.0080426 0.0110825 0.9999062 0.3600534
0.0000000 0.0000000 0.0000000 1.0000000
0.9977557 -0.0661328 0.0104888 38.2367947
0.0662396 0.9977517 -0.0101868 1.9809613
-0.0097916 0.0108587 0.9998931 0.3597518
0.0000000 0.0000000 0.0000000 1.0000000
0.9977250 -0.0659529 0.0139686 39.2414397
0.0660990 0.9977602 -0.0102708 2.0492008
-0.0132599 0.0111708 0.9998497 0.3747490
0.0000000 0.0000000 0.0000000 1.0000000
0.9976780 -0.0664176 0.0150756 40.2410207
0.0665034 0.9977723 -0.0052641 2.1275792
-0.0146924 0.0062545 0.9998725 0.3699844
0.0000000 0.0000000 0.0000000 1.0000000
0.9976810 -0.0663592 0.0151360 41.2491718
0.0664432 0.9977771 -0.0051177 2.1957647
-0.0147627 0.0061115 0.9998723 0.3733008
0.0000000 0.0000000 0.0000000 1.0000000
0.9976935 -0.0663477 0.0143407 42.2441348
0.0664223 0.9977801 -0.0047913 2.2682179
-0.0139910 0.0057328 0.9998857 0.3676434
0.0000000 0.0000000 0.0000000 1.0000000
0.9977548 -0.0660276 0.0112174 43.2431430
0.0660725 0.9978080 -0.0036893 2.3437096
-0.0109492 0.0044221 0.9999303 0.3622645
0.0000000 0.0000000 0.0000000 1.0000000
0.9977009 -0.0667762 0.0115671 44.2339251
0.0668202 0.9977590 -0.0034624 2.4066135
-0.0113100 0.0042274 0.9999271 0.3664199
0.0000000 0.0000000 0.0000000 1.0000000
0.9976079 -0.0678524 0.0132087 45.2225363
0.0679318 0.9976739 -0.0056554 2.4730491
-0.0127942 0.0065392 0.9998968 0.3706074
0.0000000 0.0000000 0.0000000 1.0000000
0.9975437 -0.0684858 0.0147080 46.2089098
0.0685816 0.9976268 -0.0061081 2.5429929
-0.0142548 0.0071018 0.9998732 0.3693610
0.0000000 0.0000000 0.0000000 1.0000000
0.9975628 -0.0686380 0.0125429 47.1914678
0.0687032 0.9976254 -0.0048438 2.6180401
-0.0121806 0.0056937 0.9999096 0.3697790
0.0000000 0.0000000 0.0000000 1.0000000
0.9975588 -0.0693640 0.0080711 48.1681572
0.0694071 0.9975749 -0.0051879 2.6864105
-0.0076917 0.0057354 0.9999540 0.3596031
0.0000000 0.0000000 0.0000000 1.0000000
0.9975431 -0.0697085 0.0069673 49.1404976
0.0697504 0.9975467 -0.0059632 2.7588342
-0.0065345 0.0064345 0.9999579 0.3651200
0.0000000 0.0000000 0.0000000 1.0000000
0.9974742 -0.0701865 0.0109092 50.1105495
0.0702631 0.9975053 -0.0068041 2.8226041
-0.0104044 0.0075535 0.9999173 0.3594790
0.0000000 0.0000000 0.0000000 1.0000000
0.9974139 -0.0702310 0.0152678 51.0852314
0.0703803 0.9974752 -0.0094740 2.8869077
-0.0145639 0.0105240 0.9998386 0.3720274
0.0000000 0.0000000 0.0000000 1.0000000
0.9973966 -0.0703921 0.0156506 52.0529662
0.0705676 0.9974469 -0.0109539 2.9568468
-0.0148396 0.0120298 0.9998175 0.3652796
0.0000000 0.0000000 0.0000000 1.0000000
0.9974084 -0.0703812 0.0149329 53.0178091
0.0705844 0.9974138 -0.0135488 3.0172730
-0.0139407 0.0145677 0.9997967 0.3628104
0.0000000 0.0000000 0.0000000 1.0000000
0.9973984 -0.0708834 0.0131137 53.9733629
0.0710984 0.9973290 -0.0167274 3.0797240
-0.0118929 0.0176163 0.9997741 0.3556278
0.0000000 0.0000000 0.0000000 1.0000000
0.9973196 -0.0718527 0.0138138 54.9304763
0.0721082 0.9972161 -0.0189866 3.1446396
-0.0124111 0.0199318 0.9997243 0.3501522
0.0000000 0.0000000 0.0000000 1.0000000
0.9971947 -0.0727038 0.0178015 55.8880201
0.0730985 0.9970679 -0.0226302 3.2130723
-0.0161040 0.0238680 0.9995854 0.3420391
0.0000000 0.0000000 0.0000000 1.0000000
0.9970447 -0.0731335 0.0235223 56.8471143
0.0737052 0.9969807 -0.0244335 3.2779288
-0.0216644 0.0260950 0.9994247 0.3443209
0.0000000 0.0000000 0.0000000 1.0000000
0.9969317 -0.0739530 0.0256534 57.7999765
0.0745420 0.9969568 -0.0228161 3.3495470
-0.0238880 0.0246584 0.9994105 0.3357658
0.0000000 0.0000000 0.0000000 1.0000000
0.9969125 -0.0752831 0.0223154 58.7372959
0.0757545 0.9969035 -0.0210854 3.4234170
-0.0206590 0.0227108 0.9995286 0.3287572
0.0000000 0.0000000 0.0000000 1.0000000
0.9969577 -0.0766003 0.0144161 59.6587942
0.0768771 0.9968452 -0.0197398 3.4961535
-0.0128585 0.0207880 0.9997012 0.3262478
0.0000000 0.0000000 0.0000000 1.0000000
0.9969255 -0.0777378 0.0098182 60.5782364
0.0779060 0.9967964 -0.0180979 3.5716016
-0.0083798 0.0188072 0.9997880 0.3329814
0.0000000 0.0000000 0.0000000 1.0000000
0.9968284 -0.0787978 0.0111389 61.4857836
0.0789593 0.9967667 -0.0148857 3.6494457
-0.0099300 0.0157180 0.9998272 0.3364332
0.0000000 0.0000000 0.0000000 1.0000000
0.9967114 -0.0799021 0.0134937 62.3820237
0.0800715 0.9967105 -0.0125195 3.7218396
-0.0124489 0.0135588 0.9998306 0.3427307
0.0000000 0.0000000 0.0000000 1.0000000
0.9965626 -0.0813678 0.0155620 63.2715153
0.0815447 0.9966080 -0.0110910 3.7945698
-0.0146068 0.0123218 0.9998174 0.3509132
0.0000000 0.0000000 0.0000000 1.0000000
0.9964860 -0.0824036 0.0150118 64.1468130
0.0825575 0.9965368 -0.0099358 3.8691629
-0.0141410 0.0111402 0.9998380 0.3505287
0.0000000 0.0000000 0.0000000 1.0000000
0.9963447 -0.0839358 0.0158760 65.0053124
0.0840770 0.9964234 -0.0084491 3.9478370
-0.0151101 0.0097530 0.9998383 0.3510701
0.0000000 0.0000000 0.0000000 1.0000000
0.9962238 -0.0853390 0.0159821 65.8463675
0.0854630 0.9963150 -0.0072420 4.0299208
-0.0153052 0.0085806 0.9998461 0.3524121
0.0000000 0.0000000 0.0000000 1.0000000
0.9960772 -0.0869265 0.0165525 66.6766040
0.0870499 0.9961801 -0.0068900 4.1006858
-0.0158903 0.0083039 0.9998393 0.3534210
0.0000000 0.0000000 0.0000000 1.0000000
0.9959458 -0.0882316 0.0175239 67.4888419
0.0883614 0.9960654 -0.0067736 4.1737654
-0.0168573 0.0082946 0.9998235 0.3501703
0.0000000 0.0000000 0.0000000 1.0000000
0.9957889 -0.0893688 0.0204383 68.2936901
0.0894776 0.9959788 -0.0044689 4.2550520
-0.0199568 0.0062788 0.9997811 0.3497915
0.0000000 0.0000000 0.0000000 1.0000000
0.9955705 -0.0909043 0.0239952 69.0796312
0.0910023 0.9958461 -0.0030228 4.3316920
-0.0236208 0.0051931 0.9997075 0.3444260
0.0000000 0.0000000 0.0000000 1.0000000
0.9953741 -0.0925212 0.0258902 69.8598936
0.0925878 0.9957036 -0.0013821 4.4082060
-0.0256511 0.0037728 0.9996638 0.3421700
0.0000000 0.0000000 0.0000000 1.0000000
0.9953599 -0.0937519 0.0216638 70.6098076
0.0937448 0.9955954 0.0013444 4.4825210
-0.0216944 0.0006927 0.9997644 0.3423786
0.0000000 0.0000000 0.0000000 1.0000000
0.9954113 -0.0946822 0.0138432 71.3376257
0.0946770 0.9955075 0.0010336 4.5514124
-0.0138788 0.0002818 0.9999036 0.3399446
0.0000000 0.0000000 0.0000000 1.0000000
0.9953504 -0.0959212 0.0087577 72.0446275
0.0959267 0.9953884 -0.0001993 4.6180192
-0.0086981 0.0010385 0.9999616 0.3441265
0.0000000 0.0000000 0.0000000 1.0000000
0.9953083 -0.0964711 0.0074027 72.7394629
0.0964674 0.9953358 0.0008510 4.6895845
-0.0074503 -0.0001329 0.9999722 0.3384108
0.0000000 0.0000000 0.0000000 1.0000000
0.9952119 -0.0971720 0.0105311 73.4163565
0.0971488 0.9952662 0.0026975 4.7629956
-0.0107433 -0.0016615 0.9999409 0.3448047
0.0000000 0.0000000 0.0000000 1.0000000
0.9950423 -0.0984710 0.0139411 74.0692959
0.0984464 0.9951394 0.0024433 4.8273144
-0.0141139 -0.0010587 0.9998998 0.3527234
0.0000000 0.0000000 0.0000000 1.0000000
0.9949750 -0.0995827 0.0103952 74.7003100
0.0995957 0.9950277 -0.0007331 4.8854430
-0.0102705 0.0017647 0.9999457 0.3550148
0.0000000 0.0000000 0.0000000 1.0000000
0.9950451 -0.0992468 0.0059375 75.3088055
0.0992895 0.9950312 -0.0073784 4.9360571
-0.0051757 0.0079314 0.9999552 0.3642992
0.0000000 0.0000000 0.0000000 1.0000000
0.9951535 -0.0983127 0.0020117 75.9021360
0.0983298 0.9950829 -0.0118905 4.9868365
-0.0008328 0.0120306 0.9999273 0.3627715
0.0000000 0.0000000 0.0000000 1.0000000
0.9954635 -0.0951360 0.0012240 76.4872619
0.0951435 0.9954111 -0.0102188 5.0430134
-0.0002462 0.0102889 0.9999470 0.3704717
0.0000000 0.0000000 0.0000000 1.0000000
0.9958373 -0.0910481 0.0042790 77.0510048
0.0910695 0.9958314 -0.0051075 5.1072245
-0.0037961 0.0054760 0.9999778 0.3695168
0.0000000 0.0000000 0.0000000 1.0000000
0.9962731 -0.0859450 0.0073033 77.6140841
0.0859940 0.9962732 -0.0066830 5.1544638
-0.0067017 0.0072861 0.9999510 0.3712998
0.0000000 0.0000000 0.0000000 1.0000000
0.9966709 -0.0806179 0.0121612 78.1596070
0.0807404 0.9966855 -0.0099494 5.1868221
-0.0113188 0.0108982 0.9998765 0.3750170
0.0000000 0.0000000 0.0000000 1.0000000
0.9972563 -0.0722783 0.0159947 78.6904541
0.0725119 0.9972615 -0.0145417 5.2170047
-0.0148998 0.0156616 0.9997663 0.3880226
0.0000000 0.0000000 0.0000000 1.0000000
0.9979637 -0.0619406 0.0152279 79.2098950
0.0621169 0.9980039 -0.0113900 5.2439525
-0.0144920 0.0123128 0.9998192 0.3879325
0.0000000 0.0000000 0.0000000 1.0000000
0.9987853 -0.0471563 0.0142890 79.7072832
0.0472542 0.9988611 -0.0065975 5.2717405
-0.0139616 0.0072647 0.9998761 0.3831616
0.0000000 0.0000000 0.0000000 1.0000000
0.9994611 -0.0294707 0.0144597 80.1923311
0.0295046 0.9995624 -0.0021364 5.2881727
-0.0143904 0.0025619 0.9998932 0.3855194
0.0000000 0.0000000 0.0000000 1.0000000
0.9998381 -0.0076311 0.0162956 80.6654124
0.0076771 0.9999667 -0.0027584 5.2767798
-0.0162740 0.0028830 0.9998634 0.3925068
0.0000000 0.0000000 0.0000000 1.0000000
0.9996765 0.0185709 0.0173793 81.1354980
-0.0184574 0.9998074 -0.0066635 5.2500645
-0.0174997 0.0063405 0.9998268 0.3934779
0.0000000 0.0000000 0.0000000 1.0000000
0.9986726 0.0477353 0.0193484 81.5869032
-0.0475938 0.9988371 -0.0077045 5.2133399
-0.0196937 0.0067734 0.9997831 0.3908334
0.0000000 0.0000000 0.0000000 1.0000000
0.9965328 0.0803723 0.0215079 82.0354160
-0.0802195 0.9967461 -0.0078779 5.1616828
-0.0220711 0.0061252 0.9997376 0.3901755
0.0000000 0.0000000 0.0000000 1.0000000
0.9927733 0.1177689 0.0230589 82.4761940
-0.1176182 0.9930283 -0.0077902 5.0909788
-0.0238156 0.0050218 0.9997038 0.3845402
0.0000000 0.0000000 0.0000000 1.0000000
0.9870183 0.1587482 0.0243687 82.9032369
-0.1586090 0.9873126 -0.0075543 4.9954453
-0.0252588 0.0035912 0.9996745 0.3768732
0.0000000 0.0000000 0.0000000 1.0000000
0.9787632 0.2034725 0.0249300 83.3224788
-0.2033365 0.9790770 -0.0079021 4.8829768
-0.0260163 0.0026651 0.9996580 0.3707280
0.0000000 0.0000000 0.0000000 1.0000000
0.9674151 0.2520067 0.0245105 83.7259150
-0.2519328 0.9677255 -0.0061071 4.7530592
-0.0252585 -0.0002669 0.9996809 0.3643562
0.0000000 0.0000000 0.0000000 1.0000000
0.9522716 0.3043690 0.0232009 84.1061373
-0.3043084 0.9525535 -0.0061818 4.6035274
-0.0239816 -0.0011734 0.9997117 0.3537705
0.0000000 0.0000000 0.0000000 1.0000000
0.9326208 0.3601669 0.0223207 84.4813526
-0.3601336 0.9328837 -0.0056334 4.4261065
-0.0228516 -0.0027846 0.9997350 0.3493067
0.0000000 0.0000000 0.0000000 1.0000000
0.9090472 0.4160715 0.0227516 84.8183210
-0.4160655 0.9093196 -0.0052184 4.2332448
-0.0228597 -0.0047224 0.9997275 0.3456794
0.0000000 0.0000000 0.0000000 1.0000000
0.8806088 0.4733514 0.0216031 85.1445817
-0.4733455 0.8808584 -0.0057057 4.0298337
-0.0217300 -0.0052013 0.9997503 0.3367342
0.0000000 0.0000000 0.0000000 1.0000000
0.8478465 0.5299027 0.0189582 85.4553430
-0.5298620 0.8480505 -0.0075159 3.7882439
-0.0200602 -0.0036729 0.9997920 0.3368373
0.0000000 0.0000000 0.0000000 1.0000000
0.8116817 0.5838038 0.0186030 85.7359792
-0.5837577 0.8118847 -0.0083765 3.5452664
-0.0199937 -0.0040606 0.9997919 0.3347803
0.0000000 0.0000000 0.0000000 1.0000000
0.7723140 0.6349395 0.0195700 86.0159719
-0.6348771 0.7725478 -0.0100443 3.2722686
-0.0214963 -0.0046672 0.9997580 0.3299323
0.0000000 0.0000000 0.0000000 1.0000000
0.7301793 0.6828825 0.0225781 86.2600198
-0.6828313 0.7304917 -0.0110984 2.9869591
-0.0240720 -0.0073133 0.9996835 0.3238186
0.0000000 0.0000000 0.0000000 1.0000000
0.6859897 0.7272293 0.0235740 86.5009304
-0.7271712 0.6863416 -0.0125426 2.6924732
-0.0253011 -0.0085382 0.9996434 0.3217240
0.0000000 0.0000000 0.0000000 1.0000000
0.6401260 0.7679913 0.0206910 86.7050143
-0.7678916 0.6404238 -0.0141352 2.3671818
-0.0241067 -0.0068402 0.9996860 0.3200141
0.0000000 0.0000000 0.0000000 1.0000000
0.5937347 0.8044826 0.0169403 86.8850242
-0.8043091 0.5939660 -0.0170655 2.0477942
-0.0237908 -0.0034929 0.9997109 0.3199458
0.0000000 0.0000000 0.0000000 1.0000000
0.5474815 0.8366201 0.0181913 87.0580889
-0.8365084 0.5477408 -0.0152851 1.7067800
-0.0227520 -0.0068489 0.9997177 0.3145155
0.0000000 0.0000000 0.0000000 1.0000000
0.5009095 0.8652374 0.0213102 87.2116506
-0.8652183 0.5012226 -0.0131597 1.3771996
-0.0220674 -0.0118461 0.9996863 0.3084288
0.0000000 0.0000000 0.0000000 1.0000000
0.4563060 0.8895567 0.0217683 87.3514563
-0.8895957 0.4566057 -0.0114305 1.0398895
-0.0201076 -0.0141492 0.9996977 0.3061831
0.0000000 0.0000000 0.0000000 1.0000000
0.4142373 0.9100323 0.0157734 87.4611260
-0.9099804 0.4144420 -0.0131667 0.6824722
-0.0185193 -0.0088994 0.9997889 0.2961144
0.0000000 0.0000000 0.0000000 1.0000000
0.3755552 0.9267968 0.0024540 87.5534131
-0.9265592 0.3755167 -0.0217972 0.3257206
-0.0211231 0.0059123 0.9997594 0.2920741
0.0000000 0.0000000 0.0000000 1.0000000
0.3409260 0.9400887 -0.0016752 87.6412723
-0.9397886 0.3407710 -0.0259298 -0.0424917
-0.0238055 0.0104144 0.9996624 0.2822540
0.0000000 0.0000000 0.0000000 1.0000000
0.3084924 0.9512267 0.0005306 87.7388268
-0.9509927 0.3084289 -0.0220074 -0.4088282
-0.0210977 0.0062845 0.9997577 0.2767267
0.0000000 0.0000000 0.0000000 1.0000000
0.2778756 0.9605729 0.0092176 87.8409001
-0.9604850 0.2779837 -0.0139089 -0.7762927
-0.0159229 -0.0049884 0.9998608 0.2690526
0.0000000 0.0000000 0.0000000 1.0000000
0.2499079 0.9681735 0.0136489 87.9271885
-0.9681947 0.2500390 -0.0089079 -1.1541298
-0.0120371 -0.0109887 0.9998672 0.2738063
0.0000000 0.0000000 0.0000000 1.0000000
0.2248164 0.9743285 0.0119018 87.9953949
-0.9743491 0.2249138 -0.0075864 -1.5481354
-0.0100686 -0.0098909 0.9999004 0.2757410
0.0000000 0.0000000 0.0000000 1.0000000
0.2014235 0.9794925 0.0048115 88.0474956
-0.9794748 0.2014531 -0.0067582 -1.9582892
-0.0075889 -0.0033515 0.9999656 0.2687686
0.0000000 0.0000000 0.0000000 1.0000000
0.1799888 0.9836651 -0.0026600 88.0932417
-0.9836647 0.1799798 -0.0033010 -2.3576997
-0.0027683 0.0032107 0.9999910 0.2586133
0.0000000 0.0000000 0.0000000 1.0000000
0.1603801 0.9870416 -0.0052135 88.1416168
-0.9870364 0.1604075 0.0053421 -2.7777467
0.0061092 0.0042892 0.9999721 0.2456059
0.0000000 0.0000000 0.0000000 1.0000000
0.1429813 0.9897237 -0.0018527 88.1979507
-0.9897061 0.1429900 0.0059597 -3.2162470
0.0061634 0.0009815 0.9999805 0.2452061
0.0000000 0.0000000 0.0000000 1.0000000
0.1276654 0.9918165 0.0013131 88.2529629
-0.9918165 0.1276636 0.0013911 -3.6765558
0.0012121 -0.0014800 0.9999982 0.2495279
0.0000000 0.0000000 0.0000000 1.0000000
0.1134585 0.9935425 0.0007779 88.2949086
-0.9935418 0.1134593 -0.0012024 -4.1478321
-0.0012829 -0.0006364 0.9999990 0.2518250
0.0000000 0.0000000 0.0000000 1.0000000
0.1002656 0.9949608 -0.0001379 88.3331578
-0.9949548 0.1002645 -0.0034342 -4.6291727
-0.0034030 0.0004815 0.9999941 0.2471386
0.0000000 0.0000000 0.0000000 1.0000000
0.0892966 0.9959975 -0.0039100 88.3570569
-0.9959965 0.0892790 -0.0044808 -5.1296469
-0.0041137 0.0042944 0.9999823 0.2414615
0.0000000 0.0000000 0.0000000 1.0000000
0.0788190 0.9968597 -0.0076476 88.3838447
-0.9968859 0.0787977 -0.0030517 -5.6375796
-0.0024395 0.0078643 0.9999661 0.2332303
0.0000000 0.0000000 0.0000000 1.0000000
0.0714490 0.9973919 -0.0102225 88.4046350
-0.9974431 0.0714297 -0.0022413 -6.1680413
-0.0015052 0.0103565 0.9999452 0.2274691
0.0000000 0.0000000 0.0000000 1.0000000
0.0660376 0.9977453 -0.0119768 88.4274429
-0.9978170 0.0660270 -0.0012793 -6.7140454
-0.0004856 0.0120352 0.9999275 0.2167161
0.0000000 0.0000000 0.0000000 1.0000000
0.0604251 0.9980837 -0.0133381 88.4432420
-0.9981726 0.0604239 -0.0004889 -7.2818679
0.0003180 0.0133433 0.9999109 0.2192526
0.0000000 0.0000000 0.0000000 1.0000000
0.0545619 0.9984009 -0.0147912 88.4672771
-0.9985094 0.0545755 0.0005183 -7.8706071
0.0013247 0.0147409 0.9998905 0.2097833
0.0000000 0.0000000 0.0000000 1.0000000
0.0506248 0.9985564 -0.0179533 88.4859647
-0.9987171 0.0506367 0.0002049 -8.4812498
0.0011137 0.0179199 0.9998388 0.2105540
0.0000000 0.0000000 0.0000000 1.0000000
0.0476443 0.9986616 -0.0201275 88.5082015
-0.9988639 0.0476518 -0.0001102 -9.1000844
0.0008491 0.0201099 0.9997974 0.2112069
0.0000000 0.0000000 0.0000000 1.0000000
0.0445118 0.9987948 -0.0206832 88.5306973
-0.9990087 0.0445091 -0.0005914 -9.7362229
0.0003299 0.0206890 0.9997859 0.2113580
0.0000000 0.0000000 0.0000000 1.0000000
0.0421784 0.9988656 -0.0221058 88.5520461
-0.9991100 0.0421680 -0.0009368 -10.3961553
-0.0000036 0.0221257 0.9997552 0.2132936
0.0000000 0.0000000 0.0000000 1.0000000
0.0417918 0.9987830 -0.0261925 88.5671834
-0.9991263 0.0417766 -0.0011267 -11.0652386
-0.0000311 0.0262167 0.9996563 0.2173597
0.0000000 0.0000000 0.0000000 1.0000000
0.0428899 0.9985868 -0.0313848 88.5868482
-0.9990796 0.0428520 -0.0018794 -11.7648612
-0.0005318 0.0314365 0.9995056 0.2156354
0.0000000 0.0000000 0.0000000 1.0000000
0.0449074 0.9984564 -0.0326848 88.6090589
-0.9989909 0.0448619 -0.0021260 -12.4683660
-0.0006564 0.0327473 0.9994634 0.2220876
0.0000000 0.0000000 0.0000000 1.0000000
0.0488874 0.9981614 -0.0358328 88.6343944
-0.9988042 0.0488678 -0.0014223 -13.2010118
0.0003314 0.0358595 0.9993568 0.2215987
0.0000000 0.0000000 0.0000000 1.0000000
0.0530504 0.9978850 -0.0375672 88.6652621
-0.9985913 0.0530476 -0.0010723 -13.9500620
0.0009228 0.0375712 0.9992935 0.2302883
0.0000000 0.0000000 0.0000000 1.0000000
0.0571146 0.9975613 -0.0401179 88.6929787
-0.9983660 0.0569984 -0.0040369 -14.7051803
-0.0017404 0.0402829 0.9991868 0.2239633
0.0000000 0.0000000 0.0000000 1.0000000
0.0612451 0.9973021 -0.0404695 88.7311311
-0.9981182 0.0610734 -0.0054671 -15.4793654
-0.0029807 0.0407282 0.9991658 0.2188219
0.0000000 0.0000000 0.0000000 1.0000000
0.0650975 0.9971962 -0.0369089 88.7845609
-0.9978619 0.0648363 -0.0082322 -16.2644984
-0.0058161 0.0373659 0.9992847 0.2172920
0.0000000 0.0000000 0.0000000 1.0000000
0.0691498 0.9969846 -0.0352169 88.8351051
-0.9975820 0.0688590 -0.0094059 -17.0700479
-0.0069525 0.0357821 0.9993354 0.2146767
0.0000000 0.0000000 0.0000000 1.0000000
0.0736586 0.9967196 -0.0335354 88.8864096
-0.9972694 0.0734375 -0.0077810 -17.8845283
-0.0052927 0.0340170 0.9994072 0.2206234
0.0000000 0.0000000 0.0000000 1.0000000
0.0767142 0.9965700 -0.0310377 88.9496736
-0.9970524 0.0766416 -0.0035234 -18.6925376
-0.0011325 0.0312165 0.9995120 0.2323401
0.0000000 0.0000000 0.0000000 1.0000000
0.0780927 0.9965663 -0.0275183 89.0158274
-0.9969365 0.0781832 0.0022247 -19.4971593
0.0043686 0.0272603 0.9996188 0.2360603
0.0000000 0.0000000 0.0000000 1.0000000
0.0778652 0.9966409 -0.0253796 89.0798336
-0.9969423 0.0780056 0.0045882 -20.3324012
0.0065525 0.0249447 0.9996674 0.2440336
0.0000000 0.0000000 0.0000000 1.0000000
0.0777480 0.9967418 -0.0214737 89.1483054
-0.9969527 0.0778659 0.0047069 -21.1525191
0.0063636 0.0210423 0.9997583 0.2542251
0.0000000 0.0000000 0.0000000 1.0000000
0.0781359 0.9967472 -0.0197464 89.2100966
-0.9969366 0.0781890 0.0019295 -21.9791555
0.0034672 0.0195352 0.9998032 0.2682058
0.0000000 0.0000000 0.0000000 1.0000000
0.0778380 0.9967682 -0.0198625 89.2681329
-0.9969635 0.0778669 0.0006891 -22.7916161
0.0022335 0.0197485 0.9998025 0.2812337
0.0000000 0.0000000 0.0000000 1.0000000
0.0785295 0.9967416 -0.0184245 89.3259544
-0.9969100 0.0785499 0.0003857 -23.6160238
0.0018317 0.0183373 0.9998302 0.2922701
0.0000000 0.0000000 0.0000000 1.0000000
0.0790938 0.9967329 -0.0163642 89.3859045
-0.9968640 0.0791238 0.0011891 -24.4330166
0.0024800 0.0162188 0.9998654 0.2977353
0.0000000 0.0000000 0.0000000 1.0000000
0.0795367 0.9966997 -0.0162425 89.4575446
-0.9968266 0.0795789 0.0019675 -25.2544965
0.0032536 0.0160344 0.9998661 0.3030613
0.0000000 0.0000000 0.0000000 1.0000000
0.0783698 0.9968092 -0.0151579 89.5231131
-0.9969146 0.0784271 0.0032242 -26.0709915
0.0044027 0.0148584 0.9998799 0.3170390
0.0000000 0.0000000 0.0000000 1.0000000
0.0760635 0.9970102 -0.0136060 89.5857587
-0.9970909 0.0761226 0.0038784 -26.8872404
0.0049025 0.0132714 0.9998999 0.3276681
0.0000000 0.0000000 0.0000000 1.0000000
0.0723883 0.9973021 -0.0121860 89.6427537
-0.9973676 0.0724337 0.0033230 -27.6985246
0.0041967 0.0119134 0.9999202 0.3407887
0.0000000 0.0000000 0.0000000 1.0000000
0.0676792 0.9976654 -0.0091317 89.7011996
-0.9977047 0.0676960 0.0015474 -28.5160304
0.0021619 0.0090060 0.9999571 0.3517026
0.0000000 0.0000000 0.0000000 1.0000000
0.0614007 0.9980863 -0.0073340 89.7518587
-0.9981121 0.0613884 -0.0018934 -29.3258481
-0.0014395 0.0074364 0.9999713 0.3696247
0.0000000 0.0000000 0.0000000 1.0000000
0.0539108 0.9985115 -0.0082807 89.7949567
-0.9985452 0.0539004 -0.0014755 -30.1354690
-0.0010269 0.0083482 0.9999646 0.3817262
0.0000000 0.0000000 0.0000000 1.0000000
0.0451130 0.9989532 -0.0075731 89.8329979
-0.9989817 0.0451072 -0.0009342 -30.9412577
-0.0005916 0.0076076 0.9999709 0.3907197
0.0000000 0.0000000 0.0000000 1.0000000
0.0350827 0.9993579 -0.0072834 89.8643399
-0.9993831 0.0350704 -0.0018179 -31.7436408
-0.0015613 0.0073427 0.9999718 0.3984996
0.0000000 0.0000000 0.0000000 1.0000000
0.0247613 0.9996591 -0.0082921 89.8821117
-0.9996915 0.0247447 -0.0020932 -32.5435557
-0.0018873 0.0083414 0.9999634 0.4007331
0.0000000 0.0000000 0.0000000 1.0000000
0.0139624 0.9998759 -0.0073004 89.8961070
-0.9998956 0.0139348 -0.0038157 -33.3426417
-0.0037135 0.0073529 0.9999661 0.4088456
0.0000000 0.0000000 0.0000000 1.0000000
0.0032811 0.9999665 -0.0075066 89.8899159
-0.9999792 0.0032394 -0.0055656 -34.1329064
-0.0055411 0.0075247 0.9999563 0.4077170
0.0000000 0.0000000 0.0000000 1.0000000
-0.0080706 0.9999411 -0.0072683 89.8738929
-0.9999533 -0.0081089 -0.0052517 -34.9229215
-0.0053103 0.0072256 0.9999598 0.4147718
0.0000000 0.0000000 0.0000000 1.0000000
-0.0188917 0.9997946 -0.0073538 89.8501773
-0.9998061 -0.0189316 -0.0053978 -35.7052276
-0.0055359 0.0072504 0.9999584 0.4167413
0.0000000 0.0000000 0.0000000 1.0000000
-0.0297351 0.9995285 -0.0076570 89.8205462
-0.9995461 -0.0297708 -0.0045894 -36.4760749
-0.0048152 0.0075170 0.9999602 0.4189366
0.0000000 0.0000000 0.0000000 1.0000000
-0.0396546 0.9991692 -0.0094111 89.7874690
-0.9992075 -0.0396848 -0.0030436 -37.2415917
-0.0034145 0.0092829 0.9999511 0.4267382
0.0000000 0.0000000 0.0000000 1.0000000
-0.0497427 0.9987246 -0.0086614 89.7452100
-0.9987583 -0.0497643 -0.0022943 -38.0064195
-0.0027224 0.0085365 0.9999599 0.4297814
0.0000000 0.0000000 0.0000000 1.0000000
-0.0596263 0.9981801 -0.0090181 89.6983664
-0.9982143 -0.0596558 -0.0030404 -38.7608240
-0.0035729 0.0088207 0.9999547 0.4358867
0.0000000 0.0000000 0.0000000 1.0000000
-0.0692775 0.9975495 -0.0097857 89.6409227
-0.9975917 -0.0693069 -0.0026957 -39.5072213
-0.0033673 0.0095753 0.9999485 0.4369202
0.0000000 0.0000000 0.0000000 1.0000000
-0.0783121 0.9968688 -0.0109515 89.5702258
-0.9969191 -0.0783551 -0.0035454 -40.2491073
-0.0043924 0.0106401 0.9999337 0.4398956
0.0000000 0.0000000 0.0000000 1.0000000
-0.0857055 0.9962177 -0.0143172 89.5059133
-0.9963027 -0.0857808 -0.0047342 -40.9797947
-0.0059444 0.0138585 0.9998863 0.4365059
0.0000000 0.0000000 0.0000000 1.0000000
-0.0913737 0.9956631 -0.0174936 89.4254911
-0.9957917 -0.0914816 -0.0054729 -41.7014352
-0.0070495 0.0169199 0.9998320 0.4414267
0.0000000 0.0000000 0.0000000 1.0000000
-0.0953257 0.9952452 -0.0200039 89.3439139
-0.9954076 -0.0954794 -0.0068697 -42.4145176
-0.0087470 0.0192572 0.9997763 0.4530180
0.0000000 0.0000000 0.0000000 1.0000000
-0.0977807 0.9949560 -0.0223968 89.2739715
-0.9951545 -0.0979838 -0.0081556 -43.1114735
-0.0103090 0.0214908 0.9997159 0.4564474
0.0000000 0.0000000 0.0000000 1.0000000
-0.0997473 0.9947141 -0.0243818 89.1926899
-0.9949589 -0.0999669 -0.0079553 -43.7984712
-0.0103506 0.0234654 0.9996711 0.4550545
0.0000000 0.0000000 0.0000000 1.0000000
-0.1006333 0.9946320 -0.0240863 89.1210763
-0.9948636 -0.1008636 -0.0085393 -44.4714596
-0.0109228 0.0231032 0.9996734 0.4548758
0.0000000 0.0000000 0.0000000 1.0000000
-0.1002333 0.9946463 -0.0251427 89.0507358
-0.9949172 -0.1004414 -0.0071505 -45.1282991
-0.0096375 0.0242982 0.9996583 0.4572243
0.0000000 0.0000000 0.0000000 1.0000000
-0.0973503 0.9949117 -0.0259563 88.9832875
-0.9952149 -0.0975332 -0.0058724 -45.7699190
-0.0083741 0.0252604 0.9996458 0.4622570
0.0000000 0.0000000 0.0000000 1.0000000
-0.0926994 0.9953449 -0.0263725 88.9191829
-0.9956621 -0.0928763 -0.0055608 -46.3940226
-0.0079843 0.0257426 0.9996367 0.4593467
0.0000000 0.0000000 0.0000000 1.0000000
-0.0850077 0.9960377 -0.0261307 88.8739619
-0.9963552 -0.0851623 -0.0048609 -46.9972062
-0.0070670 0.0256222 0.9996467 0.4610206
0.0000000 0.0000000 0.0000000 1.0000000
-0.0740999 0.9969254 -0.0254751 88.8271527
-0.9972309 -0.0742353 -0.0044091 -47.5805882
-0.0062867 0.0250778 0.9996657 0.4651343
0.0000000 0.0000000 0.0000000 1.0000000
-0.0605721 0.9978496 -0.0250477 88.7934324
-0.9981460 -0.0607016 -0.0044424 -48.1430554
-0.0059533 0.0247322 0.9996764 0.4709979
0.0000000 0.0000000 0.0000000 1.0000000
-0.0430684 0.9987774 -0.0242694 88.7728966
-0.9990611 -0.0431690 -0.0036331 -48.6859919
-0.0046763 0.0240901 0.9996988 0.4706883
0.0000000 0.0000000 0.0000000 1.0000000
-0.0222455 0.9994665 -0.0239175 88.7630220
-0.9997514 -0.0222736 -0.0009075 -49.2287004
-0.0014397 0.0238914 0.9997135 0.4710215
0.0000000 0.0000000 0.0000000 1.0000000
0.0019044 0.9997404 -0.0227061 88.7634004
-0.9999950 0.0019608 0.0024644 -49.7605304
0.0025083 0.0227013 0.9997391 0.4743053
0.0000000 0.0000000 0.0000000 1.0000000
0.0299308 0.9993062 -0.0221662 88.7875753
-0.9995389 0.0300364 0.0044438 -50.2826647
0.0051065 0.0220230 0.9997444 0.4805474
0.0000000 0.0000000 0.0000000 1.0000000
0.0631003 0.9978033 -0.0201748 88.8288388
-0.9979934 0.0631925 0.0039631 -50.8103181
0.0052293 0.0198843 0.9997886 0.4851722
0.0000000 0.0000000 0.0000000 1.0000000
0.1009833 0.9946905 -0.0198333 88.8889022
-0.9948823 0.1010305 0.0013901 -51.3279857
0.0033865 0.0195914 0.9998023 0.4904762
0.0000000 0.0000000 0.0000000 1.0000000
0.1427775 0.9895720 -0.0190277 88.9801591
-0.9897541 0.1427724 -0.0016299 -51.8262577
0.0011037 0.0190654 0.9998176 0.4942415
0.0000000 0.0000000 0.0000000 1.0000000
0.1875724 0.9820986 -0.0172928 89.0915405
-0.9822476 0.1874985 -0.0058169 -52.3243500
-0.0024703 0.0180769 0.9998336 0.4993861
0.0000000 0.0000000 0.0000000 1.0000000
0.2356245 0.9717556 -0.0131258 89.2275484
-0.9718324 0.2355338 -0.0080933 -52.8123851
-0.0047732 0.0146631 0.9998811 0.4994739
0.0000000 0.0000000 0.0000000 1.0000000
0.2860603 0.9581538 -0.0105350 89.3879563
-0.9581934 0.2859698 -0.0093105 -53.2775113
-0.0059082 0.0127579 0.9999012 0.5000660
0.0000000 0.0000000 0.0000000 1.0000000
0.3402716 0.9402708 -0.0103036 89.5747205
-0.9403144 0.3401895 -0.0089393 -53.7363894
-0.0049002 0.0127304 0.9999070 0.4972588
0.0000000 0.0000000 0.0000000 1.0000000
0.3972357 0.9176150 -0.0136609 89.7843336
-0.9177129 0.3971482 -0.0087283 -54.1692848
-0.0025838 0.0160040 0.9998686 0.5043118
0.0000000 0.0000000 0.0000000 1.0000000
0.4559664 0.8898338 -0.0170454 90.0215161
-0.8899896 0.4559568 -0.0046723 -54.5690446
0.0036145 0.0173007 0.9998438 0.5120982
0.0000000 0.0000000 0.0000000 1.0000000
0.5151289 0.8568229 -0.0222905 90.2834019
-0.8570476 0.5152360 -0.0010764 -54.9760250
0.0105625 0.0196585 0.9997510 0.5112966
0.0000000 0.0000000 0.0000000 1.0000000
0.5719583 0.8199705 -0.0226339 90.5726498
-0.8201280 0.5721685 0.0036335 -55.3371217
0.0159298 0.0164845 0.9997372 0.5113145
0.0000000 0.0000000 0.0000000 1.0000000
0.6267424 0.7788650 -0.0237328 90.8906779
-0.7789608 0.6270333 0.0070122 -55.6849926
0.0203428 0.0140921 0.9996937 0.5182791
0.0000000 0.0000000 0.0000000 1.0000000
0.6788688 0.7338323 -0.0250486 91.2195810
-0.7338836 0.6792178 0.0088303 -56.0080184
0.0234934 0.0123882 0.9996472 0.5299627
0.0000000 0.0000000 0.0000000 1.0000000
0.7275842 0.6855096 -0.0264179 91.5696248
-0.6855932 0.7279495 0.0071736 -56.3018781
0.0241485 0.0128925 0.9996252 0.5396600
0.0000000 0.0000000 0.0000000 1.0000000
0.7720933 0.6351345 -0.0218237 91.9531084
-0.6352292 0.7723172 0.0031637 -56.5822451
0.0188642 0.0114204 0.9997568 0.5579729
0.0000000 0.0000000 0.0000000 1.0000000
0.8131308 0.5818178 -0.0175052 92.3422523
-0.5819235 0.8132426 -0.0011960 -56.8308865
0.0135401 0.0111592 0.9998461 0.5644245
0.0000000 0.0000000 0.0000000 1.0000000
0.8492387 0.5278458 -0.0131355 92.7499853
-0.5279319 0.8492771 -0.0040337 -57.0491131
0.0090265 0.0103603 0.9999056 0.5749315
0.0000000 0.0000000 0.0000000 1.0000000
0.8803307 0.4743032 -0.0073701 93.1830372
-0.4743472 0.8803158 -0.0062210 -57.2493034
0.0035374 0.0089725 0.9999535 0.5825203
0.0000000 0.0000000 0.0000000 1.0000000
0.9058675 0.4235599 -0.0010427 93.6214677
-0.4235586 0.9058508 -0.0056902 -57.4233253
-0.0014656 0.0055962 0.9999833 0.5867401
0.0000000 0.0000000 0.0000000 1.0000000
0.9260096 0.3774924 0.0023918 94.0642122
-0.3774838 0.9260100 -0.0033742 -57.5699343
-0.0034886 0.0022216 0.9999914 0.5937368
0.0000000 0.0000000 0.0000000 1.0000000
0.9413780 0.3372752 0.0072715 94.5222248
-0.3373028 0.9413916 0.0029585 -57.7083348
-0.0058475 -0.0052378 0.9999692 0.5962961
0.0000000 0.0000000 0.0000000 1.0000000
0.9532531 0.3021112 0.0061107 94.9812945
-0.3021482 0.9532389 0.0064875 -57.8302157
-0.0038650 -0.0080306 0.9999603 0.5916885
0.0000000 0.0000000 0.0000000 1.0000000
0.9625038 0.2712177 0.0052430 95.4474225
-0.2712556 0.9624658 0.0089392 -57.9436431
-0.0026217 -0.0100262 0.9999463 0.5855565
0.0000000 0.0000000 0.0000000 1.0000000
0.9685068 0.2489615 0.0035826 95.9301099
-0.2489762 0.9684991 0.0045088 -58.0683400
-0.0023472 -0.0052588 0.9999834 0.5989949
0.0000000 0.0000000 0.0000000 1.0000000
0.9724365 0.2331483 0.0030212 96.4174227
-0.2331557 0.9724364 0.0024313 -58.1816399
-0.0023711 -0.0030687 0.9999925 0.6016779
0.0000000 0.0000000 0.0000000 1.0000000
0.9754480 0.2202168 0.0024090 96.9094671
-0.2202263 0.9754363 0.0049479 -58.2830758
-0.0012602 -0.0053569 0.9999849 0.6015802
0.0000000 0.0000000 0.0000000 1.0000000
0.9776996 0.2099909 0.0027040 97.4119565
-0.2100064 0.9776646 0.0083218 -58.3762901
-0.0008961 -0.0087041 0.9999617 0.5967602
0.0000000 0.0000000 0.0000000 1.0000000
0.9790239 0.2037307 0.0024713 97.9299837
-0.2037440 0.9788939 0.0159736 -58.4745923
0.0008351 -0.0161421 0.9998694 0.6032785
0.0000000 0.0000000 0.0000000 1.0000000
0.9795819 0.2010443 -0.0006428 98.4504907
-0.2009886 0.9793764 0.0206246 -58.5674969
0.0047760 -0.0200743 0.9997871 0.6086346
0.0000000 0.0000000 0.0000000 1.0000000
0.9797010 0.2004378 -0.0032664 98.9814224
-0.2003198 0.9794832 0.0220134 -58.6731134
0.0076116 -0.0209122 0.9997523 0.6139186
0.0000000 0.0000000 0.0000000 1.0000000
0.9791835 0.2028575 -0.0069617 99.5227400
-0.2026794 0.9790295 0.0205500 -58.7868339
0.0109844 -0.0187112 0.9997646 0.6264633
0.0000000 0.0000000 0.0000000 1.0000000
0.9782586 0.2069271 -0.0138314 100.0743488
-0.2066611 0.9782377 0.0184987 -58.9123742
0.0173583 -0.0152381 0.9997332 0.6307707
0.0000000 0.0000000 0.0000000 1.0000000
0.9771685 0.2116419 -0.0186916 100.6344441
-0.2113344 0.9772634 0.0171489 -59.0386360
0.0218961 -0.0128071 0.9996782 0.6327374
0.0000000 0.0000000 0.0000000 1.0000000
0.9762594 0.2159127 -0.0172997 101.2090387
-0.2155542 0.9762775 0.0204592 -59.1602647
0.0213067 -0.0162445 0.9996410 0.6418314
0.0000000 0.0000000 0.0000000 1.0000000
0.9751115 0.2214066 -0.0116932 101.8138238
-0.2210868 0.9749627 0.0238416 -59.2871562
0.0166792 -0.0206630 0.9996474 0.6608571
0.0000000 0.0000000 0.0000000 1.0000000
0.9741631 0.2257258 -0.0073595 102.4117653
-0.2255278 0.9740037 0.0213087 -59.4270471
0.0119782 -0.0190984 0.9997459 0.6746326
0.0000000 0.0000000 0.0000000 1.0000000
0.9734434 0.2289229 -0.0015082 103.0180539
-0.2288646 0.9733083 0.0170879 -59.5774057
0.0053798 -0.0162889 0.9998529 0.6854627
0.0000000 0.0000000 0.0000000 1.0000000
0.9726890 0.2321037 0.0019746 103.6513621
-0.2321086 0.9725921 0.0137940 -59.7257252
0.0012812 -0.0138756 0.9999029 0.6955648
0.0000000 0.0000000 0.0000000 1.0000000
0.9720005 0.2349753 0.0013188 104.2894480
-0.2349774 0.9719586 0.0090629 -59.8806980
0.0008477 -0.0091190 0.9999581 0.7008940
0.0000000 0.0000000 0.0000000 1.0000000
0.9719425 0.2352162 -0.0010803 104.9276409
-0.2352040 0.9719229 0.0067077 -60.0386939
0.0026278 -0.0062654 0.9999769 0.7029933
0.0000000 0.0000000 0.0000000 1.0000000
0.9719931 0.2349018 -0.0071066 105.5691937
-0.2348582 0.9720082 0.0064590 -60.1943639
0.0084249 -0.0046091 0.9999539 0.7168303
0.0000000 0.0000000 0.0000000 1.0000000
0.9721430 0.2338686 -0.0156029 106.2300499
-0.2337539 0.9722556 0.0088355 -60.3526025
0.0172364 -0.0049421 0.9998392 0.7235939
0.0000000 0.0000000 0.0000000 1.0000000
0.9726210 0.2315916 -0.0193324 106.9079142
-0.2314304 0.9727977 0.0102247 -60.5040482
0.0211745 -0.0054706 0.9997608 0.7337351
0.0000000 0.0000000 0.0000000 1.0000000
0.9732560 0.2291980 -0.0155281 107.6036198
-0.2290753 0.9733644 0.0092922 -60.6684467
0.0172443 -0.0054866 0.9998363 0.7496750
0.0000000 0.0000000 0.0000000 1.0000000
0.9738207 0.2271700 -0.0081883 108.3113289
-0.2271377 0.9738514 0.0046885 -60.8350932
0.0090393 -0.0027059 0.9999555 0.7667294
0.0000000 0.0000000 0.0000000 1.0000000
0.9744924 0.2244046 -0.0026805 109.0368430
-0.2243900 0.9744872 0.0048770 -61.0005327
0.0037065 -0.0041511 0.9999845 0.7811717
0.0000000 0.0000000 0.0000000 1.0000000
0.9748611 0.2227821 -0.0037484 109.7617168
-0.2227441 0.9748391 0.0085904 -61.1556143
0.0055678 -0.0075395 0.9999561 0.7973328
