1.0000000 0.0000000 0.0000000 0.0000000
0.0000000 1.0000000 0.0000000 0.0000000
0.0000000 0.0000000 1.0000000 0.0000000
0.0000000 0.0000000 0.0000000 1.0000000
0.9945040 0.0256916 -0.1014969 9.8553507
-0.0333605 0.9966556 -0.0745978 7.2505209
0.0992409 0.0775738 0.9920350 -7.9244798
0.0000000 0.0000000 0.0000000 1.0000000
0.9945822 0.0218534 -0.1016326 10.5710775
-0.0295335 0.9967695 -0.0746871 7.2435095
0.0996721 0.0772840 0.9920144 -7.8513116
0.0000000 0.0000000 0.0000000 1.0000000
0.9946985 0.0167135 -0.1014683 11.3379496
-0.0242149 0.9970268 -0.0731532 7.2614166
0.0999440 0.0752224 0.9921455 -7.7676609
0.0000000 0.0000000 0.0000000 1.0000000
0.9947615 0.0121013 -0.1015056 12.1145862
-0.0197002 0.9970489 -0.0741966 7.2551128
0.1003082 0.0758075 0.9920643 -7.6783377
0.0000000 0.0000000 0.0000000 1.0000000
0.9947510 0.0070774 -0.1020790 12.7983612
-0.0147802 0.9970815 -0.0749006 7.3022781
0.1012509 0.0760162 0.9919525 -7.5767840
0.0000000 0.0000000 0.0000000 1.0000000
0.9948046 0.0046440 -0.1016945 13.6558997
-0.0119886 0.9973521 -0.0717297 7.2663596
0.1010920 0.0725762 0.9922264 -7.4861763
0.0000000 0.0000000 0.0000000 1.0000000
0.9950987 0.0022698 -0.0988583 14.4245456
-0.0095525 0.9972673 -0.0732558 7.2828852
0.0984218 0.0738411 0.9924015 -7.4036035
0.0000000 0.0000000 0.0000000 1.0000000
0.9952856 -0.0037430 -0.0969146 15.3086565
-0.0031506 0.9974799 -0.0708791 7.2555934
0.0969356 0.0708503 0.9927657 -7.2780567
0.0000000 0.0000000 0.0000000 1.0000000
0.9954618 -0.0065305 -0.0949362 16.1779174
-0.0005177 0.9972552 -0.0740276 7.2275100
0.0951591 0.0737408 0.9927270 -7.1254145
0.0000000 0.0000000 0.0000000 1.0000000
0.9954975 -0.0089323 -0.0943675 16.9017684
0.0021423 0.9974152 -0.0718109 7.2741802
0.0947650 0.0712854 0.9929442 -7.0783601
0.0000000 0.0000000 0.0000000 1.0000000
0.9955060 -0.0125357 -0.0938678 17.6872256
0.0057045 0.9973373 -0.0726932 7.1674555
0.0945292 0.0718310 0.9929273 -6.9954730
0.0000000 0.0000000 0.0000000 1.0000000
0.9954120 -0.0139913 -0.0946602 18.5204180
0.0070604 0.9972948 -0.0731608 7.1886492
0.0954278 0.0721567 0.9928178 -6.8811932
0.0000000 0.0000000 0.0000000 1.0000000
0.9954930 -0.0146194 -0.0937052 19.4095286
0.0078934 0.9973906 -0.0717518 7.1542855
0.0945097 0.0706887 0.9930113 -6.8241992
0.0000000 0.0000000 0.0000000 1.0000000
0.9955252 -0.0164685 -0.0930544 20.2693399
0.0094900 0.9971422 -0.0749442 7.2195391
0.0940227 0.0737257 0.9928367 -6.7404962
0.0000000 0.0000000 0.0000000 1.0000000
0.9953089 -0.0192559 -0.0948113 21.0817275
0.0124026 0.9973017 -0.0723492 7.2190684
0.0959486 0.0708339 0.9928630 -6.6642821
0.0000000 0.0000000 0.0000000 1.0000000
0.9951395 -0.0207999 -0.0962498 21.9740762
0.0140636 0.9974371 -0.0701434 7.2250421
0.0974621 0.0684489 0.9928829 -6.5497925
0.0000000 0.0000000 0.0000000 1.0000000
0.9950046 -0.0219948 -0.0973735 22.8978598
0.0154342 0.9975909 -0.0676229 7.3238494
0.0986263 0.0657822 0.9929482 -6.4438845
0.0000000 0.0000000 0.0000000 1.0000000
0.9949947 -0.0223192 -0.0974022 23.7290572
0.0160193 0.9977564 -0.0649892 7.2243891
0.0986342 0.0631035 0.9931213 -6.3453472
0.0000000 0.0000000 0.0000000 1.0000000
0.9950704 -0.0219450 -0.0967092 24.7381956
0.0155106 0.9976458 -0.0667900 7.3221163
0.0979472 0.0649607 0.9930695 -6.2316190
0.0000000 0.0000000 0.0000000 1.0000000
0.9952189 -0.0236909 -0.0947507 25.7281680
0.0174755 0.9976724 -0.0658981 7.2901376
0.0960913 0.0639271 0.9933179 -6.1368015
0.0000000 0.0000000 0.0000000 1.0000000
0.9952858 -0.0247535 -0.0937674 26.6037252
0.0187414 0.9977429 -0.0644648 7.3045870
0.0951515 0.0624035 0.9935054 -6.0221917
0.0000000 0.0000000 0.0000000 1.0000000
0.9951014 -0.0276414 -0.0949078 27.5200828
0.0213923 0.9975730 -0.0662411 7.3440698
0.0965084 0.0638863 0.9932802 -5.9429865
0.0000000 0.0000000 0.0000000 1.0000000
0.9950172 -0.0299224 -0.0950974 28.3088529
0.0236920 0.9975383 -0.0659837 7.3651483
0.0968376 0.0634018 0.9932793 -5.8425759
0.0000000 0.0000000 0.0000000 1.0000000
0.9952078 -0.0300571 -0.0930345 29.2745526
0.0238566 0.9974628 -0.0670572 7.4275607
0.0948139 0.0645163 0.9934029 -5.7307092
0.0000000 0.0000000 0.0000000 1.0000000
0.9955144 -0.0292062 -0.0899724 30.2483722
0.0231101 0.9974122 -0.0680679 7.4525182
0.0917274 0.0656834 0.9936163 -5.5907129
0.0000000 0.0000000 0.0000000 1.0000000
0.9958444 -0.0282904 -0.0865447 31.0885448
0.0223985 0.9974117 -0.0683082 7.4337014
0.0882530 0.0660859 0.9939042 -5.5231945
0.0000000 0.0000000 0.0000000 1.0000000
0.9961789 -0.0266513 -0.0831483 32.0040498
0.0211864 0.9975984 -0.0659283 7.4896687
0.0847055 0.0639148 0.9943548 -5.3838110
0.0000000 0.0000000 0.0000000 1.0000000
0.9962548 -0.0241481 -0.0830042 32.9155725
0.0183498 0.9973828 -0.0699222 7.5229731
0.0844753 0.0681372 0.9940940 -5.3077009
0.0000000 0.0000000 0.0000000 1.0000000
0.9960801 -0.0229080 -0.0854179 33.8361845
0.0169551 0.9974180 -0.0697776 7.5840029
0.0867956 0.0680558 0.9938998 -5.2193828
0.0000000 0.0000000 0.0000000 1.0000000
0.9957272 -0.0213068 -0.0898339 34.8183933
0.0154340 0.9977278 -0.0655696 7.6332130
0.0910266 0.0639029 0.9937970 -5.1162779
0.0000000 0.0000000 0.0000000 1.0000000
0.9954407 -0.0202891 -0.0931875 35.7498700
0.0142148 0.9977577 -0.0653915 7.6385468
0.0943051 0.0637687 0.9934999 -4.9934939
0.0000000 0.0000000 0.0000000 1.0000000
0.9955737 -0.0202735 -0.0917591 36.6314403
0.0141655 0.9976695 -0.0667344 7.6108871
0.0928980 0.0651392 0.9935435 -4.8906523
0.0000000 0.0000000 0.0000000 1.0000000
0.9960945 -0.0202546 -0.0859252 37.5864994
0.0141992 0.9974092 -0.0705079 7.5876696
0.0871305 0.0690124 0.9938046 -4.8182487
0.0000000 0.0000000 0.0000000 1.0000000
0.9963135 -0.0216748 -0.0829897 38.5454277
0.0155805 0.9971802 -0.0733903 7.5531364
0.0843463 0.0718267 0.9938454 -4.7180934
0.0000000 0.0000000 0.0000000 1.0000000
0.9962054 -0.0216330 -0.0842912 39.5458122
0.0148727 0.9966811 -0.0800205 7.6400457
0.0857424 0.0784632 0.9932240 -4.6054737
0.0000000 0.0000000 0.0000000 1.0000000
0.9958579 -0.0246459 -0.0875060 40.5424404
0.0179627 0.9969176 -0.0763571 7.5171798
0.0891180 0.0744690 0.9932343 -4.4903377
0.0000000 0.0000000 0.0000000 1.0000000
0.9954716 -0.0260032 -0.0914199 41.5793288
0.0189806 0.9968598 -0.0768644 7.5414960
0.0931314 0.0747811 0.9928427 -4.3758058
0.0000000 0.0000000 0.0000000 1.0000000
0.9954251 -0.0291416 -0.0909788 42.5512794
0.0221389 0.9967801 -0.0770539 7.5435217
0.0929312 0.0746872 0.9928687 -4.2944349
0.0000000 0.0000000 0.0000000 1.0000000
0.9956094 -0.0284617 -0.0891507 43.4706619
0.0214278 0.9966522 -0.0788860 7.6383751
0.0910972 0.0766294 0.9928907 -4.1849022
0.0000000 0.0000000 0.0000000 1.0000000
0.9957462 -0.0301836 -0.0870257 44.5429044
0.0234615 0.9967345 -0.0772566 7.5816084
0.0890730 0.0748863 0.9932074 -4.0910236
0.0000000 0.0000000 0.0000000 1.0000000
0.9958616 -0.0304136 -0.0856138 45.5751333
0.0241741 0.9970388 -0.0729961 7.5967266
0.0875799 0.0706245 0.9936523 -3.9635516
0.0000000 0.0000000 0.0000000 1.0000000
0.9959911 -0.0314388 -0.0837191 46.6621934
0.0253147 0.9969930 -0.0732337 7.6288967
0.0857694 0.0708208 0.9937964 -3.8490593
0.0000000 0.0000000 0.0000000 1.0000000
0.9961666 -0.0333660 -0.0808364 47.6204505
0.0276322 0.9970900 -0.0710403 7.6844113
0.0829711 0.0685343 0.9941943 -3.7118378
0.0000000 0.0000000 0.0000000 1.0000000
0.9963124 -0.0320583 -0.0795579 48.5694568
0.0268081 0.9974453 -0.0662054 7.7219263
0.0814767 0.0638285 0.9946310 -3.6450186
0.0000000 0.0000000 0.0000000 1.0000000
0.9962432 -0.0329204 -0.0800770 49.5636628
0.0276328 0.9974185 -0.0662671 7.8106670
0.0820515 0.0638054 0.9945854 -3.5192747
0.0000000 0.0000000 0.0000000 1.0000000
0.9960654 -0.0339935 -0.0818229 50.6295170
0.0288085 0.9975503 -0.0637366 7.8324912
0.0837888 0.0611286 0.9946087 -3.4140442
0.0000000 0.0000000 0.0000000 1.0000000
0.9958815 -0.0336432 -0.0841860 51.5741609
0.0286738 0.9978125 -0.0595578 7.8664889
0.0860053 0.0568985 0.9946705 -3.3268924
0.0000000 0.0000000 0.0000000 1.0000000
0.9958645 -0.0358526 -0.0834732 52.4699584
0.0308984 0.9977256 -0.0599053 7.8643106
0.0854309 0.0570783 0.9947096 -3.2332367
0.0000000 0.0000000 0.0000000 1.0000000
0.9959723 -0.0362044 -0.0820262 53.3400232
0.0313905 0.9977504 -0.0592366 7.9298972
0.0839860 0.0564231 0.9948700 -3.1199317
0.0000000 0.0000000 0.0000000 1.0000000
0.9960825 -0.0360345 -0.0807495 54.4137709
0.0311967 0.9976863 -0.0603940 7.9796451
0.0827387 0.0576382 0.9949050 -3.0469227
0.0000000 0.0000000 0.0000000 1.0000000
0.9957417 -0.0391179 -0.0834765 55.4561488
0.0334632 0.9971165 -0.0680974 7.9750449
0.0858994 0.0650139 0.9941822 -2.9220327
0.0000000 0.0000000 0.0000000 1.0000000
0.9953029 -0.0399970 -0.0881595 56.4728413
0.0348611 0.9976452 -0.0590479 8.0252739
0.0903135 0.0556970 0.9943566 -2.8905080
0.0000000 0.0000000 0.0000000 1.0000000
0.9952429 -0.0394269 -0.0890934 57.3660180
0.0343293 0.9977225 -0.0580426 8.0832461
0.0911788 0.0547078 0.9943326 -2.7877787
0.0000000 0.0000000 0.0000000 1.0000000
0.9954147 -0.0413254 -0.0862749 58.4039193
0.0359084 0.9973397 -0.0634235 8.0815011
0.0886663 0.0600346 0.9942525 -2.6517878
0.0000000 0.0000000 0.0000000 1.0000000
0.9957552 -0.0403231 -0.0827506 59.4569570
0.0351407 0.9973841 -0.0631571 8.0385356
0.0850807 0.0599809 0.9945690 -2.5551504
0.0000000 0.0000000 0.0000000 1.0000000
0.9957767 -0.0411029 -0.0821025 60.2862019
0.0359022 0.9973130 -0.0638478 8.1072354
0.0845060 0.0606303 0.9945787 -2.5095761
0.0000000 0.0000000 0.0000000 1.0000000
0.9957367 -0.0410501 -0.0826147 61.1863098
0.0358639 0.9973487 -0.0633106 8.1320222
0.0849944 0.0600776 0.9945706 -2.4089796
0.0000000 0.0000000 0.0000000 1.0000000
0.9957445 -0.0408587 -0.0826127 62.1691960
0.0358601 0.9974864 -0.0611113 8.1893348
0.0849017 0.0578886 0.9947083 -2.2946031
0.0000000 0.0000000 0.0000000 1.0000000
0.9957318 -0.0420295 -0.0821682 63.1512607
0.0372104 0.9975442 -0.0593267 8.2094257
0.0844597 0.0560158 0.9948531 -2.1596701
0.0000000 0.0000000 0.0000000 1.0000000
0.9959751 -0.0433189 -0.0784652 64.0684286
0.0383866 0.9972548 -0.0633136 8.1718130
0.0809922 0.0600466 0.9949064 -2.0125664
0.0000000 0.0000000 0.0000000 1.0000000
0.9963304 -0.0451017 -0.0727329 64.9847536
0.0400953 0.9968181 -0.0688837 8.2522147
0.0756079 0.0657146 0.9949719 -1.8983451
0.0000000 0.0000000 0.0000000 1.0000000
0.9965052 -0.0450454 -0.0703366 66.0679839
0.0404013 0.9969934 -0.0661088 8.2993912
0.0731027 0.0630359 0.9953325 -1.8525081
0.0000000 0.0000000 0.0000000 1.0000000
0.9962400 -0.0468197 -0.0728830 67.0182727
0.0420799 0.9969796 -0.0652641 8.2771165
0.0757182 0.0619517 0.9952050 -1.7856404
0.0000000 0.0000000 0.0000000 1.0000000
0.9955924 -0.0484789 -0.0802751 67.9681028
0.0437559 0.9972631 -0.0595854 8.3535241
0.0829437 0.0558101 0.9949924 -1.6518777
0.0000000 0.0000000 0.0000000 1.0000000
0.9952735 -0.0478776 -0.0844821 68.9413394
0.0432519 0.9975060 -0.0557603 8.3431659
0.0869408 0.0518426 0.9948660 -1.4566789
0.0000000 0.0000000 0.0000000 1.0000000
0.9952196 -0.0497710 -0.0840183 69.7714274
0.0451492 0.9974060 -0.0560419 8.3945812
0.0865893 0.0519805 0.9948896 -1.3413422
0.0000000 0.0000000 0.0000000 1.0000000
0.9953348 -0.0505589 -0.0821565 70.6785935
0.0457565 0.9971884 -0.0593222 8.4410802
0.0849244 0.0552862 0.9948549 -1.2189623
0.0000000 0.0000000 0.0000000 1.0000000
0.9954515 -0.0514073 -0.0801862 71.6315268
0.0469240 0.9972795 -0.0568287 8.4572056
0.0828890 0.0528075 0.9951613 -1.1070316
0.0000000 0.0000000 0.0000000 1.0000000
0.9953551 -0.0527925 -0.0804917 72.4831474
0.0485253 0.9973559 -0.0540815 8.4791675
0.0831336 0.0499243 0.9952896 -0.9934260
0.0000000 0.0000000 0.0000000 1.0000000
0.9953394 -0.0546011 -0.0794648 73.3058041
0.0503564 0.9972436 -0.0544749 8.5053205
0.0822197 0.0502193 0.9953507 -0.9104201
0.0000000 0.0000000 0.0000000 1.0000000
0.9952451 -0.0562520 -0.0794940 74.1432104
0.0522003 0.9972727 -0.0521609 8.5465652
0.0822110 0.0477632 0.9954723 -0.7978218
0.0000000 0.0000000 0.0000000 1.0000000
0.9952800 -0.0570176 -0.0785058 74.9545426
0.0529880 0.9972138 -0.0524904 8.6116563
0.0812795 0.0480827 0.9955333 -0.7064039
0.0000000 0.0000000 0.0000000 1.0000000
0.9953437 -0.0578054 -0.0771099 75.6586812
0.0540826 0.9973071 -0.0495253 8.6156799
0.0797646 0.0451243 0.9957943 -0.6258102
0.0000000 0.0000000 0.0000000 1.0000000
0.9954861 -0.0587757 -0.0744910 76.4594397
0.0550910 0.9971986 -0.0505922 8.6994471
0.0772553 0.0462600 0.9959401 -0.5761764
0.0000000 0.0000000 0.0000000 1.0000000
0.9956684 -0.0592993 -0.0715829 77.1669119
0.0556719 0.9971119 -0.0516501 8.7444057
0.0744384 0.0474411 0.9960991 -0.5215652
0.0000000 0.0000000 0.0000000 1.0000000
0.9956844 -0.0612598 -0.0696845 78.0220685
0.0578673 0.9970859 -0.0497053 8.9227322
0.0725258 0.0454582 0.9963326 -0.4239379
0.0000000 0.0000000 0.0000000 1.0000000
0.9954007 -0.0618063 -0.0731596 78.8241733
0.0585816 0.9972483 -0.0454339 8.9230922
0.0757658 0.0409391 0.9962874 -0.3521092
0.0000000 0.0000000 0.0000000 1.0000000
0.9949342 -0.0630582 -0.0782652 79.5273519
0.0595693 0.9971571 -0.0461437 9.0731688
0.0809519 0.0412477 0.9958666 -0.3146144
0.0000000 0.0000000 0.0000000 1.0000000
0.9943428 -0.0653186 -0.0837382 80.2508121
0.0614176 0.9969407 -0.0483490 9.1622220
0.0866396 0.0429324 0.9953167 -0.2716295
0.0000000 0.0000000 0.0000000 1.0000000
0.9942695 -0.0649008 -0.0849281 80.9190181
0.0610560 0.9970220 -0.0471154 9.2306996
0.0877325 0.0416599 0.9952752 -0.1825351
0.0000000 0.0000000 0.0000000 1.0000000
0.9944761 -0.0661010 -0.0815172 81.6366212
0.0624580 0.9969659 -0.0464613 9.2683616
0.0843406 0.0411132 0.9955911 -0.1124083
0.0000000 0.0000000 0.0000000 1.0000000
0.9945554 -0.0675854 -0.0792947 82.3056956
0.0639537 0.9968228 -0.0474820 9.2658163
0.0822513 0.0421522 0.9957226 -0.0412778
0.0000000 0.0000000 0.0000000 1.0000000
0.9944394 -0.0675996 -0.0807202 82.9511057
0.0640567 0.9968992 -0.0457062 9.3205398
0.0835591 0.0402813 0.9956911 0.0425235
0.0000000 0.0000000 0.0000000 1.0000000
0.9939978 -0.0683698 -0.0853790 83.5887902
0.0642673 0.9966841 -0.0499125 9.3426840
0.0885078 0.0441258 0.9951004 0.1195123
0.0000000 0.0000000 0.0000000 1.0000000
0.9937182 -0.0674524 -0.0892766 84.3176815
0.0633926 0.9968553 -0.0475579 9.3420103
0.0922032 0.0415996 0.9948738 0.1934495
0.0000000 0.0000000 0.0000000 1.0000000
0.9938416 -0.0650084 -0.0897137 84.8096713
0.0609421 0.9970183 -0.0473471 9.3336538
0.0925236 0.0415881 0.9948446 0.2507465
0.0000000 0.0000000 0.0000000 1.0000000
0.9943540 -0.0600417 -0.0874672 85.4507389
0.0563742 0.9974484 -0.0438164 9.4108010
0.0898743 0.0386381 0.9952063 0.2828291
0.0000000 0.0000000 0.0000000 1.0000000
0.9949467 -0.0545680 -0.0842498 86.0605213
0.0510006 0.9977328 -0.0439317 9.4109068
0.0864554 0.0394128 0.9954789 0.4036340
0.0000000 0.0000000 0.0000000 1.0000000
0.9956585 -0.0500884 -0.0784215 86.7039480
0.0465613 0.9978486 -0.0461776 9.3433908
0.0805650 0.0423257 0.9958534 0.3976139
0.0000000 0.0000000 0.0000000 1.0000000
0.9963041 -0.0424929 -0.0746153 87.1551447
0.0388197 0.9979954 -0.0500075 9.4614879
0.0765899 0.0469261 0.9959609 0.4453151
0.0000000 0.0000000 0.0000000 1.0000000
0.9967254 -0.0309637 -0.0746677 87.6396068
0.0276937 0.9986295 -0.0444378 9.5275354
0.0759406 0.0422244 0.9962211 0.4915377
0.0000000 0.0000000 0.0000000 1.0000000
0.9970400 -0.0167774 -0.0750053 88.1355050
0.0138958 0.9991522 -0.0387748 9.4908138
0.0755916 0.0376177 0.9964322 0.5282417
0.0000000 0.0000000 0.0000000 1.0000000
0.9972448 0.0027661 -0.0741078 88.6315930
-0.0052182 0.9994453 -0.0329140 9.5236269
0.0739750 0.0332099 0.9967103 0.5779584
0.0000000 0.0000000 0.0000000 1.0000000
0.9970064 0.0247193 -0.0732337 89.1840497
-0.0272627 0.9990529 -0.0339341 9.4490386
0.0723249 0.0358289 0.9967407 0.6288462
0.0000000 0.0000000 0.0000000 1.0000000
0.9961612 0.0497156 -0.0720228 89.6609505
-0.0524743 0.9979401 -0.0369259 9.4248899
0.0700380 0.0405633 0.9967226 0.6595238
0.0000000 0.0000000 0.0000000 1.0000000
0.9944310 0.0790685 -0.0696502 90.1190037
-0.0817526 0.9959825 -0.0365588 9.4037906
0.0664791 0.0420491 0.9969048 0.7095098
0.0000000 0.0000000 0.0000000 1.0000000
0.9913381 0.1121281 -0.0683445 90.6090892
-0.1148274 0.9927001 -0.0369170 9.3136187
0.0637054 0.0444449 0.9969819 0.7176212
0.0000000 0.0000000 0.0000000 1.0000000
0.9867018 0.1481522 -0.0668194 91.0398664
-0.1508793 0.9878316 -0.0377620 9.2572794
0.0604110 0.0473413 0.9970536 0.7593246
0.0000000 0.0000000 0.0000000 1.0000000
0.9798439 0.1887075 -0.0654942 91.5016932
-0.1914268 0.9807717 -0.0380070 9.1664193
0.0570619 0.0497780 0.9971322 0.8101252
0.0000000 0.0000000 0.0000000 1.0000000
0.9703564 0.2327739 -0.0649476 91.9520425
-0.2355897 0.9710474 -0.0395903 9.0217805
0.0538508 0.0537174 0.9971063 0.8585316
0.0000000 0.0000000 0.0000000 1.0000000
0.9576810 0.2803650 -0.0650919 92.3317646
-0.2832570 0.9581977 -0.0403221 8.8566199
0.0510652 0.0570532 0.9970675 0.8707230
0.0000000 0.0000000 0.0000000 1.0000000
0.9404404 0.3334193 -0.0663141 92.7014740
-0.3363418 0.9409352 -0.0389572 8.7472638
0.0494075 0.0589408 0.9970412 0.9211727
0.0000000 0.0000000 0.0000000 1.0000000
0.9196544 0.3869627 -0.0670100 93.0937781
-0.3899510 0.9200137 -0.0389345 8.5581044
0.0465832 0.0619364 0.9969957 0.9436473
0.0000000 0.0000000 0.0000000 1.0000000
0.8933468 0.4442053 -0.0678811 93.4315599
-0.4472041 0.8936477 -0.0374946 8.3401672
0.0440058 0.0638519 0.9969921 0.9716934
0.0000000 0.0000000 0.0000000 1.0000000
0.8626203 0.5009696 -0.0700724 93.7757243
-0.5041072 0.8628515 -0.0369719 8.2072971
0.0419396 0.0672162 0.9968599 0.9423588
0.0000000 0.0000000 0.0000000 1.0000000
0.8284342 0.5556251 -0.0705174 94.1291236
-0.5588785 0.8283338 -0.0390108 7.8515509
0.0367360 0.0717280 0.9967508 1.0343216
0.0000000 0.0000000 0.0000000 1.0000000
0.7894213 0.6097299 -0.0709802 94.3719345
-0.6129630 0.7892108 -0.0377663 7.7062230
0.0329906 0.0733212 0.9967660 1.0382513
0.0000000 0.0000000 0.0000000 1.0000000
0.7492570 0.6585054 -0.0705727 94.7362359
-0.6617701 0.7485981 -0.0408056 7.3504510
0.0259593 0.0772762 0.9966752 1.0359414
0.0000000 0.0000000 0.0000000 1.0000000
0.7056402 0.7053028 -0.0679407 94.9869052
-0.7083619 0.7045096 -0.0435061 7.0477871
0.0171794 0.0788256 0.9967440 1.0485261
0.0000000 0.0000000 0.0000000 1.0000000
0.6588737 0.7492085 -0.0675888 95.1701500
-0.7521656 0.6575105 -0.0439351 6.7261852
0.0115234 0.0797849 0.9967491 1.0292941
0.0000000 0.0000000 0.0000000 1.0000000
0.6104972 0.7890134 -0.0689008 95.4364400
-0.7919924 0.6088803 -0.0449068 6.3968367
0.0065198 0.0819837 0.9966160 1.0290946
0.0000000 0.0000000 0.0000000 1.0000000
0.5628485 0.8234546 -0.0715561 95.6449581
-0.8265610 0.5607912 -0.0481022 6.1206464
0.0005177 0.0862190 0.9962798 1.0790630
0.0000000 0.0000000 0.0000000 1.0000000
0.5153151 0.8540355 -0.0712012 95.9215229
-0.8569957 0.5132205 -0.0465417 5.8467485
-0.0032067 0.0850020 0.9963793 1.0910164
0.0000000 0.0000000 0.0000000 1.0000000
0.4668297 0.8817269 -0.0680001 95.9538373
-0.8843185 0.4648013 -0.0440866 5.4981827
-0.0072661 0.0807139 0.9967146 1.0837493
0.0000000 0.0000000 0.0000000 1.0000000
0.4200637 0.9049443 -0.0679632 96.1057776
-0.9074282 0.4179394 -0.0436329 5.1286941
-0.0110811 0.0799995 0.9967372 1.0756876
0.0000000 0.0000000 0.0000000 1.0000000
0.3759353 0.9237894 -0.0726797 96.2993824
-0.9265439 0.3735665 -0.0443512 4.7323174
-0.0138206 0.0840134 0.9963726 1.0576848
0.0000000 0.0000000 0.0000000 1.0000000
0.3354758 0.9384234 -0.0825486 96.3652842
-0.9418195 0.3321670 -0.0514133 4.4405333
-0.0208276 0.0949931 0.9952639 1.0729514
0.0000000 0.0000000 0.0000000 1.0000000
0.3011953 0.9496356 -0.0864306 96.4311858
-0.9532178 0.2974080 -0.0540923 4.0642329
-0.0256629 0.0986789 0.9947923 1.0487446
0.0000000 0.0000000 0.0000000 1.0000000
0.2659114 0.9602595 -0.0847909 96.5548050
-0.9636238 0.2623279 -0.0511316 3.6794860
-0.0268566 0.0953023 0.9950899 1.0226752
0.0000000 0.0000000 0.0000000 1.0000000
0.2342754 0.9691650 -0.0763591 96.6510286
-0.9718268 0.2313809 -0.0449022 3.3283106
-0.0258496 0.0847266 0.9960728 0.9965242
0.0000000 0.0000000 0.0000000 1.0000000
0.2040668 0.9762386 -0.0728842 96.7199101
-0.9786588 0.2016007 -0.0398071 2.8985094
-0.0241676 0.0794514 0.9965497 0.9414071
0.0000000 0.0000000 0.0000000 1.0000000
0.1778036 0.9811879 -0.0751867 96.7158346
-0.9837431 0.1752677 -0.0391357 2.4457646
-0.0252215 0.0809221 0.9964052 0.9312747
0.0000000 0.0000000 0.0000000 1.0000000
0.1546408 0.9846366 -0.0810799 96.7225612
-0.9876217 0.1518825 -0.0391896 1.9818181
-0.0262727 0.0861359 0.9959410 0.8989075
0.0000000 0.0000000 0.0000000 1.0000000
0.1338402 0.9872865 -0.0857263 96.7526246
-0.9907691 0.1314255 -0.0332443 1.5616921
-0.0215549 0.0893837 0.9957681 0.8990477
0.0000000 0.0000000 0.0000000 1.0000000
0.1143402 0.9896348 -0.0868684 96.7626734
-0.9933016 0.1124157 -0.0267502 1.2212408
-0.0167073 0.0893445 0.9958648 0.8630519
0.0000000 0.0000000 0.0000000 1.0000000
0.0974511 0.9916291 -0.0846913 96.7996533
-0.9950669 0.0954888 -0.0269307 0.7889667
-0.0186180 0.0868973 0.9960474 0.8417816
0.0000000 0.0000000 0.0000000 1.0000000
0.0814309 0.9929122 -0.0865563 96.8514133
-0.9964066 0.0790685 -0.0303864 0.3255511
-0.0233269 0.0887190 0.9957877 0.8302575
0.0000000 0.0000000 0.0000000 1.0000000
0.0671229 0.9940591 -0.0856650 96.8403383
-0.9973594 0.0644622 -0.0334597 -0.0998129
-0.0277385 0.0876841 0.9957663 0.8237691
0.0000000 0.0000000 0.0000000 1.0000000
0.0551657 0.9946775 -0.0870137 96.9117687
-0.9979894 0.0522056 -0.0359377 -0.6109069
-0.0312035 0.0888207 0.9955631 0.7865444
0.0000000 0.0000000 0.0000000 1.0000000
0.0425306 0.9954555 -0.0851890 96.8871372
-0.9985043 0.0394196 -0.0378747 -1.1292920
-0.0343441 0.0866718 0.9956493 0.8221336
0.0000000 0.0000000 0.0000000 1.0000000
0.0325404 0.9955351 -0.0885898 96.8795279
-0.9988904 0.0293757 -0.0367960 -1.8225102
-0.0340289 0.0896883 0.9953930 0.8179374
0.0000000 0.0000000 0.0000000 1.0000000
0.0235704 0.9956565 -0.0900571 96.9009229
-0.9991091 0.0203075 -0.0369773 -2.2790306
-0.0349874 0.0908479 0.9952548 0.7875106
0.0000000 0.0000000 0.0000000 1.0000000
0.0182632 0.9957489 -0.0902688 96.9715607
-0.9992174 0.0150122 -0.0365632 -2.8349762
-0.0350523 0.0908654 0.9952509 0.7355816
0.0000000 0.0000000 0.0000000 1.0000000
0.0109990 0.9959935 -0.0887401 97.0169101
-0.9993294 0.0078510 -0.0357453 -3.3385702
-0.0349050 0.0890732 0.9954180 0.7550651
0.0000000 0.0000000 0.0000000 1.0000000
0.0061663 0.9958651 -0.0906233 97.1017769
-0.9993931 0.0030310 -0.0346944 -3.7481802
-0.0342759 0.0907817 0.9952856 0.7609921
0.0000000 0.0000000 0.0000000 1.0000000
0.0032021 0.9957270 -0.0922779 97.0554963
-0.9994125 0.0000372 -0.0342784 -4.3641188
-0.0341281 0.0923328 0.9951480 0.7286580
0.0000000 0.0000000 0.0000000 1.0000000
-0.0003740 0.9957930 -0.0916164 97.0636740
-0.9993906 -0.0035709 -0.0347322 -4.8508878
-0.0349129 0.0915469 0.9951934 0.7169570
0.0000000 0.0000000 0.0000000 1.0000000
-0.0027261 0.9958845 -0.0905771 97.0290859
-0.9993792 -0.0058947 -0.0347329 -5.4182394
-0.0351235 0.0904256 0.9952884 0.6916275
0.0000000 0.0000000 0.0000000 1.0000000
-0.0064313 0.9954893 -0.0946423 96.9829170
-0.9993308 -0.0098059 -0.0352347 -6.0062317
-0.0360035 0.0943518 0.9948924 0.6433238
0.0000000 0.0000000 0.0000000 1.0000000
-0.0070471 0.9955186 -0.0942931 97.0003260
-0.9993254 -0.0104088 -0.0352073 -6.7365632
-0.0360306 0.0939809 0.9949266 0.6384640
0.0000000 0.0000000 0.0000000 1.0000000
-0.0050392 0.9954279 -0.0953727 96.9618045
-0.9993373 -0.0084506 -0.0353991 -7.4638114
-0.0360428 0.0951306 0.9948171 0.5897819
0.0000000 0.0000000 0.0000000 1.0000000
-0.0024535 0.9954280 -0.0954727 96.9939751
-0.9993442 -0.0058899 -0.0357282 -8.2402936
-0.0361268 0.0953218 0.9947957 0.5865732
0.0000000 0.0000000 0.0000000 1.0000000
0.0008450 0.9955417 -0.0943049 96.9947959
-0.9993054 -0.0026750 -0.0371926 -8.8982339
-0.0372787 0.0942702 0.9948534 0.5599285
0.0000000 0.0000000 0.0000000 1.0000000
0.0071262 0.9951869 -0.0977180 97.0305174
-0.9993307 0.0035801 -0.0364162 -9.6370404
-0.0358908 0.0979114 0.9945527 0.5233780
0.0000000 0.0000000 0.0000000 1.0000000
0.0111887 0.9949387 -0.0998410 97.0520238
-0.9992310 0.0073712 -0.0385229 -10.3767887
-0.0375917 0.1001945 0.9942624 0.4755871
0.0000000 0.0000000 0.0000000 1.0000000
0.0149615 0.9953792 -0.0948328 97.0442860
-0.9991827 0.0113212 -0.0388099 -11.2365360
-0.0375567 0.0953353 0.9947414 0.4460037
0.0000000 0.0000000 0.0000000 1.0000000
0.0195034 0.9955174 -0.0925247 97.0482223
-0.9990230 0.0157334 -0.0413012 -12.1004933
-0.0396601 0.0932391 0.9948584 0.4111082
0.0000000 0.0000000 0.0000000 1.0000000
0.0235282 0.9956335 -0.0903091 97.0709500
-0.9989348 0.0198256 -0.0416795 -13.0504326
-0.0397069 0.0911928 0.9950463 0.3858939
0.0000000 0.0000000 0.0000000 1.0000000
0.0306504 0.9956701 -0.0877344 97.1776914
-0.9987815 0.0271120 -0.0412422 -13.6764145
-0.0386847 0.0888908 0.9952948 0.3847060
0.0000000 0.0000000 0.0000000 1.0000000
0.0332230 0.9958468 -0.0847435 97.1832042
-0.9988134 0.0300620 -0.0383097 -14.4849870
-0.0356027 0.0859149 0.9956712 0.3555278
0.0000000 0.0000000 0.0000000 1.0000000
0.0353819 0.9960472 -0.0814530 97.2854746
-0.9989365 0.0328372 -0.0323729 -15.3344291
-0.0295699 0.0825110 0.9961565 0.3031607
0.0000000 0.0000000 0.0000000 1.0000000
0.0346988 0.9963482 -0.0779925 97.2275107
-0.9990059 0.0323914 -0.0306579 -16.0549969
-0.0280193 0.0789779 0.9964876 0.3051078
0.0000000 0.0000000 0.0000000 1.0000000
0.0350363 0.9965506 -0.0752079 97.2743537
-0.9989714 0.0327514 -0.0314022 -16.7880328
-0.0288305 0.0762299 0.9966785 0.2727568
0.0000000 0.0000000 0.0000000 1.0000000
0.0358763 0.9960957 -0.0806437 97.3100427
-0.9988753 0.0332343 -0.0338694 -17.6294770
-0.0310568 0.0817672 0.9961726 0.3416945
0.0000000 0.0000000 0.0000000 1.0000000
0.0356934 0.9962590 -0.0786819 97.3468314
-0.9988493 0.0330342 -0.0348431 -18.4478149
-0.0321134 0.0798340 0.9962960 0.3482575
0.0000000 0.0000000 0.0000000 1.0000000
0.0361313 0.9967321 -0.0722250 97.3336666
-0.9988255 0.0336770 -0.0349149 -19.3596816
-0.0323683 0.0734006 0.9967824 0.2945216
0.0000000 0.0000000 0.0000000 1.0000000
0.0367566 0.9968065 -0.0708671 97.3309327
-0.9987987 0.0343391 -0.0350347 -20.1944453
-0.0324891 0.0720687 0.9968758 0.2937250
0.0000000 0.0000000 0.0000000 1.0000000
0.0355586 0.9970227 -0.0683991 97.3203224
-0.9988336 0.0332133 -0.0351250 -21.0330481
-0.0327484 0.0695673 0.9970450 0.2488275
0.0000000 0.0000000 0.0000000 1.0000000
0.0339117 0.9971880 -0.0668032 97.3049522
-0.9988825 0.0316097 -0.0352199 -21.7785198
-0.0330091 0.0679218 0.9971498 0.2354796
0.0000000 0.0000000 0.0000000 1.0000000
0.0315180 0.9971485 -0.0685397 97.3504038
-0.9989319 0.0291009 -0.0359829 -22.6398344
-0.0338855 0.0695994 0.9970048 0.2670309
0.0000000 0.0000000 0.0000000 1.0000000
0.0285614 0.9968441 -0.0740404 97.4313882
-0.9989513 0.0258060 -0.0379077 -23.5737533
-0.0358772 0.0750443 0.9965402 0.2613232
0.0000000 0.0000000 0.0000000 1.0000000
0.0242710 0.9971083 -0.0719911 97.4716475
-0.9989846 0.0214503 -0.0396975 -24.3092619
-0.0380383 0.0728804 0.9966207 0.2757419
0.0000000 0.0000000 0.0000000 1.0000000
0.0198581 0.9974908 -0.0679286 97.4281279
-0.9990030 0.0170743 -0.0413181 -25.3123276
-0.0400544 0.0686803 0.9968400 0.2329164
0.0000000 0.0000000 0.0000000 1.0000000
0.0125459 0.9974894 -0.0696658 97.5014567
-0.9990961 0.0096706 -0.0414566 -25.9990814
-0.0406786 0.0701218 0.9967144 0.2405670
0.0000000 0.0000000 0.0000000 1.0000000
0.0029054 0.9975063 -0.0704847 97.4448735
-0.9991234 -0.0000514 -0.0419091 -26.7799459
-0.0418080 0.0705437 0.9966379 0.2461743
0.0000000 0.0000000 0.0000000 1.0000000
-0.0069655 0.9977168 -0.0671412 97.5002255
-0.9990751 -0.0097956 -0.0419127 -27.5556114
-0.0424744 0.0667861 0.9968685 0.2424178
0.0000000 0.0000000 0.0000000 1.0000000
-0.0182436 0.9975246 -0.0678735 97.4497930
-0.9988428 -0.0212079 -0.0432089 -28.3532038
-0.0445411 0.0670056 0.9967637 0.2351377
0.0000000 0.0000000 0.0000000 1.0000000
-0.0286279 0.9969809 -0.0721443 97.4020275
-0.9985189 -0.0318665 -0.0441422 -29.2106205
-0.0463077 0.0707726 0.9964229 0.2252360
0.0000000 0.0000000 0.0000000 1.0000000
-0.0399327 0.9966515 -0.0713206 97.3647742
-0.9980619 -0.0431978 -0.0448349 -29.9719085
-0.0477654 0.0693909 0.9964513 0.1888272
0.0000000 0.0000000 0.0000000 1.0000000
-0.0505523 0.9960350 -0.0731730 97.3474501
-0.9974995 -0.0539814 -0.0456624 -30.6140897
-0.0494311 0.0706806 0.9962795 0.1964692
0.0000000 0.0000000 0.0000000 1.0000000
-0.0612776 0.9950361 -0.0783851 97.2813624
-0.9968712 -0.0649436 -0.0450994 -31.3372136
-0.0499659 0.0753753 0.9959086 0.1634277
0.0000000 0.0000000 0.0000000 1.0000000
-0.0694052 0.9945512 -0.0777640 97.2312385
-0.9963542 -0.0729883 -0.0442134 -32.1512771
-0.0496481 0.0744109 0.9959971 0.1327796
0.0000000 0.0000000 0.0000000 1.0000000
-0.0811337 0.9936641 -0.0777464 97.1856802
-0.9955059 -0.0846157 -0.0425793 -33.0837577
-0.0488878 0.0739414 0.9960696 0.1045844
0.0000000 0.0000000 0.0000000 1.0000000
-0.0890987 0.9927637 -0.0804797 97.1856094
-0.9948147 -0.0926829 -0.0419409 -33.7423642
-0.0490962 0.0763245 0.9958796 0.0860106
0.0000000 0.0000000 0.0000000 1.0000000
-0.0984891 0.9921124 -0.0775131 97.0474094
-0.9939057 -0.1019472 -0.0419796 -34.4008354
-0.0495504 0.0729051 0.9961134 0.0383212
0.0000000 0.0000000 0.0000000 1.0000000
-0.1080022 0.9911251 -0.0774747 96.9987505
-0.9929306 -0.1114048 -0.0410078 -35.2014247
-0.0492745 0.0724971 0.9961570 -0.0020055
0.0000000 0.0000000 0.0000000 1.0000000
-0.1143998 0.9903941 -0.0776423 97.0153785
-0.9921451 -0.1178869 -0.0418982 -35.9351873
-0.0506483 0.0722382 0.9961069 -0.0145281
0.0000000 0.0000000 0.0000000 1.0000000
-0.1213481 0.9894050 -0.0796816 96.8396085
-0.9912868 -0.1249429 -0.0417672 -36.7349381
-0.0512799 0.0739180 0.9959514 -0.0872639
0.0000000 0.0000000 0.0000000 1.0000000
-0.1260621 0.9886018 -0.0822928 96.6916775
-0.9906336 -0.1298438 -0.0423138 -37.4040856
-0.0525163 0.0761869 0.9957160 -0.1122224
0.0000000 0.0000000 0.0000000 1.0000000
-0.1296254 0.9877190 -0.0872142 96.6334455
-0.9900193 -0.1338329 -0.0442280 -38.1524448
-0.0553565 0.0806097 0.9952139 -0.1525301
0.0000000 0.0000000 0.0000000 1.0000000
-0.1330786 0.9871432 -0.0885270 96.5528187
-0.9894575 -0.1374802 -0.0455971 -38.8811443
-0.0571811 0.0815247 0.9950363 -0.1837107
0.0000000 0.0000000 0.0000000 1.0000000
-0.1355460 0.9868369 -0.0881955 96.5294807
-0.9890742 -0.1399894 -0.0462771 -39.5322328
-0.0580139 0.0809582 0.9950345 -0.2033535
0.0000000 0.0000000 0.0000000 1.0000000
-0.1353320 0.9871590 -0.0848571 96.3996788
-0.9891119 -0.1396076 -0.0466198 -40.1595091
-0.0578674 0.0776230 0.9953089 -0.2510290
0.0000000 0.0000000 0.0000000 1.0000000
-0.1342670 0.9872791 -0.0851519 96.3259049
-0.9893371 -0.1384514 -0.0452657 -40.8685616
-0.0564788 0.0781653 0.9953463 -0.3040481
0.0000000 0.0000000 0.0000000 1.0000000
-0.1313944 0.9876210 -0.0856668 96.1470227
-0.9897409 -0.1355895 -0.0451078 -41.5723556
-0.0561645 0.0788600 0.9953093 -0.3597450
0.0000000 0.0000000 0.0000000 1.0000000
-0.1260004 0.9885141 -0.0834403 96.1917156
-0.9904697 -0.1300777 -0.0453471 -42.1661136
-0.0556795 0.0769303 0.9954876 -0.3760503
0.0000000 0.0000000 0.0000000 1.0000000
-0.1182946 0.9894926 -0.0831238 96.1048698
-0.9914941 -0.1222847 -0.0446456 -42.7414409
-0.0543409 0.0771344 0.9955458 -0.4171114
0.0000000 0.0000000 0.0000000 1.0000000
-0.1059192 0.9909592 -0.0823334 96.0189288
-0.9929282 -0.1098721 -0.0450432 -43.4072773
-0.0536818 0.0769791 0.9955935 -0.4115229
0.0000000 0.0000000 0.0000000 1.0000000
-0.0934781 0.9920796 -0.0838930 96.0252635
-0.9942587 -0.0974312 -0.0443185 -43.9931058
-0.0521410 0.0792674 0.9954958 -0.4311706
0.0000000 0.0000000 0.0000000 1.0000000
-0.0773377 0.9935480 -0.0829445 95.9502236
-0.9958055 -0.0810632 -0.0425188 -44.6126755
-0.0489679 0.0793072 0.9956540 -0.4605906
0.0000000 0.0000000 0.0000000 1.0000000
-0.0555290 0.9953195 -0.0790839 95.9976221
-0.9974378 -0.0588833 -0.0407277 -45.1903228
-0.0451935 0.0766185 0.9960430 -0.4282469
0.0000000 0.0000000 0.0000000 1.0000000
-0.0284278 0.9965589 -0.0778456 95.9240937
-0.9987341 -0.0315585 -0.0392842 -45.7772121
-0.0416055 0.0766291 0.9961985 -0.4370470
0.0000000 0.0000000 0.0000000 1.0000000
-0.0021602 0.9970538 -0.0766555 95.9670488
-0.9992891 -0.0050453 -0.0374634 -46.2928279
-0.0377395 0.0765189 0.9963609 -0.4994112
0.0000000 0.0000000 0.0000000 1.0000000
0.0297564 0.9966627 -0.0759973 96.0185079
-0.9989213 0.0269315 -0.0379302 -46.7773173
-0.0357567 0.0770428 0.9963938 -0.4782710
0.0000000 0.0000000 0.0000000 1.0000000
0.0681568 0.9946550 -0.0775483 96.0501556
-0.9970854 0.0652316 -0.0396537 -47.2826319
-0.0343829 0.0800237 0.9962072 -0.4976302
0.0000000 0.0000000 0.0000000 1.0000000
0.1099283 0.9910158 -0.0761673 96.1066111
-0.9933353 0.1068595 -0.0432739 -47.7765927
-0.0347457 0.0804155 0.9961631 -0.5173379
0.0000000 0.0000000 0.0000000 1.0000000
0.1557422 0.9849411 -0.0750549 96.1652085
-0.9872089 0.1525702 -0.0463305 -48.3559614
-0.0341816 0.0813093 0.9961100 -0.5244717
0.0000000 0.0000000 0.0000000 1.0000000
0.2045225 0.9763232 -0.0704328 96.3052041
-0.9782610 0.2013411 -0.0497261 -48.8140054
-0.0343677 0.0790706 0.9962837 -0.5082872
0.0000000 0.0000000 0.0000000 1.0000000
0.2571845 0.9640661 -0.0665586 96.4141455
-0.9658115 0.2540970 -0.0514629 -49.3031412
-0.0327014 0.0775174 0.9964619 -0.4826931
0.0000000 0.0000000 0.0000000 1.0000000
0.3121683 0.9476753 -0.0667816 96.5218490
-0.9496027 0.3091510 -0.0518268 -49.7181069
-0.0284695 0.0795934 0.9964282 -0.4736864
0.0000000 0.0000000 0.0000000 1.0000000
0.3692390 0.9267182 -0.0696630 96.7870835
-0.9290789 0.3663336 -0.0511631 -50.0799914
-0.0218941 0.0836126 0.9962653 -0.4767588
0.0000000 0.0000000 0.0000000 1.0000000
0.4298853 0.8998964 -0.0733617 97.0091186
-0.9028048 0.4273385 -0.0482827 -50.5600877
-0.0120994 0.0869861 0.9961435 -0.4707302
0.0000000 0.0000000 0.0000000 1.0000000
0.4878499 0.8693990 -0.0783895 97.2839113
-0.8729288 0.4858081 -0.0446167 -50.9180030
-0.0007078 0.0901937 0.9959314 -0.4684881
0.0000000 0.0000000 0.0000000 1.0000000
0.5474384 0.8329748 -0.0803850 97.5671914
-0.8367948 0.5459513 -0.0414316 -51.4370837
0.0093745 0.0899459 0.9959100 -0.4884349
0.0000000 0.0000000 0.0000000 1.0000000
0.6035849 0.7932518 -0.0802149 97.9134595
-0.7971075 0.6025911 -0.0388419 -51.7574038
0.0175250 0.0873833 0.9960281 -0.4363489
0.0000000 0.0000000 0.0000000 1.0000000
0.6570639 0.7492729 -0.0827890 98.2954364
-0.7533670 0.6565596 -0.0370539 -51.9911648
0.0265920 0.0867162 0.9958856 -0.3943125
0.0000000 0.0000000 0.0000000 1.0000000
0.7065212 0.7026923 -0.0839526 98.5407164
-0.7069317 0.7062803 -0.0376936 -52.2182847
0.0328066 0.0859791 0.9957643 -0.3779470
0.0000000 0.0000000 0.0000000 1.0000000
0.7527319 0.6533555 -0.0807299 98.9564194
-0.6574212 0.7524566 -0.0401362 -52.5455522
0.0345219 0.0832844 0.9959352 -0.3575013
0.0000000 0.0000000 0.0000000 1.0000000
0.7955182 0.6009605 -0.0774126 99.3773475
-0.6048839 0.7951403 -0.0432632 -52.7427812
0.0355537 0.0812414 0.9960677 -0.3782721
0.0000000 0.0000000 0.0000000 1.0000000
0.8336624 0.5473833 -0.0733017 99.8052159
-0.5511114 0.8331526 -0.0462224 -52.9818346
0.0357693 0.0789305 0.9962458 -0.3108406
0.0000000 0.0000000 0.0000000 1.0000000
0.8662637 0.4948957 -0.0682578 100.2280493
-0.4983376 0.8656447 -0.0481900 -53.2817167
0.0352370 0.0757600 0.9965107 -0.2926726
0.0000000 0.0000000 0.0000000 1.0000000
0.8931386 0.4451405 -0.0643976 100.7222942
-0.4483719 0.8924853 -0.0493512 -53.3840729
0.0355047 0.0729509 0.9967109 -0.2909832
0.0000000 0.0000000 0.0000000 1.0000000
0.9143367 0.4002235 -0.0616667 101.1357835
-0.4032920 0.9137382 -0.0494040 -53.4861653
0.0365735 0.0700410 0.9968810 -0.2507299
0.0000000 0.0000000 0.0000000 1.0000000
0.9300389 0.3625476 -0.0598309 101.5489661
-0.3653612 0.9297557 -0.0454715 -53.6617976
0.0391414 0.0641495 0.9971801 -0.2711395
0.0000000 0.0000000 0.0000000 1.0000000
0.9435642 0.3257376 -0.0597822 102.0701941
-0.3283457 0.9436899 -0.0404997 -53.8769973
0.0432224 0.0578427 0.9973972 -0.2329835
0.0000000 0.0000000 0.0000000 1.0000000
0.9531933 0.2963219 -0.0600681 102.6193231
-0.2989226 0.9534356 -0.0400974 -53.9837214
0.0453882 0.0561757 0.9973963 -0.2035985
0.0000000 0.0000000 0.0000000 1.0000000
0.9602469 0.2724112 -0.0609110 103.0270272
-0.2751983 0.9604175 -0.0431992 -54.1384360
0.0467308 0.0582440 0.9972157 -0.2015716
0.0000000 0.0000000 0.0000000 1.0000000
0.9646522 0.2563427 -0.0610395 103.5102058
-0.2593110 0.9646540 -0.0469334 -54.2527145
0.0468497 0.0611022 0.9970391 -0.1791607
0.0000000 0.0000000 0.0000000 1.0000000
0.9681403 0.2429647 -0.0605274 104.0028902
-0.2457523 0.9683440 -0.0438068 -54.3854700
0.0479665 0.0572855 0.9972126 -0.1250060
0.0000000 0.0000000 0.0000000 1.0000000
0.9706195 0.2332206 -0.0591365 104.4950579
-0.2357776 0.9709573 -0.0406739 -54.4356761
0.0479317 0.0534216 0.9974288 -0.0616375
0.0000000 0.0000000 0.0000000 1.0000000
0.9720914 0.2269745 -0.0592590 105.0330179
-0.2292796 0.9727163 -0.0354553 -54.5882106
0.0495934 0.0480522 0.9976206 -0.0475934
0.0000000 0.0000000 0.0000000 1.0000000
0.9723829 0.2252695 -0.0609698 105.6107702
-0.2274009 0.9733238 -0.0305458 -54.6026745
0.0524611 0.0435663 0.9976799 0.0152777
0.0000000 0.0000000 0.0000000 1.0000000
0.9727348 0.2232158 -0.0628837 106.2226208
-0.2254470 0.9737678 -0.0308738 -54.6806287
0.0543414 0.0442085 0.9975510 0.0702647
0.0000000 0.0000000 0.0000000 1.0000000
0.9720383 0.2251048 -0.0667964 106.7787104
-0.2276983 0.9731373 -0.0340647 -54.9028844
0.0573328 0.0483212 0.9971927 0.1074119
0.0000000 0.0000000 0.0000000 1.0000000
0.9711843 0.2269581 -0.0726848 107.2205101
-0.2299081 0.9725814 -0.0350782 -55.1595303
0.0627294 0.0507778 0.9967458 0.1245353
0.0000000 0.0000000 0.0000000 1.0000000
0.9698039 0.2319771 -0.0752320 107.7313488
-0.2349093 0.9714691 -0.0326858 -55.2524198
0.0655022 0.0493710 0.9966381 0.1683015
0.0000000 0.0000000 0.0000000 1.0000000
0.9688549 0.2361674 -0.0744196 108.3814012
-0.2389415 0.9705486 -0.0307634 -55.3435919
0.0649615 0.0475867 0.9967603 0.2162499
0.0000000 0.0000000 0.0000000 1.0000000
0.9683772 0.2392179 -0.0708041 108.9844026
-0.2416810 0.9699414 -0.0284270 -55.5964503
0.0618745 0.0446395 0.9970930 0.2430330
0.0000000 0.0000000 0.0000000 1.0000000
0.9678070 0.2422317 -0.0683068 109.6606042
-0.2449374 0.9689314 -0.0343773 -55.6873675
0.0578561 0.0500010 0.9970799 0.2946466
0.0000000 0.0000000 0.0000000 1.0000000
0.9671018 0.2463547 -0.0633658 110.2276955
-0.2486452 0.9680968 -0.0311231 -55.8434210
0.0536756 0.0458544 0.9975128 0.2948086
0.0000000 0.0000000 0.0000000 1.0000000
0.9666711 0.2486933 -0.0607412 110.9007322
-0.2511662 0.9672354 -0.0370819 -55.9338377
0.0495277 0.0511017 0.9974724 0.3412200
0.0000000 0.0000000 0.0000000 1.0000000
0.9663502 0.2499072 -0.0608599 111.4515470
-0.2525914 0.9666955 -0.0412423 -56.1629666
0.0485249 0.0552269 0.9973018 0.3598836
0.0000000 0.0000000 0.0000000 1.0000000
0.9655383 0.2523073 -0.0637753 112.0425622
-0.2553465 0.9658041 -0.0449983 -56.2941968
0.0502397 0.0597320 0.9969573 0.3990280
0.0000000 0.0000000 0.0000000 1.0000000
0.9651199 0.2527009 -0.0683792 112.6378405
-0.2559931 0.9656547 -0.0445283 -56.4452773
0.0547770 0.0604794 0.9966733 0.4282727
0.0000000 0.0000000 0.0000000 1.0000000
0.9646058 0.2531299 -0.0738337 113.3305239
-0.2566048 0.9656052 -0.0420018 -56.5567994
0.0606611 0.0594609 0.9963937 0.4398283
0.0000000 0.0000000 0.0000000 1.0000000
0.9650596 0.2506676 -0.0762719 114.0475670
-0.2539677 0.9665057 -0.0370292 -56.6997678
0.0644340 0.0551056 0.9964073 0.4625884
0.0000000 0.0000000 0.0000000 1.0000000
0.9663568 0.2465041 -0.0733618 114.7078478
-0.2497830 0.9675032 -0.0393646 -56.9643229
0.0612730 0.0563643 0.9965363 0.5518157
0.0000000 0.0000000 0.0000000 1.0000000
0.9670246 0.2451970 -0.0688022 115.4773260
-0.2487219 0.9673697 -0.0483391 -57.0832541
0.0547033 0.0638574 0.9964666 0.6245891
0.0000000 0.0000000 0.0000000 1.0000000
0.9684631 0.2407005 -0.0642932 116.1950000
-0.2437806 0.9687754 -0.0452552 -57.2882926
0.0513914 0.0595010 0.9969126 0.6619868
0.0000000 0.0000000 0.0000000 1.0000000
0.9694290 0.2371061 -0.0630753 116.9245588
-0.2398700 0.9699605 -0.0405104 -57.4957841
