1.0000000 0.0000000 0.0000000 0.0000000
0.0000000 1.0000000 0.0000000 0.0000000
0.0000000 0.0000000 1.0000000 0.0000000
0.0000000 0.0000000 0.0000000 1.0000000
0.9989265 0.0463096 -0.0011210 1.0151085
-0.0463121 0.9989243 -0.0023090 -0.0433777
0.0010129 0.0023585 0.9999967 0.0147231
0.0000000 0.0000000 0.0000000 1.0000000
0.9957862 0.0915444 -0.0053986 2.0866985
-0.0915710 0.9957864 -0.0049210 -0.1354123
0.0049253 0.0053947 0.9999732 0.0270323
0.0000000 0.0000000 0.0000000 1.0000000
0.9904174 0.1378414 -0.0085339 3.0518465
-0.1378872 0.9904352 -0.0050304 -0.2630750
0.0077589 0.0061589 0.9999509 0.0436476
0.0000000 0.0000000 0.0000000 1.0000000
0.9833894 0.1812048 -0.0104813 4.0784106
-0.1812439 0.9834339 -0.0029065 -0.4361722
0.0097810 0.0047579 0.9999408 0.0640944
0.0000000 0.0000000 0.0000000 1.0000000
0.9741062 0.2258470 -0.0104917 5.0109248
-0.2259011 0.9741408 -0.0042781 -0.6466931
0.0092542 0.0065374 0.9999357 0.0870850
0.0000000 0.0000000 0.0000000 1.0000000
0.9620011 0.2728102 -0.0113179 6.0219541
-0.2728803 0.9620341 -0.0051594 -0.9210132
0.0094807 0.0080518 0.9999225 0.1084403
0.0000000 0.0000000 0.0000000 1.0000000
0.9485131 0.3163905 -0.0148272 6.9461346
-0.3165244 0.9485530 -0.0077199 -1.2299155
0.0116219 0.0120156 0.9998602 0.1250794
0.0000000 0.0000000 0.0000000 1.0000000
0.9336449 0.3576979 -0.0189519 7.8016944
-0.3579232 0.9336960 -0.0101302 -1.5604011
0.0140718 0.0162413 0.9997690 0.1463204
0.0000000 0.0000000 0.0000000 1.0000000
0.9140944 0.4050535 -0.0190459 8.6067514
-0.4052581 0.9141643 -0.0083331 -1.9068196
0.0140358 0.0153357 0.9997838 0.1670392
0.0000000 0.0000000 0.0000000 1.0000000
0.8947436 0.4462003 -0.0184101 9.4076357
-0.4464172 0.8947701 -0.0099021 -2.3046753
0.0120545 0.0170784 0.9997813 0.1924316
0.0000000 0.0000000 0.0000000 1.0000000
0.8722678 0.4886951 -0.0180462 10.1568451
-0.4889016 0.8722877 -0.0094410 -2.7194395
0.0111277 0.0170579 0.9997924 0.2127728
0.0000000 0.0000000 0.0000000 1.0000000
0.8479552 0.5297761 -0.0175780 10.9052658
-0.5299827 0.8479470 -0.0102093 -3.1853576
0.0094966 0.0179730 0.9997932 0.2336124
0.0000000 0.0000000 0.0000000 1.0000000
0.8209416 0.5707423 -0.0175456 11.6459723
-0.5709470 0.8209244 -0.0101311 -3.6931973
0.0086213 0.0183347 0.9997946 0.2512125
0.0000000 0.0000000 0.0000000 1.0000000
0.7933605 0.6084405 -0.0194696 12.3533592
-0.6087045 0.7932925 -0.0128836 -4.2396579
0.0076062 0.0220726 0.9997274 0.2667308
0.0000000 0.0000000 0.0000000 1.0000000
0.7631469 0.6459203 -0.0198414 13.0585613
-0.6461750 0.7631103 -0.0109851 -4.8250761
0.0080457 0.0212042 0.9997427 0.2836066
0.0000000 0.0000000 0.0000000 1.0000000
0.7327530 0.6801127 -0.0227947 13.7518415
-0.6804577 0.7326514 -0.0141202 -5.4708204
0.0070973 0.0258575 0.9996404 0.3006124
0.0000000 0.0000000 0.0000000 1.0000000
0.7004989 0.7132778 -0.0231525 14.4271803
-0.7136204 0.7004104 -0.0130921 -6.1464128
0.0068779 0.0256931 0.9996462 0.3173756
0.0000000 0.0000000 0.0000000 1.0000000
0.6646456 0.7467409 -0.0249880 14.9849730
-0.7471194 0.6645826 -0.0119475 -6.7705412
0.0076849 0.0266099 0.9996163 0.3286930
0.0000000 0.0000000 0.0000000 1.0000000
0.6291837 0.7767350 -0.0284740 15.5882692
-0.7772248 0.6290675 -0.0139920 -7.5203743
0.0070440 0.0309342 0.9994966 0.3475946
0.0000000 0.0000000 0.0000000 1.0000000
0.5912137 0.8060205 -0.0282399 16.1607971
-0.8064848 0.5911323 -0.0120425 -8.2840929
0.0069870 0.0298948 0.9995286 0.3654726
0.0000000 0.0000000 0.0000000 1.0000000
0.5515238 0.8335568 -0.0316978 16.6732502
-0.8341152 0.5514871 -0.0106752 -9.0556307
0.0085826 0.0323272 0.9994405 0.3806100
0.0000000 0.0000000 0.0000000 1.0000000
0.5125142 0.8579149 -0.0362140 17.1573944
-0.8586159 0.5125320 -0.0094934 -9.8648224
0.0104163 0.0359594 0.9992990 0.3962030
0.0000000 0.0000000 0.0000000 1.0000000
0.4725496 0.8805019 -0.0375969 17.6402893
-0.8812384 0.4726060 -0.0079299 -10.7490940
0.0107862 0.0368790 0.9992615 0.4182041
0.0000000 0.0000000 0.0000000 1.0000000
0.4347325 0.8996167 -0.0412023 18.0726223
-0.9005101 0.4347344 -0.0093816 -11.6397982
0.0094722 0.0411816 0.9991068 0.4431044
0.0000000 0.0000000 0.0000000 1.0000000
0.3987314 0.9159529 -0.0452077 18.4612942
-0.9170240 0.3987108 -0.0098603 -12.5356922
0.0089932 0.0453882 0.9989290 0.4649107
0.0000000 0.0000000 0.0000000 1.0000000
0.3634215 0.9304270 -0.0472287 18.8018551
-0.9315642 0.3635102 -0.0070000 -13.4030161
0.0106551 0.0465405 0.9988596 0.4845415
0.0000000 0.0000000 0.0000000 1.0000000
0.3287113 0.9432008 -0.0481794 19.1348343
-0.9443991 0.3286898 -0.0085939 -14.3457174
0.0077303 0.0483255 0.9988017 0.5121334
0.0000000 0.0000000 0.0000000 1.0000000
0.2943812 0.9543724 -0.0501310 19.4100056
-0.9556783 0.2942131 -0.0108654 -15.2385263
0.0043795 0.0511077 0.9986835 0.5340701
0.0000000 0.0000000 0.0000000 1.0000000
0.2596476 0.9642799 -0.0524154 19.6780262
-0.9657003 0.2594076 -0.0114477 -16.2242661
0.0025582 0.0535900 0.9985597 0.5530025
0.0000000 0.0000000 0.0000000 1.0000000
0.2253550 0.9730148 -0.0495702 19.9281158
-0.9742736 0.2251948 -0.0088609 -17.2218971
0.0025412 0.0502918 0.9987313 0.5703086
0.0000000 0.0000000 0.0000000 1.0000000
0.1911621 0.9803076 -0.0495374 20.1179886
-0.9815569 0.1910148 -0.0077306 -18.1657028
0.0018841 0.0501016 0.9987423 0.5832433
0.0000000 0.0000000 0.0000000 1.0000000
0.1603484 0.9857540 -0.0507701 20.2816677
-0.9870600 0.1602006 -0.0069907 -19.1353817
0.0012423 0.0512341 0.9986858 0.5960167
0.0000000 0.0000000 0.0000000 1.0000000
0.1312906 0.9899260 -0.0530020 20.4092274
-0.9913442 0.1311125 -0.0068330 -20.0856514
0.0001851 0.0534403 0.9985710 0.6075895
0.0000000 0.0000000 0.0000000 1.0000000
0.1007576 0.9935744 -0.0515537 20.5113907
-0.9949091 0.1005148 -0.0072828 -21.0272026
-0.0020541 0.0520250 0.9986436 0.6161170
0.0000000 0.0000000 0.0000000 1.0000000
0.0702769 0.9961678 -0.0520681 20.5897789
-0.9975212 0.0699916 -0.0072807 -22.0729942
-0.0036084 0.0524507 0.9986170 0.6227145
0.0000000 0.0000000 0.0000000 1.0000000
0.0421693 0.9976120 -0.0547020 20.6380100
-0.9991015 0.0418697 -0.0066071 -23.1273613
-0.0043010 0.0549314 0.9984809 0.6296178
0.0000000 0.0000000 0.0000000 1.0000000
0.0162191 0.9980992 -0.0594558 20.6520538
-0.9998583 0.0159193 -0.0055083 -24.1723309
-0.0045513 0.0595367 0.9982157 0.6341769
0.0000000 0.0000000 0.0000000 1.0000000
-0.0079090 0.9979060 -0.0641967 20.6448765
-0.9999539 -0.0082449 -0.0049650 -25.3160667
-0.0054839 0.0641544 0.9979248 0.6385359
0.0000000 0.0000000 0.0000000 1.0000000
-0.0273483 0.9973155 -0.0679258 20.6150799
-0.9996099 -0.0276719 -0.0038236 -26.4399471
-0.0056930 0.0677948 0.9976829 0.6416579
0.0000000 0.0000000 0.0000000 1.0000000
-0.0446859 0.9964541 -0.0712920 20.5617905
-0.9989806 -0.0450298 -0.0032193 -27.6367950
-0.0064181 0.0710755 0.9974501 0.6455495
0.0000000 0.0000000 0.0000000 1.0000000
-0.0620799 0.9952815 -0.0745723 20.4884090
-0.9980485 -0.0624105 -0.0021055 -28.8248329
-0.0067496 0.0742960 0.9972132 0.6500130
0.0000000 0.0000000 0.0000000 1.0000000
-0.0774161 0.9940097 -0.0771475 20.3986206
-0.9969647 -0.0778237 -0.0022818 -29.9887276
-0.0082721 0.0767367 0.9970169 0.6542600
0.0000000 0.0000000 0.0000000 1.0000000
-0.0923289 0.9927440 -0.0770398 20.2918186
-0.9956717 -0.0928746 -0.0035195 -31.1799469
-0.0106490 0.0763814 0.9970216 0.6583414
0.0000000 0.0000000 0.0000000 1.0000000
-0.1046312 0.9915256 -0.0770042 20.1713943
-0.9944472 -0.1051895 -0.0032158 -32.3445053
-0.0112885 0.0762402 0.9970254 0.6579626
0.0000000 0.0000000 0.0000000 1.0000000
-0.1150515 0.9903116 -0.0777591 20.0310001
-0.9933168 -0.1154208 -0.0002527 -33.5564766
-0.0092252 0.0772103 0.9969720 0.6556807
0.0000000 0.0000000 0.0000000 1.0000000
-0.1243761 0.9891212 -0.0785516 19.8783417
-0.9922107 -0.1245406 0.0028242 -34.7631607
-0.0069893 0.0782910 0.9969059 0.6565862
0.0000000 0.0000000 0.0000000 1.0000000
-0.1320789 0.9880490 -0.0794657 19.7195568
-0.9912271 -0.1320513 0.0056289 -35.9259567
-0.0049319 0.0795120 0.9968215 0.6568754
0.0000000 0.0000000 0.0000000 1.0000000
-0.1378275 0.9873360 -0.0785599 19.5517883
-0.9904495 -0.1376898 0.0071967 -37.1213493
-0.0037114 0.0788016 0.9968832 0.6601605
0.0000000 0.0000000 0.0000000 1.0000000
-0.1439724 0.9864278 -0.0789460 19.3719654
-0.9895765 -0.1437780 0.0081740 -38.3453789
-0.0032876 0.0792999 0.9968452 0.6633898
0.0000000 0.0000000 0.0000000 1.0000000
-0.1465326 0.9859377 -0.0803459 19.1776047
-0.9892035 -0.1462343 0.0096198 -39.6191292
-0.0022649 0.0808881 0.9967204 0.6695524
0.0000000 0.0000000 0.0000000 1.0000000
-0.1506183 0.9853849 -0.0795671 18.9853668
-0.9885913 -0.1502379 0.0107836 -40.8973885
-0.0013280 0.0802836 0.9967710 0.6768373
0.0000000 0.0000000 0.0000000 1.0000000
-0.1544640 0.9847377 -0.0802052 18.7821579
-0.9879978 -0.1540533 0.0113236 -42.1907654
-0.0012051 0.0809916 0.9967138 0.6846205
0.0000000 0.0000000 0.0000000 1.0000000
-0.1564817 0.9843547 -0.0809914 18.5680389
-0.9876784 -0.1561425 0.0105484 -43.5310440
-0.0022628 0.0816441 0.9966587 0.6950716
0.0000000 0.0000000 0.0000000 1.0000000
-0.1584702 0.9840028 -0.0814004 18.3388462
-0.9873567 -0.1582461 0.0092412 -44.9335365
-0.0037879 0.0818357 0.9966384 0.7033215
0.0000000 0.0000000 0.0000000 1.0000000
-0.1603434 0.9836429 -0.0820794 18.1076279
-0.9870477 -0.1602262 0.0080587 -46.3397865
-0.0052244 0.0823084 0.9965929 0.7073151
0.0000000 0.0000000 0.0000000 1.0000000
-0.1632488 0.9830369 -0.0835989 17.8733463
-0.9865723 -0.1630933 0.0087358 -47.7245865
-0.0050468 0.0839025 0.9964609 0.7094955
0.0000000 0.0000000 0.0000000 1.0000000
-0.1647762 0.9827880 -0.0835290 17.6249218
-0.9863203 -0.1645820 0.0092549 -49.1906166
-0.0046517 0.0839113 0.9964620 0.7133777
0.0000000 0.0000000 0.0000000 1.0000000
-0.1659881 0.9824901 -0.0846268 17.3941250
-0.9861201 -0.1657176 0.0102628 -50.5274200
-0.0039411 0.0851557 0.9963595 0.7190024
0.0000000 0.0000000 0.0000000 1.0000000
-0.1677398 0.9822978 -0.0833956 17.1507244
-0.9858220 -0.1675084 0.0098167 -51.9556656
-0.0043266 0.0838598 0.9964678 0.7247961
0.0000000 0.0000000 0.0000000 1.0000000
-0.1682577 0.9821608 -0.0839636 16.9046669
-0.9857382 -0.1679166 0.0111611 -53.3678818
-0.0031369 0.0846441 0.9964060 0.7316462
0.0000000 0.0000000 0.0000000 1.0000000
-0.1680305 0.9821872 -0.0841094 16.6641579
-0.9857765 -0.1677018 0.0110118 -54.7566376
-0.0032897 0.0847634 0.9963953 0.7392819
0.0000000 0.0000000 0.0000000 1.0000000
-0.1676858 0.9822959 -0.0835258 16.3976097
-0.9858341 -0.1673907 0.0105762 -56.3045464
-0.0035925 0.0841160 0.9964491 0.7482737
0.0000000 0.0000000 0.0000000 1.0000000
-0.1682734 0.9821193 -0.0844151 16.1338520
-0.9857370 -0.1678844 0.0117394 -57.8215714
-0.0026425 0.0851865 0.9963611 0.7561741
0.0000000 0.0000000 0.0000000 1.0000000
-0.1693511 0.9819704 -0.0839915 15.8741264
-0.9855520 -0.1689774 0.0115920 -59.3188324
-0.0028097 0.0847411 0.9963986 0.7648054
0.0000000 0.0000000 0.0000000 1.0000000
-0.1703353 0.9817018 -0.0851334 15.5836754
-0.9853843 -0.1698756 0.0126714 -60.9656677
-0.0020225 0.0860475 0.9962886 0.7734650
0.0000000 0.0000000 0.0000000 1.0000000
-0.1693851 0.9818746 -0.0850363 15.2960157
-0.9855479 -0.1689363 0.0125012 -62.6020508
-0.0020911 0.0859248 0.9962991 0.7868249
0.0000000 0.0000000 0.0000000 1.0000000
-0.1681643 0.9820893 -0.0849789 15.0090504
-0.9857558 -0.1677627 0.0118983 -64.2554474
-0.0025711 0.0857693 0.9963114 0.7961816
0.0000000 0.0000000 0.0000000 1.0000000
-0.1686118 0.9819892 -0.0852485 14.7079201
-0.9856751 -0.1683171 0.0106871 -66.0113449
-0.0038541 0.0858293 0.9963021 0.8082328
0.0000000 0.0000000 0.0000000 1.0000000
-0.1690513 0.9819166 -0.0852137 14.4231081
-0.9855992 -0.1687678 0.0105748 -67.6620789
-0.0039978 0.0857742 0.9963062 0.8186174
0.0000000 0.0000000 0.0000000 1.0000000
-0.1696558 0.9817483 -0.0859489 14.1368275
-0.9854999 -0.1692424 0.0121293 -69.3070145
-0.0026383 0.0867605 0.9962254 0.8277565
0.0000000 0.0000000 0.0000000 1.0000000
-0.1704199 0.9816433 -0.0856354 13.8485107
-0.9853679 -0.1700100 0.0121137 -70.9642944
-0.0026675 0.0864468 0.9962525 0.8392658
0.0000000 0.0000000 0.0000000 1.0000000
-0.1712775 0.9815930 -0.0844939 13.5686102
-0.9852199 -0.1708532 0.0122841 -72.5784302
-0.0023781 0.0853491 0.9963479 0.8507482
0.0000000 0.0000000 0.0000000 1.0000000
-0.1735674 0.9813332 -0.0828220 13.2536764
-0.9848165 -0.1732320 0.0112766 -74.3940430
-0.0032813 0.0835218 0.9965002 0.8625537
0.0000000 0.0000000 0.0000000 1.0000000
-0.1742858 0.9812676 -0.0820861 12.9301567
-0.9846893 -0.1739628 0.0111285 -76.2076187
-0.0033599 0.0827689 0.9965627 0.8729368
0.0000000 0.0000000 0.0000000 1.0000000
-0.1763121 0.9809269 -0.0818316 12.6055670
-0.9843290 -0.1759721 0.0114080 -78.0231552
-0.0032097 0.0825606 0.9965805 0.8825307
0.0000000 0.0000000 0.0000000 1.0000000
-0.1787017 0.9805067 -0.0816841 12.2672529
-0.9838989 -0.1783303 0.0118814 -79.8914261
-0.0029169 0.0824922 0.9965870 0.8935392
0.0000000 0.0000000 0.0000000 1.0000000
-0.1805267 0.9802571 -0.0806596 11.9311447
-0.9835649 -0.1801829 0.0115845 -81.7363052
-0.0031777 0.0814253 0.9966739 0.9061934
0.0000000 0.0000000 0.0000000 1.0000000
-0.1821959 0.9800244 -0.0797285 11.6197815
-0.9832587 -0.1818100 0.0121373 -83.4161148
-0.0026006 0.0806051 0.9967422 0.9151161
0.0000000 0.0000000 0.0000000 1.0000000
-0.1835279 0.9799052 -0.0781232 11.2740784
-0.9830112 -0.1831494 0.0120468 -85.2684555
-0.0025035 0.0790069 0.9968705 0.9288280
0.0000000 0.0000000 0.0000000 1.0000000
-0.1846964 0.9798156 -0.0764754 10.9467010
-0.9827924 -0.1843291 0.0118987 -87.0165482
-0.0024381 0.0773571 0.9970000 0.9401540
0.0000000 0.0000000 0.0000000 1.0000000
-0.1857994 0.9796829 -0.0754972 10.6027603
-0.9825826 -0.1854926 0.0111205 -88.8269501
-0.0031096 0.0762484 0.9970836 0.9558082
0.0000000 0.0000000 0.0000000 1.0000000
-0.1879739 0.9793845 -0.0739698 10.2574978
-0.9821696 -0.1876615 0.0112156 -90.6388321
-0.0028969 0.0747591 0.9971970 0.9618353
0.0000000 0.0000000 0.0000000 1.0000000
-0.1896690 0.9791622 -0.0725728 9.9292545
-0.9818448 -0.1893338 0.0115360 -92.3432388
-0.0024449 0.0734433 0.9972960 0.9710874
0.0000000 0.0000000 0.0000000 1.0000000
-0.1926336 0.9787611 -0.0701318 9.5862961
-0.9812693 -0.1922515 0.0122242 -94.1154785
-0.0015184 0.0711730 0.9974624 0.9828457
0.0000000 0.0000000 0.0000000 1.0000000
-0.1948962 0.9784064 -0.0688176 9.2291384
-0.9808231 -0.1944872 0.0126624 -95.9185791
-0.0009952 0.0699658 0.9975485 0.9971337
0.0000000 0.0000000 0.0000000 1.0000000
-0.1973943 0.9779748 -0.0678262 8.8607244
-0.9803230 -0.1970174 0.0122700 -97.7681961
-0.0013632 0.0689136 0.9976213 1.0084664
0.0000000 0.0000000 0.0000000 1.0000000
-0.2010401 0.9773783 -0.0656824 8.4568291
-0.9795805 -0.2007299 0.0113594 -99.7700882
-0.0020820 0.0666249 0.9977755 1.0233408
0.0000000 0.0000000 0.0000000 1.0000000
-0.2049206 0.9766539 -0.0644543 8.0465117
-0.9787766 -0.2045984 0.0116335 -101.7412262
-0.0018254 0.0654703 0.9978524 1.0371723
0.0000000 0.0000000 0.0000000 1.0000000
-0.2090866 0.9757684 -0.0644859 7.6144047
-0.9778958 -0.2087306 0.0122871 -103.7601776
-0.0014708 0.0656296 0.9978426 1.0506901
0.0000000 0.0000000 0.0000000 1.0000000
-0.2142836 0.9746524 -0.0643035 7.2033081
-0.9767712 -0.2138452 0.0137093 -105.6387100
-0.0003892 0.0657475 0.9978359 1.0634129
0.0000000 0.0000000 0.0000000 1.0000000
-0.2180219 0.9738362 -0.0641035 6.7439003
-0.9759436 -0.2175841 0.0138214 -107.6918869
-0.0004881 0.0655748 0.9978472 1.0802585
0.0000000 0.0000000 0.0000000 1.0000000
-0.2221515 0.9730285 -0.0621614 6.3211627
-0.9750118 -0.2217366 0.0135852 -109.5704880
-0.0005647 0.0636261 0.9979733 1.0940176
0.0000000 0.0000000 0.0000000 1.0000000
-0.2271606 0.9720229 -0.0597447 5.8721905
-0.9738569 -0.2267722 0.0132961 -111.5364914
-0.0006243 0.0612032 0.9981248 1.1065609
0.0000000 0.0000000 0.0000000 1.0000000
-0.2308912 0.9712177 -0.0585267 5.4173231
-0.9729794 -0.2304871 0.0136599 -113.4689026
-0.0002230 0.0600993 0.9981921 1.1218334
0.0000000 0.0000000 0.0000000 1.0000000
-0.2345618 0.9703740 -0.0579216 4.9347334
-0.9721005 -0.2342026 0.0130141 -115.4863129
-0.0009369 0.0593583 0.9982360 1.1344482
0.0000000 0.0000000 0.0000000 1.0000000
-0.2392818 0.9691910 -0.0584230 4.4427276
-0.9709499 -0.2388704 0.0140326 -117.4847565
-0.0003552 0.0600836 0.9981930 1.1490468
0.0000000 0.0000000 0.0000000 1.0000000
-0.2435747 0.9681488 -0.0579592 3.8884017
-0.9698819 -0.2431688 0.0140669 -119.6895447
-0.0004750 0.0596400 0.9982195 1.1679436
0.0000000 0.0000000 0.0000000 1.0000000
-0.2491210 0.9666755 -0.0589691 3.3754048
-0.9684717 -0.2487231 0.0141145 -121.6826859
-0.0010228 0.0606261 0.9981598 1.1825194
0.0000000 0.0000000 0.0000000 1.0000000
-0.2538951 0.9654398 -0.0588502 2.8434489
-0.9672315 -0.2534548 0.0149568 -123.7117233
-0.0004760 0.0607193 0.9981545 1.1964552
0.0000000 0.0000000 0.0000000 1.0000000
-0.2590360 0.9640602 -0.0590607 2.2586010
-0.9658675 -0.2585355 0.0161002 -125.8950729
0.0002523 0.0612154 0.9981243 1.2152852
0.0000000 0.0000000 0.0000000 1.0000000
-0.2642802 0.9626397 -0.0589990 1.6722987
-0.9644458 -0.2637659 0.0164855 -128.0370941
0.0003076 0.0612582 0.9981217 1.2355057
0.0000000 0.0000000 0.0000000 1.0000000
-0.2672718 0.9617482 -0.0600512 1.0402180
-0.9636210 -0.2667825 0.0161751 -130.2897644
-0.0004642 0.0621898 0.9980640 1.2553134
0.0000000 0.0000000 0.0000000 1.0000000
-0.2703363 0.9607735 -0.0619078 0.4264517
-0.9627646 -0.2698798 0.0157837 -132.4481964
-0.0015431 0.0638696 0.9979569 1.2756352
0.0000000 0.0000000 0.0000000 1.0000000
-0.2746085 0.9594774 -0.0631923 -0.1579713
-0.9615532 -0.2741738 0.0156236 -134.4895630
-0.0023351 0.0650532 0.9978789 1.2898874
0.0000000 0.0000000 0.0000000 1.0000000
-0.2764763 0.9589727 -0.0627056 -0.7755998
-0.9610176 -0.2760494 0.0155481 -136.6237335
-0.0023997 0.0645599 0.9979108 1.3049191
0.0000000 0.0000000 0.0000000 1.0000000
-0.2793382 0.9581273 -0.0629443 -1.4103932
-0.9601866 -0.2789685 0.0147685 -138.8028107
-0.0034094 0.0645637 0.9979076 1.3200250
0.0000000 0.0000000 0.0000000 1.0000000
-0.2831035 0.9570237 -0.0629110 -2.0224876
-0.9590843 -0.2827035 0.0153606 -140.8724670
-0.0030847 0.0646856 0.9979007 1.3307762
0.0000000 0.0000000 0.0000000 1.0000000
-0.2868048 0.9559414 -0.0626006 -2.6662121
-0.9579828 -0.2864230 0.0151855 -143.0254669
-0.0034138 0.0643256 0.9979229 1.3432969
0.0000000 0.0000000 0.0000000 1.0000000
-0.2908417 0.9547448 -0.0622354 -3.2872694
-0.9567620 -0.2905064 0.0145720 -145.0704041
-0.0041672 0.0637827 0.9979549 1.3536851
0.0000000 0.0000000 0.0000000 1.0000000
-0.2947784 0.9534513 -0.0635307 -3.9551015
-0.9555558 -0.2944223 0.0151113 -147.2304382
-0.0042970 0.0651617 0.9978653 1.3635777
0.0000000 0.0000000 0.0000000 1.0000000
-0.2977886 0.9524708 -0.0641963 -4.5748949
-0.9546244 -0.2973737 0.0161479 -149.2062225
-0.0037099 0.0660920 0.9978065 1.3770032
0.0000000 0.0000000 0.0000000 1.0000000
-0.3023421 0.9510056 -0.0646325 -5.2617345
-0.9531889 -0.3019602 0.0158347 -151.3739319
-0.0044575 0.0663945 0.9977833 1.3903379
0.0000000 0.0000000 0.0000000 1.0000000
-0.3067071 0.9495956 -0.0647963 -5.9113164
-0.9517900 -0.3063576 0.0155120 -153.3945465
-0.0051207 0.0664301 0.9977778 1.4024101
0.0000000 0.0000000 0.0000000 1.0000000
-0.3114657 0.9480505 -0.0647233 -6.6053271
-0.9502392 -0.3111552 0.0150825 -155.5211945
-0.0058401 0.0662003 0.9977891 1.4116856
0.0000000 0.0000000 0.0000000 1.0000000
-0.3144609 0.9470249 -0.0652530 -7.2821422
-0.9492537 -0.3141172 0.0157307 -157.5566711
-0.0055997 0.0668883 0.9977446 1.4219911
0.0000000 0.0000000 0.0000000 1.0000000
-0.3177574 0.9459257 -0.0652271 -7.9764786
-0.9481526 -0.3174365 0.0155045 -159.6194763
-0.0060393 0.0667720 0.9977499 1.4326308
0.0000000 0.0000000 0.0000000 1.0000000
-0.3203970 0.9449853 -0.0659421 -8.6736307
-0.9472678 -0.3200117 0.0166127 -161.6624146
-0.0054035 0.0677875 0.9976850 1.4421862
0.0000000 0.0000000 0.0000000 1.0000000
-0.3227267 0.9441888 -0.0659907 -9.3816891
-0.9464708 -0.3224006 0.0158277 -163.7270203
-0.0063311 0.0675664 0.9976946 1.4541378
0.0000000 0.0000000 0.0000000 1.0000000
-0.3246260 0.9435202 -0.0662363 -10.1194849
-0.9458236 -0.3242632 0.0164580 -165.8653870
-0.0059495 0.0679906 0.9976681 1.4638263
0.0000000 0.0000000 0.0000000 1.0000000
-0.3273253 0.9425391 -0.0669176 -10.8937979
-0.9448891 -0.3269838 0.0163079 -168.0814362
-0.0065102 0.0685677 0.9976251 1.4733208
0.0000000 0.0000000 0.0000000 1.0000000
-0.3300792 0.9415493 -0.0673234 -11.6587296
-0.9439327 -0.3297000 0.0169918 -170.2583618
-0.0061979 0.0691575 0.9975864 1.4798484
0.0000000 0.0000000 0.0000000 1.0000000
-0.3334731 0.9402822 -0.0683002 -12.4373293
-0.9427355 -0.3331045 0.0170553 -172.4488983
-0.0067143 0.0700766 0.9975190 1.4871910
0.0000000 0.0000000 0.0000000 1.0000000
-0.3368628 0.9390354 -0.0688181 -13.1935167
-0.9415163 -0.3365988 0.0157499 -174.5622864
-0.0083744 0.0700990 0.9975048 1.4928766
0.0000000 0.0000000 0.0000000 1.0000000
-0.3399759 0.9378584 -0.0695564 -13.9588432
-0.9403921 -0.3397281 0.0157290 -176.6767426
-0.0088787 0.0707578 0.9974539 1.4950558
0.0000000 0.0000000 0.0000000 1.0000000
-0.3432133 0.9367251 -0.0689250 -14.7566442
-0.9392093 -0.3430126 0.0151019 -178.8656006
-0.0094958 0.0699182 0.9975074 1.4971800
0.0000000 0.0000000 0.0000000 1.0000000
-0.3449996 0.9361728 -0.0674969 -15.5948582
-0.9385560 -0.3448066 0.0148614 -181.1470795
-0.0093605 0.0684769 0.9976086 1.4992367
0.0000000 0.0000000 0.0000000 1.0000000
-0.3487771 0.9347981 -0.0671351 -16.4160347
-0.9371697 -0.3484945 0.0162604 -183.3541870
-0.0081960 0.0685883 0.9976112 1.4991641
0.0000000 0.0000000 0.0000000 1.0000000
-0.3524569 0.9334685 -0.0664127 -17.2501965
-0.9358065 -0.3520395 0.0182784 -185.5668488
-0.0063176 0.0685919 0.9976246 1.5023923
0.0000000 0.0000000 0.0000000 1.0000000
-0.3553441 0.9323589 -0.0666137 -18.0411320
-0.9347173 -0.3548765 0.0191294 -187.6408386
-0.0058042 0.0690625 0.9975953 1.5097209
0.0000000 0.0000000 0.0000000 1.0000000
-0.3597160 0.9307165 -0.0661142 -18.8795853
-0.9330496 -0.3591683 0.0204077 -189.8253784
-0.0047523 0.0690289 0.9976032 1.5148861
0.0000000 0.0000000 0.0000000 1.0000000
-0.3635587 0.9291662 -0.0668966 -19.7481689
-0.9315618 -0.3629377 0.0216473 -192.0443420
-0.0041653 0.0701884 0.9975249 1.5241165
0.0000000 0.0000000 0.0000000 1.0000000
-0.3674082 0.9276746 -0.0665646 -20.6171589
-0.9300495 -0.3667950 0.0216579 -194.2451630
-0.0043241 0.0698657 0.9975469 1.5386748
0.0000000 0.0000000 0.0000000 1.0000000
-0.3706775 0.9263708 -0.0665959 -21.4740753
-0.9287521 -0.3700410 0.0221126 -196.3842926
-0.0041587 0.0700478 0.9975349 1.5505276
0.0000000 0.0000000 0.0000000 1.0000000
-0.3750569 0.9245594 -0.0672464 -22.3744259
-0.9269876 -0.3744631 0.0217103 -198.6082153
-0.0051088 0.0704792 0.9975001 1.5626429
0.0000000 0.0000000 0.0000000 1.0000000
-0.3790913 0.9229475 -0.0667644 -23.2642250
-0.9253455 -0.3784903 0.0219259 -200.7795715
-0.0050333 0.0700921 0.9975277 1.5729733
0.0000000 0.0000000 0.0000000 1.0000000
-0.3831199 0.9212679 -0.0669664 -24.1866245
-0.9236812 -0.3825491 0.0216609 -203.0018158
-0.0056625 0.0701544 0.9975200 1.5847586
0.0000000 0.0000000 0.0000000 1.0000000
-0.3861980 0.9199547 -0.0673371 -25.1552906
-0.9223979 -0.3856160 0.0219664 -205.3073883
-0.0057582 0.0705950 0.9974883 1.5929917
0.0000000 0.0000000 0.0000000 1.0000000
-0.3893420 0.9185833 -0.0679491 -26.0804615
-0.9210758 -0.3887272 0.0225947 -207.4866333
-0.0056585 0.0713834 0.9974328 1.6021631
0.0000000 0.0000000 0.0000000 1.0000000
-0.3917746 0.9174566 -0.0691792 -27.0660152
-0.9200342 -0.3912309 0.0218073 -209.7835999
-0.0070578 0.0721908 0.9973657 1.6144758
0.0000000 0.0000000 0.0000000 1.0000000
-0.3943089 0.9162999 -0.0701036 -28.0451736
-0.9189447 -0.3937952 0.0215909 -212.0490570
-0.0078228 0.0729349 0.9973059 1.6209484
0.0000000 0.0000000 0.0000000 1.0000000
-0.3974201 0.9149140 -0.0706346 -29.0217915
-0.9176016 -0.3968999 0.0218603 -214.2907715
-0.0080346 0.0735022 0.9972625 1.6287889
0.0000000 0.0000000 0.0000000 1.0000000
-0.4022171 0.9127733 -0.0711741 -29.9893036
-0.9155101 -0.4016567 0.0226511 -216.4886322
-0.0079123 0.0742713 0.9972065 1.6347753
0.0000000 0.0000000 0.0000000 1.0000000
-0.4044048 0.9117993 -0.0712623 -31.0024834
-0.9145415 -0.4038730 0.0223671 -218.7704926
-0.0083866 0.0742177 0.9972066 1.6425976
0.0000000 0.0000000 0.0000000 1.0000000
-0.4078802 0.9102790 -0.0708885 -32.0268250
-0.9130033 -0.4072856 0.0233094 -221.0582886
-0.0076538 0.0742289 0.9972116 1.6450460
0.0000000 0.0000000 0.0000000 1.0000000
-0.4112390 0.9088629 -0.0696414 -33.0074234
-0.9115020 -0.4105958 0.0239767 -223.2297363
-0.0068029 0.0733385 0.9972837 1.6503326
0.0000000 0.0000000 0.0000000 1.0000000
-0.4139838 0.9076751 -0.0688658 -33.9874039
-0.9102613 -0.4133234 0.0242503 -225.3737946
-0.0064525 0.0727252 0.9973309 1.6537654
0.0000000 0.0000000 0.0000000 1.0000000
-0.4166155 0.9064593 -0.0690100 -34.9714661
-0.9090582 -0.4159590 0.0243133 -227.5140228
-0.0066663 0.0728634 0.9973194 1.6620531
0.0000000 0.0000000 0.0000000 1.0000000
-0.4193172 0.9051112 -0.0703280 -35.9761238
-0.9078105 -0.4186642 0.0244964 -229.6723175
-0.0072719 0.0741163 0.9972228 1.6676763
0.0000000 0.0000000 0.0000000 1.0000000
-0.4200510 0.9047257 -0.0709070 -37.0128860
-0.9074641 -0.4194479 0.0239168 -231.8876953
-0.0081037 0.0743919 0.9971959 1.6744342
0.0000000 0.0000000 0.0000000 1.0000000
-0.4222913 0.9036276 -0.0715986 -38.0861816
-0.9064269 -0.4216309 0.0248454 -234.1733704
-0.0077372 0.0753910 0.9971237 1.6784809
0.0000000 0.0000000 0.0000000 1.0000000
-0.4252886 0.9022470 -0.0712677 -39.1120453
-0.9050373 -0.4244858 0.0268129 -236.3515472
-0.0060603 0.0759032 0.9970965 1.6797425
0.0000000 0.0000000 0.0000000 1.0000000
-0.4277260 0.9011269 -0.0708511 -40.1549454
-0.9038864 -0.4269452 0.0265883 -238.5489502
-0.0062901 0.0754139 0.9971322 1.6871046
0.0000000 0.0000000 0.0000000 1.0000000
-0.4303726 0.8999153 -0.0702207 -41.1684341
-0.9026332 -0.4295502 0.0271965 -240.6697388
-0.0056888 0.0750882 0.9971603 1.6909155
0.0000000 0.0000000 0.0000000 1.0000000
-0.4333071 0.8985647 -0.0694672 -42.2305222
-0.9012281 -0.4324977 0.0270837 -242.8768768
-0.0057080 0.0743414 0.9972162 1.6991667
0.0000000 0.0000000 0.0000000 1.0000000
-0.4358802 0.8972975 -0.0697494 -43.2968864
-0.8999810 -0.4351181 0.0265745 -245.0695343
-0.0065040 0.0743566 0.9972102 1.7084583
0.0000000 0.0000000 0.0000000 1.0000000
-0.4377047 0.8963289 -0.0707703 -44.3888741
-0.8990889 -0.4369718 0.0263524 -247.2935486
-0.0073042 0.0751634 0.9971441 1.7157801
0.0000000 0.0000000 0.0000000 1.0000000
-0.4415846 0.8944705 -0.0701774 -45.4497643
-0.8971915 -0.4408357 0.0266688 -249.4429626
-0.0070823 0.0747392 0.9971777 1.7222143
0.0000000 0.0000000 0.0000000 1.0000000
-0.4451258 0.8927396 -0.0698465 -46.5359421
-0.8954442 -0.4443269 0.0274476 -251.6208038
-0.0065312 0.0747613 0.9971797 1.7260262
0.0000000 0.0000000 0.0000000 1.0000000
-0.4490055 0.8907856 -0.0699618 -47.6479530
-0.8935023 -0.4482186 0.0274558 -253.8271484
-0.0069010 0.0748389 0.9971715 1.7309554
0.0000000 0.0000000 0.0000000 1.0000000
-0.4511937 0.8896918 -0.0698024 -48.7646599
-0.8923914 -0.4504840 0.0264950 -256.0234375
-0.0078725 0.0742455 0.9972086 1.7373523
0.0000000 0.0000000 0.0000000 1.0000000
-0.4537403 0.8884698 -0.0688537 -49.8711357
-0.8911015 -0.4530277 0.0265370 -258.1904907
-0.0076154 0.0733966 0.9972734 1.7382674
0.0000000 0.0000000 0.0000000 1.0000000
-0.4558951 0.8874153 -0.0682155 -50.9725494
-0.8899977 -0.4552242 0.0259839 -260.3343811
-0.0079949 0.0725577 0.9973318 1.7415478
0.0000000 0.0000000 0.0000000 1.0000000
-0.4571221 0.8867226 -0.0690065 -52.1104965
-0.8893710 -0.4563949 0.0268881 -262.5286255
-0.0076519 0.0736637 0.9972534 1.7438532
0.0000000 0.0000000 0.0000000 1.0000000
-0.4595947 0.8853748 -0.0698826 -53.2512894
-0.8880924 -0.4588632 0.0271387 -264.7195435
-0.0080386 0.0745351 0.9971856 1.7471421
0.0000000 0.0000000 0.0000000 1.0000000
-0.4623117 0.8838517 -0.0712288 -54.3954964
-0.8866823 -0.4615144 0.0282642 -266.8941040
-0.0078918 0.0762242 0.9970590 1.7468195
0.0000000 0.0000000 0.0000000 1.0000000
-0.4653349 0.8822194 -0.0717758 -55.5450172
-0.8850936 -0.4645622 0.0281300 -269.0735474
-0.0085275 0.0766183 0.9970236 1.7467021
0.0000000 0.0000000 0.0000000 1.0000000
-0.4689325 0.8803735 -0.0710224 -56.6378479
-0.8832009 -0.4680920 0.0290859 -271.1284180
-0.0076386 0.0763664 0.9970501 1.7436298
0.0000000 0.0000000 0.0000000 1.0000000
-0.4719834 0.8787426 -0.0710109 -57.7740746
-0.8815826 -0.4710415 0.0305297 -273.2445679
-0.0066213 0.0770116 0.9970077 1.7456355
0.0000000 0.0000000 0.0000000 1.0000000
-0.4747492 0.8772488 -0.0710431 -58.9040260
-0.8800974 -0.4737794 0.0310090 -275.3296509
-0.0064562 0.0772464 0.9969906 1.7514471
0.0000000 0.0000000 0.0000000 1.0000000
-0.4775325 0.8757459 -0.0709314 -60.0930138
-0.8785927 -0.4765255 0.0315964 -277.5028992
-0.0061302 0.0774082 0.9969801 1.7567501
0.0000000 0.0000000 0.0000000 1.0000000
-0.4798402 0.8744929 -0.0708164 -61.2972984
-0.8773415 -0.4787292 0.0330205 -279.6873169
-0.0050257 0.0779748 0.9969422 1.7630867
0.0000000 0.0000000 0.0000000 1.0000000
-0.4828430 0.8728525 -0.0706450 -62.4877510
-0.8756977 -0.4816355 0.0343641 -281.8360596
-0.0040303 0.0784562 0.9969090 1.7730346
0.0000000 0.0000000 0.0000000 1.0000000
-0.4864188 0.8709441 -0.0696609 -63.7365723
-0.8737196 -0.4851689 0.0350059 -284.0773926
-0.0033092 0.0778917 0.9969559 1.7836236
0.0000000 0.0000000 0.0000000 1.0000000
-0.4886683 0.8698283 -0.0678352 -64.9558716
-0.8724681 -0.4873436 0.0360013 -286.2468567
-0.0017441 0.0767768 0.9970464 1.7934278
0.0000000 0.0000000 0.0000000 1.0000000
-0.4913051 0.8683434 -0.0678132 -66.1696014
-0.8709853 -0.4899943 0.0359240 -288.3872681
-0.0020338 0.0767141 0.9970506 1.8115647
0.0000000 0.0000000 0.0000000 1.0000000
-0.4926745 0.8675553 -0.0679649 -67.4305267
-0.8702099 -0.4914027 0.0354756 -290.5968628
-0.0026211 0.0766217 0.9970564 1.8290553
0.0000000 0.0000000 0.0000000 1.0000000
-0.4949158 0.8662802 -0.0679453 -68.6884155
-0.8689356 -0.4936746 0.0351658 -292.7907715
-0.0030795 0.0764443 0.9970686 1.8456382
0.0000000 0.0000000 0.0000000 1.0000000
-0.4976924 0.8646759 -0.0680992 -69.9143143
-0.8673443 -0.4965180 0.0344120 -294.9163513
-0.0040573 0.0761922 0.9970845 1.8586756
0.0000000 0.0000000 0.0000000 1.0000000
-0.4996306 0.8635820 -0.0677869 -71.1903305
-0.8662239 -0.4985476 0.0332681 -297.1107178
-0.0050653 0.0753405 0.9971446 1.8707396
0.0000000 0.0000000 0.0000000 1.0000000
-0.5015302 0.8624281 -0.0684474 -72.4934692
-0.8651188 -0.5005034 0.0326524 -299.3412170
-0.0060979 0.0755914 0.9971198 1.8804990
0.0000000 0.0000000 0.0000000 1.0000000
-0.5044580 0.8607282 -0.0683287 -73.7422256
-0.8634102 -0.5034763 0.0321670 -301.4682617
-0.0067149 0.0752227 0.9971437 1.8862174
0.0000000 0.0000000 0.0000000 1.0000000
-0.5072728 0.8592042 -0.0666498 -75.0489807
-0.8617690 -0.5062240 0.0330417 -303.6850281
-0.0053502 0.0741980 0.9972287 1.8908591
0.0000000 0.0000000 0.0000000 1.0000000
-0.5098239 0.8578019 -0.0652341 -76.3431244
-0.8602682 -0.5087256 0.0337198 -305.8632812
-0.0042614 0.0733101 0.9972997 1.8996021
0.0000000 0.0000000 0.0000000 1.0000000
-0.5142590 0.8552767 -0.0635560 -77.6336288
-0.8576250 -0.5131957 0.0333114 -308.0235291
-0.0041262 0.0716380 0.9974217 1.9147875
0.0000000 0.0000000 0.0000000 1.0000000
-0.5173395 0.8534274 -0.0634151 -78.9398880
-0.8557625 -0.5163845 0.0319017 -310.1803284
-0.0055208 0.0707724 0.9974768 1.9273590
0.0000000 0.0000000 0.0000000 1.0000000
-0.5207791 0.8513862 -0.0626945 -80.2357483
-0.8536652 -0.5199328 0.0304249 -312.3045044
-0.0066937 0.0693649 0.9975684 1.9367518
0.0000000 0.0000000 0.0000000 1.0000000
-0.5247859 0.8489089 -0.0628763 -81.5623169
-0.8511952 -0.5240362 0.0292056 -314.4531860
-0.0081566 0.0688468 0.9975934 1.9426018
0.0000000 0.0000000 0.0000000 1.0000000
-0.5284873 0.8465737 -0.0633572 -82.9141006
-0.8488959 -0.5277554 0.0291537 -316.6282959
-0.0087563 0.0691911 0.9975645 1.9452463
0.0000000 0.0000000 0.0000000 1.0000000
-0.5316450 0.8445480 -0.0639694 -84.2433548
-0.8469222 -0.5308757 0.0298925 -318.7440491
-0.0087142 0.0700695 0.9975035 1.9453933
0.0000000 0.0000000 0.0000000 1.0000000
-0.5345236 0.8427529 -0.0636551 -85.6345596
-0.8451156 -0.5336934 0.0308343 -320.9448242
-0.0079866 0.0702777 0.9974950 1.9453690
0.0000000 0.0000000 0.0000000 1.0000000
-0.5372426 0.8409753 -0.0642700 -86.9808502
-0.8433873 -0.5363998 0.0311925 -323.0555115
-0.0082424 0.0709625 0.9974445 1.9451122
0.0000000 0.0000000 0.0000000 1.0000000
-0.5400720 0.8391458 -0.0644687 -88.3903122
-0.8415726 -0.5392566 0.0309453 -325.2476807
-0.0087976 0.0709679 0.9974393 1.9448557
0.0000000 0.0000000 0.0000000 1.0000000
-0.5433571 0.8370040 -0.0647083 -89.6968994
-0.8394448 -0.5425997 0.0302943 -327.2661438
-0.0097543 0.0707798 0.9974438 1.9446198
0.0000000 0.0000000 0.0000000 1.0000000
-0.5471897 0.8345373 -0.0642713 -91.0421753
-0.8369460 -0.5464711 0.0298388 -329.3260803
-0.0102209 0.0701192 0.9974858 1.9430875
0.0000000 0.0000000 0.0000000 1.0000000
-0.5499714 0.8327906 -0.0631752 -92.3473358
-0.8351210 -0.5492782 0.0294282 -331.3099976
-0.0101933 0.0689438 0.9975680 1.9384021
0.0000000 0.0000000 0.0000000 1.0000000
-0.5526167 0.8309684 -0.0640794 -93.6170578
-0.8333601 -0.5519632 0.0291041 -333.2217102
-0.0111849 0.0694848 0.9975199 1.9354181
0.0000000 0.0000000 0.0000000 1.0000000
-0.5560265 0.8287429 -0.0634006 -94.8806458
-0.8310916 -0.5553665 0.0292286 -335.1161194
-0.0109876 0.0689437 0.9975596 1.9314402
0.0000000 0.0000000 0.0000000 1.0000000
-0.5597510 0.8263134 -0.0623269 -96.2383804
-0.8285806 -0.5591567 0.0282422 -337.1323547
-0.0115136 0.0674516 0.9976557 1.9268262
0.0000000 0.0000000 0.0000000 1.0000000
-0.5619621 0.8248815 -0.0613904 -97.5956039
-0.8270810 -0.5613998 0.0276931 -339.1327515
-0.0116210 0.0663374 0.9977291 1.9240731
0.0000000 0.0000000 0.0000000 1.0000000
-0.5645230 0.8231124 -0.0616388 -98.9583969
-0.8253260 -0.5639933 0.0273500 -341.1247253
-0.0122518 0.0663120 0.9977232 1.9231236
0.0000000 0.0000000 0.0000000 1.0000000
-0.5678161 0.8208721 -0.0612668 -100.2681198
-0.8230519 -0.5673489 0.0264636 -343.0261536
-0.0130365 0.0654523 0.9977700 1.9208707
0.0000000 0.0000000 0.0000000 1.0000000
-0.5713434 0.8185151 -0.0599970 -101.6398697
-0.8206143 -0.5708688 0.0264664 -345.0038147
-0.0125873 0.0643559 0.9978471 1.9152162
0.0000000 0.0000000 0.0000000 1.0000000
-0.5746629 0.8163751 -0.0573942 -103.0216599
-0.8183233 -0.5740959 0.0275736 -346.9793701
-0.0104394 0.0628127 0.9979703 1.9070473
0.0000000 0.0000000 0.0000000 1.0000000
-0.5773252 0.8144392 -0.0581757 -104.3330231
-0.8164194 -0.5768757 0.0259469 -348.8355713
-0.0124280 0.0624757 0.9979686 1.9043801
0.0000000 0.0000000 0.0000000 1.0000000
-0.5789241 0.8131957 -0.0596625 -105.7175064
-0.8152504 -0.5785897 0.0244992 -350.7792664
-0.0145975 0.0628232 0.9979174 1.8967732
0.0000000 0.0000000 0.0000000 1.0000000
-0.5806901 0.8119158 -0.0599316 -107.1885147
-0.8139877 -0.5803661 0.0244694 -352.8423767
-0.0149153 0.0629929 0.9979020 1.8798821
0.0000000 0.0000000 0.0000000 1.0000000
-0.5834406 0.8099725 -0.0595117 -108.5842896
-0.8120058 -0.5831717 0.0236003 -354.7893372
-0.0155900 0.0620934 0.9979481 1.8629594
0.0000000 0.0000000 0.0000000 1.0000000
-0.5861416 0.8079159 -0.0609077 -109.9542160
-0.8099847 -0.5860879 0.0206283 -356.6866455
-0.0190314 0.0614255 0.9979298 1.8472307
0.0000000 0.0000000 0.0000000 1.0000000
-0.5886477 0.8061419 -0.0602418 -111.3479309
-0.8081397 -0.5886819 0.0190683 -358.6054382
-0.0200916 0.0599084 0.9980012 1.8235503
0.0000000 0.0000000 0.0000000 1.0000000
-0.5910413 0.8044201 -0.0598208 -112.7853317
-0.8063812 -0.5911062 0.0185073 -360.5664368
-0.0204729 0.0591771 0.9980371 1.7945955
0.0000000 0.0000000 0.0000000 1.0000000
-0.5927333 0.8032099 -0.0593382 -114.2835770
-0.8051453 -0.5927842 0.0186476 -362.6004944
-0.0201968 0.0588291 0.9980633 1.7670664
0.0000000 0.0000000 0.0000000 1.0000000
-0.5953946 0.8011974 -0.0598986 -115.8477478
-0.8031659 -0.5954629 0.0186567 -364.7117310
-0.0207198 0.0592167 0.9980296 1.7388951
0.0000000 0.0000000 0.0000000 1.0000000
-0.5977015 0.7994924 -0.0597051 -117.3480301
-0.8014490 -0.5977722 0.0186463 -366.7253723
-0.0207826 0.0589957 0.9980415 1.7101461
0.0000000 0.0000000 0.0000000 1.0000000
-0.5996518 0.7981719 -0.0577866 -118.9305038
-0.8000293 -0.5996501 0.0193017 -368.8391418
-0.0192458 0.0578054 0.9981419 1.6781560
0.0000000 0.0000000 0.0000000 1.0000000
-0.6017489 0.7969390 -0.0527855 -120.4488220
-0.7985238 -0.6016399 0.0197178 -370.8678284
-0.0160440 0.0540158 0.9984107 1.6519217
0.0000000 0.0000000 0.0000000 1.0000000
-0.6043016 0.7954967 -0.0447708 -121.9676437
-0.7967221 -0.6038346 0.0248446 -372.8808899
-0.0072704 0.0506837 0.9986878 1.6307439
0.0000000 0.0000000 0.0000000 1.0000000
-0.6069074 0.7934681 -0.0455144 -123.5582504
-0.7947672 -0.6061100 0.0312317 -374.9511719
-0.0028055 0.0551282 0.9984748 1.6327740
0.0000000 0.0000000 0.0000000 1.0000000
-0.6079863 0.7923090 -0.0509777 -125.1446609
-0.7939306 -0.6071315 0.0326351 -376.9986877
-0.0050931 0.0603146 0.9981659 1.6515265
0.0000000 0.0000000 0.0000000 1.0000000
-0.6085196 0.7912896 -0.0597041 -126.6330338
-0.7933372 -0.6083355 0.0233175 -378.9234619
-0.0178693 0.0615548 0.9979433 1.6611440
0.0000000 0.0000000 0.0000000 1.0000000
-0.6104533 0.7896893 -0.0611349 -128.1541290
-0.7917007 -0.6106609 0.0174107 -380.9041443
-0.0235837 0.0590291 0.9979772 1.6371404
0.0000000 0.0000000 0.0000000 1.0000000
-0.6125920 0.7880585 -0.0607848 -129.7848206
-0.7899625 -0.6129962 0.0139547 -383.0171814
-0.0262638 0.0565664 0.9980529 1.6022645
0.0000000 0.0000000 0.0000000 1.0000000
-0.6144527 0.7866861 -0.0597726 -131.4448395
-0.7885209 -0.6148592 0.0135178 -385.1489563
-0.0261175 0.0554382 0.9981200 1.5611053
0.0000000 0.0000000 0.0000000 1.0000000
-0.6160747 0.7853041 -0.0612299 -133.0664673
-0.7873328 -0.6162663 0.0179623 -387.2015991
-0.0236281 0.0592746 0.9979615 1.5213357
0.0000000 0.0000000 0.0000000 1.0000000
-0.6187055 0.7832668 -0.0607982 -134.6825104
-0.7853907 -0.6185486 0.0236403 -389.2411194
-0.0190900 0.0623768 0.9978696 1.4862628
0.0000000 0.0000000 0.0000000 1.0000000
-0.6196281 0.7825987 -0.0600001 -136.3224640
-0.7847100 -0.6193302 0.0256930 -391.3059082
-0.0170526 0.0630030 0.9978672 1.4607078
0.0000000 0.0000000 0.0000000 1.0000000
-0.6217639 0.7808738 -0.0603770 -137.9594879
-0.7830030 -0.6215027 0.0253093 -393.3635864
-0.0177611 0.0630120 0.9978543 1.4393584
0.0000000 0.0000000 0.0000000 1.0000000
-0.6242796 0.7788578 -0.0604587 -139.6406250
-0.7809795 -0.6240727 0.0245773 -395.4650574
-0.0185885 0.0625603 0.9978677 1.4147817
0.0000000 0.0000000 0.0000000 1.0000000
-0.6261761 0.7772187 -0.0619222 -141.3256378
-0.7793996 -0.6261076 0.0229200 -397.5572815
-0.0209562 0.0626142 0.9978174 1.3895084
0.0000000 0.0000000 0.0000000 1.0000000
-0.6280017 0.7757894 -0.0613551 -142.9610138
-0.7779457 -0.6278940 0.0234384 -399.5753479
-0.0203413 0.0624504 0.9978404 1.3606108
0.0000000 0.0000000 0.0000000 1.0000000
-0.6296504 0.7744675 -0.0611567 -144.5684052
-0.7766158 -0.6295305 0.0236436 -401.5497437
-0.0201889 0.0623826 0.9978477 1.3329912
0.0000000 0.0000000 0.0000000 1.0000000
-0.6309679 0.7733857 -0.0612682 -146.1885681
-0.7755476 -0.6308341 0.0239590 -403.5276794
-0.0201206 0.0626339 0.9978334 1.3077860
0.0000000 0.0000000 0.0000000 1.0000000
-0.6317890 0.7724445 -0.0645908 -147.8693390
-0.7748260 -0.6317087 0.0242605 -405.5667725
-0.0220627 0.0653742 0.9976165 1.2818727
0.0000000 0.0000000 0.0000000 1.0000000
-0.6329840 0.7712556 -0.0670520 -149.5081329
-0.7737535 -0.6330929 0.0223328 -407.5555420
-0.0252259 0.0660182 0.9974992 1.2520968
0.0000000 0.0000000 0.0000000 1.0000000
-0.6334659 0.7706420 -0.0695100 -151.1551514
-0.7732894 -0.6336797 0.0217608 -409.5463867
-0.0272774 0.0675362 0.9973435 1.2147804
0.0000000 0.0000000 0.0000000 1.0000000
-0.6341710 0.7701167 -0.0689005 -152.8110046
-0.7727523 -0.6342954 0.0228735 -411.5493774
-0.0260881 0.0677489 0.9973609 1.1708841
0.0000000 0.0000000 0.0000000 1.0000000
-0.6360860 0.7688785 -0.0649649 -154.4366302
-0.7712913 -0.6360089 0.0245431 -413.5162964
-0.0224477 0.0657185 0.9975853 1.1297479
0.0000000 0.0000000 0.0000000 1.0000000
