1.0000000 0.0000000 0.0000000 0.0000000
0.0000000 1.0000000 0.0000000 0.0000000
0.0000000 0.0000000 1.0000000 0.0000000
0.0000000 0.0000000 0.0000000 1.0000000
0.9999941 -0.0023421 0.0025086 0.7965939
0.0023461 0.9999960 -0.0015893 -0.0708926
-0.0025049 0.0015952 0.9999956 0.0145146
0.0000000 0.0000000 0.0000000 1.0000000
0.9999897 -0.0025566 0.0037363 2.3276768
0.0025644 0.9999946 -0.0020761 -0.0700963
-0.0037309 0.0020856 0.9999909 0.0317051
0.0000000 0.0000000 0.0000000 1.0000000
0.9999807 -0.0050165 0.0036703 3.8500235
0.0050217 0.9999865 -0.0013918 -0.0288084
-0.0036633 0.0014102 0.9999923 0.0411778
0.0000000 0.0000000 0.0000000 1.0000000
0.9999757 -0.0059137 0.0037018 5.3508320
0.0059180 0.9999819 -0.0011438 -0.0189024
-0.0036950 0.0011657 0.9999925 0.0510403
0.0000000 0.0000000 0.0000000 1.0000000
0.9999583 -0.0080338 0.0043486 6.8673558
0.0080373 0.9999675 -0.0007806 0.0120861
-0.0043422 0.0008155 0.9999902 0.0634738
0.0000000 0.0000000 0.0000000 1.0000000
0.9999458 -0.0093650 0.0045415 8.3774080
0.0093718 0.9999551 -0.0014832 0.0354159
-0.0045274 0.0015257 0.9999886 0.0730527
0.0000000 0.0000000 0.0000000 1.0000000
0.9999348 -0.0105923 0.0042705 9.8572950
0.0106032 0.9999406 -0.0025442 0.0417438
-0.0042433 0.0025893 0.9999876 0.0874770
0.0000000 0.0000000 0.0000000 1.0000000
0.9999271 -0.0112317 0.0044305 11.3535967
0.0112468 0.9999310 -0.0034047 0.0607449
-0.0043919 0.0034543 0.9999843 0.0958215
0.0000000 0.0000000 0.0000000 1.0000000
0.9999073 -0.0127645 0.0047304 12.8245068
0.0127815 0.9999120 -0.0035766 0.0854358
-0.0046844 0.0036368 0.9999824 0.1098512
0.0000000 0.0000000 0.0000000 1.0000000
0.9999051 -0.0128856 0.0048617 14.3175583
0.0129004 0.9999123 -0.0030210 0.1026789
-0.0048224 0.0030835 0.9999835 0.1174536
0.0000000 0.0000000 0.0000000 1.0000000
0.9998939 -0.0135682 0.0052908 15.8241081
0.0135800 0.9999055 -0.0021998 0.1385887
-0.0052605 0.0022714 0.9999835 0.1283951
0.0000000 0.0000000 0.0000000 1.0000000
0.9998870 -0.0136681 0.0062451 17.3122768
0.0136727 0.9999064 -0.0006836 0.1713664
-0.0062352 0.0007689 0.9999802 0.1356145
0.0000000 0.0000000 0.0000000 1.0000000
0.9998760 -0.0141934 0.0068229 18.7767258
0.0141962 0.9998992 -0.0003622 0.2039748
-0.0068171 0.0004590 0.9999765 0.1431867
0.0000000 0.0000000 0.0000000 1.0000000
0.9998615 -0.0149342 0.0073451 20.2745438
0.0149363 0.9998885 -0.0002240 0.2336548
-0.0073409 0.0003337 0.9999729 0.1517673
0.0000000 0.0000000 0.0000000 1.0000000
0.9998764 -0.0138469 0.0074435 21.7456264
0.0138452 0.9999042 0.0002767 0.2690803
-0.0074466 -0.0001736 0.9999722 0.1582492
0.0000000 0.0000000 0.0000000 1.0000000
0.9998654 -0.0142938 0.0080554 23.2192898
0.0142850 0.9998974 0.0011390 0.3000505
-0.0080708 -0.0010238 0.9999668 0.1626986
0.0000000 0.0000000 0.0000000 1.0000000
0.9998600 -0.0142249 0.0088083 24.6744690
0.0142127 0.9998980 0.0014488 0.3238208
-0.0088280 -0.0013234 0.9999601 0.1671812
0.0000000 0.0000000 0.0000000 1.0000000
0.9998758 -0.0134575 0.0081971 26.1303711
0.0134446 0.9999083 0.0016372 0.3345787
-0.0082184 -0.0015268 0.9999650 0.1737338
0.0000000 0.0000000 0.0000000 1.0000000
0.9998896 -0.0134385 0.0063282 27.5794907
0.0134280 0.9999084 0.0016955 0.3618155
-0.0063504 -0.0016103 0.9999784 0.1804616
0.0000000 0.0000000 0.0000000 1.0000000
0.9998938 -0.0131029 0.0063708 28.9961147
0.0131003 0.9999141 0.0004447 0.3916956
-0.0063761 -0.0003612 0.9999795 0.1893251
0.0000000 0.0000000 0.0000000 1.0000000
0.9998938 -0.0114777 0.0089759 30.4231777
0.0114863 0.9999337 -0.0009085 0.4042436
-0.0089649 0.0010115 0.9999592 0.1972190
0.0000000 0.0000000 0.0000000 1.0000000
0.9998753 -0.0116586 0.0106461 31.8440361
0.0116818 0.9999295 -0.0021265 0.4234080
-0.0106206 0.0022506 0.9999409 0.2032728
0.0000000 0.0000000 0.0000000 1.0000000
0.9998977 -0.0098044 0.0104127 33.2497749
0.0098350 0.9999475 -0.0028836 0.4464617
-0.0103838 0.0029857 0.9999415 0.2101368
0.0000000 0.0000000 0.0000000 1.0000000
0.9999024 -0.0101912 0.0095564 34.6599770
0.0102196 0.9999436 -0.0029227 0.4761345
-0.0095260 0.0030200 0.9999499 0.2145774
0.0000000 0.0000000 0.0000000 1.0000000
0.9999165 -0.0095294 0.0087273 36.0355263
0.0095494 0.9999519 -0.0022573 0.4993994
-0.0087054 0.0023405 0.9999592 0.2185147
0.0000000 0.0000000 0.0000000 1.0000000
0.9999369 -0.0075502 0.0083173 37.3801308
0.0075663 0.9999696 -0.0019001 0.5181177
-0.0083027 0.0019629 0.9999635 0.2299248
0.0000000 0.0000000 0.0000000 1.0000000
0.9999377 -0.0067286 0.0089084 38.7245216
0.0067425 0.9999761 -0.0015389 0.5355908
-0.0088978 0.0015988 0.9999590 0.2358957
0.0000000 0.0000000 0.0000000 1.0000000
0.9999225 -0.0057230 0.0110499 40.0645256
0.0057371 0.9999828 -0.0012508 0.5603275
-0.0110426 0.0013141 0.9999380 0.2431056
0.0000000 0.0000000 0.0000000 1.0000000
0.9999211 -0.0029896 0.0121933 41.3650322
0.0030102 0.9999941 -0.0016718 0.5754079
-0.0121882 0.0017084 0.9999241 0.2538352
0.0000000 0.0000000 0.0000000 1.0000000
0.9999171 -0.0025254 0.0126167 42.6317863
0.0025449 0.9999956 -0.0015339 0.5898418
-0.0126128 0.0015658 0.9999191 0.2571799
0.0000000 0.0000000 0.0000000 1.0000000
0.9999222 0.0015855 0.0123712 43.9015923
-0.0015623 0.9999970 -0.0018907 0.5908451
-0.0123742 0.0018713 0.9999216 0.2616549
0.0000000 0.0000000 0.0000000 1.0000000
0.9999245 0.0048022 0.0113024 45.1377907
-0.0047760 0.9999859 -0.0023471 0.5964350
-0.0113135 0.0022930 0.9999332 0.2677679
0.0000000 0.0000000 0.0000000 1.0000000
0.9998904 0.0107164 0.0102112 46.3657341
-0.0106902 0.9999394 -0.0026178 0.5937411
-0.0102387 0.0025083 0.9999443 0.2721134
0.0000000 0.0000000 0.0000000 1.0000000
0.9998515 0.0135544 0.0106391 47.6008072
-0.0135300 0.9999057 -0.0023624 0.5889194
-0.0106701 0.0022181 0.9999405 0.2759479
0.0000000 0.0000000 0.0000000 1.0000000
0.9997481 0.0196034 0.0109222 48.8053551
-0.0195798 0.9998057 -0.0022654 0.5691690
-0.0109645 0.0020510 0.9999377 0.2843517
0.0000000 0.0000000 0.0000000 1.0000000
0.9996072 0.0260128 0.0104234 50.0180855
-0.0260074 0.9996616 -0.0006591 0.5498969
-0.0104370 0.0003878 0.9999454 0.2883946
0.0000000 0.0000000 0.0000000 1.0000000
0.9993458 0.0344607 0.0109693 51.1928596
-0.0344718 0.9994054 0.0008242 0.5207015
-0.0109344 -0.0012018 0.9999394 0.2911355
0.0000000 0.0000000 0.0000000 1.0000000
0.9990157 0.0426487 0.0121830 52.3604622
-0.0426704 0.9990881 0.0015287 0.4915342
-0.0121067 -0.0020470 0.9999245 0.2945620
0.0000000 0.0000000 0.0000000 1.0000000
0.9984784 0.0536136 0.0128974 53.5079689
-0.0536621 0.9985533 0.0034371 0.4395668
-0.0126945 -0.0041240 0.9999108 0.2974819
0.0000000 0.0000000 0.0000000 1.0000000
0.9977747 0.0653106 0.0134153 54.6587410
-0.0653910 0.9978439 0.0056438 0.3772834
-0.0130178 -0.0065085 0.9998940 0.2994325
0.0000000 0.0000000 0.0000000 1.0000000
0.9967640 0.0790905 0.0143524 55.7840424
-0.0792028 0.9968309 0.0074291 0.3021472
-0.0137194 -0.0085419 0.9998693 0.3019171
0.0000000 0.0000000 0.0000000 1.0000000
0.9952174 0.0964072 0.0157370 56.9146538
-0.0965610 0.9952835 0.0093222 0.2066350
-0.0147641 -0.0107972 0.9998326 0.3015574
0.0000000 0.0000000 0.0000000 1.0000000
0.9933982 0.1134707 0.0168583 57.9928169
-0.1136461 0.9934727 0.0098384 0.0883608
-0.0156319 -0.0116893 0.9998094 0.3013269
0.0000000 0.0000000 0.0000000 1.0000000
0.9909945 0.1328382 0.0168440 59.0769844
-0.1330064 0.9910718 0.0092861 -0.0507368
-0.0154601 -0.0114429 0.9998149 0.3035943
0.0000000 0.0000000 0.0000000 1.0000000
0.9879382 0.1539847 0.0163296 60.1646729
-0.1541403 0.9880105 0.0087294 -0.2047198
-0.0147896 -0.0111412 0.9998285 0.3014783
0.0000000 0.0000000 0.0000000 1.0000000
0.9846047 0.1740548 0.0160743 61.2316322
-0.1741745 0.9846944 0.0063584 -0.3733059
-0.0147215 -0.0090602 0.9998505 0.2967741
0.0000000 0.0000000 0.0000000 1.0000000
0.9802675 0.1968868 0.0176368 62.2653503
-0.1969332 0.9804166 0.0009155 -0.5773970
-0.0171112 -0.0043707 0.9998440 0.2995724
0.0000000 0.0000000 0.0000000 1.0000000
0.9754303 0.2195550 0.0181972 63.2872505
-0.2195099 0.9756002 -0.0044648 -0.8066555
-0.0187335 0.0003606 0.9998243 0.2938887
0.0000000 0.0000000 0.0000000 1.0000000
0.9697361 0.2435794 0.0167556 64.2937851
-0.2434390 0.9698648 -0.0100011 -1.0512323
-0.0186867 0.0056194 0.9998095 0.2921145
0.0000000 0.0000000 0.0000000 1.0000000
0.9626763 0.2702943 0.0139640 65.2661896
-0.2700701 0.9627070 -0.0160470 -1.3218791
-0.0177807 0.0116768 0.9997736 0.2909324
0.0000000 0.0000000 0.0000000 1.0000000
0.9552795 0.2953974 0.0134588 66.2438889
-0.2951172 0.9552621 -0.0195045 -1.6082584
-0.0186183 0.0146603 0.9997191 0.2838555
0.0000000 0.0000000 0.0000000 1.0000000
0.9462399 0.3231588 0.0140760 67.2184448
-0.3228143 0.9462007 -0.0222579 -1.9274788
-0.0205115 0.0165174 0.9996530 0.2754977
0.0000000 0.0000000 0.0000000 1.0000000
0.9361666 0.3512316 0.0151048 68.1538925
-0.3507600 0.9360740 -0.0270753 -2.2739329
-0.0236489 0.0200488 0.9995192 0.2690232
0.0000000 0.0000000 0.0000000 1.0000000
0.9247442 0.3803393 0.0137808 69.0880356
-0.3798164 0.9245681 -0.0302263 -2.6481829
-0.0242375 0.0227174 0.9994480 0.2657164
0.0000000 0.0000000 0.0000000 1.0000000
0.9120449 0.4099980 0.0086858 69.9761276
-0.4095936 0.9117785 -0.0298894 -3.0393865
-0.0201741 0.0237028 0.9995154 0.2521185
0.0000000 0.0000000 0.0000000 1.0000000
0.8987836 0.4383855 0.0024506 70.8134918
-0.4381110 0.8983929 -0.0308092 -3.4491374
-0.0157079 0.0266171 0.9995222 0.2460335
0.0000000 0.0000000 0.0000000 1.0000000
0.8839636 0.4675512 -0.0019857 71.6584091
-0.4673581 0.8834593 -0.0328065 -3.8934669
-0.0135845 0.0299278 0.9994597 0.2405343
0.0000000 0.0000000 0.0000000 1.0000000
0.8677437 0.4970118 0.0001034 72.5105362
-0.4967264 0.8672525 -0.0337077 -4.3675551
-0.0168428 0.0291983 0.9994317 0.2380603
0.0000000 0.0000000 0.0000000 1.0000000
0.8500127 0.5267262 0.0061501 73.3215332
-0.5262758 0.8496717 -0.0330443 -4.8492203
-0.0226308 0.0248514 0.9994349 0.2297258
0.0000000 0.0000000 0.0000000 1.0000000
0.8298582 0.5579044 0.0088268 74.1257706
-0.5573630 0.8295857 -0.0336781 -5.3618388
-0.0261117 0.0230284 0.9993937 0.2193875
0.0000000 0.0000000 0.0000000 1.0000000
0.8095051 0.5870696 0.0071099 74.8742752
-0.5866842 0.8093176 -0.0284039 -5.8807511
-0.0224292 0.0188218 0.9995712 0.2126763
0.0000000 0.0000000 0.0000000 1.0000000
0.7875773 0.6162068 0.0033382 75.5944595
-0.6160105 0.7874432 -0.0215499 -6.4300461
-0.0159079 0.0149159 0.9997622 0.2024536
0.0000000 0.0000000 0.0000000 1.0000000
0.7651154 0.6438898 0.0020459 76.3175354
-0.6437436 0.7650025 -0.0191149 -7.0157485
-0.0138730 0.0133081 0.9998152 0.1900042
0.0000000 0.0000000 0.0000000 1.0000000
0.7415587 0.6708785 0.0035586 77.0156326
-0.6706640 0.7414380 -0.0219023 -7.6270332
-0.0173322 0.0138552 0.9997538 0.1897116
0.0000000 0.0000000 0.0000000 1.0000000
0.7172324 0.6968256 0.0034135 77.6734848
-0.6965994 0.7171095 -0.0224381 -8.2525320
-0.0180833 0.0137155 0.9997424 0.1819745
0.0000000 0.0000000 0.0000000 1.0000000
0.6908665 0.7229821 0.0005765 78.3136063
-0.7228075 0.6907167 -0.0214476 -8.8980026
-0.0159045 0.0144007 0.9997698 0.1828492
0.0000000 0.0000000 0.0000000 1.0000000
0.6641165 0.7476287 -0.0007677 78.9153748
-0.7474957 0.6639783 -0.0195768 -9.5499344
-0.0141265 0.0135752 0.9998081 0.1743425
0.0000000 0.0000000 0.0000000 1.0000000
0.6362370 0.7714934 -0.0005534 79.5091095
-0.7713826 0.6361331 -0.0174324 -10.2432137
-0.0130969 0.0115180 0.9998479 0.1642442
0.0000000 0.0000000 0.0000000 1.0000000
0.6082532 0.7937419 -0.0013314 80.0684891
-0.7936488 0.6081543 -0.0164335 -10.9550667
-0.0122343 0.0110524 0.9998640 0.1628754
0.0000000 0.0000000 0.0000000 1.0000000
0.5783565 0.8157756 -0.0037268 80.6084824
-0.8157564 0.5782930 -0.0109057 -11.6841726
-0.0067414 0.0093475 0.9999335 0.1631660
0.0000000 0.0000000 0.0000000 1.0000000
0.5467778 0.8372390 -0.0080566 81.1109161
-0.8372731 0.5467817 -0.0019030 -12.4345713
0.0028119 0.0077861 0.9999657 0.1603147
0.0000000 0.0000000 0.0000000 1.0000000
0.5174171 0.8556681 -0.0105648 81.5809326
-0.8556660 0.5174919 0.0061575 -13.2016563
0.0107360 0.0058540 0.9999251 0.1677110
0.0000000 0.0000000 0.0000000 1.0000000
0.4863988 0.8736858 -0.0094548 82.0384674
-0.8736252 0.4864812 0.0107324 -13.9936352
0.0139764 0.0030397 0.9998976 0.1762241
0.0000000 0.0000000 0.0000000 1.0000000
0.4542982 0.8908351 -0.0050976 82.4826736
-0.8907744 0.4543268 0.0104028 -14.8085155
0.0115832 -0.0001851 0.9999328 0.1919325
0.0000000 0.0000000 0.0000000 1.0000000
0.4218192 0.9066794 0.0010785 82.8808899
-0.9066499 0.4217952 0.0086497 -15.6333265
0.0073876 -0.0046264 0.9999619 0.2082419
0.0000000 0.0000000 0.0000000 1.0000000
0.3881053 0.9215887 0.0069722 83.2585983
-0.9215957 0.3880369 0.0094216 -16.4821186
0.0059774 -0.0100821 0.9999312 0.2219948
0.0000000 0.0000000 0.0000000 1.0000000
0.3535835 0.9352937 0.0142998 83.6085281
-0.9353845 0.3534388 0.0117055 -17.3345280
0.0058940 -0.0175147 0.9998291 0.2378227
0.0000000 0.0000000 0.0000000 1.0000000
0.3183520 0.9477468 0.0206885 83.9278488
-0.9479513 0.3181226 0.0136571 -18.2148991
0.0063620 -0.0239594 0.9996925 0.2434495
0.0000000 0.0000000 0.0000000 1.0000000
0.2810613 0.9593654 0.0249534 84.2199860
-0.9596766 0.2808254 0.0125728 -19.1122456
0.0050544 -0.0274809 0.9996094 0.2557419
0.0000000 0.0000000 0.0000000 1.0000000
0.2448426 0.9692046 0.0263542 84.4670181
-0.9695507 0.2446129 0.0116626 -20.0131664
0.0048569 -0.0284073 0.9995844 0.2652980
0.0000000 0.0000000 0.0000000 1.0000000
0.2088131 0.9775998 0.0263770 84.6727295
-0.9779432 0.2085989 0.0106584 -20.9306717
0.0049175 -0.0280208 0.9995950 0.2781304
0.0000000 0.0000000 0.0000000 1.0000000
0.1721310 0.9847417 0.0255865 84.8507767
-0.9850619 0.1719415 0.0094443 -21.8722897
0.0049008 -0.0268299 0.9996278 0.2852676
0.0000000 0.0000000 0.0000000 1.0000000
0.1373152 0.9903367 0.0194359 84.9812546
-0.9905146 0.1371870 0.0077856 -22.7934227
0.0050440 -0.0203206 0.9997806 0.3012502
0.0000000 0.0000000 0.0000000 1.0000000
0.1042337 0.9944085 0.0169431 85.0861359
-0.9945142 0.1040642 0.0105953 -23.7454147
0.0087729 -0.0179545 0.9998001 0.3186453
0.0000000 0.0000000 0.0000000 1.0000000
0.0727627 0.9972037 0.0170419 85.1610184
-0.9972362 0.0724864 0.0163053 -24.6983414
0.0150244 -0.0181812 0.9997216 0.3205098
0.0000000 0.0000000 0.0000000 1.0000000
0.0422281 0.9990412 0.0115582 85.2086029
-0.9989422 0.0420074 0.0187092 -25.6679249
0.0182058 -0.0123360 0.9997580 0.3488264
0.0000000 0.0000000 0.0000000 1.0000000
0.0142204 0.9998533 0.0095514 85.2300720
-0.9997442 0.0140494 0.0177315 -26.6418972
0.0175947 -0.0098011 0.9997970 0.3696072
0.0000000 0.0000000 0.0000000 1.0000000
-0.0065843 0.9999335 0.0094753 85.2355270
-0.9998738 -0.0067204 0.0144049 -27.6259308
0.0144676 -0.0093793 0.9998512 0.3860510
0.0000000 0.0000000 0.0000000 1.0000000
-0.0259124 0.9996271 0.0086162 85.2199249
-0.9995874 -0.0260164 0.0121784 -28.6020851
0.0123980 -0.0082970 0.9998885 0.4073216
0.0000000 0.0000000 0.0000000 1.0000000
-0.0453598 0.9989423 0.0075328 85.1746979
-0.9988636 -0.0454641 0.0143056 -29.5769157
0.0146329 -0.0068754 0.9998691 0.4296285
0.0000000 0.0000000 0.0000000 1.0000000
-0.0602792 0.9981700 0.0048166 85.1181793
-0.9979911 -0.0603613 0.0192497 -30.5747757
0.0195052 -0.0036465 0.9998029 0.4461209
0.0000000 0.0000000 0.0000000 1.0000000
-0.0723766 0.9973755 0.0019369 85.0532761
-0.9970998 -0.0724022 0.0234569 -31.5605679
0.0235356 -0.0002335 0.9997228 0.4704598
0.0000000 0.0000000 0.0000000 1.0000000
-0.0838257 0.9964741 -0.0035378 84.9670868
-0.9961108 -0.0836974 0.0275371 -32.5407524
0.0271439 0.0058323 0.9996144 0.4991603
0.0000000 0.0000000 0.0000000 1.0000000
-0.0890852 0.9960073 -0.0057598 84.8705368
-0.9955156 -0.0888535 0.0324649 -33.5416565
0.0318235 0.0086261 0.9994562 0.5332665
0.0000000 0.0000000 0.0000000 1.0000000
-0.0931533 0.9956245 -0.0073667 84.7784653
-0.9949710 -0.0928134 0.0376668 -34.5417747
0.0368183 0.0108384 0.9992631 0.5649360
0.0000000 0.0000000 0.0000000 1.0000000
-0.0982646 0.9951255 -0.0083211 84.6744385
-0.9943506 -0.0978439 0.0411570 -35.5283966
0.0401422 0.0123184 0.9991180 0.6088672
0.0000000 0.0000000 0.0000000 1.0000000
-0.1000360 0.9949458 -0.0086947 84.5728607
-0.9940463 -0.0995587 0.0442772 -36.5285683
0.0431878 0.0130723 0.9989814 0.6516881
0.0000000 0.0000000 0.0000000 1.0000000
-0.1050452 0.9944283 -0.0088192 84.4676132
-0.9933775 -0.1045108 0.0477393 -37.5191917
0.0465516 0.0137756 0.9988208 0.6990955
0.0000000 0.0000000 0.0000000 1.0000000
-0.1060218 0.9943162 -0.0097269 84.3580780
-0.9930967 -0.1053879 0.0515044 -38.5293083
0.0501865 0.0151203 0.9986253 0.7507769
0.0000000 0.0000000 0.0000000 1.0000000
-0.1080963 0.9940722 -0.0116404 84.2226944
-0.9928397 -0.1073487 0.0524022 -39.5432281
0.0508420 0.0172216 0.9985581 0.8087609
0.0000000 0.0000000 0.0000000 1.0000000
-0.1126064 0.9935599 -0.0125856 84.1247787
-0.9923664 -0.1118120 0.0520322 -40.5494614
0.0502899 0.0183487 0.9985660 0.8580564
0.0000000 0.0000000 0.0000000 1.0000000
-0.1136546 0.9934410 -0.0125464 84.0101700
-0.9922674 -0.1128682 0.0516401 -41.5827751
0.0498853 0.0183185 0.9985868 0.9165860
0.0000000 0.0000000 0.0000000 1.0000000
-0.1160543 0.9931728 -0.0117976 83.8871155
-0.9919561 -0.1152913 0.0522637 -42.5982399
0.0505467 0.0177681 0.9985635 0.9755528
0.0000000 0.0000000 0.0000000 1.0000000
-0.1201687 0.9926993 -0.0103692 83.7695618
-0.9913612 -0.1194406 0.0541977 -43.6008453
0.0525635 0.0167925 0.9984763 1.0268834
0.0000000 0.0000000 0.0000000 1.0000000
-0.1223012 0.9924565 -0.0085063 83.6505356
-0.9909896 -0.1216399 0.0560691 -44.6460571
0.0546114 0.0152869 0.9983906 1.0856314
0.0000000 0.0000000 0.0000000 1.0000000
-0.1265280 0.9919465 -0.0057159 83.5303574
-0.9902428 -0.1259673 0.0595979 -45.6679382
0.0583979 0.0132009 0.9982060 1.1465980
0.0000000 0.0000000 0.0000000 1.0000000
-0.1285090 0.9917071 -0.0014598 83.4089050
-0.9897252 -0.1281589 0.0634020 -46.7200699
0.0626891 0.0095925 0.9979869 1.2081881
0.0000000 0.0000000 0.0000000 1.0000000
-0.1324646 0.9911863 0.0016398 83.2750168
-0.9890546 -0.1322878 0.0653557 -47.7642212
0.0649966 0.0070355 0.9978606 1.2760119
0.0000000 0.0000000 0.0000000 1.0000000
-0.1367524 0.9905979 0.0037776 83.1327667
-0.9885435 -0.1367128 0.0639664 -48.8078499
0.0638814 0.0050132 0.9979448 1.3496329
0.0000000 0.0000000 0.0000000 1.0000000
-0.1371655 0.9905284 0.0062278 82.9905701
-0.9886869 -0.1372903 0.0604143 -49.8816185
0.0606971 0.0021295 0.9981539 1.4121522
0.0000000 0.0000000 0.0000000 1.0000000
-0.1392925 0.9902281 0.0067500 82.8317108
-0.9884993 -0.1394482 0.0585128 -50.9468231
0.0588822 0.0014780 0.9982638 1.4851701
0.0000000 0.0000000 0.0000000 1.0000000
-0.1421560 0.9898186 0.0071066 82.6938019
-0.9880806 -0.1423274 0.0586522 -51.9825363
0.0590665 0.0013158 0.9982531 1.5494642
0.0000000 0.0000000 0.0000000 1.0000000
-0.1428665 0.9897220 0.0062650 82.5369797
-0.9878253 -0.1429808 0.0613025 -53.0597916
0.0615682 0.0025694 0.9980995 1.6191754
0.0000000 0.0000000 0.0000000 1.0000000
-0.1439789 0.9895593 0.0064991 82.3819427
-0.9875137 -0.1440993 0.0636598 -54.1153221
0.0639316 0.0027477 0.9979504 1.6879555
0.0000000 0.0000000 0.0000000 1.0000000
-0.1459547 0.9892601 0.0078411 82.2123947
-0.9871680 -0.1461559 0.0643295 -55.1694984
0.0647846 0.0016487 0.9978979 1.7607025
0.0000000 0.0000000 0.0000000 1.0000000
-0.1453658 0.9893246 0.0102645 82.0836868
-0.9873129 -0.1457246 0.0630713 -56.2393227
0.0638938 -0.0009659 0.9979562 1.8306049
0.0000000 0.0000000 0.0000000 1.0000000
-0.1455355 0.9892578 0.0137238 81.9365234
-0.9872835 -0.1461139 0.0626302 -57.2881966
0.0639626 -0.0044343 0.9979424 1.9030472
0.0000000 0.0000000 0.0000000 1.0000000
-0.1447216 0.9893078 0.0180457 81.7871475
-0.9873379 -0.1455827 0.0630068 -58.3716278
0.0649603 -0.0086988 0.9978499 1.9772013
0.0000000 0.0000000 0.0000000 1.0000000
-0.1452271 0.9891477 0.0222668 81.6399307
-0.9872150 -0.1463643 0.0631227 -59.4593468
0.0656967 -0.0128150 0.9977574 2.0515018
0.0000000 0.0000000 0.0000000 1.0000000
-0.1465203 0.9888754 0.0256348 81.4963608
-0.9870348 -0.1478661 0.0624362 -60.5485420
0.0655321 -0.0161543 0.9977197 2.1250534
0.0000000 0.0000000 0.0000000 1.0000000
-0.1460652 0.9889588 0.0250076 81.3350296
-0.9874117 -0.1472943 0.0576447 -61.6453323
0.0606917 -0.0162729 0.9980239 2.1971912
0.0000000 0.0000000 0.0000000 1.0000000
-0.1478559 0.9887957 0.0205339 81.1764526
-0.9876508 -0.1487088 0.0493156 -62.7427711
0.0518166 -0.0129887 0.9985722 2.2654066
0.0000000 0.0000000 0.0000000 1.0000000
-0.1487581 0.9887742 0.0140198 81.0109863
-0.9878259 -0.1492381 0.0439131 -63.8459206
0.0455124 -0.0073167 0.9989370 2.3268168
0.0000000 0.0000000 0.0000000 1.0000000
-0.1476203 0.9890233 0.0064112 80.8280487
-0.9879798 -0.1477590 0.0454250 -64.9382553
0.0458736 0.0003715 0.9989472 2.3864839
0.0000000 0.0000000 0.0000000 1.0000000
-0.1477033 0.9890295 0.0020477 80.6486130
-0.9877434 -0.1476163 0.0507213 -66.0477142
0.0504671 0.0054691 0.9987108 2.4447722
0.0000000 0.0000000 0.0000000 1.0000000
-0.1460994 0.9892692 -0.0011527 80.4952240
-0.9877018 -0.1458021 0.0564560 -67.1422882
0.0556821 0.0093867 0.9984044 2.4947429
0.0000000 0.0000000 0.0000000 1.0000000
-0.1458782 0.9893013 -0.0015634 80.3269119
-0.9875869 -0.1455319 0.0591012 -68.2650452
0.0582414 0.0101656 0.9982508 2.5752759
0.0000000 0.0000000 0.0000000 1.0000000
-0.1463839 0.9892278 0.0002639 80.1729584
-0.9875274 -0.1461479 0.0585728 -69.3595276
0.0579803 0.0083135 0.9982831 2.6315982
0.0000000 0.0000000 0.0000000 1.0000000
-0.1456942 0.9893296 0.0002984 80.0244751
-0.9878901 -0.1454985 0.0538859 -70.5031509
0.0533543 0.0075560 0.9985471 2.7006128
0.0000000 0.0000000 0.0000000 1.0000000
-0.1457579 0.9893187 0.0017470 79.8674850
-0.9879911 -0.1456533 0.0515649 -71.6441040
0.0512685 0.0057899 0.9986681 2.7669301
0.0000000 0.0000000 0.0000000 1.0000000
-0.1461601 0.9892540 0.0036986 79.7080154
-0.9878718 -0.1461519 0.0524323 -72.7886887
0.0524094 0.0040098 0.9986176 2.8268728
0.0000000 0.0000000 0.0000000 1.0000000
-0.1453488 0.9893708 0.0043664 79.5335617
-0.9877455 -0.1453608 0.0568272 -73.9210510
0.0568578 0.0039469 0.9983745 2.8940454
0.0000000 0.0000000 0.0000000 1.0000000
-0.1459256 0.9892853 0.0045015 79.3785400
-0.9874899 -0.1459326 0.0597293 -75.0700150
0.0597462 0.0042709 0.9982045 2.9633565
0.0000000 0.0000000 0.0000000 1.0000000
-0.1460554 0.9892645 0.0048411 79.2167664
-0.9875517 -0.1460879 0.0583116 -76.2187653
0.0583928 0.0037358 0.9982867 3.0286839
0.0000000 0.0000000 0.0000000 1.0000000
-0.1442648 0.9895379 0.0015347 79.0407410
-0.9881796 -0.1441477 0.0521812 -77.4199066
0.0518565 0.0060113 0.9986365 3.1029553
0.0000000 0.0000000 0.0000000 1.0000000
-0.1448808 0.9894466 0.0022029 78.8638153
-0.9881989 -0.1448093 0.0499337 -78.5819702
0.0497257 0.0050575 0.9987502 3.1721988
0.0000000 0.0000000 0.0000000 1.0000000
-0.1441450 0.9895442 0.0049551 78.6932373
-0.9881533 -0.1442054 0.0525169 -79.7329559
0.0526823 0.0026736 0.9986078 3.2354929
0.0000000 0.0000000 0.0000000 1.0000000
-0.1441849 0.9895284 0.0066447 78.5226059
-0.9880036 -0.1443315 0.0549315 -80.8738251
0.0553153 0.0013553 0.9984681 3.2996581
0.0000000 0.0000000 0.0000000 1.0000000
-0.1431709 0.9896737 0.0069289 78.3572693
-0.9881876 -0.1433355 0.0542251 -82.0454483
0.0546583 0.0009164 0.9985048 3.3684866
0.0000000 0.0000000 0.0000000 1.0000000
-0.1413224 0.9899404 0.0067764 78.1977234
-0.9886354 -0.1414839 0.0508191 -83.2405853
0.0512666 0.0004825 0.9986849 3.4347365
0.0000000 0.0000000 0.0000000 1.0000000
-0.1403474 0.9900849 0.0058761 78.0200424
-0.9888571 -0.1404659 0.0493061 -84.4113693
0.0496426 0.0011093 0.9987665 3.5045469
0.0000000 0.0000000 0.0000000 1.0000000
-0.1403417 0.9900938 0.0042899 77.8567581
-0.9888515 -0.1403807 0.0496587 -85.5921326
0.0497689 0.0027271 0.9987571 3.5671039
0.0000000 0.0000000 0.0000000 1.0000000
-0.1384764 0.9903620 0.0027172 77.6861954
-0.9891444 -0.1384413 0.0492685 -86.7772141
0.0491698 0.0041348 0.9987819 3.6321926
0.0000000 0.0000000 0.0000000 1.0000000
-0.1375277 0.9904946 0.0025650 77.5199585
-0.9892768 -0.1374862 0.0492847 -87.9772949
0.0491689 0.0042405 0.9987815 3.6928952
0.0000000 0.0000000 0.0000000 1.0000000
-0.1359547 0.9907132 0.0018875 77.3488617
-0.9895102 -0.1358830 0.0490443 -89.1786804
0.0488453 0.0048001 0.9987949 3.7585363
0.0000000 0.0000000 0.0000000 1.0000000
-0.1342402 0.9909487 0.0004595 77.1938019
-0.9898201 -0.1341094 0.0476532 -90.3916245
0.0472835 0.0059421 0.9988639 3.8219564
0.0000000 0.0000000 0.0000000 1.0000000
-0.1335350 0.9910424 0.0018058 77.0367966
-0.9899424 -0.1334722 0.0468954 -91.5804596
0.0467164 0.0044746 0.9988982 3.8817105
0.0000000 0.0000000 0.0000000 1.0000000
-0.1318736 0.9912664 0.0004562 76.8725739
-0.9902041 -0.1317535 0.0462260 -92.7988434
0.0458823 0.0056443 0.9989309 3.9435952
0.0000000 0.0000000 0.0000000 1.0000000
-0.1288747 0.9916587 0.0020555 76.7257385
-0.9905633 -0.1288292 0.0467681 -94.0130997
0.0466428 0.0039912 0.9989037 4.0025039
0.0000000 0.0000000 0.0000000 1.0000000
-0.1286706 0.9916847 0.0022850 76.5680542
-0.9904870 -0.1286278 0.0488904 -95.2276459
0.0487777 0.0040275 0.9988016 4.0657206
0.0000000 0.0000000 0.0000000 1.0000000
-0.1280088 0.9917626 0.0045548 76.4048767
-0.9905988 -0.1280793 0.0480595 -96.4616776
0.0482469 0.0016400 0.9988341 4.1288786
0.0000000 0.0000000 0.0000000 1.0000000
-0.1284955 0.9916827 0.0073705 76.2589111
-0.9905629 -0.1287007 0.0471300 -97.6876450
0.0476866 -0.0012450 0.9988616 4.1912837
0.0000000 0.0000000 0.0000000 1.0000000
-0.1277294 0.9917547 0.0103865 76.1034164
-0.9906401 -0.1280801 0.0471981 -98.9376984
0.0481392 -0.0042607 0.9988316 4.2577658
0.0000000 0.0000000 0.0000000 1.0000000
-0.1286512 0.9916021 0.0131956 75.9529800
-0.9905292 -0.1291328 0.0466531 -100.1740494
0.0479652 -0.0070687 0.9988240 4.3199029
0.0000000 0.0000000 0.0000000 1.0000000
-0.1310515 0.9912537 0.0155463 75.7934265
-0.9903103 -0.1316213 0.0442866 -101.4326477
0.0459455 -0.0095918 0.9988979 4.3846769
0.0000000 0.0000000 0.0000000 1.0000000
-0.1319527 0.9911032 0.0174034 75.6447372
-0.9902442 -0.1325907 0.0428498 -102.6871109
0.0447760 -0.0115794 0.9989300 4.4470291
0.0000000 0.0000000 0.0000000 1.0000000
-0.1338467 0.9908186 0.0190664 75.4855499
-0.9900078 -0.1345492 0.0422026 -103.9296188
0.0443804 -0.0132272 0.9989272 4.5084896
0.0000000 0.0000000 0.0000000 1.0000000
-0.1373407 0.9903449 0.0188263 75.3212509
-0.9895210 -0.1380319 0.0423722 -105.1839218
0.0445617 -0.0128096 0.9989246 4.5698204
0.0000000 0.0000000 0.0000000 1.0000000
-0.1396203 0.9900106 0.0196272 75.1434937
-0.9892924 -0.1403150 0.0401524 -106.4449387
0.0425052 -0.0138109 0.9990008 4.6386395
0.0000000 0.0000000 0.0000000 1.0000000
-0.1441640 0.9893308 0.0210099 74.9681854
-0.9887550 -0.1448680 0.0371061 -107.6867218
0.0397538 -0.0154243 0.9990905 4.6919942
0.0000000 0.0000000 0.0000000 1.0000000
-0.1458455 0.9890583 0.0221979 74.8037643
-0.9885557 -0.1465725 0.0356946 -108.9331894
0.0385576 -0.0167380 0.9991162 4.7536125
0.0000000 0.0000000 0.0000000 1.0000000
-0.1508836 0.9881386 0.0285706 74.6268845
-0.9875497 -0.1519686 0.0406355 -110.1684036
0.0444953 -0.0220837 0.9987655 4.8085709
0.0000000 0.0000000 0.0000000 1.0000000
-0.1606890 0.9865387 0.0303385 74.4274445
-0.9858263 -0.1619230 0.0439037 -111.4078903
0.0482252 -0.0228537 0.9985750 4.8689189
0.0000000 0.0000000 0.0000000 1.0000000
-0.1673938 0.9854857 0.0282357 74.2290497
-0.9848927 -0.1684438 0.0401628 -112.6308975
0.0443359 -0.0210861 0.9987941 4.9400153
0.0000000 0.0000000 0.0000000 1.0000000
-0.1768306 0.9838892 0.0263250 74.0234985
-0.9833621 -0.1777396 0.0375179 -113.8602600
0.0415924 -0.0192527 0.9989492 4.9975729
0.0000000 0.0000000 0.0000000 1.0000000
-0.1914137 0.9811571 0.0262964 73.7990112
-0.9806041 -0.1923190 0.0378041 -115.0767212
0.0421490 -0.0185501 0.9989392 5.0672979
0.0000000 0.0000000 0.0000000 1.0000000
-0.2054618 0.9783093 0.0263872 73.5514679
-0.9777611 -0.2063560 0.0374231 -116.2823944
0.0420564 -0.0181114 0.9989511 5.1262712
0.0000000 0.0000000 0.0000000 1.0000000
-0.2212812 0.9748723 0.0256631 73.2863770
-0.9743264 -0.2221241 0.0367299 -117.4942093
0.0415073 -0.0168766 0.9989957 5.1763821
0.0000000 0.0000000 0.0000000 1.0000000
-0.2360015 0.9714680 0.0235215 73.0098801
-0.9708529 -0.2367553 0.0373065 -118.6655960
0.0418109 -0.0140316 0.9990271 5.2473063
0.0000000 0.0000000 0.0000000 1.0000000
-0.2503417 0.9678394 0.0248187 72.7144699
-0.9670677 -0.2511937 0.0410124 -119.8433990
0.0459277 -0.0137343 0.9988504 5.3050747
0.0000000 0.0000000 0.0000000 1.0000000
-0.2673742 0.9632025 0.0274194 72.3971100
-0.9623286 -0.2683725 0.0435903 -121.0296402
0.0493448 -0.0147316 0.9986732 5.3749294
0.0000000 0.0000000 0.0000000 1.0000000
-0.2821659 0.9588412 0.0317150 72.0740738
-0.9581473 -0.2833191 0.0410384 -122.1858444
0.0483347 -0.0188080 0.9986541 5.4428196
0.0000000 0.0000000 0.0000000 1.0000000
-0.2968957 0.9541796 0.0373359 71.7378311
-0.9538560 -0.2981779 0.0353409 -123.3431778
0.0448543 -0.0251205 0.9986777 5.5027785
0.0000000 0.0000000 0.0000000 1.0000000
-0.3129948 0.9488657 0.0410857 71.3781738
-0.9487970 -0.3143289 0.0313341 -124.5036087
0.0426463 -0.0291746 0.9986642 5.5642200
0.0000000 0.0000000 0.0000000 1.0000000
-0.3269038 0.9440066 0.0445574 71.0097885
-0.9440177 -0.3283923 0.0314543 -125.6242828
0.0443253 -0.0317804 0.9985116 5.6255774
0.0000000 0.0000000 0.0000000 1.0000000
-0.3410155 0.9389132 0.0463718 70.6205521
-0.9388768 -0.3426444 0.0332492 -126.7511978
0.0471071 -0.0321989 0.9983708 5.6834850
0.0000000 0.0000000 0.0000000 1.0000000
-0.3540658 0.9340582 0.0466093 70.2139969
-0.9339458 -0.3557452 0.0345090 -127.8681488
0.0488144 -0.0313121 0.9983169 5.7499032
0.0000000 0.0000000 0.0000000 1.0000000
-0.3681196 0.9286633 0.0455219 69.7799835
-0.9284847 -0.3697485 0.0346769 -128.9886169
0.0490347 -0.0295011 0.9983613 5.8171062
0.0000000 0.0000000 0.0000000 1.0000000
-0.3822344 0.9229038 0.0463164 69.3327560
-0.9228175 -0.3838426 0.0327581 -130.1155548
0.0480108 -0.0302203 0.9983895 5.8833723
0.0000000 0.0000000 0.0000000 1.0000000
-0.3949359 0.9175035 0.0470412 68.8713303
-0.9175023 -0.3965232 0.0309700 -131.2115936
0.0470679 -0.0309293 0.9984127 5.9521475
0.0000000 0.0000000 0.0000000 1.0000000
-0.4090003 0.9111692 0.0498924 68.4027023
-0.9111866 -0.4107559 0.0319202 -132.3078766
0.0495782 -0.0324059 0.9982444 6.0126033
0.0000000 0.0000000 0.0000000 1.0000000
-0.4244851 0.9039696 0.0514906 67.9018326
-0.9039162 -0.4263799 0.0337049 -133.3928680
0.0524227 -0.0322360 0.9981046 6.0830026
0.0000000 0.0000000 0.0000000 1.0000000
-0.4373090 0.8977908 0.0522725 67.3930511
-0.8976692 -0.4392836 0.0349327 -134.4603119
0.0543246 -0.0316470 0.9980217 6.1491313
0.0000000 0.0000000 0.0000000 1.0000000
-0.4507926 0.8911456 0.0514326 66.8685455
-0.8908542 -0.4527805 0.0369979 -135.5135345
0.0562581 -0.0291405 0.9979909 6.2206993
0.0000000 0.0000000 0.0000000 1.0000000
-0.4665939 0.8827766 0.0547305 66.3115158
-0.8823503 -0.4688661 0.0402836 -136.5871735
0.0612226 -0.0294954 0.9976882 6.2949729
0.0000000 0.0000000 0.0000000 1.0000000
-0.4808628 0.8749526 0.0568220 65.7481003
-0.8744706 -0.4832962 0.0415482 -137.6544495
0.0638145 -0.0297102 0.9975194 6.3694816
0.0000000 0.0000000 0.0000000 1.0000000
-0.4965454 0.8660687 0.0580303 65.1534119
-0.8657255 -0.4989783 0.0392466 -138.7203064
0.0629461 -0.0307506 0.9975431 6.4531813
0.0000000 0.0000000 0.0000000 1.0000000
-0.5116350 0.8570548 0.0607161 64.5501556
-0.8569997 -0.5141048 0.0353280 -139.7739563
0.0614924 -0.0339586 0.9975297 6.5263777
0.0000000 0.0000000 0.0000000 1.0000000
-0.5278589 0.8470358 0.0624120 63.9330482
-0.8470517 -0.5303997 0.0343489 -140.8380585
0.0621980 -0.0347348 0.9974592 6.6082096
0.0000000 0.0000000 0.0000000 1.0000000
-0.5449561 0.8359574 0.0647913 63.2915230
-0.8360767 -0.5476072 0.0332014 -141.8804779
0.0632351 -0.0360772 0.9973463 6.6834621
0.0000000 0.0000000 0.0000000 1.0000000
-0.5609136 0.8252079 0.0663902 62.6297607
-0.8254067 -0.5636278 0.0320580 -142.9099731
0.0638738 -0.0368172 0.9972786 6.7650137
0.0000000 0.0000000 0.0000000 1.0000000
-0.5751397 0.8151176 0.0692635 61.9320717
-0.8154483 -0.5780025 0.0309432 -143.9232178
0.0652568 -0.0386842 0.9971184 6.8457456
0.0000000 0.0000000 0.0000000 1.0000000
-0.5907078 0.8037807 0.0707160 61.2249756
-0.8041593 -0.5936452 0.0302238 -144.9284363
0.0662735 -0.0390135 0.9970385 6.9307556
0.0000000 0.0000000 0.0000000 1.0000000
-0.6051668 0.7929083 0.0712001 60.4907188
-0.7934679 -0.6080150 0.0269608 -145.9253387
0.0646681 -0.0401792 0.9970976 7.0157633
0.0000000 0.0000000 0.0000000 1.0000000
-0.6209239 0.7807335 0.0700604 59.7448311
-0.7814016 -0.6235796 0.0236715 -146.9136353
0.0621693 -0.0400472 0.9972618 7.0976524
0.0000000 0.0000000 0.0000000 1.0000000
-0.6353323 0.7691142 0.0693974 58.9743690
-0.7698411 -0.6378735 0.0215071 -147.8921204
0.0608081 -0.0397608 0.9973572 7.1803317
0.0000000 0.0000000 0.0000000 1.0000000
-0.6497207 0.7569264 0.0701799 58.1760712
-0.7577065 -0.6522781 0.0203596 -148.8560944
0.0611874 -0.0399477 0.9973265 7.2629905
0.0000000 0.0000000 0.0000000 1.0000000
-0.6646639 0.7434375 0.0743141 57.3713913
-0.7443676 -0.6674764 0.0198163 -149.7941132
0.0643350 -0.0421458 0.9970379 7.3437734
0.0000000 0.0000000 0.0000000 1.0000000
-0.6790333 0.7298930 0.0785491 56.5402565
-0.7309862 -0.6821213 0.0192432 -150.7318268
0.0676254 -0.0443515 0.9967244 7.4268875
0.0000000 0.0000000 0.0000000 1.0000000
-0.6941481 0.7153233 0.0804420 55.6792336
-0.7167320 -0.6971900 0.0148935 -151.6497955
0.0667370 -0.0473170 0.9966480 7.5145030
0.0000000 0.0000000 0.0000000 1.0000000
-0.7098253 0.6998335 0.0798817 54.7999077
-0.7015567 -0.7125614 0.0086563 -152.5628967
0.0629785 -0.0498971 0.9967667 7.5970163
0.0000000 0.0000000 0.0000000 1.0000000
-0.7259418 0.6829634 0.0810520 53.9017334
-0.6849357 -0.7285891 0.0046396 -153.4481964
0.0622222 -0.0521473 0.9966990 7.6855354
0.0000000 0.0000000 0.0000000 1.0000000
-0.7428274 0.6642984 0.0831576 52.9641685
-0.6664600 -0.7455375 0.0023395 -154.3288574
0.0635512 -0.0536834 0.9965336 7.7709293
0.0000000 0.0000000 0.0000000 1.0000000
-0.7597237 0.6445014 0.0862429 52.0013580
-0.6470830 -0.7624153 -0.0026282 -155.1975708
0.0640590 -0.0578030 0.9962706 7.8531709
0.0000000 0.0000000 0.0000000 1.0000000
-0.7758494 0.6249538 0.0865467 51.0319328
-0.6275631 -0.7785565 -0.0038436 -156.0142975
0.0649794 -0.0572956 0.9962403 7.9374189
0.0000000 0.0000000 0.0000000 1.0000000
-0.7914637 0.6048406 0.0880507 50.0213966
-0.6074729 -0.7943308 -0.0039671 -156.8154144
0.0675419 -0.0566283 0.9961081 8.0329971
0.0000000 0.0000000 0.0000000 1.0000000
-0.8061045 0.5855345 0.0857021 49.0034103
-0.5878903 -0.8089361 -0.0028133 -157.5916138
0.0676802 -0.0526512 0.9963168 8.1173487
0.0000000 0.0000000 0.0000000 1.0000000
-0.8198767 0.5664748 0.0831172 47.9644508
-0.5686138 -0.8226010 -0.0025330 -158.3311920
0.0669373 -0.0493383 0.9965365 8.2177839
0.0000000 0.0000000 0.0000000 1.0000000
-0.8342203 0.5448337 0.0850454 46.9008141
-0.5468898 -0.8372042 -0.0010536 -159.0580902
0.0706263 -0.0473894 0.9963765 8.3098040
0.0000000 0.0000000 0.0000000 1.0000000
-0.8467284 0.5246273 0.0884150 45.8440819
-0.5267048 -0.8500485 -0.0001952 -159.7505951
0.0750546 -0.0467339 0.9960836 8.4068909
0.0000000 0.0000000 0.0000000 1.0000000
-0.8591665 0.5040008 0.0884083 44.7488174
-0.5059993 -0.8625341 -0.0002226 -160.4246521
0.0761430 -0.0449258 0.9960842 8.5044260
0.0000000 0.0000000 0.0000000 1.0000000
-0.8703688 0.4849771 0.0851777 43.6412163
-0.4868490 -0.8734853 -0.0013826 -161.0794067
0.0737309 -0.0426720 0.9963647 8.6154127
0.0000000 0.0000000 0.0000000 1.0000000
-0.8800623 0.4669638 0.0862276 42.5348206
-0.4687359 -0.8833386 -0.0003438 -161.6855164
0.0760076 -0.0407205 0.9962753 8.7087994
0.0000000 0.0000000 0.0000000 1.0000000
-0.8901634 0.4470670 0.0879788 41.4040298
-0.4486569 -0.8937023 0.0018959 -162.2738953
0.0794744 -0.0377847 0.9961205 8.8230686
0.0000000 0.0000000 0.0000000 1.0000000
-0.8983675 0.4298500 0.0903586 40.2864037
-0.4316421 -0.9020452 -0.0003218 -162.8415375
0.0813692 -0.0392917 0.9959092 8.9241800
0.0000000 0.0000000 0.0000000 1.0000000
-0.9055036 0.4144175 0.0912219 39.1386566
-0.4163493 -0.9092019 -0.0023745 -163.4060669
0.0819550 -0.0401303 0.9958277 9.0284433
0.0000000 0.0000000 0.0000000 1.0000000
-0.9124840 0.3987498 0.0914956 37.9750481
-0.4008225 -0.9161438 -0.0047209 -163.9367981
0.0819407 -0.0409812 0.9957942 9.1422997
0.0000000 0.0000000 0.0000000 1.0000000
-0.9185744 0.3844391 0.0918021 36.7976761
-0.3865747 -0.9222386 -0.0060246 -164.4599457
0.0823474 -0.0410224 0.9957590 9.2564697
0.0000000 0.0000000 0.0000000 1.0000000
-0.9243535 0.3702734 0.0920223 35.6210670
-0.3725859 -0.9279569 -0.0087292 -164.9594574
0.0821605 -0.0423551 0.9957186 9.3658895
0.0000000 0.0000000 0.0000000 1.0000000
-0.9300109 0.3564885 0.0894186 34.4430962
-0.3590062 -0.9332405 -0.0133103 -165.4388885
0.0787041 -0.0444805 0.9959051 9.4734869
0.0000000 0.0000000 0.0000000 1.0000000
-0.9346218 0.3449705 0.0864731 33.2423744
-0.3476380 -0.9374660 -0.0174834 -165.9105682
0.0750343 -0.0464017 0.9961007 9.5795317
0.0000000 0.0000000 0.0000000 1.0000000
-0.9389145 0.3339367 0.0832218 32.0336266
-0.3363632 -0.9415852 -0.0166586 -166.3511658
0.0727974 -0.0436338 0.9963917 9.6792202
0.0000000 0.0000000 0.0000000 1.0000000
-0.9424384 0.3241366 0.0821306 30.8381081
-0.3262646 -0.9451809 -0.0135934 -166.7644196
0.0732221 -0.0396073 0.9965288 9.7839069
0.0000000 0.0000000 0.0000000 1.0000000
-0.9443814 0.3183853 0.0823078 29.6214886
-0.3200647 -0.9473643 -0.0077295 -167.1747589
0.0755145 -0.0336434 0.9965769 9.8856659
0.0000000 0.0000000 0.0000000 1.0000000
-0.9460313 0.3132650 0.0830046 28.4108925
-0.3147905 -0.9491446 -0.0056356 -167.5870056
0.0770179 -0.0314605 0.9965332 9.9899244
0.0000000 0.0000000 0.0000000 1.0000000
-0.9480826 0.3071100 0.0826012 27.1987190
-0.3087567 -0.9511105 -0.0076417 -167.9954376
0.0762160 -0.0327486 0.9965533 10.0947809
0.0000000 0.0000000 0.0000000 1.0000000
-0.9494917 0.3030940 0.0812385 25.9608459
-0.3052300 -0.9521605 -0.0150070 -168.4107819
0.0728035 -0.0390454 0.9965816 10.1953974
0.0000000 0.0000000 0.0000000 1.0000000
-0.9513453 0.2973507 0.0807757 24.7394028
-0.2998654 -0.9537561 -0.0207418 -168.8143616
0.0708727 -0.0439545 0.9965163 10.2959747
0.0000000 0.0000000 0.0000000 1.0000000
-0.9522132 0.2935742 0.0842873 23.5015984
-0.2967196 -0.9545742 -0.0273102 -169.2224121
0.0724409 -0.0510149 0.9960670 10.3906050
0.0000000 0.0000000 0.0000000 1.0000000
-0.9530431 0.2898094 0.0878603 22.2785873
-0.2933421 -0.9555336 -0.0301044 -169.6206970
0.0752289 -0.0544639 0.9956777 10.4910536
0.0000000 0.0000000 0.0000000 1.0000000
-0.9538072 0.2866358 0.0899539 21.0775738
-0.2902920 -0.9564577 -0.0303207 -170.0109253
0.0773461 -0.0550330 0.9954842 10.5915422
0.0000000 0.0000000 0.0000000 1.0000000
-0.9535552 0.2869866 0.0914949 19.8451824
-0.2906596 -0.9563736 -0.0294398 -170.3867340
0.0790544 -0.0546663 0.9953701 10.6965895
0.0000000 0.0000000 0.0000000 1.0000000
-0.9534774 0.2870923 0.0919722 18.6132984
-0.2906388 -0.9564368 -0.0275286 -170.7731628
0.0800623 -0.0529786 0.9953809 10.8119974
0.0000000 0.0000000 0.0000000 1.0000000
-0.9531521 0.2876721 0.0935205 17.4012585
-0.2911809 -0.9563137 -0.0260355 -171.1601105
0.0819452 -0.0520472 0.9952768 10.9170790
0.0000000 0.0000000 0.0000000 1.0000000
-0.9522132 0.2904572 0.0944708 16.1725979
-0.2939575 -0.9554858 -0.0252185 -171.5436859
0.0829406 -0.0517838 0.9952081 11.0298500
0.0000000 0.0000000 0.0000000 1.0000000
-0.9522684 0.2905570 0.0936045 14.9775143
-0.2938601 -0.9555626 -0.0233768 -171.9369965
0.0826526 -0.0497676 0.9953349 11.1408501
0.0000000 0.0000000 0.0000000 1.0000000
-0.9508815 0.2950823 0.0935470 13.7344770
-0.2984088 -0.9541487 -0.0235062 -172.3324585
0.0823215 -0.0502669 0.9953372 11.2602320
0.0000000 0.0000000 0.0000000 1.0000000
-0.9496559 0.2988194 0.0941323 12.5262880
-0.3023265 -0.9528721 -0.0251708 -172.7269135
0.0821745 -0.0523623 0.9952413 11.3714666
0.0000000 0.0000000 0.0000000 1.0000000
-0.9487002 0.3023328 0.0925364 11.3337688
-0.3058617 -0.9517117 -0.0263379 -173.1287079
0.0801052 -0.0532902 0.9953608 11.4839010
0.0000000 0.0000000 0.0000000 1.0000000
