1.0000000 0.0000000 0.0000000 0.0000000
0.0000000 1.0000000 0.0000000 0.0000000
0.0000000 0.0000000 1.0000000 0.0000000
0.0000000 0.0000000 0.0000000 1.0000000
0.9999862 0.0015873 -0.0049960 0.9524541
-0.0015826 0.9999983 0.0009441 0.0085179
0.0049975 -0.0009362 0.9999871 0.0089127
0.0000000 0.0000000 0.0000000 1.0000000
0.9999801 0.0023569 -0.0058484 1.9088708
-0.0023626 0.9999968 -0.0009698 0.0048791
0.0058461 0.0009836 0.9999824 0.0245307
0.0000000 0.0000000 0.0000000 1.0000000
0.9999890 0.0039490 -0.0025377 2.8640616
-0.0039563 0.9999881 -0.0028581 0.0065464
0.0025263 0.0028681 0.9999927 0.0354030
0.0000000 0.0000000 0.0000000 1.0000000
0.9999952 0.0019854 0.0023930 3.8174686
-0.0019707 0.9999794 -0.0061174 0.0034957
-0.0024051 0.0061127 0.9999784 0.0497681
0.0000000 0.0000000 0.0000000 1.0000000
0.9999953 0.0000939 0.0030631 4.7552581
-0.0000669 0.9999613 -0.0088072 -0.0029085
-0.0030638 0.0088070 0.9999565 0.0636365
0.0000000 0.0000000 0.0000000 1.0000000
0.9999999 0.0004671 -0.0001875 5.6909490
-0.0004691 0.9999427 -0.0107038 -0.0011152
0.0001825 0.0107039 0.9999427 0.0735847
0.0000000 0.0000000 0.0000000 1.0000000
0.9999950 -0.0017952 -0.0026009 6.6181412
0.0017693 0.9999489 -0.0099549 -0.0021397
0.0026186 0.0099502 0.9999471 0.0838494
0.0000000 0.0000000 0.0000000 1.0000000
0.9999918 -0.0023926 -0.0032460 7.5461125
0.0023597 0.9999464 -0.0100811 0.0060641
0.0032700 0.0100734 0.9999439 0.0973656
0.0000000 0.0000000 0.0000000 1.0000000
0.9999960 -0.0020821 -0.0018822 8.4734659
0.0020641 0.9999528 -0.0094939 0.0177275
0.0019018 0.0094900 0.9999532 0.1092545
0.0000000 0.0000000 0.0000000 1.0000000
0.9999922 -0.0037434 0.0012391 9.3924055
0.0037548 0.9999494 -0.0093315 0.0253543
-0.0012041 0.0093361 0.9999557 0.1230407
0.0000000 0.0000000 0.0000000 1.0000000
0.9999873 -0.0045221 0.0021973 10.3179235
0.0045430 0.9999437 -0.0095905 0.0349709
-0.0021539 0.0096004 0.9999515 0.1329255
0.0000000 0.0000000 0.0000000 1.0000000
0.9999856 -0.0043601 0.0031241 11.2386599
0.0043933 0.9999331 -0.0106998 0.0454805
-0.0030773 0.0107133 0.9999378 0.1457862
0.0000000 0.0000000 0.0000000 1.0000000
0.9999736 -0.0063341 0.0035522 12.1501675
0.0063725 0.9999201 -0.0109145 0.0493442
-0.0034828 0.0109368 0.9999341 0.1583328
0.0000000 0.0000000 0.0000000 1.0000000
0.9999746 -0.0067549 0.0022580 13.0592241
0.0067793 0.9999168 -0.0109706 0.0585878
-0.0021837 0.0109856 0.9999372 0.1678483
0.0000000 0.0000000 0.0000000 1.0000000
0.9999692 -0.0077931 0.0008191 13.9542933
0.0078023 0.9998995 -0.0118305 0.0674875
-0.0007268 0.0118366 0.9999297 0.1773709
0.0000000 0.0000000 0.0000000 1.0000000
0.9999521 -0.0097850 0.0000499 14.8531485
0.0097849 0.9998771 -0.0122433 0.0784854
0.0000699 0.0122432 0.9999250 0.1875074
0.0000000 0.0000000 0.0000000 1.0000000
0.9999372 -0.0112020 -0.0002400 15.7490282
0.0111982 0.9998632 -0.0121668 0.0884785
0.0003762 0.0121633 0.9999259 0.1978978
0.0000000 0.0000000 0.0000000 1.0000000
0.9999191 -0.0126701 -0.0010802 16.6331215
0.0126581 0.9998652 -0.0104559 0.1051977
0.0012126 0.0104414 0.9999447 0.2095724
0.0000000 0.0000000 0.0000000 1.0000000
0.9998923 -0.0146611 -0.0006369 17.5215988
0.0146546 0.9998491 -0.0093176 0.1241967
0.0007734 0.0093073 0.9999563 0.2217323
0.0000000 0.0000000 0.0000000 1.0000000
0.9998749 -0.0158136 0.0003529 18.4151764
0.0158162 0.9998314 -0.0093160 0.1405667
-0.0002056 0.0093204 0.9999565 0.2327725
0.0000000 0.0000000 0.0000000 1.0000000
0.9998651 -0.0163548 0.0015245 19.3010406
0.0163679 0.9998252 -0.0090224 0.1584289
-0.0013766 0.0090462 0.9999581 0.2469146
0.0000000 0.0000000 0.0000000 1.0000000
0.9998266 -0.0185231 0.0019257 20.1902294
0.0185387 0.9997926 -0.0084255 0.1790781
-0.0017692 0.0084598 0.9999626 0.2563385
0.0000000 0.0000000 0.0000000 1.0000000
0.9997945 -0.0201523 0.0021542 21.0680828
0.0201701 0.9997600 -0.0085459 0.1981689
-0.0019815 0.0085876 0.9999611 0.2678446
0.0000000 0.0000000 0.0000000 1.0000000
0.9997770 -0.0210231 0.0019805 21.9265594
0.0210377 0.9997491 -0.0076849 0.2179109
-0.0018184 0.0077249 0.9999685 0.2793803
0.0000000 0.0000000 0.0000000 1.0000000
0.9997407 -0.0226840 0.0019415 22.7912102
0.0226982 0.9997134 -0.0076001 0.2388920
-0.0017686 0.0076422 0.9999692 0.2880574
0.0000000 0.0000000 0.0000000 1.0000000
0.9997319 -0.0228966 0.0034225 23.6416321
0.0229218 0.9997091 -0.0074951 0.2571113
-0.0032499 0.0075715 0.9999660 0.2956077
0.0000000 0.0000000 0.0000000 1.0000000
0.9996828 -0.0243488 0.0064202 24.4909019
0.0244081 0.9996585 -0.0093317 0.2762484
-0.0061908 0.0094855 0.9999358 0.3069413
0.0000000 0.0000000 0.0000000 1.0000000
0.9996494 -0.0252693 0.0078991 25.3209419
0.0253398 0.9996387 -0.0089536 0.3007918
-0.0076700 0.0091507 0.9999287 0.3158305
0.0000000 0.0000000 0.0000000 1.0000000
0.9996570 -0.0252605 0.0068948 26.1549149
0.0253178 0.9996445 -0.0083582 0.3250389
-0.0066812 0.0085299 0.9999412 0.3249705
0.0000000 0.0000000 0.0000000 1.0000000
0.9996397 -0.0263296 0.0051981 26.9600906
0.0263642 0.9996299 -0.0066955 0.3511042
-0.0050198 0.0068301 0.9999640 0.3331321
0.0000000 0.0000000 0.0000000 1.0000000
0.9996302 -0.0269613 0.0035149 27.7564087
0.0269817 0.9996185 -0.0059005 0.3754805
-0.0033545 0.0059931 0.9999763 0.3388432
0.0000000 0.0000000 0.0000000 1.0000000
0.9996195 -0.0273897 0.0032208 28.5511990
0.0274070 0.9996095 -0.0054425 0.4027828
-0.0030705 0.0055287 0.9999799 0.3447655
0.0000000 0.0000000 0.0000000 1.0000000
0.9995657 -0.0292976 0.0031284 29.3251724
0.0293152 0.9995537 -0.0057295 0.4329609
-0.0029591 0.0058187 0.9999786 0.3548462
0.0000000 0.0000000 0.0000000 1.0000000
0.9995042 -0.0313710 0.0026344 30.1039410
0.0313836 0.9994955 -0.0048708 0.4626422
-0.0024802 0.0049510 0.9999846 0.3657495
0.0000000 0.0000000 0.0000000 1.0000000
0.9994549 -0.0329017 0.0026796 30.8727951
0.0329140 0.9994472 -0.0046853 0.4920464
-0.0025240 0.0047709 0.9999853 0.3756806
0.0000000 0.0000000 0.0000000 1.0000000
0.9993513 -0.0358198 0.0037048 31.6327610
0.0358371 0.9993466 -0.0046983 0.5295953
-0.0035341 0.0048281 0.9999820 0.3819652
0.0000000 0.0000000 0.0000000 1.0000000
0.9992570 -0.0381153 0.0056941 32.3838882
0.0381450 0.9992586 -0.0052067 0.5606310
-0.0054914 0.0054200 0.9999701 0.3918554
0.0000000 0.0000000 0.0000000 1.0000000
0.9991921 -0.0395534 0.0070989 33.1244316
0.0395856 0.9992062 -0.0044547 0.5944647
-0.0069170 0.0047321 0.9999648 0.4012883
0.0000000 0.0000000 0.0000000 1.0000000
0.9990520 -0.0429214 0.0072459 33.8573875
0.0429450 0.9990724 -0.0031408 0.6378121
-0.0071043 0.0034490 0.9999687 0.4100224
0.0000000 0.0000000 0.0000000 1.0000000
0.9989961 -0.0443195 0.0064934 34.5774994
0.0443278 0.9990163 -0.0011369 0.6769558
-0.0064367 0.0014236 0.9999782 0.4130820
0.0000000 0.0000000 0.0000000 1.0000000
0.9988881 -0.0467799 0.0058271 35.2858505
0.0467760 0.9989050 0.0008156 0.7193083
-0.0058589 -0.0005421 0.9999826 0.4171834
0.0000000 0.0000000 0.0000000 1.0000000
0.9987961 -0.0486015 0.0066324 35.9848099
0.0485905 0.9988171 0.0018090 0.7569220
-0.0067125 -0.0014846 0.9999763 0.4227333
0.0000000 0.0000000 0.0000000 1.0000000
0.9987729 -0.0488389 0.0082058 36.6804390
0.0488184 0.9988040 0.0026768 0.7946181
-0.0083267 -0.0022729 0.9999626 0.4281448
0.0000000 0.0000000 0.0000000 1.0000000
0.9987475 -0.0493081 0.0084882 37.3548088
0.0492682 0.9987738 0.0048408 0.8403488
-0.0087165 -0.0044165 0.9999521 0.4335082
0.0000000 0.0000000 0.0000000 1.0000000
0.9988421 -0.0476157 0.0068527 38.0120850
0.0475585 0.9988341 0.0082758 0.8866035
-0.0072388 -0.0079403 0.9999422 0.4431314
0.0000000 0.0000000 0.0000000 1.0000000
0.9989535 -0.0455990 0.0035113 38.6608658
0.0455593 0.9989049 0.0106435 0.9217610
-0.0039928 -0.0104723 0.9999371 0.4463046
0.0000000 0.0000000 0.0000000 1.0000000
0.9990280 -0.0440142 0.0023485 39.3063126
0.0439863 0.9989733 0.0108354 0.9566299
-0.0028230 -0.0107216 0.9999385 0.4493765
0.0000000 0.0000000 0.0000000 1.0000000
0.9991679 -0.0406755 0.0029631 39.9510040
0.0406381 0.9991047 0.0117603 0.9911095
-0.0034388 -0.0116301 0.9999264 0.4538924
0.0000000 0.0000000 0.0000000 1.0000000
0.9993182 -0.0365370 0.0052948 40.5875473
0.0364467 0.9992033 0.0162604 1.0193691
-0.0058847 -0.0160563 0.9998537 0.4602987
0.0000000 0.0000000 0.0000000 1.0000000
0.9994126 -0.0332491 0.0082924 41.2075768
0.0330705 0.9992362 0.0208184 1.0534849
-0.0089783 -0.0205319 0.9997488 0.4640523
0.0000000 0.0000000 0.0000000 1.0000000
0.9995395 -0.0288904 0.0092730 41.8142052
0.0286430 0.9992570 0.0257893 1.0826825
-0.0100111 -0.0255119 0.9996243 0.4720678
0.0000000 0.0000000 0.0000000 1.0000000
0.9996732 -0.0236788 0.0096183 42.4035759
0.0233820 0.9992799 0.0298846 1.1034861
-0.0103190 -0.0296499 0.9995070 0.4747744
0.0000000 0.0000000 0.0000000 1.0000000
0.9997639 -0.0183062 0.0116992 42.9726257
0.0178972 0.9992562 0.0341578 1.1304561
-0.0123158 -0.0339404 0.9993479 0.4762954
0.0000000 0.0000000 0.0000000 1.0000000
0.9998389 -0.0119230 0.0134134 43.5205345
0.0113870 0.9991608 0.0393452 1.1440266
-0.0138712 -0.0391861 0.9991356 0.4799560
0.0000000 0.0000000 0.0000000 1.0000000
0.9998965 -0.0047268 0.0135811 44.0519905
0.0041430 0.9990795 0.0426947 1.1489921
-0.0137704 -0.0426340 0.9989958 0.4825152
0.0000000 0.0000000 0.0000000 1.0000000
0.9999013 0.0025468 0.0138119 44.5632172
-0.0031754 0.9989508 0.0456858 1.1572788
-0.0136811 -0.0457251 0.9988604 0.4869561
0.0000000 0.0000000 0.0000000 1.0000000
0.9998521 0.0101217 0.0138963 45.0532036
-0.0108043 0.9986926 0.0499620 1.1624295
-0.0133724 -0.0501048 0.9986544 0.4884517
0.0000000 0.0000000 0.0000000 1.0000000
0.9997666 0.0182250 0.0115947 45.5148125
-0.0188306 0.9983382 0.0544635 1.1512684
-0.0105828 -0.0546691 0.9984484 0.4880289
0.0000000 0.0000000 0.0000000 1.0000000
0.9996200 0.0258156 0.0096564 45.9622231
-0.0263166 0.9980856 0.0559694 1.1504368
-0.0081931 -0.0562023 0.9983858 0.4927100
0.0000000 0.0000000 0.0000000 1.0000000
0.9993716 0.0340632 0.0097914 46.3799744
-0.0345641 0.9977988 0.0565936 1.1398327
-0.0078420 -0.0568965 0.9983493 0.4918507
0.0000000 0.0000000 0.0000000 1.0000000
0.9990933 0.0411114 0.0110575 46.7822838
-0.0416667 0.9975700 0.0558374 1.1285117
-0.0087351 -0.0562475 0.9983787 0.4980796
0.0000000 0.0000000 0.0000000 1.0000000
0.9987272 0.0489535 0.0121402 47.1586533
-0.0495703 0.9971333 0.0571648 1.1097116
-0.0093070 -0.0576938 0.9982910 0.4986834
0.0000000 0.0000000 0.0000000 1.0000000
0.9982290 0.0580264 0.0131036 47.5205421
-0.0587125 0.9964654 0.0600779 1.0965947
-0.0095712 -0.0607409 0.9981077 0.5015418
0.0000000 0.0000000 0.0000000 1.0000000
0.9977607 0.0655498 0.0132906 47.8581467
-0.0662780 0.9956890 0.0648887 1.0879445
-0.0089799 -0.0656243 0.9978040 0.5050394
0.0000000 0.0000000 0.0000000 1.0000000
0.9971139 0.0746197 0.0139821 48.1642838
-0.0754084 0.9947854 0.0686685 1.0740043
-0.0087852 -0.0695247 0.9975416 0.5061159
0.0000000 0.0000000 0.0000000 1.0000000
0.9963659 0.0838978 0.0146950 48.4553337
-0.0847081 0.9940851 0.0679647 1.0416025
-0.0089060 -0.0689625 0.9975796 0.5121749
0.0000000 0.0000000 0.0000000 1.0000000
0.9954634 0.0941532 0.0136955 48.7273827
-0.0948618 0.9932542 0.0666870 1.0183969
-0.0073244 -0.0676837 0.9976800 0.5162293
0.0000000 0.0000000 0.0000000 1.0000000
0.9943392 0.1057538 0.0102773 48.9880676
-0.1062010 0.9921978 0.0653051 0.9868425
-0.0032909 -0.0660269 0.9978124 0.5194187
0.0000000 0.0000000 0.0000000 1.0000000
0.9927855 0.1196843 0.0072462 49.2496567
-0.1199013 0.9905907 0.0659811 0.9480902
0.0007189 -0.0663740 0.9977946 0.5231634
0.0000000 0.0000000 0.0000000 1.0000000
0.9908565 0.1347579 0.0066035 49.5058670
-0.1348964 0.9885914 0.0670052 0.9136971
0.0025013 -0.0672833 0.9977308 0.5233148
0.0000000 0.0000000 0.0000000 1.0000000
0.9884272 0.1515454 0.0067583 49.7644844
-0.1516515 0.9860756 0.0682387 0.8748527
0.0036771 -0.0684740 0.9976462 0.5272102
0.0000000 0.0000000 0.0000000 1.0000000
0.9857446 0.1681100 0.0068201 50.0118599
-0.1681802 0.9833831 0.0683590 0.8293830
0.0047851 -0.0685316 0.9976375 0.5303334
0.0000000 0.0000000 0.0000000 1.0000000
0.9825317 0.1859734 0.0067193 50.2547264
-0.1859987 0.9802243 0.0675624 0.7738896
0.0059784 -0.0676320 0.9976925 0.5343242
0.0000000 0.0000000 0.0000000 1.0000000
0.9785856 0.2057141 0.0071933 50.5001984
-0.2057309 0.9763347 0.0666714 0.7084652
0.0066922 -0.0667236 0.9977491 0.5407105
0.0000000 0.0000000 0.0000000 1.0000000
0.9742024 0.2255500 0.0075319 50.7345848
-0.2255432 0.9719440 0.0667452 0.6475532
0.0077338 -0.0667221 0.9977416 0.5440776
0.0000000 0.0000000 0.0000000 1.0000000
0.9690873 0.2466041 0.0074888 50.9742622
-0.2465340 0.9667482 0.0679595 0.5808515
0.0095193 -0.0677049 0.9976600 0.5461131
0.0000000 0.0000000 0.0000000 1.0000000
0.9629431 0.2695989 0.0075443 51.2173920
-0.2694686 0.9605549 0.0687067 0.5054069
0.0112766 -0.0681936 0.9976084 0.5502974
0.0000000 0.0000000 0.0000000 1.0000000
0.9558553 0.2937232 0.0081998 51.4582825
-0.2935701 0.9534223 0.0692978 0.4219095
0.0125365 -0.0686459 0.9975623 0.5569431
0.0000000 0.0000000 0.0000000 1.0000000
0.9474500 0.3197535 0.0097939 51.7071571
-0.3196178 0.9448667 0.0712110 0.3340707
0.0135161 -0.0705992 0.9974132 0.5635899
0.0000000 0.0000000 0.0000000 1.0000000
0.9377987 0.3469850 0.0116119 51.9598808
-0.3468759 0.9350572 0.0731081 0.2333428
0.0145097 -0.0725886 0.9972564 0.5731819
0.0000000 0.0000000 0.0000000 1.0000000
0.9269097 0.3750725 0.0126063 52.1915512
-0.3749484 0.9241368 0.0733785 0.1323995
0.0158723 -0.0727420 0.9972245 0.5809090
0.0000000 0.0000000 0.0000000 1.0000000
0.9141662 0.4051501 0.0123820 52.4267464
-0.4049540 0.9115395 0.0714675 0.0085419
0.0176683 -0.0703473 0.9973660 0.5914738
0.0000000 0.0000000 0.0000000 1.0000000
0.8991873 0.4374229 0.0110982 52.6616859
-0.4371046 0.8967937 0.0685582 -0.1317363
0.0200362 -0.0664978 0.9975853 0.6019370
0.0000000 0.0000000 0.0000000 1.0000000
0.8817652 0.4716036 0.0089404 52.8905716
-0.4710817 0.8795120 0.0673814 -0.2771595
0.0239141 -0.0636262 0.9976872 0.6111414
0.0000000 0.0000000 0.0000000 1.0000000
0.8623255 0.5063002 0.0073880 53.1280632
-0.5055560 0.8600559 0.0686768 -0.4359985
0.0284170 -0.0629568 0.9976115 0.6182762
0.0000000 0.0000000 0.0000000 1.0000000
0.8408185 0.5412735 0.0068563 53.3615379
-0.5403783 0.8385477 0.0694873 -0.5929686
0.0318623 -0.0621312 0.9975592 0.6250824
0.0000000 0.0000000 0.0000000 1.0000000
0.8167858 0.5768903 0.0076372 53.5961571
-0.5758841 0.8144174 0.0712827 -0.7719395
0.0349024 -0.0626209 0.9974268 0.6344725
0.0000000 0.0000000 0.0000000 1.0000000
0.7897778 0.6133034 0.0104701 53.8493118
-0.6122528 0.7871550 0.0743845 -0.9777843
0.0373786 -0.0651576 0.9971746 0.6482953
0.0000000 0.0000000 0.0000000 1.0000000
0.7603300 0.6493804 0.0142542 54.0838699
-0.6482898 0.7573284 0.0785715 -1.1906658
0.0402277 -0.0689812 0.9968064 0.6594153
0.0000000 0.0000000 0.0000000 1.0000000
0.7278360 0.6855578 0.0162815 54.3182907
-0.6844420 0.7247754 0.0789882 -1.4376833
0.0423506 -0.0686342 0.9967425 0.6744105
0.0000000 0.0000000 0.0000000 1.0000000
0.6913500 0.7223142 0.0172368 54.5640297
-0.7212116 0.6884667 0.0765959 -1.7227329
0.0434593 -0.0653860 0.9969131 0.6950039
0.0000000 0.0000000 0.0000000 1.0000000
0.6524815 0.7575845 0.0182616 54.7856560
-0.7564581 0.6496972 0.0752602 -2.0143261
0.0451515 -0.0629200 0.9969966 0.7157583
0.0000000 0.0000000 0.0000000 1.0000000
0.6104885 0.7917844 0.0195207 55.0181580
-0.7906142 0.6077455 0.0746604 -2.3386579
0.0472514 -0.0610126 0.9970179 0.7315575
0.0000000 0.0000000 0.0000000 1.0000000
0.5649690 0.8248817 0.0194941 55.2260170
-0.8235904 0.5623356 0.0740071 -2.6799998
0.0500849 -0.0578669 0.9970671 0.7532499
0.0000000 0.0000000 0.0000000 1.0000000
0.5169850 0.8557655 0.0197886 55.4322433
-0.8544267 0.5145019 0.0724041 -3.0563385
0.0517797 -0.0543397 0.9971790 0.7762205
0.0000000 0.0000000 0.0000000 1.0000000
0.4681217 0.8833746 0.0226085 55.6292686
-0.8821843 0.4657050 0.0697791 -3.4546263
0.0511123 -0.0526100 0.9973062 0.8028820
0.0000000 0.0000000 0.0000000 1.0000000
0.4188705 0.9076459 0.0269480 55.8022690
-0.9067092 0.4164601 0.0666249 -3.8606739
0.0492491 -0.0523412 0.9974141 0.8280137
0.0000000 0.0000000 0.0000000 1.0000000
0.3689573 0.9288493 0.0333037 55.9691505
-0.9281696 0.3663366 0.0655607 -4.2927675
0.0486956 -0.0551005 0.9972926 0.8457799
0.0000000 0.0000000 0.0000000 1.0000000
0.3190522 0.9470919 0.0349620 56.1136017
-0.9463517 0.3163752 0.0657627 -4.7549329
0.0512222 -0.0540681 0.9972225 0.8628692
0.0000000 0.0000000 0.0000000 1.0000000
0.2722446 0.9618117 0.0283018 56.2031059
-0.9608420 0.2701568 0.0616231 -5.2241621
0.0516239 -0.0439701 0.9976981 0.8980473
0.0000000 0.0000000 0.0000000 1.0000000
0.2271424 0.9736847 0.0185523 56.2902451
-0.9725940 0.2258341 0.0553114 -5.7181659
0.0496662 -0.0306074 0.9982967 0.9267913
0.0000000 0.0000000 0.0000000 1.0000000
0.1844807 0.9827688 0.0114921 56.3635216
-0.9815831 0.1836427 0.0526257 -6.2334900
0.0496085 -0.0209889 0.9985481 0.9601871
0.0000000 0.0000000 0.0000000 1.0000000
0.1458214 0.9892620 0.0098223 56.4272079
-0.9879205 0.1450831 0.0544374 -6.7508597
0.0524279 -0.0176417 0.9984688 0.9732299
0.0000000 0.0000000 0.0000000 1.0000000
0.1121863 0.9936798 0.0038150 56.4717979
-0.9922478 0.1118164 0.0542294 -7.2833624
0.0534601 -0.0098692 0.9985211 1.0091671
0.0000000 0.0000000 0.0000000 1.0000000
0.0820321 0.9966258 -0.0027428 56.5030060
-0.9952412 0.0820627 0.0525365 -7.8323274
0.0525843 -0.0015799 0.9986151 1.0460055
0.0000000 0.0000000 0.0000000 1.0000000
0.0569814 0.9983462 -0.0075944 56.5222168
-0.9970676 0.0572942 0.0507251 -8.3891954
0.0510763 0.0046817 0.9986836 1.0725459
0.0000000 0.0000000 0.0000000 1.0000000
0.0368317 0.9992480 -0.0121111 56.5343399
-0.9980756 0.0373879 0.0494650 -8.9621973
0.0498806 0.0102659 0.9987023 1.1021000
0.0000000 0.0000000 0.0000000 1.0000000
0.0199377 0.9997188 -0.0128277 56.5418854
-0.9985090 0.0205623 0.0505619 -9.5395784
0.0508115 0.0118005 0.9986384 1.1305816
0.0000000 0.0000000 0.0000000 1.0000000
0.0068405 0.9998933 -0.0128954 56.5393600
-0.9986835 0.0074865 0.0507424 -10.1293192
0.0508336 0.0125313 0.9986284 1.1616416
0.0000000 0.0000000 0.0000000 1.0000000
-0.0050961 0.9999058 -0.0127346 56.5356979
-0.9986613 -0.0044335 0.0515315 -10.7446423
0.0514703 0.0129801 0.9985901 1.1907125
0.0000000 0.0000000 0.0000000 1.0000000
-0.0146119 0.9997474 -0.0170685 56.5218925
-0.9984318 -0.0136659 0.0542832 -11.3611069
0.0540363 0.0178349 0.9983796 1.2257073
0.0000000 0.0000000 0.0000000 1.0000000
-0.0220836 0.9995393 -0.0208115 56.5059433
-0.9982343 -0.0208973 0.0555964 -11.9890718
0.0551359 0.0220025 0.9982363 1.2626512
0.0000000 0.0000000 0.0000000 1.0000000
-0.0267141 0.9994282 -0.0207176 56.4868317
-0.9981228 -0.0255254 0.0556660 -12.6392841
0.0551054 0.0221658 0.9982344 1.2952840
0.0000000 0.0000000 0.0000000 1.0000000
-0.0309723 0.9993520 -0.0183280 56.4776573
-0.9981542 -0.0299666 0.0528169 -13.2918110
0.0522334 0.0199301 0.9984359 1.3306935
0.0000000 0.0000000 0.0000000 1.0000000
-0.0331726 0.9993125 -0.0165444 56.4635162
-0.9983970 -0.0323738 0.0464192 -13.9669514
0.0458517 0.0180578 0.9987850 1.3655920
0.0000000 0.0000000 0.0000000 1.0000000
-0.0345571 0.9992495 -0.0174881 56.4441490
-0.9986080 -0.0338268 0.0404619 -14.6449594
0.0398400 0.0188620 0.9990280 1.4006689
0.0000000 0.0000000 0.0000000 1.0000000
-0.0352237 0.9991660 -0.0206418 56.4170876
-0.9986842 -0.0344217 0.0380044 -15.3286171
0.0372622 0.0219533 0.9990643 1.4328973
0.0000000 0.0000000 0.0000000 1.0000000
-0.0357107 0.9990544 -0.0247908 56.3890953
-0.9986066 -0.0347086 0.0397427 -16.0115662
0.0388447 0.0261755 0.9989023 1.4701091
0.0000000 0.0000000 0.0000000 1.0000000
-0.0342353 0.9990835 -0.0256810 56.3620110
-0.9983358 -0.0329942 0.0472904 -16.7052765
0.0463997 0.0272573 0.9985509 1.4983116
0.0000000 0.0000000 0.0000000 1.0000000
-0.0323650 0.9991777 -0.0244109 56.3437119
-0.9980169 -0.0309891 0.0547845 -17.4081631
0.0539830 0.0261357 0.9981996 1.5315403
0.0000000 0.0000000 0.0000000 1.0000000
-0.0303951 0.9992097 -0.0256042 56.3281403
-0.9980120 -0.0289240 0.0559890 -18.1384621
0.0552042 0.0272551 0.9981029 1.5632045
0.0000000 0.0000000 0.0000000 1.0000000
-0.0278881 0.9992706 -0.0260770 56.3129845
-0.9983095 -0.0265118 0.0517163 -18.8818932
0.0509873 0.0274752 0.9983212 1.6047713
0.0000000 0.0000000 0.0000000 1.0000000
-0.0255062 0.9993291 -0.0262718 56.2978249
-0.9986742 -0.0242967 0.0453748 -19.6061268
0.0447060 0.0273943 0.9986244 1.6478540
0.0000000 0.0000000 0.0000000 1.0000000
-0.0226576 0.9994395 -0.0246318 56.2901039
-0.9988122 -0.0215668 0.0436847 -20.3375721
0.0431290 0.0255924 0.9987415 1.6878176
0.0000000 0.0000000 0.0000000 1.0000000
-0.0191149 0.9993396 -0.0308945 56.2683983
-0.9986534 -0.0175933 0.0487977 -21.0699043
0.0482219 0.0317857 0.9983306 1.7323508
0.0000000 0.0000000 0.0000000 1.0000000
-0.0164826 0.9993072 -0.0333617 56.2568321
-0.9984144 -0.0146537 0.0543434 -21.8166809
0.0538169 0.0342046 0.9979647 1.7755651
0.0000000 0.0000000 0.0000000 1.0000000
-0.0141826 0.9995024 -0.0281677 56.2566528
-0.9983775 -0.0126020 0.0555226 -22.5484276
0.0551400 0.0289095 0.9980599 1.8104141
0.0000000 0.0000000 0.0000000 1.0000000
-0.0097219 0.9996910 -0.0228675 56.2652931
-0.9985860 -0.0085111 0.0524670 -23.2930813
0.0522562 0.0233452 0.9983606 1.8502940
0.0000000 0.0000000 0.0000000 1.0000000
-0.0052179 0.9996025 -0.0276977 56.2604904
-0.9988362 -0.0038821 0.0480675 -24.0353889
0.0479409 0.0279163 0.9984598 1.9001782
0.0000000 0.0000000 0.0000000 1.0000000
-0.0029439 0.9994314 -0.0335803 56.2540588
-0.9988062 -0.0013017 0.0488227 -24.7798386
0.0487513 0.0336840 0.9982426 1.9491848
0.0000000 0.0000000 0.0000000 1.0000000
0.0001314 0.9994195 -0.0340598 56.2554741
-0.9985972 0.0019343 0.0529064 -25.5175705
0.0529416 0.0340051 0.9980183 1.9946361
0.0000000 0.0000000 0.0000000 1.0000000
0.0036410 0.9995307 -0.0304048 56.2626991
-0.9984844 0.0053032 0.0547729 -26.2453537
0.0549084 0.0301593 0.9980356 2.0287247
0.0000000 0.0000000 0.0000000 1.0000000
0.0069474 0.9995484 -0.0292258 56.2808075
-0.9985283 0.0085061 0.0535550 -26.9967022
0.0537795 0.0288108 0.9981369 2.0764236
0.0000000 0.0000000 0.0000000 1.0000000
0.0110856 0.9993531 -0.0342043 56.2866898
-0.9985846 0.0128432 0.0516044 -27.7439404
0.0520103 0.0335839 0.9980815 2.1207278
0.0000000 0.0000000 0.0000000 1.0000000
0.0141290 0.9991232 -0.0394029 56.2909126
-0.9985543 0.0161426 0.0512635 -28.4860458
0.0518547 0.0386217 0.9979073 2.1701019
0.0000000 0.0000000 0.0000000 1.0000000
0.0166612 0.9989567 -0.0425104 56.3042755
-0.9984613 0.0188714 0.0521354 -29.2295513
0.0528832 0.0415763 0.9977346 2.2177830
0.0000000 0.0000000 0.0000000 1.0000000
0.0201658 0.9988884 -0.0425979 56.3210106
-0.9984007 0.0223697 0.0519106 -29.9819527
0.0528058 0.0414830 0.9977426 2.2618334
0.0000000 0.0000000 0.0000000 1.0000000
0.0231327 0.9987721 -0.0438012 56.3414497
-0.9983764 0.0253599 0.0509973 -30.7274857
0.0520455 0.0425504 0.9977376 2.3022542
0.0000000 0.0000000 0.0000000 1.0000000
0.0262299 0.9985663 -0.0466555 56.3600960
-0.9983374 0.0285626 0.0500582 -31.4759369
0.0513190 0.0452649 0.9976557 2.3535032
0.0000000 0.0000000 0.0000000 1.0000000
0.0290906 0.9985551 -0.0451742 56.3859177
-0.9982285 0.0313678 0.0505484 -32.2354698
0.0518924 0.0436237 0.9976992 2.3957479
0.0000000 0.0000000 0.0000000 1.0000000
0.0321800 0.9985837 -0.0423590 56.4147873
-0.9980636 0.0343622 0.0518410 -32.9837379
0.0532231 0.0406088 0.9977564 2.4367735
0.0000000 0.0000000 0.0000000 1.0000000
0.0348352 0.9984224 -0.0440295 56.4457970
-0.9979671 0.0371040 0.0518102 -33.7318268
0.0533621 0.0421352 0.9976857 2.4844139
0.0000000 0.0000000 0.0000000 1.0000000
0.0378073 0.9983845 -0.0424075 56.4770851
-0.9978684 0.0399782 0.0515712 -34.4905891
0.0531833 0.0403674 0.9977683 2.5283408
0.0000000 0.0000000 0.0000000 1.0000000
0.0386284 0.9983990 -0.0413112 56.5147400
-0.9978296 0.0407463 0.0517205 -35.2175522
0.0533210 0.0392237 0.9978065 2.5704708
0.0000000 0.0000000 0.0000000 1.0000000
0.0442369 0.9982486 -0.0392698 56.5541763
-0.9975839 0.0462465 0.0518347 -36.0074577
0.0535601 0.0368819 0.9978831 2.6236041
0.0000000 0.0000000 0.0000000 1.0000000
0.0463885 0.9982235 -0.0373804 56.5936966
-0.9973926 0.0483556 0.0535632 -36.7452126
0.0552756 0.0347982 0.9978644 2.6648781
0.0000000 0.0000000 0.0000000 1.0000000
0.0487967 0.9981110 -0.0373183 56.6390152
-0.9970905 0.0508690 0.0567632 -37.4922371
0.0585544 0.0344399 0.9976898 2.7138748
0.0000000 0.0000000 0.0000000 1.0000000
0.0527335 0.9979225 -0.0370013 56.6813736
-0.9967581 0.0548540 0.0588519 -38.2637291
0.0607593 0.0337779 0.9975806 2.7630053
0.0000000 0.0000000 0.0000000 1.0000000
0.0563727 0.9979078 -0.0316470 56.7386894
-0.9964288 0.0582281 0.0611419 -39.0390968
0.0628567 0.0280873 0.9976271 2.8125658
0.0000000 0.0000000 0.0000000 1.0000000
0.0594439 0.9978580 -0.0272977 56.7907791
-0.9962541 0.0610241 0.0612611 -39.8006973
0.0627958 0.0235539 0.9977483 2.8551250
0.0000000 0.0000000 0.0000000 1.0000000
0.0629229 0.9975820 -0.0294972 56.8413773
-0.9960196 0.0646388 0.0613675 -40.5786285
0.0631258 0.0255184 0.9976791 2.9146316
0.0000000 0.0000000 0.0000000 1.0000000
0.0669995 0.9973189 -0.0294172 56.8983612
-0.9957002 0.0687227 0.0621094 -41.3613091
0.0639645 0.0251294 0.9976355 2.9752121
0.0000000 0.0000000 0.0000000 1.0000000
0.0704491 0.9971805 -0.0258291 56.9653435
-0.9954154 0.0719563 0.0630050 -42.1354256
0.0646860 0.0212720 0.9976788 3.0245924
0.0000000 0.0000000 0.0000000 1.0000000
0.0746879 0.9968921 -0.0250410 57.0329285
-0.9951924 0.0761087 0.0616347 -42.9388351
0.0633490 0.0203173 0.9977844 3.0734096
0.0000000 0.0000000 0.0000000 1.0000000
0.0794953 0.9965019 -0.0257604 57.1012917
-0.9948680 0.0809345 0.0607163 -43.7398376
0.0625889 0.0208016 0.9978224 3.1422224
0.0000000 0.0000000 0.0000000 1.0000000
0.0841580 0.9961739 -0.0235438 57.1772881
-0.9942185 0.0855270 0.0649146 -44.5285873
0.0666799 0.0179446 0.9976128 3.1891618
0.0000000 0.0000000 0.0000000 1.0000000
0.0902385 0.9956734 -0.0221555 57.2570648
-0.9931091 0.0916317 0.0730558 -45.3293648
0.0747699 0.0154105 0.9970815 3.2524993
0.0000000 0.0000000 0.0000000 1.0000000
0.0969993 0.9950413 -0.0219845 57.3431740
-0.9920694 0.0984362 0.0781531 -46.1288109
0.0799297 0.0142294 0.9966987 3.3127112
0.0000000 0.0000000 0.0000000 1.0000000
0.1042072 0.9943863 -0.0183306 57.4374046
-0.9911219 0.1053599 0.0810922 -46.9169388
0.0825683 0.0097175 0.9965378 3.3763211
0.0000000 0.0000000 0.0000000 1.0000000
0.1124638 0.9935271 -0.0159741 57.5363045
-0.9903184 0.1133879 0.0800746 -47.7333298
0.0813676 0.0068139 0.9966606 3.4455369
0.0000000 0.0000000 0.0000000 1.0000000
0.1197732 0.9926680 -0.0162419 57.6359634
-0.9896098 0.1206828 0.0781491 -48.5399437
0.0795363 0.0067130 0.9968091 3.5173624
0.0000000 0.0000000 0.0000000 1.0000000
0.1271963 0.9917446 -0.0162152 57.7418671
-0.9889023 0.1280630 0.0753076 -49.3511810
0.0767625 0.0064564 0.9970282 3.5870094
0.0000000 0.0000000 0.0000000 1.0000000
0.1350444 0.9907403 -0.0139986 57.8642693
-0.9883307 0.1356937 0.0692016 -50.1722221
0.0704604 0.0044900 0.9975042 3.6578324
0.0000000 0.0000000 0.0000000 1.0000000
0.1429088 0.9896713 -0.0112746 57.9921646
-0.9876947 0.1433360 0.0625541 -50.9852295
0.0635241 0.0021964 0.9979776 3.7173405
0.0000000 0.0000000 0.0000000 1.0000000
0.1496711 0.9886776 -0.0107018 58.1147614
-0.9869144 0.1500432 0.0590437 -51.7952881
0.0599810 0.0017247 0.9981977 3.7824326
0.0000000 0.0000000 0.0000000 1.0000000
0.1571008 0.9875107 -0.0118793 58.2452812
-0.9855978 0.1575359 0.0614694 -52.5991478
0.0625732 0.0020513 0.9980380 3.8417854
0.0000000 0.0000000 0.0000000 1.0000000
0.1628463 0.9865640 -0.0131057 58.3778267
-0.9842396 0.1633620 0.0677079 -53.3831139
0.0689392 0.0018731 0.9976189 3.8987164
0.0000000 0.0000000 0.0000000 1.0000000
0.1674941 0.9857907 -0.0127164 58.5146637
-0.9831670 0.1679755 0.0718756 -54.1549950
0.0729904 0.0004636 0.9973323 3.9577923
0.0000000 0.0000000 0.0000000 1.0000000
0.1730509 0.9848417 -0.0118095 58.6559563
-0.9820113 0.1734484 0.0746243 -54.9365883
0.0755416 -0.0013168 0.9971415 4.0251679
0.0000000 0.0000000 0.0000000 1.0000000
0.1782129 0.9839363 -0.0104361 58.8069115
-0.9810967 0.1784916 0.0747609 -55.7061424
0.0754228 -0.0030845 0.9971466 4.0884938
0.0000000 0.0000000 0.0000000 1.0000000
0.1826214 0.9830924 -0.0133460 58.9450912
-0.9804645 0.1831084 0.0718330 -56.4609528
0.0730623 -0.0000330 0.9973271 4.1546583
0.0000000 0.0000000 0.0000000 1.0000000
0.1878677 0.9820991 -0.0136518 59.0913620
-0.9798905 0.1883603 0.0658342 -57.2223206
0.0672272 0.0010091 0.9977369 4.2151904
0.0000000 0.0000000 0.0000000 1.0000000
0.1918688 0.9813532 -0.0114742 59.2492523
-0.9795815 0.1922115 0.0589402 -57.9715691
0.0600467 -0.0000689 0.9981952 4.2795758
0.0000000 0.0000000 0.0000000 1.0000000
0.1948839 0.9807973 -0.0075005 59.4040909
-0.9791929 0.1949948 0.0561925 -58.6980247
0.0565761 -0.0036066 0.9983914 4.3305469
0.0000000 0.0000000 0.0000000 1.0000000
0.1986626 0.9800478 -0.0062231 59.5568352
-0.9784318 0.1986937 0.0564909 -59.4322205
0.0566004 -0.0051338 0.9983834 4.3885164
0.0000000 0.0000000 0.0000000 1.0000000
0.2004254 0.9796967 -0.0048321 59.7099876
-0.9779993 0.2003645 0.0580583 -60.1401939
0.0578478 -0.0069106 0.9983012 4.4356389
0.0000000 0.0000000 0.0000000 1.0000000
0.2022915 0.9793220 -0.0024331 59.8665543
-0.9773949 0.2020481 0.0622503 -60.8441048
0.0614548 -0.0102146 0.9980573 4.4872556
0.0000000 0.0000000 0.0000000 1.0000000
0.2039988 0.9789687 -0.0020105 60.0185280
-0.9767302 0.2036703 0.0671993 -61.5290718
0.0661956 -0.0117449 0.9977372 4.5380945
0.0000000 0.0000000 0.0000000 1.0000000
0.2054013 0.9786761 -0.0016297 60.1622238
-0.9760693 0.2049751 0.0726175 -62.2056808
0.0714031 -0.0133250 0.9973582 4.5905757
0.0000000 0.0000000 0.0000000 1.0000000
0.2074860 0.9782326 -0.0031109 60.3125877
-0.9754531 0.2071341 0.0747389 -62.8903885
0.0737565 -0.0124727 0.9971979 4.6481280
0.0000000 0.0000000 0.0000000 1.0000000
0.2089104 0.9779336 -0.0012485 60.4623108
-0.9751477 0.2084112 0.0751726 -63.5549774
0.0737741 -0.0144869 0.9971694 4.6975336
0.0000000 0.0000000 0.0000000 1.0000000
0.2090777 0.9778979 -0.0011768 60.6098900
-0.9753287 0.2086152 0.0722002 -64.2192612
0.0708500 -0.0139477 0.9973891 4.7612519
0.0000000 0.0000000 0.0000000 1.0000000
0.2098766 0.9777272 -0.0007140 60.7539368
-0.9752842 0.2094037 0.0704995 -64.8733215
0.0690789 -0.0140998 0.9975111 4.8133726
0.0000000 0.0000000 0.0000000 1.0000000
0.2095574 0.9777954 -0.0010384 60.8947716
-0.9754231 0.2091227 0.0694028 -65.5149841
0.0680790 -0.0135310 0.9975877 4.8676023
0.0000000 0.0000000 0.0000000 1.0000000
0.2079193 0.9781455 -0.0003778 61.0349045
-0.9758162 0.2074508 0.0688925 -66.1477585
0.0674653 -0.0139555 0.9976236 4.9222112
0.0000000 0.0000000 0.0000000 1.0000000
0.2066123 0.9784222 0.0007780 61.1728592
-0.9760686 0.2060600 0.0694886 -66.7721024
0.0678289 -0.0151166 0.9975820 4.9745445
0.0000000 0.0000000 0.0000000 1.0000000
0.2034197 0.9790906 0.0010353 61.3044815
-0.9765244 0.2028098 0.0725774 -67.3725204
0.0708500 -0.0157747 0.9973618 5.0227151
0.0000000 0.0000000 0.0000000 1.0000000
0.2020602 0.9793719 -0.0012202 61.4309807
-0.9764852 0.2015599 0.0764817 -67.9770050
0.0751501 -0.0142624 0.9970698 5.0745940
0.0000000 0.0000000 0.0000000 1.0000000
0.1994868 0.9798949 -0.0031881 61.5537796
-0.9769192 0.1991324 0.0772932 -68.5705719
0.0763741 -0.0123044 0.9970029 5.1247778
0.0000000 0.0000000 0.0000000 1.0000000
0.1967322 0.9804529 -0.0027765 61.6750832
-0.9775469 0.1963655 0.0764321 -69.1553116
0.0754833 -0.0123224 0.9970705 5.1719007
0.0000000 0.0000000 0.0000000 1.0000000
0.1945436 0.9808922 -0.0015409 61.8002090
-0.9782380 0.1941322 0.0732269 -69.7391434
0.0721269 -0.0127384 0.9973137 5.2214656
0.0000000 0.0000000 0.0000000 1.0000000
0.1925224 0.9812909 -0.0015800 61.9145241
-0.9788851 0.1921626 0.0696899 -70.3044815
0.0686898 -0.0118703 0.9975670 5.2711811
0.0000000 0.0000000 0.0000000 1.0000000
0.1898993 0.9817927 -0.0045325 62.0222054
-0.9794699 0.1897640 0.0680266 -70.8681793
0.0676482 -0.0084787 0.9976727 5.3228068
0.0000000 0.0000000 0.0000000 1.0000000
0.1875520 0.9822177 -0.0084705 62.1266251
-0.9797242 0.1876805 0.0701123 -71.4173203
0.0704553 -0.0048509 0.9975027 5.3684711
0.0000000 0.0000000 0.0000000 1.0000000
0.1845913 0.9827396 -0.0121735 62.2269745
-0.9801069 0.1849873 0.0718984 -71.9633026
0.0729094 -0.0013405 0.9973372 5.4157448
0.0000000 0.0000000 0.0000000 1.0000000
0.1822667 0.9831787 -0.0117329 62.3299294
-0.9804034 0.1826334 0.0738480 -72.5065918
0.0747487 -0.0019571 0.9972001 5.4572096
0.0000000 0.0000000 0.0000000 1.0000000
0.1813080 0.9833654 -0.0109196 62.4404182
-0.9804320 0.1816106 0.0759599 -73.0500488
0.0766795 -0.0030662 0.9970506 5.5048423
0.0000000 0.0000000 0.0000000 1.0000000
0.1803593 0.9835211 -0.0124904 62.5414886
-0.9806318 0.1807863 0.0753443 -73.5944824
0.0763608 -0.0013406 0.9970789 5.5492458
0.0000000 0.0000000 0.0000000 1.0000000
0.1797379 0.9835453 -0.0182259 62.6291313
-0.9808129 0.1805989 0.0734107 -74.1382904
0.0754944 0.0046815 0.9971348 5.5946379
0.0000000 0.0000000 0.0000000 1.0000000
0.1826562 0.9828959 -0.0234855 62.7261734
-0.9803293 0.1838918 0.0716746 -74.6915436
0.0747676 0.0099317 0.9971511 5.6387525
0.0000000 0.0000000 0.0000000 1.0000000
0.1841521 0.9825482 -0.0261940 62.8318329
-0.9800760 0.1855760 0.0707927 -75.2469711
0.0744183 0.0126355 0.9971466 5.6846147
0.0000000 0.0000000 0.0000000 1.0000000
0.1873156 0.9819941 -0.0244886 62.9417496
-0.9794990 0.1886046 0.0707742 -75.7986145
0.0741186 0.0107295 0.9971913 5.7315688
0.0000000 0.0000000 0.0000000 1.0000000
0.1927236 0.9809784 -0.0232003 63.0626831
-0.9784137 0.1939094 0.0714477 -76.3640671
0.0745875 0.0089298 0.9971740 5.7759361
0.0000000 0.0000000 0.0000000 1.0000000
0.1992208 0.9796322 -0.0251208 63.1837273
-0.9771515 0.2005230 0.0704588 -76.9297180
0.0740611 0.0105100 0.9971979 5.8218555
0.0000000 0.0000000 0.0000000 1.0000000
0.2059887 0.9782668 -0.0237056 63.3098068
-0.9757570 0.2071699 0.0705540 -77.4894943
0.0739318 0.0085976 0.9972258 5.8642035
0.0000000 0.0000000 0.0000000 1.0000000
0.2142856 0.9764709 -0.0241953 63.4514580
-0.9740333 0.2154727 0.0694956 -78.0712509
0.0730740 0.0086752 0.9972883 5.9069085
0.0000000 0.0000000 0.0000000 1.0000000
0.2238664 0.9743778 -0.0217019 63.5925026
-0.9719485 0.2248449 0.0689919 -78.6529770
0.0721038 0.0056482 0.9973807 5.9582505
0.0000000 0.0000000 0.0000000 1.0000000
0.2325401 0.9723637 -0.0208148 63.7341385
-0.9699069 0.2334338 0.0691965 -79.2318420
0.0721432 0.0040975 0.9973854 6.0048995
0.0000000 0.0000000 0.0000000 1.0000000
0.2432568 0.9698047 -0.0174421 63.8976746
-0.9670931 0.2438801 0.0724744 -79.8261414
0.0745398 -0.0007618 0.9972172 6.0491166
0.0000000 0.0000000 0.0000000 1.0000000
0.2524658 0.9674927 -0.0147701 64.0643616
-0.9645866 0.2528536 0.0750784 -80.4196548
0.0763726 -0.0047077 0.9970677 6.0950875
0.0000000 0.0000000 0.0000000 1.0000000
0.2642865 0.9643680 -0.0120950 64.2427292
-0.9613094 0.2644171 0.0772459 -81.0273285
0.0776917 -0.0087880 0.9969382 6.1417785
0.0000000 0.0000000 0.0000000 1.0000000
0.2742007 0.9616032 -0.0115138 64.4233856
-0.9584352 0.2742396 0.0786996 -81.6448898
0.0788354 -0.0105442 0.9968314 6.1975131
0.0000000 0.0000000 0.0000000 1.0000000
0.2847558 0.9585556 -0.0091932 64.6090088
-0.9553263 0.2845622 0.0798435 -82.2618027
0.0791505 -0.0139534 0.9967645 6.2484994
0.0000000 0.0000000 0.0000000 1.0000000
0.2935483 0.9558973 -0.0094336 64.8105850
-0.9526579 0.2933426 0.0799496 -82.8947220
0.0791910 -0.0144821 0.9967538 6.3012505
0.0000000 0.0000000 0.0000000 1.0000000
0.3035618 0.9527844 -0.0071683 65.0205994
-0.9495108 0.3031273 0.0808833 -83.5271912
0.0792374 -0.0177467 0.9966974 6.3507380
0.0000000 0.0000000 0.0000000 1.0000000
0.3178262 0.9481264 -0.0064780 65.2577209
-0.9451847 0.3173651 0.0768387 -84.2119370
0.0749088 -0.0182985 0.9970220 6.4040127
0.0000000 0.0000000 0.0000000 1.0000000
0.3263483 0.9452121 -0.0083662 65.4820557
-0.9427420 0.3261141 0.0698991 -84.8588791
0.0687979 -0.0149243 0.9975185 6.4573307
0.0000000 0.0000000 0.0000000 1.0000000
0.3375448 0.9412588 -0.0097182 65.7266769
-0.9390511 0.3374318 0.0657401 -85.5454941
0.0651577 -0.0130643 0.9977890 6.5145426
0.0000000 0.0000000 0.0000000 1.0000000
0.3474226 0.9376491 -0.0105292 65.9847336
-0.9356182 0.3473756 0.0628315 -86.2277679
0.0625716 -0.0119778 0.9979682 6.5601411
0.0000000 0.0000000 0.0000000 1.0000000
0.3553681 0.9346182 -0.0141916 66.2506485
-0.9326942 0.3555553 0.0605053 -86.9226074
0.0615953 -0.0082653 0.9980666 6.6124406
0.0000000 0.0000000 0.0000000 1.0000000
0.3628837 0.9316130 -0.0202915 66.5205841
-0.9299178 0.3634473 0.0561954 -87.6337357
0.0597273 -0.0015229 0.9982132 6.6538467
0.0000000 0.0000000 0.0000000 1.0000000
0.3714636 0.9280509 -0.0271186 66.8010559
-0.9269085 0.3723706 0.0466866 -88.3670807
0.0534258 0.0077941 0.9985410 6.7021852
0.0000000 0.0000000 0.0000000 1.0000000
0.3771919 0.9255951 -0.0316073 67.0850220
-0.9247448 0.3782753 0.0418758 -89.0803375
0.0507164 0.0134335 0.9986224 6.7533917
0.0000000 0.0000000 0.0000000 1.0000000
0.3851579 0.9221569 -0.0357643 67.3772049
-0.9213344 0.3864566 0.0423452 -89.8008347
0.0528704 0.0166413 0.9984623 6.7980618
0.0000000 0.0000000 0.0000000 1.0000000
0.3903189 0.9197695 -0.0409166 67.6855621
-0.9187025 0.3920066 0.0481183 -90.5231094
0.0602974 0.0188087 0.9980028 6.8475385
0.0000000 0.0000000 0.0000000 1.0000000
0.3978551 0.9162557 -0.0467521 67.9919434
-0.9149935 0.4000001 0.0527802 -91.2324371
0.0670611 0.0217790 0.9975107 6.8939700
0.0000000 0.0000000 0.0000000 1.0000000
0.4036107 0.9137484 -0.0464883 68.3048859
-0.9123410 0.4057685 0.0546321 -91.9479294
0.0687836 0.0203631 0.9974234 6.9502449
0.0000000 0.0000000 0.0000000 1.0000000
0.4082296 0.9120094 -0.0398295 68.6324768
-0.9103233 0.4099615 0.0569371 -92.6493835
0.0682558 0.0130143 0.9975826 7.0069928
0.0000000 0.0000000 0.0000000 1.0000000
0.4131584 0.9099557 -0.0357722 68.9618301
-0.9080007 0.4146335 0.0601042 -93.3409576
0.0695246 0.0076486 0.9975505 7.0650325
0.0000000 0.0000000 0.0000000 1.0000000
0.4170879 0.9081514 -0.0360214 69.2866898
-0.9060265 0.4185885 0.0624365 -94.0279388
0.0717801 0.0065949 0.9973983 7.1340084
0.0000000 0.0000000 0.0000000 1.0000000
0.4208068 0.9064544 -0.0355115 69.6041107
-0.9040241 0.4222822 0.0664600 -94.6927567
0.0752389 0.0041364 0.9971566 7.1905279
0.0000000 0.0000000 0.0000000 1.0000000
0.4244820 0.9048175 -0.0334561 69.9313278
-0.9021589 0.4257977 0.0693130 -95.3612061
0.0769612 0.0007606 0.9970334 7.2543702
0.0000000 0.0000000 0.0000000 1.0000000
0.4280122 0.9031944 -0.0323156 70.2506104
-0.9005870 0.4292303 0.0685794 -96.0245590
0.0758115 -0.0002498 0.9971218 7.3128304
0.0000000 0.0000000 0.0000000 1.0000000
0.4312202 0.9016825 -0.0318858 70.5637054
-0.8993348 0.4323970 0.0650265 -96.6758041
0.0724207 0.0006353 0.9973736 7.3809915
0.0000000 0.0000000 0.0000000 1.0000000
0.4354802 0.8996633 -0.0310137 70.8825989
-0.8974506 0.4365830 0.0630580 -97.3177185
0.0702711 0.0003727 0.9975275 7.4396267
0.0000000 0.0000000 0.0000000 1.0000000
0.4384992 0.8982407 -0.0296814 71.1943970
-0.8961266 0.4395024 0.0615907 -97.9420471
0.0683684 -0.0004092 0.9976597 7.5025663
0.0000000 0.0000000 0.0000000 1.0000000
0.4421822 0.8964763 -0.0283564 71.5160294
-0.8942339 0.4430823 0.0634225 -98.5701523
0.0694211 -0.0026870 0.9975834 7.5558882
0.0000000 0.0000000 0.0000000 1.0000000
0.4444436 0.8953165 -0.0296178 71.8251038
-0.8930689 0.4454260 0.0634218 -99.1808624
0.0699752 -0.0017366 0.9975469 7.6134024
0.0000000 0.0000000 0.0000000 1.0000000
0.4462663 0.8943471 -0.0314447 72.1298447
-0.8922089 0.4473725 0.0618040 -99.7861404
0.0693418 0.0004742 0.9975925 7.6661859
0.0000000 0.0000000 0.0000000 1.0000000
0.4474213 0.8937141 -0.0329909 72.4198837
-0.8916770 0.4486295 0.0603519 -100.3697586
0.0687381 0.0024145 0.9976315 7.7215085
0.0000000 0.0000000 0.0000000 1.0000000
0.4499623 0.8924792 -0.0318411 72.7252579
-0.8903872 0.4510867 0.0610739 -100.9590530
0.0688703 0.0008700 0.9976249 7.7726922
0.0000000 0.0000000 0.0000000 1.0000000
0.4517703 0.8915135 -0.0332613 73.0181808
-0.8894742 0.4529870 0.0603079 -101.5312881
