1.0000000 0.0000000 0.0000000 0.0000000
0.0000000 1.0000000 0.0000000 0.0000000
0.0000000 0.0000000 1.0000000 0.0000000
0.0000000 0.0000000 0.0000000 1.0000000
0.9999978 -0.0021680 0.0007372 1.4627724
-0.0020562 -0.7084459 0.7057623 -0.8295204
-0.0010078 -0.7057622 -0.7084483 0.8941092
0.0000000 0.0000000 0.0000000 1.0000000
0.9999897 -0.0044957 -0.0007100 2.8474807
-0.0026878 -0.7092026 0.7049998 -0.7446030
-0.0036730 -0.7049908 -0.7092071 0.9114706
0.0000000 0.0000000 0.0000000 1.0000000
0.9999851 -0.0054957 -0.0005002 4.2016716
-0.0035433 -0.7089180 0.7052819 -0.7247713
-0.0042306 -0.7052694 -0.7089267 0.8735505
0.0000000 0.0000000 0.0000000 1.0000000
0.9999785 -0.0065987 0.0006408 5.6414704
-0.0051294 -0.7088202 0.7053705 -0.6960273
-0.0042002 -0.7053582 -0.7088386 0.8789377
0.0000000 0.0000000 0.0000000 1.0000000
0.9999917 -0.0039302 0.0012337 6.9543874
-0.0036555 -0.7086664 0.7055346 -0.7322796
-0.0018984 -0.7055335 -0.7086744 0.7945421
0.0000000 0.0000000 0.0000000 1.0000000
0.9999706 -0.0076336 0.0012529 8.3185481
-0.0062898 -0.7080754 0.7061097 -0.8032687
-0.0045028 -0.7060970 -0.7081016 0.6972267
0.0000000 0.0000000 0.0000000 1.0000000
0.9999537 -0.0096537 0.0008917 9.8055537
-0.0074598 -0.7074627 0.7067125 -0.7095369
-0.0061913 -0.7066866 -0.7075007 0.6915185
0.0000000 0.0000000 0.0000000 1.0000000
0.9999819 -0.0060691 -0.0002399 11.0377315
-0.0041374 -0.7095975 0.7045960 -0.5997325
-0.0044462 -0.7045824 -0.7096091 0.6852360
0.0000000 0.0000000 0.0000000 1.0000000
0.9999703 -0.0075249 -0.0018065 12.5954276
-0.0040858 -0.7116267 0.7025466 -0.6596601
-0.0065721 -0.7025185 -0.7116358 0.5609694
0.0000000 0.0000000 0.0000000 1.0000000
0.9999814 -0.0059245 -0.0015501 14.0193711
-0.0031309 -0.7121389 0.7020327 -0.7335517
-0.0052630 -0.7020151 -0.7121436 0.4335187
0.0000000 0.0000000 0.0000000 1.0000000
0.9999997 0.0012421 0.0002902 15.5518811
0.0006798 -0.7114069 0.7027809 -0.7368005
0.0010794 -0.7027805 -0.7114068 0.3520366
0.0000000 0.0000000 0.0000000 1.0000000
0.9999958 0.0025958 0.0014887 17.1117795
0.0007939 -0.7097547 0.7044494 -0.6720675
0.0028854 -0.7044453 -0.7097533 0.3346722
0.0000000 0.0000000 0.0000000 1.0000000
0.9999870 0.0042870 0.0029588 18.5135594
0.0009397 -0.7071616 0.7070523 -0.6798248
0.0051236 -0.7070404 -0.7071556 0.3209245
0.0000000 0.0000000 0.0000000 1.0000000
0.9999717 0.0071227 0.0026439 19.9367381
0.0031433 -0.7046688 0.7095304 -0.7036789
0.0069169 -0.7095019 -0.7046705 0.2241888
0.0000000 0.0000000 0.0000000 1.0000000
0.9999883 0.0049429 0.0007325 21.3710354
0.0029587 -0.7038552 0.7103380 -0.4484776
0.0040265 -0.7103271 -0.7038609 0.4282830
0.0000000 0.0000000 0.0000000 1.0000000
0.9999726 0.0074764 0.0006313 22.8206841
0.0048256 -0.7052997 0.7088935 -0.5863030
0.0057451 -0.7088707 -0.7053157 0.1764860
0.0000000 0.0000000 0.0000000 1.0000000
0.9999766 0.0068663 0.0012878 24.4142622
0.0039452 -0.7071977 0.7070053 -0.5749401
0.0057650 -0.7069829 -0.7072077 0.2465634
0.0000000 0.0000000 0.0000000 1.0000000
0.9999551 0.0074492 0.0059625 25.8224056
0.0010402 -0.7062897 0.7079226 -0.5850660
0.0094844 -0.7078841 -0.7062654 0.2162181
0.0000000 0.0000000 0.0000000 1.0000000
0.9999382 0.0083600 0.0074134 27.1993161
0.0006345 -0.7049103 0.7092967 -0.6135201
0.0111553 -0.7092475 -0.7048718 0.1529448
0.0000000 0.0000000 0.0000000 1.0000000
0.9999288 0.0095450 0.0072682 28.8484530
0.0015297 -0.7023320 0.7118487 -0.5012825
0.0118990 -0.7117864 -0.7022961 0.1744101
0.0000000 0.0000000 0.0000000 1.0000000
0.9999673 0.0059212 0.0056619 30.1038264
0.0001334 -0.7027998 0.7113888 -0.5474472
0.0081912 -0.7113644 -0.7027768 0.2288016
0.0000000 0.0000000 0.0000000 1.0000000
0.9999306 0.0110038 0.0043475 31.4054071
0.0046296 -0.7020591 0.7121048 -0.4175476
0.0108878 -0.7120351 -0.7020606 0.3014292
0.0000000 0.0000000 0.0000000 1.0000000
0.9998911 0.0142800 0.0038039 32.5634220
0.0073335 -0.7029504 0.7112022 -0.3563218
0.0128298 -0.7110971 -0.7029780 0.4183714
0.0000000 0.0000000 0.0000000 1.0000000
0.9998659 0.0161516 0.0029239 34.1417390
0.0093024 -0.7043602 0.7097831 -0.3347372
0.0135235 -0.7096609 -0.7044150 0.3969666
0.0000000 0.0000000 0.0000000 1.0000000
0.9998567 0.0165028 0.0039150 35.8280066
0.0088251 -0.7033224 0.7108177 -0.3913480
0.0144838 -0.7106816 -0.7033661 0.3564301
0.0000000 0.0000000 0.0000000 1.0000000
0.9998309 0.0175713 0.0054597 37.2969061
0.0084620 -0.7025922 0.7115438 -0.3167435
0.0163387 -0.7113778 -0.7026213 0.3430319
0.0000000 0.0000000 0.0000000 1.0000000
0.9997792 0.0196306 0.0075328 38.4832760
0.0084494 -0.7031526 0.7109904 -0.3730366
0.0192539 -0.7107704 -0.7031622 0.3082343
0.0000000 0.0000000 0.0000000 1.0000000
0.9997819 0.0198740 0.0063992 39.8351818
0.0095020 -0.7060176 0.7081320 -0.2733228
0.0185913 -0.7079178 -0.7060517 0.3758714
0.0000000 0.0000000 0.0000000 1.0000000
0.9996658 0.0251395 0.0060387 41.2917721
0.0135408 -0.7080461 0.7060378 -0.1446914
0.0220251 -0.7057208 -0.7081491 0.5019430
0.0000000 0.0000000 0.0000000 1.0000000
0.9996695 0.0250640 0.0057581 42.5728590
0.0137022 -0.7085880 0.7054912 -0.1995210
0.0217625 -0.7051798 -0.7086962 0.4809554
0.0000000 0.0000000 0.0000000 1.0000000
0.9997167 0.0228848 0.0065793 44.0996258
0.0116295 -0.7103607 0.7037435 -0.2344576
0.0207787 -0.7034685 -0.7104245 0.4165431
0.0000000 0.0000000 0.0000000 1.0000000
0.9997388 0.0216821 0.0072147 45.5065816
0.0102975 -0.7093323 0.7048007 -0.2296998
0.0203991 -0.7045432 -0.7093695 0.4496737
0.0000000 0.0000000 0.0000000 1.0000000
0.9997416 0.0215435 0.0071984 47.0189445
0.0102010 -0.7090002 0.7051359 -0.1643884
0.0202947 -0.7048812 -0.7090364 0.5238681
0.0000000 0.0000000 0.0000000 1.0000000
0.9997519 0.0211069 0.0070724 48.5691665
0.0099825 -0.7090816 0.7050573 -0.1470245
0.0198964 -0.7048126 -0.7091159 0.4709073
0.0000000 0.0000000 0.0000000 1.0000000
0.9997629 0.0203085 0.0078076 49.8357761
0.0088829 -0.7085659 0.7055902 -0.1787751
0.0198616 -0.7053545 -0.7085779 0.4843273
0.0000000 0.0000000 0.0000000 1.0000000
0.9997509 0.0207801 0.0081218 51.2368308
0.0090358 -0.7099534 0.7041921 -0.0844731
0.0203992 -0.7039442 -0.7099638 0.5088328
0.0000000 0.0000000 0.0000000 1.0000000
0.9997560 0.0203944 0.0083560 52.6749214
0.0085875 -0.7096349 0.7045187 -0.0552298
0.0202978 -0.7042766 -0.7096369 0.5269046
0.0000000 0.0000000 0.0000000 1.0000000
0.9997679 0.0193055 0.0094412 54.2248149
0.0070536 -0.7097765 0.7043932 -0.0445136
0.0202995 -0.7041649 -0.7097479 0.4741564
0.0000000 0.0000000 0.0000000 1.0000000
0.9998039 0.0168831 0.0102945 55.6855772
0.0047325 -0.7097807 0.7044083 0.0424778
0.0191992 -0.7042229 -0.7097208 0.5285555
0.0000000 0.0000000 0.0000000 1.0000000
0.9997353 0.0202142 0.0108882 56.9999345
0.0066521 -0.7089018 0.7052776 0.0601905
0.0219750 -0.7050202 -0.7088484 0.5377323
0.0000000 0.0000000 0.0000000 1.0000000
0.9997313 0.0203459 0.0110212 58.4369732
0.0066593 -0.7091478 0.7050303 0.1283280
0.0221597 -0.7047694 -0.7090922 0.5190892
0.0000000 0.0000000 0.0000000 1.0000000
0.9997125 0.0208105 0.0118430 59.9461861
0.0063639 -0.7077538 0.7064325 0.1217704
0.0230828 -0.7061557 -0.7076821 0.5492609
0.0000000 0.0000000 0.0000000 1.0000000
0.9997602 0.0180971 0.0122391 61.4225354
0.0041480 -0.7072733 0.7069301 0.0809932
0.0214494 -0.7067120 -0.7071782 0.4603156
0.0000000 0.0000000 0.0000000 1.0000000
0.9997090 0.0201301 0.0132180 62.9789356
0.0049051 -0.7075954 0.7066030 0.1004431
0.0235766 -0.7063345 -0.7074877 0.4190703
0.0000000 0.0000000 0.0000000 1.0000000
0.9996683 0.0218514 0.0135632 64.3400652
0.0059570 -0.7097738 0.7044069 0.1643879
0.0250187 -0.7040945 -0.7096678 0.4629613
0.0000000 0.0000000 0.0000000 1.0000000
0.9997494 0.0188716 0.0119105 65.8978933
0.0049584 -0.7082519 0.7059446 0.2028266
0.0217574 -0.7057109 -0.7081679 0.5243452
0.0000000 0.0000000 0.0000000 1.0000000
0.9996867 0.0219260 0.0119154 67.3596761
0.0071611 -0.7094809 0.7046906 0.2757357
0.0239042 -0.7043872 -0.7094156 0.5137829
0.0000000 0.0000000 0.0000000 1.0000000
0.9997009 0.0213495 0.0117657 68.7154003
0.0068617 -0.7096155 0.7045580 0.2454658
0.0233904 -0.7042694 -0.7095497 0.5656069
0.0000000 0.0000000 0.0000000 1.0000000
0.9996668 0.0215554 0.0140846 70.1844935
0.0054703 -0.7123164 0.7018397 0.1872019
0.0251605 -0.7015317 -0.7121965 0.5504303
0.0000000 0.0000000 0.0000000 1.0000000
0.9996506 0.0216226 0.0151029 71.8270117
0.0049050 -0.7150655 0.6990432 0.3086422
0.0259139 -0.6987280 -0.7149208 0.5388870
0.0000000 0.0000000 0.0000000 1.0000000
0.9996742 0.0199895 0.0158175 73.3992328
0.0033010 -0.7168383 0.6972348 0.4167300
0.0252753 -0.6969581 -0.7166693 0.5718831
0.0000000 0.0000000 0.0000000 1.0000000
0.9996563 0.0206358 0.0161425 74.7124314
0.0036323 -0.7193661 0.6946250 0.3597281
0.0259459 -0.6943302 -0.7191920 0.5699255
0.0000000 0.0000000 0.0000000 1.0000000
0.9996181 0.0220594 0.0166162 76.2351067
0.0044218 -0.7217540 0.6921389 0.3766757
0.0272603 -0.6918035 -0.7215742 0.5751879
0.0000000 0.0000000 0.0000000 1.0000000
0.9996004 0.0226713 0.0168561 77.6539047
0.0046960 -0.7217185 0.6921742 0.3631545
0.0278571 -0.6918211 -0.7215348 0.5927555
0.0000000 0.0000000 0.0000000 1.0000000
0.9995957 0.0223980 0.0175052 79.1521076
0.0040341 -0.7213456 0.6925669 0.3376992
0.0281387 -0.6922187 -0.7211423 0.5290059
0.0000000 0.0000000 0.0000000 1.0000000
0.9995194 0.0250884 0.0182198 80.3494329
0.0054827 -0.7213802 0.6925210 0.3163445
0.0305171 -0.6920903 -0.7211688 0.5479451
0.0000000 0.0000000 0.0000000 1.0000000
0.9995885 0.0229313 0.0172231 81.6970871
0.0045205 -0.7190395 0.6949576 0.4657638
0.0283198 -0.6945960 -0.7188454 0.6144901
0.0000000 0.0000000 0.0000000 1.0000000
0.9996214 0.0218995 0.0166780 83.0803419
0.0042182 -0.7205967 0.6933447 0.4360506
0.0272015 -0.6930137 -0.7204140 0.5317877
0.0000000 0.0000000 0.0000000 1.0000000
0.9995640 0.0234752 0.0179117 84.3856355
0.0045721 -0.7223413 0.6915247 0.4612314
0.0291715 -0.6911434 -0.7221317 0.5275871
0.0000000 0.0000000 0.0000000 1.0000000
0.9996013 0.0219019 0.0178172 85.7682178
0.0035266 -0.7229912 0.6908513 0.4567016
0.0280121 -0.6905151 -0.7227783 0.4632672
0.0000000 0.0000000 0.0000000 1.0000000
0.9996017 0.0214323 0.0183411 87.1776693
0.0027959 -0.7222771 0.6916010 0.4576322
0.0280694 -0.6912763 -0.7220480 0.4429362
0.0000000 0.0000000 0.0000000 1.0000000
0.9996425 0.0193688 0.0183959 88.5399896
0.0012270 -0.7212494 0.6926776 0.5125482
0.0266836 -0.6924099 -0.7210138 0.5265969
0.0000000 0.0000000 0.0000000 1.0000000
0.9996856 0.0167832 0.0185920 89.9380740
-0.0008159 -0.7200960 0.6938769 0.4701797
0.0250329 -0.6936763 -0.7198547 0.5553541
0.0000000 0.0000000 0.0000000 1.0000000
0.9996825 0.0164760 0.0190446 91.4071252
-0.0014088 -0.7185093 0.6955191 0.4555798
0.0251425 -0.6953272 -0.7182565 0.5541675
0.0000000 0.0000000 0.0000000 1.0000000
0.9996935 0.0147155 0.0199027 92.6490833
-0.0032346 -0.7195390 0.6944479 0.4815167
0.0245393 -0.6943015 -0.7192690 0.5245348
0.0000000 0.0000000 0.0000000 1.0000000
0.9997002 0.0146094 0.0196068 93.9151212
-0.0031819 -0.7173488 0.6967103 0.4183788
0.0242427 -0.6965665 -0.7170858 0.5279667
0.0000000 0.0000000 0.0000000 1.0000000
0.9996907 0.0137013 0.0207224 95.1975363
-0.0046541 -0.7161102 0.6979749 0.5159199
0.0244020 -0.6978580 -0.7158235 0.5388104
0.0000000 0.0000000 0.0000000 1.0000000
0.9997297 0.0117358 0.0200143 96.5485943
-0.0055267 -0.7173741 0.6966695 0.4774533
0.0225330 -0.6965949 -0.7171140 0.5192003
0.0000000 0.0000000 0.0000000 1.0000000
0.9997159 0.0125589 0.0201889 97.8973509
-0.0050906 -0.7163923 0.6976826 0.4300084
0.0232246 -0.6975904 -0.7161237 0.5631412
0.0000000 0.0000000 0.0000000 1.0000000
0.9997286 0.0129771 0.0193083 99.1037991
-0.0041650 -0.7167382 0.6973333 0.4052489
0.0228876 -0.6972271 -0.7164881 0.5871128
0.0000000 0.0000000 0.0000000 1.0000000
0.9996782 0.0154359 0.0200818 100.4215907
-0.0028893 -0.7181979 0.6958361 0.3929986
0.0251629 -0.6956727 -0.7179211 0.6202158
0.0000000 0.0000000 0.0000000 1.0000000
0.9996830 0.0129859 0.0215387 101.7938758
-0.0056714 -0.7179583 0.6960661 0.3719497
0.0245023 -0.6959697 -0.7176559 0.6753974
0.0000000 0.0000000 0.0000000 1.0000000
0.9996346 0.0138191 0.0232181 103.2093421
-0.0061591 -0.7201630 0.6937808 0.3147175
0.0263076 -0.6936724 -0.7198131 0.6896536
0.0000000 0.0000000 0.0000000 1.0000000
0.9996502 0.0149710 0.0217836 104.4219730
-0.0043828 -0.7188610 0.6951434 0.3225853
0.0260657 -0.6949978 -0.7185424 0.7229355
0.0000000 0.0000000 0.0000000 1.0000000
0.9996792 0.0150378 0.0203663 105.7422221
-0.0032737 -0.7209476 0.6929852 0.3455495
0.0251034 -0.6928314 -0.7206657 0.7825461
0.0000000 0.0000000 0.0000000 1.0000000
0.9996795 0.0155538 0.0200041 107.2685871
-0.0026246 -0.7216614 0.6922448 0.2838521
0.0252026 -0.6920769 -0.7213870 0.7735616
0.0000000 0.0000000 0.0000000 1.0000000
0.9996421 0.0165438 0.0210414 108.5159333
-0.0025746 -0.7230541 0.6907905 0.3426870
0.0266418 -0.6905992 -0.7227505 0.7927627
0.0000000 0.0000000 0.0000000 1.0000000
0.9995969 0.0171774 0.0226369 109.8863694
-0.0032533 -0.7222147 0.6916652 0.2289564
0.0282291 -0.6914616 -0.7218651 0.7814671
0.0000000 0.0000000 0.0000000 1.0000000
0.9996318 0.0147832 0.0228109 111.1943598
-0.0051110 -0.7220073 0.6918705 0.1669967
0.0266972 -0.6917336 -0.7216628 0.8235861
0.0000000 0.0000000 0.0000000 1.0000000
0.9996686 0.0149840 0.0209887 112.7129256
-0.0036814 -0.7226426 0.6912162 0.1811003
0.0255240 -0.6910656 -0.7223451 0.8539241
0.0000000 0.0000000 0.0000000 1.0000000
0.9996793 0.0159922 0.0196903 113.8846630
-0.0020474 -0.7228489 0.6910075 0.1318228
0.0252833 -0.6908276 -0.7225814 0.7892302
0.0000000 0.0000000 0.0000000 1.0000000
0.9997357 0.0143289 0.0180227 115.5086702
-0.0020037 -0.7256614 0.6880535 0.1909454
0.0229369 -0.6879093 -0.7254383 0.8265333
0.0000000 0.0000000 0.0000000 1.0000000
0.9996908 0.0154953 0.0195165 116.9880181
-0.0022233 -0.7246056 0.6891644 0.1629291
0.0248201 -0.6889956 -0.7243443 0.7424441
0.0000000 0.0000000 0.0000000 1.0000000
0.9996663 0.0152114 0.0209334 118.5220874
-0.0033469 -0.7261876 0.6874929 0.1838998
0.0256587 -0.6873344 -0.7258918 0.7564023
0.0000000 0.0000000 0.0000000 1.0000000
0.9996387 0.0155524 0.0219607 119.8527295
-0.0037932 -0.7265135 0.6871459 0.2183575
0.0266409 -0.6869820 -0.7261898 0.7403821
0.0000000 0.0000000 0.0000000 1.0000000
0.9996262 0.0145818 0.0231643 121.2022201
-0.0053014 -0.7271360 0.6864772 0.1915682
0.0268531 -0.6863446 -0.7267845 0.7401948
0.0000000 0.0000000 0.0000000 1.0000000
0.9996164 0.0151129 0.0232526 122.4623079
-0.0050216 -0.7259842 0.6876972 0.2412328
0.0272735 -0.6875512 -0.7256274 0.7739430
0.0000000 0.0000000 0.0000000 1.0000000
0.9996357 0.0149165 0.0225423 123.7003556
-0.0046107 -0.7276565 0.6859305 0.2723474
0.0266342 -0.6857856 -0.7273201 0.8206608
0.0000000 0.0000000 0.0000000 1.0000000
0.9996125 0.0173470 0.0218181 125.0636699
-0.0022427 -0.7301722 0.6832641 0.2721248
0.0277829 -0.6830495 -0.7298477 0.7752063
0.0000000 0.0000000 0.0000000 1.0000000
0.9996257 0.0171308 0.0213707 126.4933136
-0.0020860 -0.7303917 0.6830296 0.2697664
0.0273092 -0.6828197 -0.7300802 0.8036060
0.0000000 0.0000000 0.0000000 1.0000000
0.9996195 0.0187853 0.0202512 127.9791555
-0.0000901 -0.7309361 0.6824504 0.2432164
0.0276218 -0.6821935 -0.7306538 0.8384257
0.0000000 0.0000000 0.0000000 1.0000000
0.9996120 0.0191526 0.0203000 129.3863452
0.0001508 -0.7310764 0.6823004 0.2949048
0.0279081 -0.6820336 -0.7307924 0.8198817
0.0000000 0.0000000 0.0000000 1.0000000
0.9995413 0.0220887 0.0208241 130.6079076
0.0019448 -0.7311704 0.6821969 0.3125697
0.0302942 -0.6818441 -0.7308743 0.8476621
0.0000000 0.0000000 0.0000000 1.0000000
0.9995256 0.0211078 0.0225180 132.0905360
-0.0000787 -0.7278524 0.6857386 0.3047756
0.0308636 -0.6854156 -0.7275020 0.8854971
0.0000000 0.0000000 0.0000000 1.0000000
0.9995066 0.0221003 0.0224037 133.4568033
0.0007313 -0.7280448 0.6855338 0.2769830
0.0314608 -0.6851797 -0.7276986 0.8548249
0.0000000 0.0000000 0.0000000 1.0000000
0.9995378 0.0210723 0.0219910 134.8745861
0.0003444 -0.7298151 0.6836489 0.2695995
0.0304548 -0.6833258 -0.7294822 0.8841917
0.0000000 0.0000000 0.0000000 1.0000000
0.9995418 0.0197460 0.0230001 136.2631664
-0.0013091 -0.7299295 0.6835258 0.2564552
0.0302848 -0.6832435 -0.7295665 0.8166054
0.0000000 0.0000000 0.0000000 1.0000000
0.9995427 0.0204909 0.0223150 137.4692817
-0.0002476 -0.7310373 0.6823421 0.2423209
0.0302943 -0.6820363 -0.7306948 0.8871502
0.0000000 0.0000000 0.0000000 1.0000000
0.9994974 0.0206678 0.0241185 138.8681613
-0.0014127 -0.7296739 0.6837988 0.2431065
0.0317307 -0.6834900 -0.7292744 0.8838588
0.0000000 0.0000000 0.0000000 1.0000000
0.9995166 0.0191363 0.0245660 140.1657366
-0.0029373 -0.7274534 0.6861555 0.2169825
0.0310005 -0.6858969 -0.7270424 0.9348767
0.0000000 0.0000000 0.0000000 1.0000000
0.9995482 0.0172714 0.0246856 141.6129046
-0.0043450 -0.7281739 0.6853834 0.1589249
0.0298124 -0.6851815 -0.7277663 0.8891249
0.0000000 0.0000000 0.0000000 1.0000000
0.9995739 0.0158829 0.0245464 142.9540545
-0.0052608 -0.7281753 0.6853753 0.1440134
0.0287593 -0.6852133 -0.7277786 0.9635836
0.0000000 0.0000000 0.0000000 1.0000000
0.9996045 0.0139408 0.0244811 144.3597151
-0.0066505 -0.7276695 0.6858999 0.1126583
0.0273756 -0.6857922 -0.7272863 0.9951264
0.0000000 0.0000000 0.0000000 1.0000000
0.9996096 0.0132905 0.0246219 145.6114874
-0.0071926 -0.7283706 0.6851499 0.0817244
0.0270393 -0.6850603 -0.7279883 0.9876320
0.0000000 0.0000000 0.0000000 1.0000000
0.9996313 0.0119515 0.0244158 146.9680611
-0.0080294 -0.7282967 0.6852192 0.0717054
0.0259708 -0.6851635 -0.7279301 1.0707728
0.0000000 0.0000000 0.0000000 1.0000000
0.9996448 0.0113239 0.0241561 148.3101087
-0.0083866 -0.7261807 0.6874568 0.0606515
0.0253258 -0.6874162 -0.7258258 1.1047007
0.0000000 0.0000000 0.0000000 1.0000000
0.9996029 0.0109608 0.0259743 149.6730494
-0.0099742 -0.7242593 0.6894600 0.1323526
0.0263687 -0.6894466 -0.7238605 1.0964021
0.0000000 0.0000000 0.0000000 1.0000000
0.9995594 0.0111303 0.0275370 150.9151168
-0.0111399 -0.7189759 0.6949498 0.1761228
0.0275329 -0.6949512 -0.7185334 1.1534912
0.0000000 0.0000000 0.0000000 1.0000000
0.9996343 0.0093695 0.0253771 152.3909096
-0.0108790 -0.7196753 0.6942295 0.2059591
0.0247673 -0.6942525 -0.7193089 1.2113332
0.0000000 0.0000000 0.0000000 1.0000000
0.9996927 0.0095963 0.0228752 153.7283497
-0.0089356 -0.7209586 0.6929242 0.1915120
0.0231410 -0.6929163 -0.7206500 1.2294544
0.0000000 0.0000000 0.0000000 1.0000000
0.9997411 0.0087042 0.0210387 155.1078559
-0.0082702 -0.7221179 0.6917241 0.1534419
0.0212127 -0.6917196 -0.7218578 1.2884265
0.0000000 0.0000000 0.0000000 1.0000000
0.9997383 0.0102069 0.0204989 156.5005847
-0.0067942 -0.7226705 0.6911632 0.2321684
0.0218680 -0.6911224 -0.7224105 1.2690654
0.0000000 0.0000000 0.0000000 1.0000000
0.9995986 0.0129141 0.0252294 157.9160060
-0.0081792 -0.7208649 0.6930313 0.1954809
0.0271363 -0.6929602 -0.7204687 1.2488950
0.0000000 0.0000000 0.0000000 1.0000000
0.9994969 0.0116830 0.0294868 159.3914477
-0.0120873 -0.7192343 0.6946665 0.3019420
0.0293231 -0.6946746 -0.7187301 1.3590936
0.0000000 0.0000000 0.0000000 1.0000000
0.9994637 0.0123333 0.0303352 160.7441294
-0.0122883 -0.7174255 0.6965309 0.3399945
0.0303532 -0.6965312 -0.7168880 1.3748884
0.0000000 0.0000000 0.0000000 1.0000000
0.9994437 0.0128551 0.0307733 162.1222710
-0.0122370 -0.7170285 0.6969404 0.3147629
0.0310240 -0.6969304 -0.7164712 1.3673296
0.0000000 0.0000000 0.0000000 1.0000000
0.9993915 0.0141398 0.0318922 163.4604312
-0.0120934 -0.7170912 0.6968783 0.2885266
0.0327227 -0.6968407 -0.7164828 1.3424109
0.0000000 0.0000000 0.0000000 1.0000000
0.9993701 0.0159935 0.0316934 164.7405997
-0.0104768 -0.7201445 0.6937492 0.3158886
0.0339187 -0.6936448 -0.7195221 1.3968701
0.0000000 0.0000000 0.0000000 1.0000000
0.9994429 0.0157438 0.0294559 166.0472381
-0.0089602 -0.7232275 0.6905558 0.3207206
0.0321747 -0.6904352 -0.7226821 1.3564868
0.0000000 0.0000000 0.0000000 1.0000000
0.9994438 0.0164496 0.0290426 167.5186414
-0.0080732 -0.7251641 0.6885326 0.2636742
0.0323862 -0.6883841 -0.7246265 1.3793599
0.0000000 0.0000000 0.0000000 1.0000000
0.9993932 0.0170346 0.0304395 168.9429143
-0.0086449 -0.7244805 0.6892448 0.2475250
0.0337932 -0.6890889 -0.7238919 1.4471662
0.0000000 0.0000000 0.0000000 1.0000000
0.9994057 0.0169982 0.0300573 170.3350558
-0.0083367 -0.7259378 0.6877135 0.2249806
0.0335090 -0.6875543 -0.7253628 1.4472609
0.0000000 0.0000000 0.0000000 1.0000000
0.9994859 0.0156888 0.0280320 171.6914616
-0.0077544 -0.7290044 0.6844686 0.2462669
0.0311733 -0.6843328 -0.7285063 1.4117957
0.0000000 0.0000000 0.0000000 1.0000000
0.9995704 0.0143016 0.0256618 173.1913360
-0.0071252 -0.7294238 0.6840287 0.2233306
0.0285004 -0.6839168 -0.7290065 1.4906582
0.0000000 0.0000000 0.0000000 1.0000000
0.9996232 0.0128871 0.0243225 174.6255106
-0.0072002 -0.7304593 0.6829221 0.1620249
0.0265668 -0.6828389 -0.7300892 1.5249662
0.0000000 0.0000000 0.0000000 1.0000000
0.9996017 0.0123179 0.0254829 176.1203519
-0.0083368 -0.7322728 0.6809641 0.0975102
0.0270479 -0.6809041 -0.7318764 1.5361982
0.0000000 0.0000000 0.0000000 1.0000000
0.9995192 0.0139630 0.0277398 177.5964184
-0.0085477 -0.7350511 0.6779614 0.0602293
0.0298559 -0.6778714 -0.7345772 1.5743230
0.0000000 0.0000000 0.0000000 1.0000000
0.9994760 0.0128558 0.0297424 179.1646922
-0.0108342 -0.7325086 0.6806749 0.0360408
0.0305366 -0.6806395 -0.7319849 1.5241775
0.0000000 0.0000000 0.0000000 1.0000000
0.9994650 0.0116645 0.0305956 180.6117689
-0.0123262 -0.7316464 0.6815762 0.0016670
0.0303348 -0.6815874 -0.7311107 1.4878123
0.0000000 0.0000000 0.0000000 1.0000000
0.9994465 0.0109055 0.0314669 182.1129301
-0.0134600 -0.7319928 0.6811830 -0.0287970
0.0304616 -0.6812284 -0.7314402 1.5897704
0.0000000 0.0000000 0.0000000 1.0000000
0.9995752 0.0096567 0.0275227 183.4567612
-0.0116201 -0.7336641 0.6794166 0.0200977
0.0267528 -0.6794471 -0.7332400 1.5445473
0.0000000 0.0000000 0.0000000 1.0000000
0.9997001 0.0060836 0.0237729 184.9635152
-0.0116549 -0.7348472 0.6781362 0.0216802
0.0215943 -0.6782089 -0.7345551 1.6121928
0.0000000 0.0000000 0.0000000 1.0000000
0.9997155 0.0059179 0.0231514 186.4636152
-0.0113262 -0.7357748 0.6771352 0.0418115
0.0210409 -0.6772037 -0.7354979 1.6593540
0.0000000 0.0000000 0.0000000 1.0000000
0.9996864 0.0056941 0.0244476 187.9902749
-0.0122874 -0.7382928 0.6743724 0.0197243
0.0218887 -0.6744602 -0.7379901 1.6764988
0.0000000 0.0000000 0.0000000 1.0000000
0.9996224 0.0060913 0.0268357 189.4177231
-0.0136338 -0.7374879 0.6752266 -0.0102613
0.0239033 -0.6753368 -0.7371255 1.7001354
0.0000000 0.0000000 0.0000000 1.0000000
0.9995705 0.0060956 0.0286980 190.9171831
-0.0148947 -0.7373217 0.6753816 0.0158277
0.0252758 -0.6755182 -0.7369134 1.7549825
0.0000000 0.0000000 0.0000000 1.0000000
0.9995450 0.0061004 0.0295509 192.2916991
-0.0154398 -0.7380421 0.6745822 0.0481094
0.0259243 -0.6747311 -0.7376119 1.7621034
0.0000000 0.0000000 0.0000000 1.0000000
0.9995394 0.0054939 0.0298533 193.6956293
-0.0160306 -0.7396335 0.6728233 -0.0099500
0.0257762 -0.6729918 -0.7392045 1.8044774
0.0000000 0.0000000 0.0000000 1.0000000
0.9995167 0.0038443 0.0308394 195.1916599
-0.0178883 -0.7403105 0.6720316 -0.0151378
0.0254135 -0.6722586 -0.7398840 1.8776978
0.0000000 0.0000000 0.0000000 1.0000000
0.9995107 0.0048360 0.0308808 196.6417577
-0.0172069 -0.7396775 0.6727462 0.0072174
0.0260946 -0.6729489 -0.7392326 1.9363281
0.0000000 0.0000000 0.0000000 1.0000000
0.9995149 0.0060643 0.0305255 198.2084071
-0.0160923 -0.7388504 0.6736818 0.0507366
0.0266384 -0.6738465 -0.7383949 1.9460344
0.0000000 0.0000000 0.0000000 1.0000000
0.9994238 0.0065676 0.0332961 199.5784206
-0.0176225 -0.7380481 0.6745227 0.1040535
0.0290034 -0.6747211 -0.7375069 1.9984597
0.0000000 0.0000000 0.0000000 1.0000000
0.9994426 0.0065476 0.0327438 201.0177341
-0.0174691 -0.7331914 0.6798030 -0.0051468
0.0284578 -0.6799965 -0.7326674 2.0724176
0.0000000 0.0000000 0.0000000 1.0000000
0.9995262 0.0083432 0.0296381 202.3673959
-0.0139013 -0.7366342 0.6761534 0.0592692
0.0274731 -0.6762454 -0.7361683 2.1767690
0.0000000 0.0000000 0.0000000 1.0000000
0.9996304 0.0082914 0.0258992 203.8803657
-0.0112409 -0.7412479 0.6711424 0.0752613
0.0247617 -0.6711861 -0.7408797 2.1742346
0.0000000 0.0000000 0.0000000 1.0000000
0.9996025 0.0104728 0.0261805 205.5046975
-0.0096689 -0.7448923 0.6671199 0.0922188
0.0264875 -0.6671087 -0.7444939 2.1750084
0.0000000 0.0000000 0.0000000 1.0000000
0.9995267 0.0104598 0.0289314 206.9420959
-0.0115088 -0.7450278 0.6669395 0.0746655
0.0285301 -0.6669578 -0.7445536 2.2003121
0.0000000 0.0000000 0.0000000 1.0000000
0.9994420 0.0112252 0.0314604 208.3645584
-0.0125547 -0.7465650 0.6651995 0.0113743
0.0309535 -0.6652243 -0.7460063 2.1799554
0.0000000 0.0000000 0.0000000 1.0000000
0.9994319 0.0109139 0.0318753 209.7275510
-0.0130300 -0.7472768 0.6643907 0.1033587
0.0310701 -0.6644298 -0.7467092 2.2040778
0.0000000 0.0000000 0.0000000 1.0000000
0.9994683 0.0094863 0.0311825 211.2598839
-0.0136647 -0.7466335 0.6651009 0.0176328
0.0295905 -0.6651748 -0.7461060 2.1923423
0.0000000 0.0000000 0.0000000 1.0000000
0.9994997 0.0084523 0.0304848 212.7642995
-0.0139808 -0.7464306 0.6653219 0.0122254
0.0283776 -0.6654161 -0.7459377 2.1959376
0.0000000 0.0000000 0.0000000 1.0000000
0.9995071 0.0076028 0.0304748 214.3268524
-0.0145955 -0.7467321 0.6649703 0.0021849
0.0278115 -0.6650881 -0.7462515 2.2291872
0.0000000 0.0000000 0.0000000 1.0000000
0.9994948 0.0082869 0.0307033 215.8744448
-0.0142114 -0.7473243 0.6643130 0.0036633
0.0284497 -0.6644143 -0.7468274 2.2701226
0.0000000 0.0000000 0.0000000 1.0000000
0.9994928 0.0075098 0.0309549 217.3233279
-0.0149601 -0.7473048 0.6643185 -0.0284186
0.0281209 -0.6644456 -0.7468121 2.2591892
0.0000000 0.0000000 0.0000000 1.0000000
0.9994908 0.0083174 0.0308134 218.8228703
-0.0141765 -0.7493053 0.6620782 0.0239333
0.0285947 -0.6621787 -0.7488047 2.2986250
0.0000000 0.0000000 0.0000000 1.0000000
0.9995207 0.0087002 0.0297012 220.4160235
-0.0130502 -0.7517274 0.6593500 0.0264056
0.0280630 -0.6594224 -0.7512530 2.2947914
0.0000000 0.0000000 0.0000000 1.0000000
0.9995539 0.0078917 0.0288132 221.9692457
-0.0131027 -0.7509735 0.6602076 -0.0601306
0.0268475 -0.6602911 -0.7505342 2.3553461
0.0000000 0.0000000 0.0000000 1.0000000
0.9995645 0.0074932 0.0285502 223.4002805
-0.0132277 -0.7509871 0.6601897 0.0213455
0.0263871 -0.6602804 -0.7505600 2.3091359
0.0000000 0.0000000 0.0000000 1.0000000
0.9995616 0.0077547 0.0285824 224.8396850
-0.0129588 -0.7533088 0.6575448 0.0385345
0.0266297 -0.6576274 -0.7528772 2.3763291
0.0000000 0.0000000 0.0000000 1.0000000
0.9995717 0.0070549 0.0284245 226.2521037
-0.0133755 -0.7534724 0.6573489 0.0122440
0.0260539 -0.6574477 -0.7530541 2.3342015
0.0000000 0.0000000 0.0000000 1.0000000
0.9995845 0.0059088 0.0282195 227.6408515
-0.0140453 -0.7550047 0.6555748 0.0395826
0.0251788 -0.6556994 -0.7546069 2.3927325
0.0000000 0.0000000 0.0000000 1.0000000
0.9996062 0.0059908 0.0274244 229.0805625
-0.0134576 -0.7551219 0.6554523 0.0399884
0.0246347 -0.6555641 -0.7547426 2.3958602
0.0000000 0.0000000 0.0000000 1.0000000
0.9996222 0.0052644 0.0269785 230.5420127
-0.0136481 -0.7569223 0.6533685 -0.0096814
0.0238595 -0.6534908 -0.7565634 2.3698720
0.0000000 0.0000000 0.0000000 1.0000000
0.9996249 0.0055587 0.0268331 232.0156188
-0.0133303 -0.7569230 0.6533739 0.0409822
0.0239417 -0.6534872 -0.7565637 2.4135250
0.0000000 0.0000000 0.0000000 1.0000000
0.9996434 0.0051002 0.0262390 233.5023957
-0.0132662 -0.7575605 0.6526357 0.0855569
0.0232055 -0.6527514 -0.7572214 2.4971695
0.0000000 0.0000000 0.0000000 1.0000000
0.9996482 0.0049299 0.0261030 234.9868247
-0.0133531 -0.7562313 0.6541740 0.0366971
0.0229642 -0.6542927 -0.7558975 2.5048252
0.0000000 0.0000000 0.0000000 1.0000000
0.9996095 0.0045826 0.0276069 236.3878087
-0.0145938 -0.7563971 0.6539564 -0.0354424
0.0238778 -0.6541046 -0.7560325 2.5188698
0.0000000 0.0000000 0.0000000 1.0000000
0.9995928 0.0056668 0.0280082 237.9370820
-0.0139695 -0.7581554 0.6519303 0.0026029
0.0249282 -0.6520564 -0.7577655 2.5416448
0.0000000 0.0000000 0.0000000 1.0000000
0.9995909 0.0051018 0.0281866 239.4490061
-0.0144691 -0.7593405 0.6505386 -0.0845599
0.0247214 -0.6506804 -0.7589541 2.5008105
0.0000000 0.0000000 0.0000000 1.0000000
0.9996031 0.0046899 0.0278355 241.0344615
-0.0145310 -0.7599376 0.6498394 -0.0594587
0.0242002 -0.6499858 -0.7595657 2.5388671
0.0000000 0.0000000 0.0000000 1.0000000
0.9995438 0.0048437 0.0298716 242.4598539
-0.0156686 -0.7616740 0.6477766 -0.0455867
0.0258894 -0.6479487 -0.7612485 2.4657030
0.0000000 0.0000000 0.0000000 1.0000000
0.9994601 0.0045306 0.0325855 244.1794193
-0.0176425 -0.7622170 0.6470871 -0.0405022
0.0277682 -0.6473126 -0.7617236 2.4756470
0.0000000 0.0000000 0.0000000 1.0000000
0.9994281 0.0050702 0.0334801 245.8048034
-0.0178025 -0.7624010 0.6468661 -0.0557285
0.0288043 -0.6470923 -0.7618723 2.5313427
0.0000000 0.0000000 0.0000000 1.0000000
0.9994834 0.0044026 0.0318836 247.3917865
-0.0172602 -0.7628214 0.6463850 -0.0740572
0.0271666 -0.6466016 -0.7623490 2.5299413
0.0000000 0.0000000 0.0000000 1.0000000
0.9995186 0.0048814 0.0306865 249.2146469
-0.0160537 -0.7644564 0.6444817 -0.1248934
0.0266037 -0.6446642 -0.7640077 2.4950232
0.0000000 0.0000000 0.0000000 1.0000000
0.9995161 0.0039798 0.0309092 250.7230598
-0.0169074 -0.7639328 0.6450804 -0.1752145
0.0261791 -0.6452908 -0.7634931 2.5338073
0.0000000 0.0000000 0.0000000 1.0000000
0.9994792 0.0034741 0.0321398 252.1111342
-0.0181050 -0.7635182 0.6455389 -0.1988684
0.0267813 -0.6457848 -0.7630547 2.4884834
0.0000000 0.0000000 0.0000000 1.0000000
0.9995038 0.0028847 0.0314241 253.7669034
-0.0181153 -0.7629532 0.6462067 -0.1696301
0.0258385 -0.6464557 -0.7625192 2.5636323
0.0000000 0.0000000 0.0000000 1.0000000
0.9994908 0.0026548 0.0318474 255.3917118
-0.0185405 -0.7635453 0.6454946 -0.2074146
0.0260298 -0.6457567 -0.7631045 2.7209698
0.0000000 0.0000000 0.0000000 1.0000000
0.9994992 0.0030400 0.0315361 256.9652518
-0.0180511 -0.7634043 0.6456752 -0.1658934
0.0260368 -0.6459218 -0.7629645 2.7391693
0.0000000 0.0000000 0.0000000 1.0000000
0.9995096 0.0038652 0.0311055 258.4242827
-0.0171812 -0.7624684 0.6468038 -0.1323170
0.0262162 -0.6470221 -0.7620256 2.8483833
0.0000000 0.0000000 0.0000000 1.0000000
0.9994900 0.0031857 0.0317899 259.9686212
-0.0181160 -0.7631055 0.6460268 -0.2519332
0.0263163 -0.6462745 -0.7626564 2.8004228
0.0000000 0.0000000 0.0000000 1.0000000
0.9994763 0.0030538 0.0322441 261.4878044
-0.0185278 -0.7626773 0.6465208 -0.3020450
0.0265654 -0.6467809 -0.7622186 2.8489362
0.0000000 0.0000000 0.0000000 1.0000000
0.9994506 0.0024021 0.0330758 262.9795121
-0.0196075 -0.7615900 0.6477691 -0.3271911
0.0267454 -0.6480628 -0.7611223 2.8750810
0.0000000 0.0000000 0.0000000 1.0000000
0.9994493 0.0023206 0.0331323 264.3896102
-0.0197180 -0.7613052 0.6481003 -0.3100554
0.0267269 -0.6483974 -0.7608378 2.8683300
0.0000000 0.0000000 0.0000000 1.0000000
0.9994462 0.0028510 0.0331623 265.9831870
-0.0193782 -0.7602417 0.6493577 -0.2839439
0.0270619 -0.6496419 -0.7597637 2.9499130
0.0000000 0.0000000 0.0000000 1.0000000
0.9994363 0.0022055 0.0335090 267.5320606
-0.0200069 -0.7623378 0.6468760 -0.3231998
0.0269710 -0.6471827 -0.7618625 2.9077282
0.0000000 0.0000000 0.0000000 1.0000000
0.9993855 0.0027713 0.0349452 268.9552830
-0.0206574 -0.7588583 0.6509342 -0.3196272
0.0283216 -0.6512572 -0.7583334 2.9848809
0.0000000 0.0000000 0.0000000 1.0000000
0.9992800 0.0048477 0.0376372 270.6069650
-0.0209473 -0.7565682 0.6535852 -0.3438394
0.0316427 -0.6539039 -0.7559204 3.0076793
0.0000000 0.0000000 0.0000000 1.0000000
0.9992795 0.0057245 0.0375198 272.0992967
-0.0201545 -0.7576466 0.6523598 -0.3343657
0.0321604 -0.6526470 -0.7569841 3.0029231
0.0000000 0.0000000 0.0000000 1.0000000
0.9992566 0.0063589 0.0380058 273.6465492
-0.0199744 -0.7579831 0.6519741 -0.3251489
0.0329528 -0.6522499 -0.7572920 3.0421067
0.0000000 0.0000000 0.0000000 1.0000000
0.9992899 0.0074503 0.0369184 275.0920367
-0.0183731 -0.7592716 0.6505204 -0.3279955
0.0328769 -0.6507379 -0.7585951 3.0414605
0.0000000 0.0000000 0.0000000 1.0000000
0.9992787 0.0070595 0.0373031 276.6353987
-0.0188645 -0.7603680 0.6492241 -0.3235601
0.0329465 -0.6494603 -0.7596860 3.0952209
0.0000000 0.0000000 0.0000000 1.0000000
0.9992554 0.0100242 0.0372455 278.3363374
-0.0164839 -0.7620447 0.6473199 -0.2801697
0.0348708 -0.6474525 -0.7613120 3.2037651
0.0000000 0.0000000 0.0000000 1.0000000
0.9992900 0.0099526 0.0363318 279.8315894
-0.0159703 -0.7615928 0.6478642 -0.3169082
0.0341172 -0.6479847 -0.7608931 3.2293735
0.0000000 0.0000000 0.0000000 1.0000000
0.9993011 0.0113714 0.0356233 281.4156725
-0.0144043 -0.7620897 0.6473164 -0.3336733
0.0345083 -0.6473770 -0.7613927 3.2747370
0.0000000 0.0000000 0.0000000 1.0000000
0.9992786 0.0140073 0.0353254 282.9168694
-0.0121963 -0.7622106 0.6472195 -0.2863674
0.0359905 -0.6471831 -0.7614889 3.3901194
0.0000000 0.0000000 0.0000000 1.0000000
0.9992489 0.0154457 0.0355578 284.4336502
-0.0111879 -0.7633023 0.6459497 -0.2902695
0.0371178 -0.6458620 -0.7625556 3.4299909
0.0000000 0.0000000 0.0000000 1.0000000
0.9991958 0.0174560 0.0361148 285.9665430
-0.0100618 -0.7625010 0.6469138 -0.1839721
0.0388293 -0.6467566 -0.7617116 3.4978131
0.0000000 0.0000000 0.0000000 1.0000000
0.9991642 0.0180554 0.0366987 287.5741136
-0.0100556 -0.7613101 0.6483146 -0.2258633
0.0396440 -0.6481409 -0.7604917 3.5138342
0.0000000 0.0000000 0.0000000 1.0000000
0.9991874 0.0196615 0.0351993 289.0633341
-0.0080713 -0.7578318 0.6524044 -0.1768282
0.0395018 -0.6521576 -0.7570574 3.5688563
0.0000000 0.0000000 0.0000000 1.0000000
0.9993357 0.0161271 0.0326986 290.5787135
-0.0090786 -0.7585459 0.6515606 -0.2083101
0.0353105 -0.6514237 -0.7578957 3.5278515
0.0000000 0.0000000 0.0000000 1.0000000
0.9993746 0.0173518 0.0308167 292.4519566
-0.0069589 -0.7578633 0.6523803 -0.3351531
0.0346741 -0.6521859 -0.7572693 3.5209535
0.0000000 0.0000000 0.0000000 1.0000000
0.9994036 0.0161623 0.0305122 293.8837981
-0.0077020 -0.7570818 0.6532790 -0.2961224
0.0336580 -0.6531239 -0.7565065 3.5274064
0.0000000 0.0000000 0.0000000 1.0000000
0.9994023 0.0136879 0.0317457 295.6225653
-0.0102781 -0.7591278 0.6508647 -0.2822980
0.0330073 -0.6508012 -0.7585341 3.5820882
0.0000000 0.0000000 0.0000000 1.0000000
0.9994294 0.0132552 0.0310827 297.2301720
-0.0101855 -0.7589122 0.6511178 -0.2124290
0.0322191 -0.6510618 -0.7583445 3.6543725
0.0000000 0.0000000 0.0000000 1.0000000
0.9994505 0.0136300 0.0302405 298.7708063
-0.0094410 -0.7570932 0.6532432 -0.2005313
0.0317979 -0.6531687 -0.7565485 3.7119035
0.0000000 0.0000000 0.0000000 1.0000000
0.9994324 0.0127916 0.0311857 300.4853418
-0.0107263 -0.7564211 0.6540015 -0.1381179
0.0319546 -0.6539637 -0.7558547 3.8048502
0.0000000 0.0000000 0.0000000 1.0000000
0.9994366 0.0107738 0.0318106 301.9979211
-0.0126554 -0.7565447 0.6538240 -0.1731850
0.0311097 -0.6538570 -0.7559823 3.8359602
0.0000000 0.0000000 0.0000000 1.0000000
0.9994110 0.0114405 0.0323671 303.4839286
-0.0125795 -0.7552264 0.6553477 -0.2077261
0.0319414 -0.6553676 -0.7546384 3.8446388
0.0000000 0.0000000 0.0000000 1.0000000
0.9993559 0.0119856 0.0338262 305.2308575
-0.0131228 -0.7552657 0.6552917 -0.0866867
0.0334012 -0.6553122 -0.7546232 3.8920100
0.0000000 0.0000000 0.0000000 1.0000000
0.9993614 0.0104617 0.0341611 306.6613496
-0.0146013 -0.7530873 0.6577632 -0.1145680
0.0326069 -0.6578412 -0.7524547 3.9536420
0.0000000 0.0000000 0.0000000 1.0000000
0.9993517 0.0120619 0.0339253 308.2099829
-0.0131686 -0.7545138 0.6561567 -0.1727550
0.0335110 -0.6561770 -0.7538668 3.9413324
0.0000000 0.0000000 0.0000000 1.0000000
0.9993448 0.0117085 0.0342489 309.6730293
-0.0137770 -0.7519748 0.6590528 -0.1903800
0.0334702 -0.6590919 -0.7513217 3.9433360
0.0000000 0.0000000 0.0000000 1.0000000
0.9993526 0.0110565 0.0342301 311.2296671
-0.0142323 -0.7524238 0.6585307 -0.1578104
0.0330359 -0.6585909 -0.7517803 3.9663087
0.0000000 0.0000000 0.0000000 1.0000000
0.9994079 0.0114835 0.0324217 312.7859624
-0.0126783 -0.7532726 0.6575915 -0.1442812
0.0319731 -0.6576127 -0.7526822 4.0434911
0.0000000 0.0000000 0.0000000 1.0000000
0.9994565 0.0111127 0.0310310 314.5591893
-0.0120989 -0.7520606 0.6589879 -0.2904704
0.0306595 -0.6590042 -0.7515187 3.9586798
0.0000000 0.0000000 0.0000000 1.0000000
0.9994636 0.0099709 0.0311858 316.2034236
-0.0130808 -0.7515939 0.6595019 -0.1866370
0.0300140 -0.6595554 -0.7510614 4.0430431
0.0000000 0.0000000 0.0000000 1.0000000
0.9994682 0.0082121 0.0315545 317.7559694
-0.0145696 -0.7533099 0.6575097 -0.1516487
0.0291690 -0.6576189 -0.7527907 4.1117368
0.0000000 0.0000000 0.0000000 1.0000000
0.9993902 0.0075877 0.0340788 319.5231734
-0.0166356 -0.7546989 0.6558657 -0.1580979
0.0306950 -0.6560318 -0.7541137 4.1654697
0.0000000 0.0000000 0.0000000 1.0000000
0.9992544 0.0087134 0.0376300 321.5902130
-0.0181973 -0.7531527 0.6575993 -0.1716154
0.0340703 -0.6577923 -0.7524332 4.2085069
0.0000000 0.0000000 0.0000000 1.0000000
0.9991927 0.0081153 0.0393713 323.1235964
-0.0198081 -0.7528751 0.6578706 -0.1475523
0.0349797 -0.6581175 -0.7521071 4.2210135
0.0000000 0.0000000 0.0000000 1.0000000
0.9992249 0.0107754 0.0378832 324.8206092
-0.0168750 -0.7519804 0.6589749 -0.0695153
0.0355874 -0.6591017 -0.7512163 4.3246574
0.0000000 0.0000000 0.0000000 1.0000000
0.9992559 0.0068617 0.0379804 326.5726448
-0.0199058 -0.7514770 0.6594641 -0.0005629
0.0330657 -0.6597275 -0.7507820 4.4401207
0.0000000 0.0000000 0.0000000 1.0000000
0.9992507 0.0056660 0.0383049 328.2281331
-0.0210272 -0.7512887 0.6596434 -0.0482189
0.0325148 -0.6599527 -0.7506078 4.4432733
0.0000000 0.0000000 0.0000000 1.0000000
0.9992427 0.0047958 0.0386350 329.7678340
-0.0219256 -0.7507334 0.6602463 -0.1954563
0.0321702 -0.6605915 -0.7500606 4.2989690
0.0000000 0.0000000 0.0000000 1.0000000
0.9992814 0.0083491 0.0369967 331.2561850
-0.0180558 -0.7531327 0.6576257 -0.1851428
0.0333532 -0.6578191 -0.7524416 4.3701179
0.0000000 0.0000000 0.0000000 1.0000000
0.9993413 0.0067402 0.0356911 333.1826298
-0.0183779 -0.7537582 0.6569000 -0.0738188
0.0313293 -0.6571211 -0.7531385 4.4768713
0.0000000 0.0000000 0.0000000 1.0000000
0.9993260 0.0073424 0.0359942 334.4948278
-0.0180407 -0.7554554 0.6549568 -0.0705422
0.0320002 -0.6551625 -0.7548148 4.5126207
0.0000000 0.0000000 0.0000000 1.0000000
0.9992661 0.0077676 0.0375258 336.3752081
-0.0187504 -0.7549248 0.6555487 -0.1159893
0.0334205 -0.6557693 -0.7542262 4.5500745
0.0000000 0.0000000 0.0000000 1.0000000
0.9992234 0.0112399 0.0377731 337.9254575
-0.0163430 -0.7540012 0.6566748 -0.1538889
0.0358612 -0.6567803 -0.7532336 4.5855676
0.0000000 0.0000000 0.0000000 1.0000000
0.9991978 0.0127012 0.0379961 339.5465978
-0.0153675 -0.7543714 0.6562728 -0.2448389
0.0369977 -0.6563280 -0.7535727 4.4795947
0.0000000 0.0000000 0.0000000 1.0000000
0.9993210 0.0112962 0.0350850 341.0800562
-0.0144671 -0.7553003 0.6552240 -0.2463336
0.0339004 -0.6552844 -0.7546257 4.4791105
0.0000000 0.0000000 0.0000000 1.0000000
0.9993750 0.0123132 0.0331444 342.8762950
-0.0124847 -0.7541512 0.6565867 -0.3508684
0.0330798 -0.6565880 -0.7535281 4.4971367
0.0000000 0.0000000 0.0000000 1.0000000
0.9993431 0.0112800 0.0344521 344.3663229
-0.0141222 -0.7541646 0.6565382 -0.4791134
0.0333875 -0.6565913 -0.7535117 4.5262919
0.0000000 0.0000000 0.0000000 1.0000000
0.9992836 0.0120141 0.0359028 346.2515088
-0.0144605 -0.7553115 0.6552112 -0.4883322
0.0349888 -0.6552588 -0.7545982 4.5776513
0.0000000 0.0000000 0.0000000 1.0000000
0.9991326 0.0108789 0.0402179 347.9098529
-0.0180656 -0.7567325 0.6534797 -0.5721844
0.0375425 -0.6536369 -0.7558810 4.5835557
0.0000000 0.0000000 0.0000000 1.0000000
0.9991693 0.0106551 0.0393615 349.4733800
-0.0177145 -0.7560294 0.6543023 -0.4449916
0.0367291 -0.6544532 -0.7552141 4.7343299
0.0000000 0.0000000 0.0000000 1.0000000
0.9991531 0.0092970 0.0400972 350.9863980
-0.0191874 -0.7566576 0.6535342 -0.3687033
0.0364148 -0.6537476 -0.7558403 4.8319432
0.0000000 0.0000000 0.0000000 1.0000000
0.9991212 0.0076229 0.0412325 352.7673269
-0.0212796 -0.7551405 0.6552222 -0.6519153
0.0361302 -0.6555213 -0.7543164 4.7083344
