1.0000000 0.0000000 0.0000000 0.0000000
0.0000000 1.0000000 0.0000000 0.0000000
0.0000000 0.0000000 1.0000000 0.0000000
0.0000000 0.0000000 0.0000000 1.0000000
0.9999985 -0.0016391 -0.0005603 0.5607241
0.0016381 0.9999970 -0.0018497 0.0002360
0.0005633 0.0018488 0.9999982 0.0113042
0.0000000 0.0000000 0.0000000 1.0000000
0.9999949 -0.0024986 -0.0019973 1.1232110
0.0024937 0.9999939 -0.0024481 0.0082948
0.0020034 0.0024431 0.9999951 0.0208175
0.0000000 0.0000000 0.0000000 1.0000000
0.9999844 -0.0045234 -0.0032808 1.6755270
0.0045140 0.9999858 -0.0028498 0.0115831
0.0032937 0.0028349 0.9999906 0.0299801
0.0000000 0.0000000 0.0000000 1.0000000
0.9999653 -0.0066160 -0.0050638 2.2246737
0.0065916 0.9999666 -0.0048255 0.0119588
0.0050955 0.0047919 0.9999756 0.0397132
0.0000000 0.0000000 0.0000000 1.0000000
0.9999521 -0.0072473 -0.0065867 2.7824469
0.0072025 0.9999509 -0.0068097 0.0168809
0.0066357 0.0067620 0.9999551 0.0515302
0.0000000 0.0000000 0.0000000 1.0000000
0.9999323 -0.0091162 -0.0072324 3.3494077
0.0090609 0.9999298 -0.0076326 0.0228711
0.0073014 0.0075665 0.9999447 0.0595201
0.0000000 0.0000000 0.0000000 1.0000000
0.9999316 -0.0096398 -0.0066310 3.9202411
0.0095872 0.9999227 -0.0079217 0.0269697
0.0067068 0.0078576 0.9999466 0.0705721
0.0000000 0.0000000 0.0000000 1.0000000
0.9999102 -0.0114641 -0.0069505 4.5027037
0.0114051 0.9998990 -0.0084787 0.0343946
0.0070470 0.0083987 0.9999399 0.0827446
0.0000000 0.0000000 0.0000000 1.0000000
0.9998847 -0.0119013 -0.0094485 5.0908074
0.0118241 0.9998966 -0.0081892 0.0411397
0.0095450 0.0080765 0.9999218 0.0962652
0.0000000 0.0000000 0.0000000 1.0000000
0.9998184 -0.0135748 -0.0133870 5.6873937
0.0134849 0.9998861 -0.0067809 0.0561333
0.0134775 0.0065991 0.9998873 0.1091062
0.0000000 0.0000000 0.0000000 1.0000000
0.9997422 -0.0147878 -0.0172411 6.2979174
0.0146998 0.9998783 -0.0052191 0.0751127
0.0173162 0.0049643 0.9998377 0.1190498
0.0000000 0.0000000 0.0000000 1.0000000
0.9997308 -0.0153903 -0.0173685 6.9224873
0.0153370 0.9998773 -0.0031962 0.0870625
0.0174155 0.0029289 0.9998440 0.1312795
0.0000000 0.0000000 0.0000000 1.0000000
0.9997877 -0.0173275 -0.0111553 7.5666599
0.0173195 0.9998497 -0.0008134 0.1129858
0.0111677 0.0006201 0.9999374 0.1410542
0.0000000 0.0000000 0.0000000 1.0000000
0.9998392 -0.0179225 -0.0007090 8.2248220
0.0179224 0.9998394 -0.0000811 0.1267488
0.0007104 0.0000684 0.9999997 0.1549798
0.0000000 0.0000000 0.0000000 1.0000000
0.9997962 -0.0191862 0.0063027 8.8960352
0.0191803 0.9998155 0.0009930 0.1467549
-0.0063206 -0.0008720 0.9999796 0.1696098
0.0000000 0.0000000 0.0000000 1.0000000
0.9997801 -0.0202069 0.0056244 9.5750694
0.0201926 0.9997928 0.0025790 0.1711604
-0.0056753 -0.0024649 0.9999808 0.1814765
0.0000000 0.0000000 0.0000000 1.0000000
0.9997912 -0.0204038 -0.0012112 10.2606201
0.0204100 0.9997770 0.0054162 0.1960275
0.0011004 -0.0054398 0.9999846 0.1823046
0.0000000 0.0000000 0.0000000 1.0000000
0.9997230 -0.0224622 -0.0070515 10.9726934
0.0225011 0.9997318 0.0054800 0.2176729
0.0069266 -0.0056371 0.9999601 0.1791817
0.0000000 0.0000000 0.0000000 1.0000000
0.9997144 -0.0232400 -0.0055927 11.6996584
0.0232614 0.9997222 0.0037942 0.2386391
0.0055030 -0.0039232 0.9999771 0.1806664
0.0000000 0.0000000 0.0000000 1.0000000
0.9997005 -0.0242279 0.0035061 12.4666157
0.0242182 0.9997028 0.0027792 0.2588457
-0.0035724 -0.0026934 0.9999899 0.1868732
0.0000000 0.0000000 0.0000000 1.0000000
0.9996457 -0.0242128 0.0110681 13.2293863
0.0241974 0.9997060 0.0015266 0.2782177
-0.0111018 -0.0012582 0.9999375 0.1899230
0.0000000 0.0000000 0.0000000 1.0000000
0.9995910 -0.0251239 0.0136718 14.0297890
0.0251135 0.9996842 0.0009273 0.3048502
-0.0136908 -0.0005835 0.9999061 0.1908004
0.0000000 0.0000000 0.0000000 1.0000000
0.9995836 -0.0257689 0.0129970 14.8324032
0.0257848 0.9996669 -0.0010534 0.3253956
-0.0129655 0.0013881 0.9999149 0.1890809
0.0000000 0.0000000 0.0000000 1.0000000
0.9996397 -0.0245635 0.0108367 15.6406212
0.0245775 0.9996972 -0.0011605 0.3558429
-0.0108049 0.0014264 0.9999406 0.1865955
0.0000000 0.0000000 0.0000000 1.0000000
0.9996645 -0.0249019 0.0071478 16.4812641
0.0248973 0.9996897 0.0007340 0.3822597
-0.0071638 -0.0005558 0.9999741 0.1760217
0.0000000 0.0000000 0.0000000 1.0000000
0.9997233 -0.0234490 0.0019514 17.3293362
0.0234535 0.9997223 -0.0022724 0.4088525
-0.0018976 0.0023176 0.9999955 0.1788775
0.0000000 0.0000000 0.0000000 1.0000000
0.9997074 -0.0238332 -0.0041600 18.2078362
0.0238113 0.9997028 -0.0052295 0.4287207
0.0042834 0.0051289 0.9999776 0.1849499
0.0000000 0.0000000 0.0000000 1.0000000
0.9997206 -0.0217840 -0.0091809 19.0822315
0.0217445 0.9997539 -0.0043813 0.4599362
0.0092741 0.0041804 0.9999482 0.1932017
0.0000000 0.0000000 0.0000000 1.0000000
0.9996989 -0.0222014 -0.0104542 19.9913883
0.0221685 0.9997489 -0.0032556 0.4845508
0.0105238 0.0030229 0.9999400 0.1990333
0.0000000 0.0000000 0.0000000 1.0000000
0.9997097 -0.0219542 -0.0099350 20.9047909
0.0219215 0.9997539 -0.0033950 0.5132625
0.0100071 0.0031763 0.9999448 0.2165170
0.0000000 0.0000000 0.0000000 1.0000000
0.9997233 -0.0209109 -0.0107766 21.8295040
0.0208828 0.9997782 -0.0027155 0.5450173
0.0108310 0.0024897 0.9999382 0.2344336
0.0000000 0.0000000 0.0000000 1.0000000
0.9996972 -0.0212341 -0.0124373 22.7734299
0.0212385 0.9997744 0.0002188 0.5760605
0.0124299 -0.0004829 0.9999226 0.2523249
0.0000000 0.0000000 0.0000000 1.0000000
0.9996979 -0.0207278 -0.0132112 23.7310314
0.0207791 0.9997770 0.0037591 0.6121528
0.0131303 -0.0040325 0.9999056 0.2676098
0.0000000 0.0000000 0.0000000 1.0000000
0.9996860 -0.0214297 -0.0129902 24.6996803
0.0214934 0.9997576 0.0047793 0.6402515
0.0128846 -0.0050570 0.9999042 0.2892877
0.0000000 0.0000000 0.0000000 1.0000000
0.9996937 -0.0211614 -0.0128368 25.6832466
0.0212336 0.9997594 0.0055159 0.6716819
0.0127170 -0.0057868 0.9999024 0.3116877
0.0000000 0.0000000 0.0000000 1.0000000
0.9996784 -0.0218988 -0.0127932 26.6739368
0.0219678 0.9997448 0.0052774 0.7000827
0.0126744 -0.0055567 0.9999042 0.3334697
0.0000000 0.0000000 0.0000000 1.0000000
0.9996633 -0.0229460 -0.0121203 27.6795826
0.0230170 0.9997185 0.0057527 0.7281575
0.0119849 -0.0060298 0.9999100 0.3535633
0.0000000 0.0000000 0.0000000 1.0000000
0.9996788 -0.0230447 -0.0105541 28.6845474
0.0231125 0.9997127 0.0063507 0.7612728
0.0104047 -0.0065926 0.9999241 0.3757402
0.0000000 0.0000000 0.0000000 1.0000000
0.9996651 -0.0240121 -0.0096523 29.6993446
0.0240763 0.9996884 0.0065963 0.7922950
0.0094909 -0.0068265 0.9999316 0.3959270
0.0000000 0.0000000 0.0000000 1.0000000
0.9996752 -0.0232754 -0.0103849 30.7159786
0.0233414 0.9997078 0.0062810 0.8245705
0.0102357 -0.0065213 0.9999263 0.4211228
0.0000000 0.0000000 0.0000000 1.0000000
0.9996340 -0.0245340 -0.0114087 31.7304077
0.0246212 0.9996682 0.0075701 0.8568944
0.0112192 -0.0078483 0.9999062 0.4411309
0.0000000 0.0000000 0.0000000 1.0000000
0.9996388 -0.0246077 -0.0108120 32.7677193
0.0246895 0.9996670 0.0075040 0.8874725
0.0106237 -0.0077683 0.9999134 0.4620873
0.0000000 0.0000000 0.0000000 1.0000000
0.9996614 -0.0247333 -0.0080923 33.8169708
0.0247871 0.9996709 0.0066107 0.9131669
0.0079262 -0.0068090 0.9999454 0.4852046
0.0000000 0.0000000 0.0000000 1.0000000
0.9996480 -0.0261372 -0.0045563 34.8636971
0.0261678 0.9996344 0.0068063 0.9437591
0.0043767 -0.0069232 0.9999664 0.5032147
0.0000000 0.0000000 0.0000000 1.0000000
0.9996586 -0.0259964 -0.0026524 35.9240227
0.0260142 0.9996377 0.0069101 0.9746926
0.0024718 -0.0069767 0.9999726 0.5212283
0.0000000 0.0000000 0.0000000 1.0000000
0.9996342 -0.0269669 -0.0020947 36.9872398
0.0269810 0.9996112 0.0070290 1.0088874
0.0019044 -0.0070829 0.9999731 0.5384819
0.0000000 0.0000000 0.0000000 1.0000000
0.9996517 -0.0262177 -0.0030579 38.0589333
0.0262390 0.9996302 0.0071327 1.0423107
0.0028698 -0.0072104 0.9999698 0.5542490
0.0000000 0.0000000 0.0000000 1.0000000
0.9996149 -0.0275450 -0.0033897 39.1276741
0.0275715 0.9995874 0.0080465 1.0763212
0.0031667 -0.0081369 0.9999619 0.5694526
0.0000000 0.0000000 0.0000000 1.0000000
0.9995815 -0.0288370 -0.0023069 40.2094803
0.0288534 0.9995559 0.0074359 1.1090478
0.0020914 -0.0074994 0.9999697 0.5853361
0.0000000 0.0000000 0.0000000 1.0000000
0.9995699 -0.0293259 -0.0003772 41.2950134
0.0293279 0.9995438 0.0072095 1.1437408
0.0001656 -0.0072174 0.9999739 0.6023564
0.0000000 0.0000000 0.0000000 1.0000000
0.9995236 -0.0308399 0.0012174 42.3654671
0.0308304 0.9994988 0.0071722 1.1832836
-0.0014379 -0.0071312 0.9999735 0.6168240
0.0000000 0.0000000 0.0000000 1.0000000
0.9995372 -0.0304051 0.0009726 43.4418182
0.0303957 0.9995013 0.0085521 1.2190461
-0.0012321 -0.0085186 0.9999629 0.6338140
0.0000000 0.0000000 0.0000000 1.0000000
0.9995074 -0.0313158 -0.0020780 44.5020905
0.0313349 0.9994600 0.0098871 1.2633036
0.0017673 -0.0099474 0.9999489 0.6515690
0.0000000 0.0000000 0.0000000 1.0000000
0.9995084 -0.0307671 -0.0060376 45.5791283
0.0308360 0.9994563 0.0116676 1.2992082
0.0056753 -0.0118480 0.9999136 0.6665232
0.0000000 0.0000000 0.0000000 1.0000000
0.9994644 -0.0321845 -0.0059327 46.6570396
0.0322557 0.9994037 0.0123210 1.3409923
0.0055326 -0.0125057 0.9999064 0.6835916
0.0000000 0.0000000 0.0000000 1.0000000
0.9994813 -0.0320258 -0.0034208 47.7370758
0.0320647 0.9994137 0.0120023 1.3831979
0.0030344 -0.0121057 0.9999220 0.7057742
0.0000000 0.0000000 0.0000000 1.0000000
0.9995024 -0.0314945 -0.0017666 48.8240280
0.0315149 0.9994178 0.0130650 1.4260474
0.0013541 -0.0131142 0.9999129 0.7234196
0.0000000 0.0000000 0.0000000 1.0000000
0.9994822 -0.0321740 -0.0006093 49.9041557
0.0321789 0.9994152 0.0115635 1.4654597
0.0002369 -0.0115771 0.9999328 0.7435341
0.0000000 0.0000000 0.0000000 1.0000000
0.9995242 -0.0308245 -0.0011527 50.9768600
0.0308361 0.9994521 0.0120227 1.5048258
0.0007815 -0.0120525 0.9999269 0.7573305
0.0000000 0.0000000 0.0000000 1.0000000
0.9995066 -0.0312940 -0.0027013 52.0614777
0.0313218 0.9994496 0.0109269 1.5469651
0.0023578 -0.0110061 0.9999365 0.7788389
0.0000000 0.0000000 0.0000000 1.0000000
0.9994804 -0.0318867 -0.0047056 53.1395912
0.0319395 0.9994223 0.0116069 1.5878625
0.0043328 -0.0117511 0.9999214 0.7943383
0.0000000 0.0000000 0.0000000 1.0000000
0.9995075 -0.0305724 -0.0070793 54.2069283
0.0306461 0.9994745 0.0105504 1.6261934
0.0067530 -0.0107622 0.9999191 0.8195858
0.0000000 0.0000000 0.0000000 1.0000000
0.9994488 -0.0316716 -0.0099491 55.2858353
0.0317655 0.9994508 0.0094275 1.6621754
0.0096450 -0.0097383 0.9999059 0.8438767
0.0000000 0.0000000 0.0000000 1.0000000
0.9994594 -0.0309309 -0.0111497 56.3613548
0.0310224 0.9994856 0.0081286 1.6981425
0.0108926 -0.0084701 0.9999046 0.8716206
0.0000000 0.0000000 0.0000000 1.0000000
0.9994605 -0.0315148 -0.0092525 57.4433975
0.0315839 0.9994735 0.0074258 1.7357702
0.0090136 -0.0077140 0.9999294 0.8976898
0.0000000 0.0000000 0.0000000 1.0000000
0.9995296 -0.0304941 -0.0032868 58.5310783
0.0305142 0.9995146 0.0062634 1.7717028
0.0030943 -0.0063607 0.9999748 0.9217333
0.0000000 0.0000000 0.0000000 1.0000000
0.9995081 -0.0312530 0.0026104 59.6261635
0.0312393 0.9994988 0.0051117 1.8080783
-0.0027688 -0.0050277 0.9999833 0.9422006
0.0000000 0.0000000 0.0000000 1.0000000
0.9995217 -0.0306623 0.0040397 60.7103424
0.0306486 0.9995243 0.0034194 1.8436797
-0.0041426 -0.0032940 0.9999858 0.9581974
0.0000000 0.0000000 0.0000000 1.0000000
0.9995567 -0.0297377 0.0015065 61.7959862
0.0297364 0.9995573 0.0008569 1.8756422
-0.0015313 -0.0008117 0.9999983 0.9732111
0.0000000 0.0000000 0.0000000 1.0000000
0.9995337 -0.0305202 -0.0009833 62.8757133
0.0305204 0.9995340 0.0001764 1.9112951
0.0009774 -0.0002064 0.9999993 0.9884443
0.0000000 0.0000000 0.0000000 1.0000000
0.9995482 -0.0296859 -0.0047183 63.9624710
0.0296975 0.9995559 0.0024199 1.9483339
0.0046444 -0.0025590 0.9999857 1.0062414
0.0000000 0.0000000 0.0000000 1.0000000
0.9995022 -0.0303017 -0.0087829 65.0409241
0.0303257 0.9995365 0.0026157 1.9889140
0.0086995 -0.0028807 0.9999577 1.0281978
0.0000000 0.0000000 0.0000000 1.0000000
0.9995206 -0.0295131 -0.0093595 66.1250305
0.0295674 0.9995463 0.0057111 2.0334136
0.0091867 -0.0059851 0.9999396 1.0492820
0.0000000 0.0000000 0.0000000 1.0000000
0.9995899 -0.0279103 -0.0064161 67.2209625
0.0279717 0.9995617 0.0096847 2.0779147
0.0061429 -0.0098602 0.9999322 1.0683281
0.0000000 0.0000000 0.0000000 1.0000000
0.9995912 -0.0283065 -0.0040367 68.3150940
0.0283488 0.9995393 0.0108304 2.1149278
0.0037283 -0.0109404 0.9999329 1.0918367
0.0000000 0.0000000 0.0000000 1.0000000
0.9995990 -0.0281160 -0.0033575 69.4136353
0.0281501 0.9995476 0.0105817 2.1510391
0.0030584 -0.0106719 0.9999381 1.1103413
0.0000000 0.0000000 0.0000000 1.0000000
0.9995949 -0.0283452 -0.0025578 70.5008698
0.0283679 0.9995538 0.0093428 2.1869555
0.0022918 -0.0094116 0.9999528 1.1311612
0.0000000 0.0000000 0.0000000 1.0000000
0.9995991 -0.0282832 -0.0013080 71.5961990
0.0282930 0.9995655 0.0082575 2.2220993
0.0010739 -0.0082912 0.9999648 1.1506848
0.0000000 0.0000000 0.0000000 1.0000000
0.9995798 -0.0289756 0.0007791 72.6819382
0.0289704 0.9995621 0.0060040 2.2561264
-0.0009527 -0.0059789 0.9999814 1.1679900
0.0000000 0.0000000 0.0000000 1.0000000
0.9995798 -0.0288694 0.0026077 73.7692947
0.0288577 0.9995736 0.0044287 2.2922385
-0.0027344 -0.0043516 0.9999865 1.1841462
0.0000000 0.0000000 0.0000000 1.0000000
0.9995753 -0.0290891 0.0017676 74.8485870
0.0290821 0.9995696 0.0038432 2.3233056
-0.0018786 -0.0037902 0.9999908 1.2024590
0.0000000 0.0000000 0.0000000 1.0000000
0.9995514 -0.0299141 -0.0015215 75.9243622
0.0299200 0.9995441 0.0040317 2.3601310
0.0014002 -0.0040754 0.9999904 1.2183262
0.0000000 0.0000000 0.0000000 1.0000000
0.9995397 -0.0301771 -0.0031154 76.9976959
0.0301931 0.9995306 0.0051909 2.3987434
0.0029573 -0.0052826 0.9999813 1.2371923
0.0000000 0.0000000 0.0000000 1.0000000
0.9995064 -0.0313756 -0.0016284 78.0782776
0.0313860 0.9994838 0.0068597 2.4397671
0.0014123 -0.0069074 0.9999748 1.2547826
0.0000000 0.0000000 0.0000000 1.0000000
0.9995001 -0.0315117 0.0025603 79.1508942
0.0314908 0.9994733 0.0078389 2.4808502
-0.0028060 -0.0077543 0.9999657 1.2725637
0.0000000 0.0000000 0.0000000 1.0000000
0.9994726 -0.0317580 0.0067787 80.2171860
0.0316972 0.9994580 0.0088977 2.5207429
-0.0070575 -0.0086782 0.9999371 1.2854556
0.0000000 0.0000000 0.0000000 1.0000000
0.9994498 -0.0322977 0.0075441 81.2851334
0.0322244 0.9994342 0.0096439 2.5652144
-0.0078513 -0.0093955 0.9999247 1.2962388
0.0000000 0.0000000 0.0000000 1.0000000
0.9994731 -0.0319248 0.0058639 82.3356094
0.0318656 0.9994429 0.0099282 2.6014571
-0.0061775 -0.0097361 0.9999332 1.3049905
0.0000000 0.0000000 0.0000000 1.0000000
0.9994370 -0.0331437 0.0052076 83.3911972
0.0330908 0.9994028 0.0099498 2.6403155
-0.0055342 -0.0097718 0.9999366 1.3178247
0.0000000 0.0000000 0.0000000 1.0000000
0.9994437 -0.0329596 0.0050956 84.4375458
0.0329082 0.9994097 0.0098604 2.6808727
-0.0054175 -0.0096873 0.9999381 1.3276989
0.0000000 0.0000000 0.0000000 1.0000000
0.9994052 -0.0340718 0.0053323 85.4624863
0.0340244 0.9993827 0.0087470 2.7187545
-0.0056270 -0.0085603 0.9999472 1.3434314
0.0000000 0.0000000 0.0000000 1.0000000
0.9993758 -0.0346465 0.0069047 86.4790421
0.0345892 0.9993675 0.0082553 2.7549145
-0.0071864 -0.0080114 0.9999418 1.3573508
0.0000000 0.0000000 0.0000000 1.0000000
0.9993565 -0.0346655 0.0092194 87.4627914
0.0345940 0.9993709 0.0078133 2.7924716
-0.0094844 -0.0074893 0.9999266 1.3688121
0.0000000 0.0000000 0.0000000 1.0000000
0.9992923 -0.0360770 0.0106555 88.4486465
0.0359987 0.9993241 0.0074544 2.8309488
-0.0109172 -0.0070655 0.9999151 1.3836641
0.0000000 0.0000000 0.0000000 1.0000000
0.9992405 -0.0373934 0.0109710 89.4053040
0.0373269 0.9992839 0.0062054 2.8681021
-0.0111952 -0.0057912 0.9999202 1.3948829
0.0000000 0.0000000 0.0000000 1.0000000
0.9991144 -0.0407292 0.0105655 90.3340225
0.0406723 0.9991572 0.0055470 2.9113705
-0.0107825 -0.0051123 0.9999285 1.4065357
0.0000000 0.0000000 0.0000000 1.0000000
0.9989878 -0.0438709 0.0099401 91.2443466
0.0438197 0.9990254 0.0053123 2.9585950
-0.0101635 -0.0048713 0.9999362 1.4144070
0.0000000 0.0000000 0.0000000 1.0000000
0.9988681 -0.0464746 0.0101318 92.1353226
0.0464245 0.9989087 0.0051315 3.0049405
-0.0103592 -0.0046553 0.9999352 1.4257802
0.0000000 0.0000000 0.0000000 1.0000000
0.9986735 -0.0502861 0.0110741 93.0019073
0.0502222 0.9987203 0.0059738 3.0523674
-0.0113604 -0.0054097 0.9999205 1.4349154
0.0000000 0.0000000 0.0000000 1.0000000
0.9985652 -0.0522667 0.0116564 93.8430786
0.0521837 0.9986108 0.0073186 3.1038547
-0.0120227 -0.0066998 0.9999050 1.4447819
0.0000000 0.0000000 0.0000000 1.0000000
0.9983509 -0.0558669 0.0132065 94.6583939
0.0557633 0.9984114 0.0080876 3.1532667
-0.0136373 -0.0073378 0.9998798 1.4533460
0.0000000 0.0000000 0.0000000 1.0000000
0.9982495 -0.0575297 0.0137210 95.4428024
0.0573988 0.9983038 0.0097456 3.2027278
-0.0142584 -0.0089410 0.9998581 1.4583930
0.0000000 0.0000000 0.0000000 1.0000000
0.9980588 -0.0606632 0.0140957 96.2014389
0.0605073 0.9981046 0.0112356 3.2588577
-0.0147506 -0.0103609 0.9998372 1.4650875
0.0000000 0.0000000 0.0000000 1.0000000
0.9979079 -0.0632347 0.0134671 96.9355011
0.0630661 0.9979299 0.0125985 3.3123965
-0.0142359 -0.0117228 0.9998296 1.4734451
0.0000000 0.0000000 0.0000000 1.0000000
0.9978532 -0.0648111 0.0094197 97.6310806
0.0646738 0.9978052 0.0142140 3.3633888
-0.0103202 -0.0135743 0.9998543 1.4799454
0.0000000 0.0000000 0.0000000 1.0000000
0.9976721 -0.0679556 0.0057006 98.2982483
0.0678524 0.9975559 0.0166828 3.4234149
-0.0068203 -0.0162572 0.9998443 1.4884031
0.0000000 0.0000000 0.0000000 1.0000000
0.9975957 -0.0692411 0.0029358 98.9256287
0.0691754 0.9974334 0.0184758 3.4724126
-0.0042076 -0.0182283 0.9998247 1.4944636
0.0000000 0.0000000 0.0000000 1.0000000
0.9974670 -0.0710950 0.0022811 99.5280762
0.0710345 0.9972681 0.0202611 3.5250895
-0.0037153 -0.0200477 0.9997918 1.5052596
0.0000000 0.0000000 0.0000000 1.0000000
0.9975232 -0.0702896 0.0026583 100.1138229
0.0702121 0.9972763 0.0225898 3.5748825
-0.0042389 -0.0223472 0.9997410 1.5164036
0.0000000 0.0000000 0.0000000 1.0000000
0.9977330 -0.0671599 0.0043186 100.6772766
0.0670255 0.9974111 0.0260506 3.6198175
-0.0060570 -0.0257021 0.9996510 1.5260193
0.0000000 0.0000000 0.0000000 1.0000000
0.9980389 -0.0623664 0.0053795 101.2149811
0.0621886 0.9976562 0.0285443 3.6628823
-0.0071471 -0.0281538 0.9995777 1.5339979
0.0000000 0.0000000 0.0000000 1.0000000
0.9984762 -0.0546942 0.0073509 101.7266464
0.0544587 0.9980910 0.0291308 3.6926012
-0.0089301 -0.0286861 0.9995483 1.5405107
0.0000000 0.0000000 0.0000000 1.0000000
0.9988953 -0.0459206 0.0099878 102.2217407
0.0456155 0.9985415 0.0288816 3.7189660
-0.0112995 -0.0283941 0.9995326 1.5463479
0.0000000 0.0000000 0.0000000 1.0000000
0.9993668 -0.0337238 0.0113573 102.6923981
0.0333950 0.9990503 0.0279895 3.7265515
-0.0122904 -0.0275925 0.9995434 1.5520576
0.0000000 0.0000000 0.0000000 1.0000000
0.9997140 -0.0208502 0.0117266 103.1451645
0.0205220 0.9994126 0.0274470 3.7343104
-0.0122919 -0.0271985 0.9995542 1.5593883
0.0000000 0.0000000 0.0000000 1.0000000
0.9999217 -0.0053590 0.0113163 103.5808716
0.0050510 0.9996207 0.0270736 3.7285929
-0.0114571 -0.0270143 0.9995691 1.5648396
0.0000000 0.0000000 0.0000000 1.0000000
0.9998848 0.0119621 0.0093612 103.9987946
-0.0122034 0.9995832 0.0261617 3.7221825
-0.0090443 -0.0262729 0.9996136 1.5740988
0.0000000 0.0000000 0.0000000 1.0000000
0.9994290 0.0332428 0.0060763 104.4058075
-0.0333882 0.9991131 0.0256542 3.6998539
-0.0052181 -0.0258424 0.9996521 1.5787591
0.0000000 0.0000000 0.0000000 1.0000000
0.9982987 0.0582808 0.0018403 104.8142242
-0.0583083 0.9980047 0.0242213 3.6666434
-0.0004250 -0.0242874 0.9997046 1.5841337
0.0000000 0.0000000 0.0000000 1.0000000
0.9963571 0.0852795 -0.0005265 105.2092056
-0.0852478 0.9961218 0.0217762 3.6199033
0.0023816 -0.0216520 0.9997624 1.5881592
0.0000000 0.0000000 0.0000000 1.0000000
0.9933662 0.1149922 -0.0008730 105.6003799
-0.1149532 0.9931780 0.0195787 3.5633368
0.0031184 -0.0193485 0.9998076 1.5947131
0.0000000 0.0000000 0.0000000 1.0000000
0.9891978 0.1465736 -0.0020678 105.9654388
-0.1465158 0.9890540 0.0174713 3.4960265
0.0046060 -0.0169796 0.9998449 1.6016515
0.0000000 0.0000000 0.0000000 1.0000000
0.9831980 0.1825096 -0.0035103 106.3455124
-0.1824395 0.9831055 0.0148121 3.4059019
0.0061543 -0.0139228 0.9998838 1.6088686
0.0000000 0.0000000 0.0000000 1.0000000
0.9753975 0.2204141 -0.0042043 106.7003708
-0.2203568 0.9753560 0.0111131 3.3042123
0.0065502 -0.0099133 0.9999291 1.6181679
0.0000000 0.0000000 0.0000000 1.0000000
0.9655528 0.2601657 -0.0046852 107.0587921
-0.2601167 0.9655345 0.0090756 3.1896307
0.0068848 -0.0075442 0.9999475 1.6291834
0.0000000 0.0000000 0.0000000 1.0000000
0.9534898 0.3013792 -0.0053001 107.3934402
-0.3013229 0.9534763 0.0093562 3.0713642
0.0078733 -0.0073240 0.9999419 1.6397206
0.0000000 0.0000000 0.0000000 1.0000000
0.9384294 0.3454382 -0.0048115 107.7257233
-0.3453687 0.9383985 0.0113439 2.9319887
0.0084338 -0.0089837 0.9999238 1.6430736
0.0000000 0.0000000 0.0000000 1.0000000
0.9208279 0.3899563 -0.0032272 108.0554199
-0.3899024 0.9207911 0.0109499 2.7740507
0.0072416 -0.0088247 0.9999346 1.6535172
0.0000000 0.0000000 0.0000000 1.0000000
0.9010350 0.4337424 -0.0019982 108.3672714
-0.4337009 0.9009968 0.0104053 2.6051569
0.0063136 -0.0085089 0.9999436 1.6582440
0.0000000 0.0000000 0.0000000 1.0000000
0.8780615 0.4785428 -0.0022795 108.6668930
-0.4785070 0.8780383 0.0089390 2.4153972
0.0062792 -0.0067582 0.9999571 1.6686158
0.0000000 0.0000000 0.0000000 1.0000000
0.8532070 0.5215611 -0.0034840 108.9430237
-0.5215181 0.8531951 0.0087762 2.2217176
0.0075498 -0.0056710 0.9999551 1.6798481
0.0000000 0.0000000 0.0000000 1.0000000
0.8257587 0.5639989 -0.0052995 109.2212830
-0.5639300 0.8257562 0.0104706 2.0095131
0.0102815 -0.0056576 0.9999309 1.6907640
0.0000000 0.0000000 0.0000000 1.0000000
0.7959438 0.6053325 -0.0068084 109.4799194
-0.6052029 0.7959375 0.0145889 1.7916704
0.0142502 -0.0074914 0.9998701 1.6980377
0.0000000 0.0000000 0.0000000 1.0000000
0.7626227 0.6468109 -0.0065270 109.7415848
-0.6465903 0.7625674 0.0202955 1.5518173
0.0181046 -0.0112575 0.9997724 1.7034225
0.0000000 0.0000000 0.0000000 1.0000000
0.7262364 0.6874231 -0.0055263 109.9887466
-0.6871125 0.7261115 0.0252662 1.3006603
0.0213813 -0.0145521 0.9996652 1.7050599
0.0000000 0.0000000 0.0000000 1.0000000
0.6870958 0.7265439 -0.0057954 110.2179108
-0.7262244 0.6869949 0.0252200 1.0280795
0.0223048 -0.0131197 0.9996648 1.7132827
0.0000000 0.0000000 0.0000000 1.0000000
0.6460894 0.7632406 -0.0057048 110.4359818
-0.7629853 0.6460384 0.0220868 0.7306712
0.0205431 -0.0099173 0.9997395 1.7288332
0.0000000 0.0000000 0.0000000 1.0000000
0.6031489 0.7976170 -0.0043277 110.6310577
-0.7974103 0.6031018 0.0201222 0.4249293
0.0186599 -0.0086857 0.9997879 1.7321723
0.0000000 0.0000000 0.0000000 1.0000000
0.5572675 0.8303305 -0.0021345 110.8230209
-0.8301718 0.5572080 0.0182774 0.1036079
0.0163657 -0.0084134 0.9998304 1.7423509
0.0000000 0.0000000 0.0000000 1.0000000
0.5098522 0.8602620 -0.0006681 110.9919281
-0.8601416 0.5097936 0.0163356 -0.2284457
0.0143935 -0.0077541 0.9998660 1.7480214
0.0000000 0.0000000 0.0000000 1.0000000
0.4592702 0.8882968 -0.0000078 111.1511993
-0.8882433 0.4592426 0.0109630 -0.5838700
0.0097420 -0.0050280 0.9999396 1.7676805
0.0000000 0.0000000 0.0000000 1.0000000
0.4083539 0.9128169 0.0035792 111.2888412
-0.9127808 0.4082935 0.0112994 -0.9339485
0.0088530 -0.0078812 0.9999294 1.7742685
0.0000000 0.0000000 0.0000000 1.0000000
0.3572441 0.9339887 0.0064864 111.4123917
-0.9339377 0.3571202 0.0150226 -1.3048156
0.0117145 -0.0114247 0.9998658 1.7847052
0.0000000 0.0000000 0.0000000 1.0000000
0.3069616 0.9516828 0.0086510 111.5252762
-0.9515724 0.3067394 0.0205197 -1.6925716
0.0168746 -0.0145308 0.9997517 1.7900372
0.0000000 0.0000000 0.0000000 1.0000000
0.2609340 0.9653273 0.0075576 111.6125870
-0.9651636 0.2607172 0.0220401 -2.0867379
0.0193055 -0.0130454 0.9997282 1.7946687
0.0000000 0.0000000 0.0000000 1.0000000
0.2185321 0.9758287 0.0015604 111.6876373
-0.9756199 0.2184516 0.0210937 -2.5062943
0.0202429 -0.0061320 0.9997759 1.8057498
0.0000000 0.0000000 0.0000000 1.0000000
0.1839331 0.9829230 -0.0056086 111.7395401
-0.9827199 0.1840095 0.0200552 -2.9327686
0.0207447 0.0018229 0.9997828 1.8138697
0.0000000 0.0000000 0.0000000 1.0000000
0.1523098 0.9882962 -0.0085274 111.7965469
-0.9881026 0.1524548 0.0202705 -3.3812118
0.0213333 0.0053386 0.9997578 1.8263174
0.0000000 0.0000000 0.0000000 1.0000000
0.1249651 0.9921451 -0.0056700 111.8507385
-0.9919772 0.1250499 0.0185454 -3.8435757
0.0191088 0.0033070 0.9998116 1.8377314
0.0000000 0.0000000 0.0000000 1.0000000
0.0995926 0.9950281 0.0007935 111.9037018
-0.9949133 0.0995689 0.0152819 -4.3266163
0.0151269 -0.0023114 0.9998826 1.8416208
0.0000000 0.0000000 0.0000000 1.0000000
0.0750704 0.9971540 0.0069766 111.9488602
-0.9971132 0.0749836 0.0119524 -4.8277545
0.0113953 -0.0078537 0.9999039 1.8493640
0.0000000 0.0000000 0.0000000 1.0000000
0.0529966 0.9985892 0.0033500 111.9607239
-0.9985566 0.0529649 0.0089171 -5.3440580
0.0087271 -0.0038178 0.9999543 1.8629305
0.0000000 0.0000000 0.0000000 1.0000000
0.0327115 0.9994605 -0.0030049 111.9584656
-0.9994240 0.0327372 0.0089398 -5.8805170
0.0090333 0.0027107 0.9999552 1.8772031
0.0000000 0.0000000 0.0000000 1.0000000
0.0144645 0.9998606 -0.0083590 111.9557343
-0.9998329 0.0145565 0.0110656 -6.4306865
0.0111857 0.0081975 0.9999036 1.8905528
0.0000000 0.0000000 0.0000000 1.0000000
0.0007196 0.9999665 -0.0081686 111.9543686
-0.9998710 0.0008505 0.0160405 -7.0017271
0.0160469 0.0081560 0.9998377 1.8942791
0.0000000 0.0000000 0.0000000 1.0000000
-0.0112061 0.9999294 -0.0039756 111.9568939
-0.9997213 -0.0111210 0.0208276 -7.6013250
0.0207819 0.0042079 0.9997749 1.8960823
0.0000000 0.0000000 0.0000000 1.0000000
-0.0170262 0.9998407 -0.0053743 111.9450302
-0.9996428 -0.0169116 0.0206977 -8.2233086
0.0206035 0.0057247 0.9997711 1.9065441
0.0000000 0.0000000 0.0000000 1.0000000
-0.0201705 0.9997314 -0.0114238 111.9255371
-0.9996533 -0.0199728 0.0171583 -8.8609581
0.0169255 0.0117659 0.9997873 1.9289114
0.0000000 0.0000000 0.0000000 1.0000000
-0.0206143 0.9997051 -0.0128478 111.9125900
-0.9996720 -0.0204149 0.0154669 -9.5181932
0.0152000 0.0131624 0.9997976 1.9415753
0.0000000 0.0000000 0.0000000 1.0000000
-0.0188956 0.9997483 -0.0121063 111.9065399
-0.9997129 -0.0187137 0.0149695 -10.2037868
0.0147391 0.0123857 0.9998144 1.9593686
0.0000000 0.0000000 0.0000000 1.0000000
-0.0174362 0.9998115 -0.0085529 111.9047012
-0.9997309 -0.0173026 0.0154528 -10.8870029
0.0153018 0.0088200 0.9998438 1.9671631
0.0000000 0.0000000 0.0000000 1.0000000
-0.0159757 0.9998489 -0.0068736 111.8997269
-0.9997470 -0.0158644 0.0159486 -11.6105118
0.0158371 0.0071266 0.9998490 1.9851805
0.0000000 0.0000000 0.0000000 1.0000000
-0.0152621 0.9998568 -0.0073369 111.8914948
-0.9997449 -0.0151374 0.0167680 -12.3482447
0.0166546 0.0075910 0.9998323 2.0003743
0.0000000 0.0000000 0.0000000 1.0000000
-0.0145539 0.9998711 -0.0067960 111.8838120
-0.9997630 -0.0144416 0.0162993 -13.0885038
0.0161990 0.0070316 0.9998438 2.0205352
0.0000000 0.0000000 0.0000000 1.0000000
-0.0135572 0.9998913 -0.0058213 111.8834457
-0.9997909 -0.0134662 0.0153951 -13.8505774
0.0153150 0.0060288 0.9998643 2.0331714
0.0000000 0.0000000 0.0000000 1.0000000
-0.0132875 0.9998903 -0.0065601 111.8740387
-0.9998068 -0.0131907 0.0145841 -14.6277189
0.0144960 0.0067526 0.9998719 2.0510752
0.0000000 0.0000000 0.0000000 1.0000000
-0.0136073 0.9998903 -0.0058823 111.8675995
-0.9998328 -0.0135342 0.0123072 -15.4139509
0.0122263 0.0060488 0.9999067 2.0734556
0.0000000 0.0000000 0.0000000 1.0000000
-0.0145677 0.9998851 -0.0042331 111.8653641
-0.9998311 -0.0145192 0.0112817 -16.2088318
0.0112189 0.0043967 0.9999272 2.0897293
0.0000000 0.0000000 0.0000000 1.0000000
-0.0165710 0.9998584 -0.0029743 111.8605194
-0.9998093 -0.0165393 0.0103990 -17.0036926
0.0103483 0.0031460 0.9999413 2.1061821
0.0000000 0.0000000 0.0000000 1.0000000
-0.0171319 0.9998408 -0.0050215 111.8465195
-0.9998274 -0.0170951 0.0072989 -17.8143387
0.0072118 0.0051456 0.9999605 2.1272304
0.0000000 0.0000000 0.0000000 1.0000000
-0.0185283 0.9998130 -0.0055745 111.8343658
-0.9998165 -0.0185005 0.0050071 -18.6113415
0.0049030 0.0056663 0.9999717 2.1457090
0.0000000 0.0000000 0.0000000 1.0000000
-0.0194643 0.9998023 -0.0041043 111.8259964
-0.9998009 -0.0194457 0.0045190 -19.4372425
0.0044383 0.0041914 0.9999811 2.1598558
0.0000000 0.0000000 0.0000000 1.0000000
-0.0206147 0.9997876 -0.0004665 111.8181076
-0.9997537 -0.0206102 0.0082557 -20.2582684
0.0082444 0.0006365 0.9999655 2.1751814
0.0000000 0.0000000 0.0000000 1.0000000
-0.0218870 0.9997606 0.0001322 111.8058624
-0.9996822 -0.0218870 0.0125231 -21.0831223
0.0125230 0.0001420 0.9999213 2.1917028
0.0000000 0.0000000 0.0000000 1.0000000
-0.0227787 0.9997407 0.0000953 111.7926178
-0.9996424 -0.0227779 0.0140217 -21.9239941
0.0140202 0.0002241 0.9999014 2.2146244
0.0000000 0.0000000 0.0000000 1.0000000
-0.0244747 0.9996942 0.0035983 111.7815552
-0.9996329 -0.0245148 0.0115519 -22.7588024
0.0116365 -0.0033142 0.9999265 2.2322619
0.0000000 0.0000000 0.0000000 1.0000000
-0.0249190 0.9996697 0.0063150 111.7709122
-0.9996628 -0.0249641 0.0071654 -23.6157799
0.0073207 -0.0061343 0.9999541 2.2537658
0.0000000 0.0000000 0.0000000 1.0000000
-0.0254324 0.9996521 0.0070228 111.7544937
-0.9996744 -0.0254466 0.0019437 -24.4608974
0.0021217 -0.0069711 0.9999732 2.2727005
0.0000000 0.0000000 0.0000000 1.0000000
-0.0253670 0.9996225 0.0105794 111.7444763
-0.9996717 -0.0253269 -0.0039126 -25.3120518
-0.0036432 -0.0106752 0.9999361 2.2849448
0.0000000 0.0000000 0.0000000 1.0000000
-0.0254646 0.9995953 0.0126963 111.7329559
-0.9996642 -0.0254011 -0.0051419 -26.1619034
-0.0048173 -0.0128230 0.9999059 2.2960567
0.0000000 0.0000000 0.0000000 1.0000000
-0.0250286 0.9996367 0.0100313 111.7135544
-0.9996864 -0.0250371 0.0007195 -26.9896412
0.0009704 -0.0100101 0.9999492 2.3165042
0.0000000 0.0000000 0.0000000 1.0000000
-0.0240644 0.9996744 0.0085074 111.6960602
-0.9996531 -0.0241534 0.0105144 -27.8128853
0.0107164 -0.0082515 0.9999083 2.3342032
0.0000000 0.0000000 0.0000000 1.0000000
-0.0235485 0.9996995 0.0068463 111.6790543
-0.9995999 -0.0236525 0.0155209 -28.6415234
0.0156781 -0.0064780 0.9998558 2.3482437
0.0000000 0.0000000 0.0000000 1.0000000
-0.0219899 0.9997451 0.0051498 111.6614227
-0.9997047 -0.0220419 0.0102495 -29.4760132
0.0103604 -0.0049229 0.9999339 2.3657944
0.0000000 0.0000000 0.0000000 1.0000000
-0.0207809 0.9997833 0.0014112 111.6449432
-0.9997811 -0.0207843 0.0024568 -30.3091106
0.0024856 -0.0013598 0.9999956 2.3878450
0.0000000 0.0000000 0.0000000 1.0000000
-0.0212318 0.9997748 -0.0001949 111.6306458
-0.9997743 -0.0212320 -0.0009372 -31.1342850
-0.0009411 0.0001749 0.9999992 2.4074101
0.0000000 0.0000000 0.0000000 1.0000000
-0.0206098 0.9997866 0.0015178 111.6222153
-0.9997870 -0.0206080 -0.0011938 -31.9555416
-0.0011623 -0.0015420 0.9999978 2.4229841
0.0000000 0.0000000 0.0000000 1.0000000
-0.0229029 0.9997278 0.0044738 111.6130524
-0.9997374 -0.0228989 -0.0009386 -32.7734871
-0.0008359 -0.0044941 0.9999892 2.4338059
0.0000000 0.0000000 0.0000000 1.0000000
-0.0236985 0.9996941 0.0070988 111.6043167
-0.9997187 -0.0236903 -0.0012438 -33.5895729
-0.0010752 -0.0071262 0.9999737 2.4488893
0.0000000 0.0000000 0.0000000 1.0000000
-0.0265637 0.9996224 0.0070511 111.5848846
-0.9996466 -0.0265553 -0.0012910 -34.4025154
-0.0011032 -0.0070829 0.9999740 2.4617736
0.0000000 0.0000000 0.0000000 1.0000000
-0.0278667 0.9995815 0.0077908 111.5686264
-0.9996110 -0.0278564 -0.0014403 -35.2149506
-0.0012226 -0.0078279 0.9999683 2.4772782
0.0000000 0.0000000 0.0000000 1.0000000
-0.0301240 0.9995028 0.0093349 111.5521317
-0.9995459 -0.0301156 -0.0010402 -36.0211792
-0.0007586 -0.0093620 0.9999555 2.4887626
0.0000000 0.0000000 0.0000000 1.0000000
-0.0331114 0.9993953 0.0106330 111.5322876
-0.9994509 -0.0330960 -0.0016164 -36.8247528
-0.0012635 -0.0106807 0.9999418 2.5009751
0.0000000 0.0000000 0.0000000 1.0000000
-0.0346745 0.9993452 0.0103497 111.5102158
-0.9993964 -0.0346501 -0.0025290 -37.6193619
-0.0021687 -0.0104312 0.9999429 2.5159769
0.0000000 0.0000000 0.0000000 1.0000000
-0.0376147 0.9992396 0.0102871 111.4846802
-0.9992902 -0.0375907 -0.0025119 -38.4101639
-0.0021233 -0.0103743 0.9999436 2.5309024
0.0000000 0.0000000 0.0000000 1.0000000
-0.0387983 0.9991922 0.0104890 111.4610443
-0.9992460 -0.0387800 -0.0019451 -39.1918831
-0.0015368 -0.0105566 0.9999428 2.5440111
0.0000000 0.0000000 0.0000000 1.0000000
-0.0407461 0.9991148 0.0104755 111.4327240
-0.9991690 -0.0407320 -0.0015583 -39.9786072
-0.0011303 -0.0105303 0.9999436 2.5525985
0.0000000 0.0000000 0.0000000 1.0000000
-0.0416096 0.9990928 0.0090846 111.3986511
-0.9991296 -0.0415806 -0.0033574 -40.7504158
-0.0029766 -0.0092164 0.9999528 2.5669255
0.0000000 0.0000000 0.0000000 1.0000000
-0.0429598 0.9990411 0.0084702 111.3674164
-0.9990704 -0.0429275 -0.0039587 -41.5222206
-0.0035913 -0.0086324 0.9999560 2.5784426
0.0000000 0.0000000 0.0000000 1.0000000
-0.0450601 0.9989454 0.0088363 111.3387146
-0.9989755 -0.0450208 -0.0045956 -42.2868652
-0.0041929 -0.0090343 0.9999501 2.5917516
0.0000000 0.0000000 0.0000000 1.0000000
-0.0460946 0.9988863 0.0100868 111.3087311
-0.9989251 -0.0460424 -0.0053582 -43.0389366
-0.0048878 -0.0103230 0.9999345 2.6009827
0.0000000 0.0000000 0.0000000 1.0000000
-0.0477227 0.9988065 0.0104061 111.2784424
-0.9988432 -0.0476577 -0.0064131 -43.7751083
-0.0059095 -0.0107001 0.9999250 2.6095715
0.0000000 0.0000000 0.0000000 1.0000000
-0.0481568 0.9987880 0.0101822 111.2481003
-0.9988209 -0.0480906 -0.0066530 -44.4958038
-0.0061553 -0.0104906 0.9999257 2.6222720
0.0000000 0.0000000 0.0000000 1.0000000
-0.0490412 0.9987392 0.0107305 111.2170029
-0.9987909 -0.0490009 -0.0039906 -45.2068405
-0.0034598 -0.0109132 0.9999342 2.6310866
0.0000000 0.0000000 0.0000000 1.0000000
-0.0488354 0.9987481 0.0108451 111.1850128
-0.9988062 -0.0488191 -0.0017705 -45.9112587
-0.0012388 -0.0109186 0.9999394 2.6445553
0.0000000 0.0000000 0.0000000 1.0000000
-0.0491099 0.9987130 0.0126773 111.1544495
-0.9987932 -0.0491159 0.0001530 -46.6070213
0.0007755 -0.0126545 0.9999194 2.6544831
0.0000000 0.0000000 0.0000000 1.0000000
-0.0502090 0.9986661 0.0120520 111.1243973
-0.9987381 -0.0502204 0.0006392 -47.3124161
0.0012436 -0.0120046 0.9999269 2.6662281
0.0000000 0.0000000 0.0000000 1.0000000
-0.0500076 0.9986917 0.0106872 111.0910492
-0.9987482 -0.0500180 0.0007008 -47.9978218
0.0012345 -0.0106388 0.9999424 2.6794763
0.0000000 0.0000000 0.0000000 1.0000000
-0.0511489 0.9986408 0.0100297 111.0604172
-0.9986911 -0.0511495 -0.0002012 -48.6892242
0.0003120 -0.0100268 0.9999495 2.6967835
0.0000000 0.0000000 0.0000000 1.0000000
-0.0514326 0.9985796 0.0139154 111.0338211
-0.9986762 -0.0514398 0.0001574 -49.3737259
0.0008729 -0.0138889 0.9999030 2.7017758
0.0000000 0.0000000 0.0000000 1.0000000
-0.0522561 0.9985029 0.0161722 111.0066147
-0.9986328 -0.0522722 0.0005762 -50.0606613
0.0014207 -0.0161200 0.9998689 2.7147026
0.0000000 0.0000000 0.0000000 1.0000000
-0.0521963 0.9985328 0.0144223 110.9712448
-0.9986369 -0.0521864 -0.0010666 -50.7375450
-0.0003123 -0.0144583 0.9998952 2.7284441
0.0000000 0.0000000 0.0000000 1.0000000
-0.0539460 0.9984356 0.0147132 110.9380646
-0.9985433 -0.0539237 -0.0019055 -51.4133987
-0.0011091 -0.0147946 0.9998897 2.7378900
0.0000000 0.0000000 0.0000000 1.0000000
-0.0579790 0.9981700 0.0171817 110.9058304
-0.9983169 -0.0579458 -0.0024303 -52.1027298
-0.0014303 -0.0172937 0.9998492 2.7504587
0.0000000 0.0000000 0.0000000 1.0000000
-0.0629139 0.9978287 0.0194914 110.8735275
-0.9980187 -0.0628846 -0.0021145 -52.7722206
-0.0008842 -0.0195858 0.9998075 2.7574825
0.0000000 0.0000000 0.0000000 1.0000000
-0.0695499 0.9974319 0.0171033 110.8237686
-0.9975768 -0.0695720 0.0006961 -53.4479980
0.0018842 -0.0170134 0.9998533 2.7716334
0.0000000 0.0000000 0.0000000 1.0000000
-0.0761691 0.9969645 0.0161253 110.7707138
-0.9970850 -0.0762312 0.0032690 -54.1104546
0.0044883 -0.0158293 0.9998644 2.7836080
0.0000000 0.0000000 0.0000000 1.0000000
-0.0839940 0.9963301 0.0164713 110.7156830
-0.9964497 -0.0840769 0.0044026 -54.7944641
0.0057713 -0.0160431 0.9998544 2.7969525
0.0000000 0.0000000 0.0000000 1.0000000
-0.0900730 0.9957356 0.0199397 110.6614151
-0.9959207 -0.0901621 0.0036119 -55.4695702
0.0053943 -0.0195330 0.9997944 2.8096786
0.0000000 0.0000000 0.0000000 1.0000000
-0.0960204 0.9951892 0.0194594 110.5972519
-0.9953709 -0.0960824 0.0022732 -56.1484032
0.0041320 -0.0191510 0.9998078 2.8243914
0.0000000 0.0000000 0.0000000 1.0000000
-0.1009558 0.9946493 0.0219265 110.5315018
-0.9948808 -0.1010302 0.0023078 -56.8483429
0.0045106 -0.0215812 0.9997567 2.8372974
0.0000000 0.0000000 0.0000000 1.0000000
-0.1051687 0.9941432 0.0248749 110.4680328
-0.9944448 -0.1052452 0.0017781 -57.5366173
0.0043857 -0.0245497 0.9996887 2.8432488
0.0000000 0.0000000 0.0000000 1.0000000
-0.1083869 0.9938338 0.0233784 110.3934631
-0.9941063 -0.1084109 -0.0002469 -58.2417908
0.0022891 -0.0232673 0.9997264 2.8529267
0.0000000 0.0000000 0.0000000 1.0000000
-0.1103116 0.9936650 0.0214745 110.3181229
-0.9938961 -0.1102534 -0.0038810 -58.9504089
-0.0014888 -0.0217715 0.9997616 2.8653796
0.0000000 0.0000000 0.0000000 1.0000000
-0.1126161 0.9933917 0.0221489 110.2394028
-0.9936300 -0.1124938 -0.0066970 -59.6735649
-0.0041611 -0.0227619 0.9997320 2.8744602
0.0000000 0.0000000 0.0000000 1.0000000
-0.1138656 0.9932379 0.0226543 110.1646042
-0.9934837 -0.1137195 -0.0076435 -60.3848572
-0.0050156 -0.0233770 0.9997139 2.8829942
0.0000000 0.0000000 0.0000000 1.0000000
-0.1145990 0.9931774 0.0215811 110.0856247
-0.9934100 -0.1145281 -0.0044991 -61.1159363
-0.0019968 -0.0219544 0.9997568 2.8913376
0.0000000 0.0000000 0.0000000 1.0000000
-0.1151218 0.9932253 0.0158264 109.9932556
-0.9933506 -0.1151293 -0.0004426 -61.8532410
0.0013825 -0.0157721 0.9998744 2.8971760
0.0000000 0.0000000 0.0000000 1.0000000
-0.1161979 0.9931784 0.0097348 109.8994980
-0.9932147 -0.1162383 0.0036766 -62.5823936
0.0047830 -0.0092415 0.9999456 2.9121721
0.0000000 0.0000000 0.0000000 1.0000000
-0.1179076 0.9929826 0.0091357 109.8111267
-0.9930086 -0.1179532 0.0046083 -63.3306694
0.0056535 -0.0085285 0.9999474 2.9180598
0.0000000 0.0000000 0.0000000 1.0000000
-0.1187867 0.9928707 0.0098776 109.7296219
-0.9929131 -0.1188171 0.0025427 -64.0694046
0.0036982 -0.0095056 0.9999478 2.9296291
0.0000000 0.0000000 0.0000000 1.0000000
-0.1189967 0.9928597 0.0083399 109.6431351
-0.9928944 -0.1189842 -0.0019861 -64.8143692
-0.0009796 -0.0085169 0.9999630 2.9388578
0.0000000 0.0000000 0.0000000 1.0000000
-0.1196294 0.9928119 0.0036846 109.5491409
-0.9928117 -0.1196138 -0.0042163 -65.5712051
-0.0037452 -0.0041625 0.9999841 2.9540458
0.0000000 0.0000000 0.0000000 1.0000000
-0.1201161 0.9927595 0.0009368 109.4631958
-0.9927520 -0.1201114 -0.0041338 -66.3103180
-0.0039914 -0.0014265 0.9999908 2.9648726
0.0000000 0.0000000 0.0000000 1.0000000
-0.1226607 0.9924423 0.0035715 109.3790359
-0.9924423 -0.1226461 -0.0040758 -67.0496826
-0.0036069 -0.0040444 0.9999851 2.9725554
0.0000000 0.0000000 0.0000000 1.0000000
-0.1245437 0.9922068 0.0038514 109.2904129
-0.9922095 -0.1245300 -0.0036140 -67.7898636
-0.0031062 -0.0042715 0.9999858 2.9819615
0.0000000 0.0000000 0.0000000 1.0000000
-0.1271877 0.9918715 0.0037989 109.1968231
-0.9918751 -0.1271757 -0.0032610 -68.5397644
-0.0027514 -0.0041828 0.9999872 2.9878662
0.0000000 0.0000000 0.0000000 1.0000000
-0.1290268 0.9916375 0.0027158 109.1022491
-0.9916360 -0.1290167 -0.0036393 -69.2704620
-0.0032585 -0.0031626 0.9999894 2.9985528
0.0000000 0.0000000 0.0000000 1.0000000
-0.1312396 0.9913427 0.0040052 109.0062561
-0.9913448 -0.1312236 -0.0040379 -70.0150833
-0.0034774 -0.0045004 0.9999836 3.0032446
0.0000000 0.0000000 0.0000000 1.0000000
-0.1332810 0.9910656 0.0050213 108.9108353
-0.9910745 -0.1332644 -0.0035262 -70.7711029
-0.0028255 -0.0054465 0.9999810 3.0087166
0.0000000 0.0000000 0.0000000 1.0000000
