1.0000000 0.0000000 0.0000000 0.0000000
0.0000000 1.0000000 0.0000000 0.0000000
0.0000000 0.0000000 1.0000000 0.0000000
0.0000000 0.0000000 0.0000000 1.0000000
0.9999984 0.0017720 -0.0003372 0.8123515
-0.0017717 0.9999981 0.0007920 0.0062451
0.0003386 -0.0007914 0.9999996 0.0130370
0.0000000 0.0000000 0.0000000 1.0000000
0.9999936 0.0035664 -0.0003546 1.9997592
-0.0035659 0.9999927 0.0013852 0.0055740
0.0003595 -0.0013839 0.9999990 0.0286462
0.0000000 0.0000000 0.0000000 1.0000000
0.9999891 0.0046791 -0.0000628 3.1909611
-0.0046790 0.9999883 0.0012285 0.0067949
0.0000685 -0.0012282 0.9999992 0.0461720
0.0000000 0.0000000 0.0000000 1.0000000
0.9999857 0.0053580 0.0001067 4.3911395
-0.0053582 0.9999850 0.0011384 0.0065371
-0.0001006 -0.0011390 0.9999993 0.0653583
0.0000000 0.0000000 0.0000000 1.0000000
0.9999785 0.0065704 0.0000214 5.5943308
-0.0065705 0.9999777 0.0011747 0.0047142
-0.0000137 -0.0011748 0.9999993 0.0809893
0.0000000 0.0000000 0.0000000 1.0000000
0.9999726 0.0074081 -0.0003532 6.7914023
-0.0074077 0.9999719 0.0011471 0.0074480
0.0003617 -0.0011444 0.9999992 0.1022746
0.0000000 0.0000000 0.0000000 1.0000000
0.9999688 0.0078914 -0.0005625 7.9808731
-0.0078908 0.9999682 0.0011578 -0.0019229
0.0005716 -0.0011533 0.9999991 0.1186986
0.0000000 0.0000000 0.0000000 1.0000000
0.9999688 0.0078995 0.0004775 9.1815538
-0.0079001 0.9999680 0.0012221 -0.0057313
-0.0004678 -0.0012259 0.9999990 0.1368857
0.0000000 0.0000000 0.0000000 1.0000000
0.9999765 0.0068111 0.0008594 10.3855791
-0.0068117 0.9999765 0.0006755 -0.0028979
-0.0008548 -0.0006814 0.9999993 0.1540792
0.0000000 0.0000000 0.0000000 1.0000000
0.9999894 0.0045800 0.0004832 11.5743532
-0.0045799 0.9999894 -0.0002084 -0.0081949
-0.0004842 0.0002062 0.9999998 0.1734642
0.0000000 0.0000000 0.0000000 1.0000000
0.9999968 0.0025578 0.0002358 12.7692118
-0.0025578 0.9999967 -0.0001176 -0.0046194
-0.0002361 0.0001170 0.9999999 0.1907264
0.0000000 0.0000000 0.0000000 1.0000000
0.9999990 0.0014001 0.0003642 13.9571753
-0.0014002 0.9999989 0.0003808 0.0004125
-0.0003636 -0.0003813 0.9999998 0.2115406
0.0000000 0.0000000 0.0000000 1.0000000
0.9999999 0.0002064 0.0005523 15.1506233
-0.0002076 0.9999977 0.0020907 0.0075283
-0.0005518 -0.0020908 0.9999976 0.2286007
0.0000000 0.0000000 0.0000000 1.0000000
0.9999999 0.0005094 0.0004978 16.3452835
-0.0005102 0.9999986 0.0015697 0.0141407
-0.0004970 -0.0015700 0.9999985 0.2465993
0.0000000 0.0000000 0.0000000 1.0000000
0.9999992 0.0010123 0.0009176 17.5288296
-0.0010133 0.9999988 0.0011088 0.0215392
-0.0009164 -0.0011097 0.9999988 0.2651074
0.0000000 0.0000000 0.0000000 1.0000000
0.9999993 -0.0000748 0.0013243 18.7299442
0.0000730 0.9999990 0.0013947 0.0273534
-0.0013244 -0.0013946 0.9999980 0.2827953
0.0000000 0.0000000 0.0000000 1.0000000
1.0000001 0.0001223 0.0003408 19.9131012
-0.0001228 0.9999992 0.0012647 0.0350206
-0.0003406 -0.0012647 0.9999990 0.2998301
0.0000000 0.0000000 0.0000000 1.0000000
0.9999991 -0.0014553 -0.0002543 21.1095181
0.0014556 0.9999983 0.0010916 0.0421543
0.0002527 -0.0010920 0.9999992 0.3161827
0.0000000 0.0000000 0.0000000 1.0000000
0.9999980 -0.0020623 0.0003850 22.3097115
0.0020618 0.9999968 0.0014221 0.0517980
-0.0003879 -0.0014213 0.9999987 0.3344506
0.0000000 0.0000000 0.0000000 1.0000000
0.9999971 -0.0024392 0.0004964 23.5106182
0.0024385 0.9999959 0.0014903 0.0608061
-0.0005001 -0.0014891 0.9999986 0.3514058
0.0000000 0.0000000 0.0000000 1.0000000
0.9999930 -0.0037893 -0.0000262 24.7066326
0.0037893 0.9999918 0.0014034 0.0708305
0.0000209 -0.0014035 0.9999989 0.3699827
0.0000000 0.0000000 0.0000000 1.0000000
0.9999930 -0.0037921 0.0003833 25.9011803
0.0037915 0.9999916 0.0015409 0.0857320
-0.0003891 -0.0015395 0.9999986 0.3855683
0.0000000 0.0000000 0.0000000 1.0000000
0.9999871 -0.0048403 0.0016577 27.0946941
0.0048398 0.9999882 0.0002818 0.0952875
-0.0016591 -0.0002738 0.9999984 0.4014744
0.0000000 0.0000000 0.0000000 1.0000000
0.9999819 -0.0057093 0.0019805 28.2819309
0.0057094 0.9999837 -0.0000565 0.1060231
-0.0019801 0.0000678 0.9999979 0.4193183
0.0000000 0.0000000 0.0000000 1.0000000
0.9999843 -0.0055242 0.0011589 29.4773693
0.0055247 0.9999846 -0.0004896 0.1124441
-0.0011562 0.0004960 0.9999990 0.4347353
0.0000000 0.0000000 0.0000000 1.0000000
0.9999737 -0.0072661 0.0004531 30.6767712
0.0072665 0.9999733 -0.0006916 0.1238929
-0.0004480 0.0006949 0.9999995 0.4516397
0.0000000 0.0000000 0.0000000 1.0000000
0.9999724 -0.0074542 0.0003014 31.8643284
0.0074543 0.9999721 -0.0002728 0.1425642
-0.0002993 0.0002751 0.9999998 0.4668136
0.0000000 0.0000000 0.0000000 1.0000000
0.9999621 -0.0087128 0.0006276 33.0664597
0.0087131 0.9999619 -0.0004692 0.1552697
-0.0006235 0.0004746 0.9999995 0.4863175
0.0000000 0.0000000 0.0000000 1.0000000
0.9999551 -0.0094622 0.0008186 34.2706947
0.0094631 0.9999546 -0.0010908 0.1714885
-0.0008083 0.0010985 0.9999989 0.5015046
0.0000000 0.0000000 0.0000000 1.0000000
0.9999570 -0.0092560 0.0009157 35.4523392
0.0092576 0.9999555 -0.0017930 0.1885553
-0.0008991 0.0018014 0.9999979 0.5217695
0.0000000 0.0000000 0.0000000 1.0000000
0.9999487 -0.0101313 0.0005324 36.6595573
0.0101320 0.9999477 -0.0013580 0.2104036
-0.0005186 0.0013633 0.9999988 0.5357084
0.0000000 0.0000000 0.0000000 1.0000000
0.9999545 -0.0094862 0.0011647 37.8501587
0.0094888 0.9999524 -0.0022400 0.2246068
-0.0011434 0.0022509 0.9999967 0.5556703
0.0000000 0.0000000 0.0000000 1.0000000
0.9999482 -0.0099864 0.0020634 39.0456886
0.0099904 0.9999481 -0.0019272 0.2411248
-0.0020440 0.0019477 0.9999959 0.5699477
0.0000000 0.0000000 0.0000000 1.0000000
0.9999500 -0.0096065 0.0028453 40.2352600
0.0096104 0.9999528 -0.0013640 0.2566189
-0.0028321 0.0013913 0.9999949 0.5864990
0.0000000 0.0000000 0.0000000 1.0000000
0.9999580 -0.0087851 0.0026787 41.4145889
0.0087869 0.9999611 -0.0006745 0.2715963
-0.0026726 0.0006980 0.9999961 0.6021058
0.0000000 0.0000000 0.0000000 1.0000000
0.9999547 -0.0091017 0.0028420 42.6161346
0.0091002 0.9999583 0.0005421 0.2908833
-0.0028468 -0.0005162 0.9999957 0.6192541
0.0000000 0.0000000 0.0000000 1.0000000
0.9999614 -0.0076942 0.0042788 43.8031654
0.0076814 0.9999658 0.0030073 0.3086033
-0.0043018 -0.0029743 0.9999862 0.6294333
0.0000000 0.0000000 0.0000000 1.0000000
0.9999486 -0.0071982 0.0071655 45.0081825
0.0071752 0.9999689 0.0032357 0.3258266
-0.0071885 -0.0031841 0.9999690 0.6433462
0.0000000 0.0000000 0.0000000 1.0000000
0.9999425 -0.0052082 0.0093844 46.2107964
0.0051731 0.9999794 0.0037590 0.3429043
-0.0094038 -0.0037103 0.9999488 0.6507517
0.0000000 0.0000000 0.0000000 1.0000000
0.9999180 -0.0032318 0.0124030 47.4118195
0.0031842 0.9999874 0.0038565 0.3481278
-0.0124153 -0.0038167 0.9999155 0.6556810
0.0000000 0.0000000 0.0000000 1.0000000
0.9999022 -0.0029205 0.0136869 48.6107597
0.0028794 0.9999912 0.0030208 0.3573794
-0.0136956 -0.0029811 0.9999017 0.6595276
0.0000000 0.0000000 0.0000000 1.0000000
0.9999249 -0.0011261 0.0122151 49.8095741
0.0011056 0.9999979 0.0016831 0.3665008
-0.0122170 -0.0016694 0.9999239 0.6594485
0.0000000 0.0000000 0.0000000 1.0000000
0.9999409 -0.0002589 0.0108792 51.0021400
0.0002322 0.9999968 0.0024556 0.3734644
-0.0108798 -0.0024529 0.9999377 0.6649058
0.0000000 0.0000000 0.0000000 1.0000000
0.9999474 0.0003830 0.0102620 52.2113609
-0.0004118 0.9999958 0.0028082 0.3812034
-0.0102609 -0.0028123 0.9999433 0.6622616
0.0000000 0.0000000 0.0000000 1.0000000
0.9999479 0.0013059 0.0101367 53.4086647
-0.0013288 0.9999964 0.0022572 0.3834130
-0.0101337 -0.0022706 0.9999460 0.6725047
0.0000000 0.0000000 0.0000000 1.0000000
0.9999549 -0.0001672 0.0095128 54.6142082
0.0001503 0.9999983 0.0017769 0.3923323
-0.0095131 -0.0017754 0.9999531 0.6767770
0.0000000 0.0000000 0.0000000 1.0000000
0.9999533 -0.0015766 0.0095467 55.8131180
0.0015590 0.9999970 0.0018416 0.3993534
-0.0095496 -0.0018266 0.9999527 0.6802615
0.0000000 0.0000000 0.0000000 1.0000000
0.9999411 -0.0026793 0.0105293 57.0131264
0.0026605 0.9999947 0.0017954 0.4051602
-0.0105340 -0.0017673 0.9999429 0.6873788
0.0000000 0.0000000 0.0000000 1.0000000
0.9999309 -0.0044584 0.0108918 58.2219505
0.0044372 0.9999881 0.0019691 0.4141701
-0.0109004 -0.0019206 0.9999387 0.6940120
0.0000000 0.0000000 0.0000000 1.0000000
0.9999326 -0.0045759 0.0106768 59.4264259
0.0045440 0.9999850 0.0030103 0.4201393
-0.0106904 -0.0029616 0.9999384 0.6988705
0.0000000 0.0000000 0.0000000 1.0000000
0.9999275 -0.0058587 0.0105338 60.6346054
0.0058266 0.9999781 0.0030736 0.4331331
-0.0105515 -0.0030120 0.9999397 0.7035935
0.0000000 0.0000000 0.0000000 1.0000000
0.9999325 -0.0057584 0.0101018 61.8480911
0.0057374 0.9999812 0.0021084 0.4432370
-0.0101137 -0.0020503 0.9999467 0.7086716
0.0000000 0.0000000 0.0000000 1.0000000
0.9999382 -0.0053103 0.0097764 63.0478897
0.0053016 0.9999854 0.0009096 0.4520824
-0.0097811 -0.0008577 0.9999517 0.7173988
0.0000000 0.0000000 0.0000000 1.0000000
0.9999202 -0.0065113 0.0108332 64.2632065
0.0065044 0.9999785 0.0006788 0.4619204
-0.0108374 -0.0006083 0.9999410 0.7219252
0.0000000 0.0000000 0.0000000 1.0000000
0.9999083 -0.0062111 0.0120444 65.4464417
0.0062082 0.9999806 0.0002773 0.4731301
-0.0120459 -0.0002025 0.9999273 0.7275314
0.0000000 0.0000000 0.0000000 1.0000000
0.9999151 -0.0068593 0.0110933 66.6477509
0.0068515 0.9999762 0.0007441 0.4866514
-0.0110981 -0.0006680 0.9999381 0.7365822
0.0000000 0.0000000 0.0000000 1.0000000
0.9999250 -0.0070579 0.0100239 67.8406830
0.0070307 0.9999714 0.0027523 0.5033489
-0.0100430 -0.0026816 0.9999459 0.7405048
0.0000000 0.0000000 0.0000000 1.0000000
0.9999290 -0.0063598 0.0100974 69.0177689
0.0063097 0.9999675 0.0049892 0.5205520
-0.0101288 -0.0049251 0.9999365 0.7463720
0.0000000 0.0000000 0.0000000 1.0000000
0.9999191 -0.0073675 0.0103871 70.2098770
0.0073049 0.9999549 0.0060509 0.5375070
-0.0104312 -0.0059745 0.9999277 0.7559372
0.0000000 0.0000000 0.0000000 1.0000000
0.9999242 -0.0065613 0.0104314 71.3933182
0.0064845 0.9999516 0.0073827 0.5569239
-0.0104793 -0.0073145 0.9999183 0.7578187
0.0000000 0.0000000 0.0000000 1.0000000
0.9999197 -0.0057423 0.0113064 72.5922852
0.0056558 0.9999545 0.0076738 0.5705457
-0.0113499 -0.0076093 0.9999066 0.7695891
0.0000000 0.0000000 0.0000000 1.0000000
0.9999238 -0.0038435 0.0117426 73.7699890
0.0037385 0.9999528 0.0089557 0.5867652
-0.0117764 -0.0089111 0.9998909 0.7696251
0.0000000 0.0000000 0.0000000 1.0000000
0.9999424 -0.0007855 0.0107175 74.9441071
0.0006989 0.9999669 0.0080869 0.5910262
-0.0107235 -0.0080790 0.9999098 0.7781573
0.0000000 0.0000000 0.0000000 1.0000000
0.9999819 0.0006717 0.0060006 76.1223755
-0.0007038 0.9999853 0.0053490 0.5936870
-0.0059969 -0.0053531 0.9999676 0.7901818
0.0000000 0.0000000 0.0000000 1.0000000
0.9999786 0.0036728 0.0054321 77.2917786
-0.0037058 0.9999746 0.0060712 0.5945167
-0.0054097 -0.0060912 0.9999667 0.7940086
0.0000000 0.0000000 0.0000000 1.0000000
0.9999436 0.0058495 0.0088778 78.4758606
-0.0058956 0.9999691 0.0051739 0.5935587
-0.0088473 -0.0052259 0.9999471 0.8017804
0.0000000 0.0000000 0.0000000 1.0000000
0.9999101 0.0092108 0.0097583 79.6446762
-0.0092582 0.9999453 0.0048291 0.5865640
-0.0097133 -0.0049190 0.9999406 0.8141572
0.0000000 0.0000000 0.0000000 1.0000000
0.9998749 0.0136106 0.0080667 80.7931061
-0.0136607 0.9998873 0.0061939 0.5821267
-0.0079815 -0.0063034 0.9999482 0.8177343
0.0000000 0.0000000 0.0000000 1.0000000
0.9998394 0.0169410 0.0058695 81.9556885
-0.0169743 0.9998397 0.0056652 0.5661482
-0.0057726 -0.0057639 0.9999666 0.8307016
0.0000000 0.0000000 0.0000000 1.0000000
0.9997771 0.0209674 0.0025104 83.1023254
-0.0209793 0.9997682 0.0048085 0.5444924
-0.0024090 -0.0048601 0.9999852 0.8423133
0.0000000 0.0000000 0.0000000 1.0000000
0.9997026 0.0243114 0.0020052 84.2445984
-0.0243202 0.9996940 0.0044926 0.5206538
-0.0018954 -0.0045400 0.9999878 0.8614987
0.0000000 0.0000000 0.0000000 1.0000000
0.9996004 0.0280739 0.0033523 85.4001617
-0.0280885 0.9995956 0.0043974 0.4933325
-0.0032275 -0.0044898 0.9999846 0.8789893
0.0000000 0.0000000 0.0000000 1.0000000
0.9994508 0.0329223 0.0038015 86.5453873
-0.0329422 0.9994432 0.0052872 0.4638280
-0.0036253 -0.0054095 0.9999787 0.8931813
0.0000000 0.0000000 0.0000000 1.0000000
0.9993384 0.0363197 0.0019312 87.7091904
-0.0363294 0.9993258 0.0052792 0.4271115
-0.0017382 -0.0053459 0.9999841 0.9088858
0.0000000 0.0000000 0.0000000 1.0000000
0.9992108 0.0397230 0.0002908 88.8387375
-0.0397241 0.9991932 0.0058983 0.3924165
-0.0000562 -0.0059052 0.9999825 0.9258276
0.0000000 0.0000000 0.0000000 1.0000000
0.9990870 0.0427193 0.0005550 90.0040817
-0.0427220 0.9990670 0.0063033 0.3498076
-0.0002852 -0.0063212 0.9999800 0.9439836
0.0000000 0.0000000 0.0000000 1.0000000
0.9989811 0.0451093 0.0014182 91.1514740
-0.0451162 0.9989675 0.0053162 0.3025839
-0.0011769 -0.0053747 0.9999849 0.9622250
0.0000000 0.0000000 0.0000000 1.0000000
0.9987985 0.0489365 0.0026435 92.2813263
-0.0489485 0.9987901 0.0047013 0.2522216
-0.0024102 -0.0048250 0.9999855 0.9756216
0.0000000 0.0000000 0.0000000 1.0000000
0.9987151 0.0505179 0.0040333 93.4608688
-0.0505351 0.9987130 0.0042759 0.1975431
-0.0038121 -0.0044742 0.9999827 0.9889227
0.0000000 0.0000000 0.0000000 1.0000000
0.9985286 0.0540155 0.0048063 94.5903931
-0.0540318 0.9985335 0.0033236 0.1412941
-0.0046198 -0.0035784 0.9999829 0.9996887
0.0000000 0.0000000 0.0000000 1.0000000
0.9984467 0.0556172 0.0033290 95.7663422
-0.0556264 0.9984478 0.0027165 0.0816336
-0.0031727 -0.0028974 0.9999908 1.0139730
0.0000000 0.0000000 0.0000000 1.0000000
0.9983223 0.0578985 -0.0006902 96.9220963
-0.0578976 0.9983215 0.0012591 0.0202986
0.0007619 -0.0012170 0.9999990 1.0275874
0.0000000 0.0000000 0.0000000 1.0000000
0.9981759 0.0603181 -0.0025791 98.0705109
-0.0603132 0.9981775 0.0019191 -0.0489646
0.0026901 -0.0017600 0.9999949 1.0414521
0.0000000 0.0000000 0.0000000 1.0000000
0.9981480 0.0607609 -0.0029760 99.2464600
-0.0607551 0.9981505 0.0019932 -0.1122981
0.0030916 -0.0018087 0.9999936 1.0577537
0.0000000 0.0000000 0.0000000 1.0000000
0.9981015 0.0615460 -0.0023504 100.4030609
-0.0615413 0.9981023 0.0020108 -0.1745706
0.0024697 -0.0018623 0.9999952 1.0759120
0.0000000 0.0000000 0.0000000 1.0000000
0.9982108 0.0597864 -0.0009124 101.5950089
-0.0597844 0.9982091 0.0020137 -0.2287708
0.0010311 -0.0019555 0.9999976 1.0922223
0.0000000 0.0000000 0.0000000 1.0000000
0.9982753 0.0587051 0.0004685 102.7738953
-0.0587058 0.9982738 0.0015814 -0.2876108
-0.0003748 -0.0016062 0.9999986 1.1106570
0.0000000 0.0000000 0.0000000 1.0000000
0.9983006 0.0582672 0.0010649 103.9404602
-0.0582689 0.9982993 0.0016642 -0.3533384
-0.0009661 -0.0017234 0.9999980 1.1226341
0.0000000 0.0000000 0.0000000 1.0000000
0.9984977 0.0547718 0.0015980 105.1492004
-0.0547747 0.9984969 0.0018081 -0.4144291
-0.0014966 -0.0018929 0.9999971 1.1376131
0.0000000 0.0000000 0.0000000 1.0000000
0.9986147 0.0525945 0.0016337 106.3231659
-0.0525982 0.9986127 0.0023705 -0.4694609
-0.0015067 -0.0024531 0.9999958 1.1497629
0.0000000 0.0000000 0.0000000 1.0000000
0.9988738 0.0474268 0.0014288 107.5424423
-0.0474315 0.9988680 0.0035259 -0.5093586
-0.0012600 -0.0035897 0.9999927 1.1618580
0.0000000 0.0000000 0.0000000 1.0000000
0.9990543 0.0434446 0.0018121 108.7444000
-0.0434511 0.9990484 0.0037243 -0.5601465
-0.0016485 -0.0037995 0.9999914 1.1762664
0.0000000 0.0000000 0.0000000 1.0000000
0.9991440 0.0412979 0.0024724 109.9419708
-0.0413079 0.9991376 0.0041646 -0.6099981
-0.0022983 -0.0042632 0.9999883 1.1886668
0.0000000 0.0000000 0.0000000 1.0000000
0.9993620 0.0355803 0.0031470 111.1747818
-0.0355944 0.9993557 0.0045684 -0.6518124
-0.0029825 -0.0046775 0.9999846 1.2036413
0.0000000 0.0000000 0.0000000 1.0000000
0.9994765 0.0321598 0.0035742 112.3803177
-0.0321761 0.9994714 0.0046176 -0.6856155
-0.0034238 -0.0047302 0.9999830 1.2165763
0.0000000 0.0000000 0.0000000 1.0000000
0.9996430 0.0264392 0.0038956 113.6148453
-0.0264596 0.9996357 0.0052886 -0.7113963
-0.0037543 -0.0053898 0.9999784 1.2295092
0.0000000 0.0000000 0.0000000 1.0000000
0.9997650 0.0213153 0.0039791 114.8400650
-0.0213389 0.9997542 0.0059874 -0.7329762
-0.0038505 -0.0060709 0.9999741 1.2410512
0.0000000 0.0000000 0.0000000 1.0000000
0.9998419 0.0173436 0.0039652 116.0499496
-0.0173688 0.9998283 0.0064204 -0.7476463
-0.0038531 -0.0064882 0.9999715 1.2538339
0.0000000 0.0000000 0.0000000 1.0000000
0.9999234 0.0118028 0.0037578 117.2923355
-0.0118299 0.9999034 0.0072702 -0.7528781
-0.0036716 -0.0073141 0.9999665 1.2673726
0.0000000 0.0000000 0.0000000 1.0000000
0.9999518 0.0090626 0.0037935 118.4858704
-0.0090948 0.9999217 0.0085643 -0.7643570
-0.0037156 -0.0085984 0.9999561 1.2782525
0.0000000 0.0000000 0.0000000 1.0000000
0.9999736 0.0061839 0.0038381 119.7386398
-0.0062244 0.9999241 0.0106164 -0.7662573
-0.0037722 -0.0106400 0.9999363 1.2879692
0.0000000 0.0000000 0.0000000 1.0000000
0.9999818 0.0046045 0.0039087 120.9760437
-0.0046477 0.9999274 0.0110974 -0.7502518
-0.0038573 -0.0111154 0.9999308 1.3025441
0.0000000 0.0000000 0.0000000 1.0000000
0.9999810 0.0042060 0.0045076 122.1952591
-0.0042627 0.9999108 0.0126382 -0.7380797
-0.0044540 -0.0126572 0.9999100 1.3139014
0.0000000 0.0000000 0.0000000 1.0000000
0.9999835 0.0022041 0.0053169 123.4511185
-0.0022758 0.9999059 0.0135137 -0.7294490
-0.0052866 -0.0135256 0.9998946 1.3220788
0.0000000 0.0000000 0.0000000 1.0000000
0.9999802 0.0023330 0.0058522 124.6797028
-0.0024134 0.9999021 0.0137658 -0.7324377
-0.0058195 -0.0137797 0.9998881 1.3353361
0.0000000 0.0000000 0.0000000 1.0000000
0.9999718 0.0011423 0.0074289 125.9563599
-0.0012643 0.9998641 0.0164259 -0.7139987
-0.0074091 -0.0164349 0.9998375 1.3431185
0.0000000 0.0000000 0.0000000 1.0000000
0.9999512 0.0006857 0.0098594 127.2186661
-0.0008580 0.9998466 0.0174814 -0.7009516
-0.0098459 -0.0174891 0.9997986 1.3440964
0.0000000 0.0000000 0.0000000 1.0000000
0.9999503 0.0007442 0.0099503 128.4506073
-0.0009063 0.9998665 0.0163008 -0.6932772
-0.0099369 -0.0163090 0.9998177 1.3519387
0.0000000 0.0000000 0.0000000 1.0000000
0.9999598 -0.0010674 0.0089050 129.7213440
0.0009189 0.9998606 0.0166612 -0.6858959
-0.0089215 -0.0166524 0.9998216 1.3562763
0.0000000 0.0000000 0.0000000 1.0000000
0.9999536 -0.0007878 0.0096008 130.9667053
0.0006527 0.9999008 0.0140584 -0.6819922
-0.0096110 -0.0140515 0.9998552 1.3570071
0.0000000 0.0000000 0.0000000 1.0000000
0.9999338 -0.0022975 0.0112788 132.2479858
0.0021689 0.9999325 0.0114002 -0.6780382
-0.0113043 -0.0113750 0.9998715 1.3665287
0.0000000 0.0000000 0.0000000 1.0000000
0.9999071 -0.0028305 0.0133367 133.5025177
0.0027179 0.9999604 0.0084480 -0.6794312
-0.0133601 -0.0084110 0.9998755 1.3692347
0.0000000 0.0000000 0.0000000 1.0000000
0.9999005 -0.0025337 0.0138827 134.7546234
0.0024413 0.9999745 0.0066699 -0.6854454
-0.0138992 -0.0066354 0.9998815 1.3696547
0.0000000 0.0000000 0.0000000 1.0000000
0.9999214 -0.0033205 0.0120889 136.0416412
0.0032893 0.9999910 0.0025982 -0.6798055
-0.0120975 -0.0025583 0.9999236 1.3738594
0.0000000 0.0000000 0.0000000 1.0000000
0.9999408 -0.0019099 0.0107117 137.3027954
0.0019064 0.9999979 0.0003290 -0.6701879
-0.0107123 -0.0003086 0.9999427 1.3718818
0.0000000 0.0000000 0.0000000 1.0000000
0.9999334 -0.0030800 0.0111220 138.5871887
0.0030883 0.9999948 -0.0007288 -0.6668375
-0.0111197 0.0007631 0.9999380 1.3792009
0.0000000 0.0000000 0.0000000 1.0000000
0.9999340 -0.0025579 0.0111998 139.8574371
0.0025672 0.9999962 -0.0008175 -0.6599014
-0.0111977 0.0008462 0.9999370 1.3804954
0.0000000 0.0000000 0.0000000 1.0000000
0.9999181 -0.0008421 0.0127706 141.1109619
0.0008458 0.9999994 -0.0002855 -0.6451218
-0.0127703 0.0002962 0.9999185 1.3866067
0.0000000 0.0000000 0.0000000 1.0000000
0.9999009 -0.0013328 0.0140131 142.3753967
0.0013108 0.9999977 0.0015762 -0.6417270
-0.0140152 -0.0015577 0.9999006 1.3861636
0.0000000 0.0000000 0.0000000 1.0000000
0.9999160 -0.0009198 0.0129295 143.6387329
0.0009032 0.9999986 0.0012838 -0.6375151
-0.0129307 -0.0012720 0.9999157 1.3932233
0.0000000 0.0000000 0.0000000 1.0000000
0.9999344 0.0002436 0.0114517 144.9118958
-0.0002639 0.9999982 0.0017667 -0.6214070
-0.0114513 -0.0017697 0.9999329 1.3929449
0.0000000 0.0000000 0.0000000 1.0000000
0.9999514 -0.0007404 0.0098366 146.1618042
0.0007256 0.9999984 0.0015058 -0.6177554
-0.0098377 -0.0014986 0.9999506 1.3965764
0.0000000 0.0000000 0.0000000 1.0000000
0.9999775 0.0009716 0.0066448 147.4278564
-0.0009735 0.9999993 0.0002792 -0.6083336
-0.0066445 -0.0002857 0.9999780 1.4083372
0.0000000 0.0000000 0.0000000 1.0000000
0.9999945 0.0000992 0.0033344 148.6894836
-0.0001007 0.9999997 0.0004542 -0.6031116
-0.0033344 -0.0004546 0.9999945 1.4171737
0.0000000 0.0000000 0.0000000 1.0000000
0.9999961 0.0000442 0.0027834 149.9697266
-0.0000435 0.9999998 -0.0002714 -0.5904254
-0.0027834 0.0002713 0.9999962 1.4319574
0.0000000 0.0000000 0.0000000 1.0000000
0.9999947 0.0011520 0.0030377 151.2401123
-0.0011496 0.9999988 -0.0007865 -0.5850158
-0.0030386 0.0007830 0.9999952 1.4474598
0.0000000 0.0000000 0.0000000 1.0000000
0.9999942 -0.0001344 0.0033815 152.5105896
0.0001349 0.9999998 -0.0001536 -0.5867745
-0.0033815 0.0001541 0.9999943 1.4622587
0.0000000 0.0000000 0.0000000 1.0000000
0.9999909 0.0004020 0.0042342 153.7752686
-0.0004045 0.9999995 0.0005776 -0.5851740
-0.0042340 -0.0005793 0.9999909 1.4778050
0.0000000 0.0000000 0.0000000 1.0000000
0.9999881 -0.0017995 0.0045246 155.0538788
0.0017948 0.9999976 0.0010423 -0.5757455
-0.0045265 -0.0010342 0.9999893 1.4919319
0.0000000 0.0000000 0.0000000 1.0000000
0.9999881 -0.0019420 0.0044687 156.3191223
0.0019363 0.9999971 0.0012737 -0.5652113
-0.0044712 -0.0012650 0.9999893 1.5065035
0.0000000 0.0000000 0.0000000 1.0000000
0.9999884 -0.0014758 0.0045595 157.5894928
0.0014689 0.9999976 0.0015113 -0.5569415
-0.0045617 -0.0015046 0.9999886 1.5188107
0.0000000 0.0000000 0.0000000 1.0000000
0.9999825 -0.0027282 0.0052247 158.8712158
0.0027211 0.9999951 0.0013692 -0.5523272
-0.0052284 -0.0013550 0.9999855 1.5322465
0.0000000 0.0000000 0.0000000 1.0000000
0.9999813 -0.0026989 0.0054586 160.1172791
0.0026894 0.9999946 0.0017545 -0.5422395
-0.0054634 -0.0017398 0.9999837 1.5428765
0.0000000 0.0000000 0.0000000 1.0000000
0.9999817 -0.0034224 0.0049662 161.3722534
0.0034111 0.9999914 0.0022743 -0.5436020
-0.0049739 -0.0022573 0.9999852 1.5568689
0.0000000 0.0000000 0.0000000 1.0000000
0.9999838 -0.0038459 0.0041765 162.6279144
0.0038338 0.9999882 0.0029035 -0.5270739
-0.0041877 -0.0028875 0.9999872 1.5688895
0.0000000 0.0000000 0.0000000 1.0000000
0.9999868 -0.0032079 0.0039948 163.8944550
0.0031949 0.9999894 0.0032472 -0.5221113
-0.0040052 -0.0032344 0.9999869 1.5800618
0.0000000 0.0000000 0.0000000 1.0000000
0.9999812 -0.0048660 0.0036922 165.1638031
0.0048547 0.9999833 0.0030614 -0.5040959
-0.0037071 -0.0030434 0.9999886 1.5963516
0.0000000 0.0000000 0.0000000 1.0000000
0.9999841 -0.0048234 0.0028587 166.4247284
0.0048135 0.9999821 0.0034823 -0.4941134
-0.0028755 -0.0034685 0.9999900 1.6104618
0.0000000 0.0000000 0.0000000 1.0000000
0.9999782 -0.0060571 0.0025758 167.6891785
0.0060472 0.9999741 0.0038269 -0.4765170
-0.0025989 -0.0038112 0.9999895 1.6249322
0.0000000 0.0000000 0.0000000 1.0000000
0.9999678 -0.0070411 0.0038096 168.9487457
0.0070264 0.9999677 0.0038433 -0.4625296
-0.0038365 -0.0038164 0.9999855 1.6413568
0.0000000 0.0000000 0.0000000 1.0000000
0.9999695 -0.0066756 0.0040243 170.1984711
0.0066593 0.9999694 0.0040631 -0.4447331
-0.0040513 -0.0040361 0.9999838 1.6560880
0.0000000 0.0000000 0.0000000 1.0000000
0.9999618 -0.0076731 0.0041566 171.4689941
0.0076557 0.9999617 0.0041790 -0.4284573
-0.0041885 -0.0041470 0.9999828 1.6680273
0.0000000 0.0000000 0.0000000 1.0000000
0.9999601 -0.0077758 0.0043725 172.7204437
0.0077578 0.9999613 0.0041048 -0.4099843
-0.0044042 -0.0040707 0.9999822 1.6816739
0.0000000 0.0000000 0.0000000 1.0000000
0.9999550 -0.0086227 0.0039139 173.9970551
0.0086038 0.9999511 0.0048190 -0.3885220
-0.0039553 -0.0047851 0.9999809 1.6950486
0.0000000 0.0000000 0.0000000 1.0000000
0.9999539 -0.0088625 0.0036655 175.2501221
0.0088411 0.9999439 0.0057964 -0.3731610
-0.0037167 -0.0057637 0.9999766 1.7081850
0.0000000 0.0000000 0.0000000 1.0000000
0.9999520 -0.0090389 0.0037446 176.5112305
0.0090171 0.9999423 0.0057976 -0.3579611
-0.0037968 -0.0057636 0.9999763 1.7213130
0.0000000 0.0000000 0.0000000 1.0000000
0.9999407 -0.0104760 0.0029439 177.7719879
0.0104589 0.9999285 0.0057589 -0.3396412
-0.0030041 -0.0057278 0.9999793 1.7346628
0.0000000 0.0000000 0.0000000 1.0000000
0.9999501 -0.0097626 0.0020999 179.0330200
0.0097522 0.9999402 0.0049028 -0.3236536
-0.0021477 -0.0048821 0.9999859 1.7496092
0.0000000 0.0000000 0.0000000 1.0000000
0.9999381 -0.0108421 0.0024570 180.2900696
0.0108372 0.9999390 0.0020065 -0.3066453
-0.0024786 -0.0019798 0.9999951 1.7689941
0.0000000 0.0000000 0.0000000 1.0000000
0.9999212 -0.0111369 0.0057808 181.5469666
0.0111250 0.9999356 0.0020905 -0.2889505
-0.0058037 -0.0020260 0.9999812 1.7806877
0.0000000 0.0000000 0.0000000 1.0000000
0.9998989 -0.0107363 0.0093116 182.7960510
0.0107325 0.9999420 0.0004572 -0.2683738
-0.0093160 -0.0003573 0.9999567 1.7914708
0.0000000 0.0000000 0.0000000 1.0000000
0.9998919 -0.0115634 0.0090753 184.0524597
0.0115526 0.9999322 0.0012406 -0.2517261
-0.0090890 -0.0011356 0.9999582 1.8026783
0.0000000 0.0000000 0.0000000 1.0000000
0.9999313 -0.0100093 0.0060772 185.2909393
0.0099926 0.9999459 0.0027717 -0.2292871
-0.0061046 -0.0027107 0.9999778 1.8079083
0.0000000 0.0000000 0.0000000 1.0000000
0.9999280 -0.0110685 0.0046124 186.5497742
0.0110534 0.9999332 0.0032930 -0.2063225
-0.0046486 -0.0032418 0.9999841 1.8208177
0.0000000 0.0000000 0.0000000 1.0000000
0.9999287 -0.0110146 0.0045831 187.8022919
0.0110021 0.9999354 0.0027396 -0.1827201
-0.0046130 -0.0026890 0.9999859 1.8345065
0.0000000 0.0000000 0.0000000 1.0000000
0.9999340 -0.0101345 0.0053838 189.0257263
0.0101204 0.9999450 0.0026338 -0.1668805
-0.0054102 -0.0025792 0.9999822 1.8484452
0.0000000 0.0000000 0.0000000 1.0000000
0.9999169 -0.0107759 0.0070556 190.2762299
0.0107592 0.9999389 0.0023999 -0.1428734
-0.0070810 -0.0023238 0.9999723 1.8621676
0.0000000 0.0000000 0.0000000 1.0000000
0.9999232 -0.0095465 0.0078851 191.5139465
0.0095341 0.9999529 0.0016077 -0.1284546
-0.0079001 -0.0015324 0.9999678 1.8773068
0.0000000 0.0000000 0.0000000 1.0000000
0.9999315 -0.0089363 0.0075505 192.7416534
0.0089222 0.9999580 0.0018984 -0.1157645
-0.0075671 -0.0018309 0.9999698 1.8880630
0.0000000 0.0000000 0.0000000 1.0000000
0.9999488 -0.0073841 0.0069025 193.9672546
0.0073779 0.9999720 0.0009236 -0.0988438
-0.0069091 -0.0008726 0.9999759 1.9019694
0.0000000 0.0000000 0.0000000 1.0000000
0.9999644 -0.0059915 0.0059217 195.1869812
0.0059829 0.9999806 0.0014710 -0.0835703
-0.0059304 -0.0014355 0.9999816 1.9120524
0.0000000 0.0000000 0.0000000 1.0000000
0.9999709 -0.0052021 0.0055622 196.4183502
0.0051982 0.9999858 0.0007150 -0.0702609
-0.0055659 -0.0006860 0.9999844 1.9252598
0.0000000 0.0000000 0.0000000 1.0000000
0.9999753 -0.0031301 0.0062812 197.6212311
0.0031230 0.9999940 0.0011356 -0.0557075
-0.0062848 -0.0011160 0.9999798 1.9378467
0.0000000 0.0000000 0.0000000 1.0000000
0.9999666 -0.0027496 0.0076839 198.8452759
0.0027445 0.9999956 0.0006780 -0.0449172
-0.0076857 -0.0006569 0.9999704 1.9506190
0.0000000 0.0000000 0.0000000 1.0000000
0.9999664 -0.0013282 0.0080657 200.0487976
0.0013189 0.9999980 0.0011590 -0.0316627
-0.0080672 -0.0011483 0.9999670 1.9639475
0.0000000 0.0000000 0.0000000 1.0000000
0.9999681 0.0006523 0.0079465 201.2445526
-0.0006632 0.9999984 0.0013700 -0.0227720
-0.0079456 -0.0013753 0.9999677 1.9749386
0.0000000 0.0000000 0.0000000 1.0000000
0.9999651 0.0008217 0.0082917 202.4501801
-0.0008360 0.9999977 0.0017212 -0.0121080
-0.0082903 -0.0017281 0.9999644 1.9860735
0.0000000 0.0000000 0.0000000 1.0000000
0.9999602 0.0024785 0.0085456 203.6237030
-0.0024926 0.9999951 0.0016418 -0.0138206
-0.0085415 -0.0016630 0.9999623 1.9974481
0.0000000 0.0000000 0.0000000 1.0000000
0.9999618 0.0021616 0.0084476 204.8122253
-0.0021817 0.9999944 0.0023694 -0.0040952
-0.0084424 -0.0023877 0.9999617 2.0070610
0.0000000 0.0000000 0.0000000 1.0000000
0.9999594 0.0032075 0.0083999 205.9823151
-0.0032258 0.9999920 0.0021712 0.0071216
-0.0083929 -0.0021982 0.9999625 2.0164931
0.0000000 0.0000000 0.0000000 1.0000000
0.9999532 0.0042618 0.0086742 207.1230469
-0.0042739 0.9999895 0.0013812 0.0036985
-0.0086682 -0.0014182 0.9999616 2.0284202
0.0000000 0.0000000 0.0000000 1.0000000
0.9999527 0.0036592 0.0089895 208.2850037
-0.0036718 0.9999919 0.0013811 0.0077500
-0.0089844 -0.0014141 0.9999588 2.0371475
0.0000000 0.0000000 0.0000000 1.0000000
0.9999387 0.0041820 0.0102389 209.4009399
-0.0041920 0.9999903 0.0009490 0.0027457
-0.0102349 -0.0009919 0.9999472 2.0494745
0.0000000 0.0000000 0.0000000 1.0000000
0.9999433 0.0027562 0.0102707 210.5227661
-0.0027709 0.9999948 0.0014144 0.0026326
-0.0102668 -0.0014428 0.9999464 2.0593007
0.0000000 0.0000000 0.0000000 1.0000000
0.9999512 0.0025050 0.0095447 211.6167145
-0.0025214 0.9999949 0.0017097 0.0065447
-0.0095403 -0.0017337 0.9999531 2.0699480
0.0000000 0.0000000 0.0000000 1.0000000
0.9999529 0.0030842 0.0091934 212.6794739
-0.0031032 0.9999927 0.0020566 0.0156824
-0.0091870 -0.0020850 0.9999557 2.0795305
0.0000000 0.0000000 0.0000000 1.0000000
0.9999565 0.0021067 0.0090731 213.7666779
-0.0021255 0.9999952 0.0020676 0.0136319
-0.0090687 -0.0020868 0.9999568 2.0901601
0.0000000 0.0000000 0.0000000 1.0000000
0.9999574 0.0017649 0.0090393 214.8226624
-0.0017798 0.9999967 0.0016321 0.0204666
-0.0090364 -0.0016481 0.9999579 2.1025178
0.0000000 0.0000000 0.0000000 1.0000000
0.9999555 -0.0008033 0.0093826 215.8841553
0.0007873 0.9999979 0.0017037 0.0184789
-0.0093839 -0.0016963 0.9999546 2.1114488
0.0000000 0.0000000 0.0000000 1.0000000
0.9999390 -0.0024318 0.0107685 216.9214172
0.0024209 0.9999961 0.0010302 0.0207919
-0.0107710 -0.0010041 0.9999416 2.1238794
0.0000000 0.0000000 0.0000000 1.0000000
0.9999145 -0.0042446 0.0123574 217.9373169
0.0042304 0.9999899 0.0011722 0.0319809
-0.0123623 -0.0011198 0.9999231 2.1315939
0.0000000 0.0000000 0.0000000 1.0000000
0.9998961 -0.0075925 0.0122433 218.9452667
0.0075759 0.9999699 0.0013990 0.0384282
-0.0122536 -0.0013061 0.9999242 2.1411402
0.0000000 0.0000000 0.0000000 1.0000000
0.9998852 -0.0094911 0.0117998 219.9192963
0.0094708 0.9999532 0.0017665 0.0553087
-0.0118160 -0.0016546 0.9999290 2.1473711
0.0000000 0.0000000 0.0000000 1.0000000
0.9998395 -0.0133698 0.0119139 220.8876648
0.0133490 0.9999088 0.0018235 0.0767439
-0.0119372 -0.0016642 0.9999275 2.1550152
0.0000000 0.0000000 0.0000000 1.0000000
0.9997915 -0.0164264 0.0121145 221.8221588
0.0164004 0.9998626 0.0022454 0.0997312
-0.0121497 -0.0020463 0.9999242 2.1632357
0.0000000 0.0000000 0.0000000 1.0000000
0.9997489 -0.0189612 0.0119274 222.7358093
0.0189314 0.9998170 0.0026027 0.1235190
-0.0119746 -0.0023762 0.9999256 2.1717708
0.0000000 0.0000000 0.0000000 1.0000000
0.9996772 -0.0225645 0.0116581 223.6372681
0.0225341 0.9997419 0.0027311 0.1511374
-0.0117167 -0.0024675 0.9999285 2.1799104
0.0000000 0.0000000 0.0000000 1.0000000
0.9996237 -0.0250176 0.0112392 224.4961548
0.0249888 0.9996837 0.0026938 0.1796109
-0.0113030 -0.0024119 0.9999334 2.1876745
0.0000000 0.0000000 0.0000000 1.0000000
0.9995214 -0.0289096 0.0109945 225.3551483
0.0288709 0.9995760 0.0036600 0.2106667
-0.0110956 -0.0033408 0.9999330 2.1942639
0.0000000 0.0000000 0.0000000 1.0000000
0.9994380 -0.0318445 0.0104543 226.1906281
0.0318034 0.9994854 0.0040722 0.2419372
-0.0105786 -0.0037374 0.9999372 2.2061417
0.0000000 0.0000000 0.0000000 1.0000000
0.9993703 -0.0339161 0.0104106 226.9919739
0.0338615 0.9994117 0.0053676 0.2778478
-0.0105865 -0.0050117 0.9999315 2.2109172
0.0000000 0.0000000 0.0000000 1.0000000
0.9993194 -0.0353008 0.0106849 227.7893982
0.0352389 0.9993609 0.0059253 0.3129134
-0.0108872 -0.0055447 0.9999255 2.2188325
0.0000000 0.0000000 0.0000000 1.0000000
0.9993382 -0.0345137 0.0114760 228.5571747
0.0344470 0.9993883 0.0059617 0.3432098
-0.0116748 -0.0055625 0.9999165 2.2278938
0.0000000 0.0000000 0.0000000 1.0000000
0.9993256 -0.0346508 0.0121337 229.3189240
0.0345789 0.9993830 0.0060820 0.3725897
-0.0123370 -0.0056583 0.9999080 2.2349234
0.0000000 0.0000000 0.0000000 1.0000000
0.9993408 -0.0343156 0.0118328 230.0625916
0.0342437 0.9993937 0.0062247 0.4036835
-0.0120393 -0.0058154 0.9999108 2.2430167
0.0000000 0.0000000 0.0000000 1.0000000
0.9993904 -0.0334126 0.0101079 230.7882233
0.0333448 0.9994203 0.0068033 0.4308901
-0.0103293 -0.0064622 0.9999259 2.2482891
0.0000000 0.0000000 0.0000000 1.0000000
0.9994243 -0.0328675 0.0083885 231.5177917
0.0328104 0.9994376 0.0068612 0.4583082
-0.0086093 -0.0065821 0.9999414 2.2542007
0.0000000 0.0000000 0.0000000 1.0000000
0.9994900 -0.0310659 0.0073663 232.2335663
0.0310141 0.9994937 0.0070510 0.4846800
-0.0075817 -0.0068190 0.9999481 2.2617588
0.0000000 0.0000000 0.0000000 1.0000000
0.9995345 -0.0296639 0.0070990 232.9680023
0.0296102 0.9995326 0.0075416 0.5090530
-0.0073194 -0.0073279 0.9999465 2.2672746
0.0000000 0.0000000 0.0000000 1.0000000
0.9995744 -0.0283389 0.0068972 233.6786041
0.0282897 0.9995739 0.0071277 0.5316144
-0.0070963 -0.0069296 0.9999509 2.2741673
0.0000000 0.0000000 0.0000000 1.0000000
0.9996375 -0.0259844 0.0070283 234.3850250
0.0259333 0.9996368 0.0072669 0.5561652
-0.0072146 -0.0070820 0.9999490 2.2822249
0.0000000 0.0000000 0.0000000 1.0000000
0.9996785 -0.0244010 0.0068652 235.1000671
0.0243495 0.9996750 0.0074968 0.5765601
-0.0070459 -0.0073272 0.9999485 2.2880962
0.0000000 0.0000000 0.0000000 1.0000000
0.9997385 -0.0219412 0.0064180 235.8014984
0.0218956 0.9997347 0.0070916 0.5985228
-0.0065719 -0.0069492 0.9999544 2.2948503
0.0000000 0.0000000 0.0000000 1.0000000
0.9997855 -0.0196121 0.0066327 236.5076752
0.0195640 0.9997820 0.0072350 0.6175830
-0.0067732 -0.0071037 0.9999520 2.3021340
0.0000000 0.0000000 0.0000000 1.0000000
0.9998412 -0.0163728 0.0070150 237.2041779
0.0163260 0.9998440 0.0066789 0.6296281
-0.0071233 -0.0065633 0.9999532 2.3086314
0.0000000 0.0000000 0.0000000 1.0000000
0.9998878 -0.0129849 0.0074496 237.8953552
0.0129406 0.9998980 0.0059712 0.6412408
-0.0075264 -0.0058742 0.9999545 2.3174307
0.0000000 0.0000000 0.0000000 1.0000000
0.9999194 -0.0103310 0.0073517 238.5883484
0.0102883 0.9999297 0.0058168 0.6507007
-0.0074112 -0.0057407 0.9999561 2.3247404
0.0000000 0.0000000 0.0000000 1.0000000
0.9999489 -0.0070840 0.0071819 239.2671204
0.0070441 0.9999593 0.0055668 0.6591544
-0.0072210 -0.0055159 0.9999588 2.3329813
0.0000000 0.0000000 0.0000000 1.0000000
0.9999644 -0.0044850 0.0071214 239.9479828
0.0044442 0.9999733 0.0057320 0.6659490
-0.0071469 -0.0057001 0.9999583 2.3403921
0.0000000 0.0000000 0.0000000 1.0000000
0.9999776 -0.0018113 0.0064052 240.6316681
0.0017693 0.9999765 0.0065622 0.6710615
-0.0064169 -0.0065507 0.9999581 2.3442383
0.0000000 0.0000000 0.0000000 1.0000000
0.9999801 0.0012442 0.0061424 241.3164368
-0.0012843 0.9999775 0.0065243 0.6780683
-0.0061341 -0.0065321 0.9999600 2.3493924
0.0000000 0.0000000 0.0000000 1.0000000
0.9999682 0.0040933 0.0068019 242.0227814
-0.0041378 0.9999697 0.0065310 0.6790897
-0.0067749 -0.0065590 0.9999557 2.3553727
0.0000000 0.0000000 0.0000000 1.0000000
0.9999430 0.0076822 0.0073828 242.7262421
-0.0077331 0.9999459 0.0068979 0.6794276
-0.0073294 -0.0069546 0.9999492 2.3582253
0.0000000 0.0000000 0.0000000 1.0000000
0.9999217 0.0099716 0.0075210 243.4373779
-0.0100243 0.9999249 0.0069952 0.6792128
-0.0074507 -0.0070701 0.9999474 2.3666761
0.0000000 0.0000000 0.0000000 1.0000000
0.9999024 0.0124003 0.0064047 244.1306610
-0.0124453 0.9998975 0.0070252 0.6715817
-0.0063169 -0.0071042 0.9999550 2.3736193
0.0000000 0.0000000 0.0000000 1.0000000
0.9998925 0.0138310 0.0048265 244.8455200
-0.0138680 0.9998737 0.0077101 0.6653815
-0.0047193 -0.0077762 0.9999588 2.3806469
0.0000000 0.0000000 0.0000000 1.0000000
0.9998908 0.0142409 0.0038942 245.5556030
-0.0142679 0.9998734 0.0069855 0.6545649
-0.0037942 -0.0070403 0.9999682 2.3844590
0.0000000 0.0000000 0.0000000 1.0000000
0.9998855 0.0147280 0.0034136 246.2665710
-0.0147520 0.9998655 0.0071149 0.6494350
-0.0033083 -0.0071645 0.9999691 2.3911192
0.0000000 0.0000000 0.0000000 1.0000000
0.9998909 0.0144473 0.0030011 247.0018463
-0.0144661 0.9998749 0.0063378 0.6403509
-0.0029092 -0.0063805 0.9999756 2.3993819
0.0000000 0.0000000 0.0000000 1.0000000
0.9998795 0.0152488 0.0028518 247.7215118
-0.0152685 0.9998584 0.0070218 0.6322416
-0.0027443 -0.0070645 0.9999715 2.4069352
0.0000000 0.0000000 0.0000000 1.0000000
0.9998836 0.0150313 0.0025472 248.4731445
-0.0150502 0.9998578 0.0075541 0.6244426
-0.0024333 -0.0075916 0.9999685 2.4100354
0.0000000 0.0000000 0.0000000 1.0000000
0.9998798 0.0154347 0.0012882 249.2158203
-0.0154433 0.9998558 0.0070004 0.6094115
-0.0011800 -0.0070195 0.9999749 2.4155080
0.0000000 0.0000000 0.0000000 1.0000000
0.9998598 0.0167150 -0.0007383 249.9503021
-0.0167130 0.9998564 0.0026693 0.5960627
0.0007828 -0.0026566 0.9999964 2.4273067
0.0000000 0.0000000 0.0000000 1.0000000
0.9998635 0.0164548 -0.0013149 250.6995697
-0.0164528 0.9998630 0.0015472 0.5753227
0.0013402 -0.0015254 0.9999982 2.4392235
0.0000000 0.0000000 0.0000000 1.0000000
0.9998557 0.0167966 0.0024453 251.4688873
-0.0168043 0.9998535 0.0031322 0.5643357
-0.0023923 -0.0031729 0.9999924 2.4447820
0.0000000 0.0000000 0.0000000 1.0000000
0.9998289 0.0165964 0.0081373 252.2437744
-0.0166611 0.9998292 0.0079461 0.5572808
-0.0080041 -0.0080803 0.9999356 2.4436197
0.0000000 0.0000000 0.0000000 1.0000000
0.9997727 0.0172771 0.0124719 253.0353851
-0.0173666 0.9998236 0.0070997 0.5462554
-0.0123470 -0.0073147 0.9998972 2.4554830
0.0000000 0.0000000 0.0000000 1.0000000
0.9997348 0.0203451 0.0107663 253.8065033
-0.0204040 0.9997768 0.0053946 0.5355957
-0.0106542 -0.0056128 0.9999277 2.4566460
0.0000000 0.0000000 0.0000000 1.0000000
0.9997019 0.0240027 0.0044120 254.6098480
-0.0240373 0.9996789 0.0079680 0.5222126
-0.0042193 -0.0080716 0.9999588 2.4565797
0.0000000 0.0000000 0.0000000 1.0000000
0.9996089 0.0279465 0.0007513 255.4101257
-0.0279530 0.9995483 0.0110054 0.5068808
-0.0004434 -0.0110221 0.9999394 2.4575996
0.0000000 0.0000000 0.0000000 1.0000000
0.9995218 0.0308951 0.0010605 256.2347717
-0.0309057 0.9994496 0.0120288 0.4851420
-0.0006882 -0.0120558 0.9999273 2.4647925
0.0000000 0.0000000 0.0000000 1.0000000
0.9994073 0.0342960 0.0028796 257.0661926
-0.0343247 0.9993542 0.0105904 0.4592372
-0.0025145 -0.0106830 0.9999400 2.4734836
0.0000000 0.0000000 0.0000000 1.0000000
0.9992794 0.0375130 0.0057429 257.8916321
-0.0375515 0.9992715 0.0067543 0.4243082
-0.0054854 -0.0069651 0.9999610 2.4805448
0.0000000 0.0000000 0.0000000 1.0000000
0.9991643 0.0401745 0.0074885 258.7343750
-0.0402085 0.9991810 0.0044502 0.3908990
-0.0073036 -0.0047476 0.9999623 2.4883881
0.0000000 0.0000000 0.0000000 1.0000000
0.9990056 0.0439697 0.0073390 259.5619812
-0.0440012 0.9990224 0.0041794 0.3569519
-0.0071481 -0.0044982 0.9999646 2.4934330
0.0000000 0.0000000 0.0000000 1.0000000
0.9989052 0.0464301 0.0056684 260.4143066
-0.0464658 0.9988995 0.0063243 0.3240671
-0.0053685 -0.0065808 0.9999642 2.4977930
0.0000000 0.0000000 0.0000000 1.0000000
0.9988104 0.0486108 0.0037854 261.2519836
-0.0486379 0.9987885 0.0074220 0.2892561
-0.0034200 -0.0075973 0.9999655 2.5047834
0.0000000 0.0000000 0.0000000 1.0000000
0.9986655 0.0514953 0.0038541 262.0781250
-0.0515249 0.9986391 0.0080198 0.2523643
-0.0034359 -0.0082077 0.9999607 2.5114512
0.0000000 0.0000000 0.0000000 1.0000000
0.9985235 0.0540260 0.0056015 262.9303589
-0.0540733 0.9984990 0.0086642 0.2120209
-0.0051250 -0.0089544 0.9999470 2.5198886
0.0000000 0.0000000 0.0000000 1.0000000
0.9983082 0.0577245 0.0069325 263.7611084
-0.0577902 0.9982814 0.0096868 0.1696490
-0.0063614 -0.0100711 0.9999293 2.5284348
0.0000000 0.0000000 0.0000000 1.0000000
0.9981269 0.0607727 0.0069792 264.6067810
-0.0608442 0.9980914 0.0105260 0.1242910
-0.0063262 -0.0109309 0.9999205 2.5358768
0.0000000 0.0000000 0.0000000 1.0000000
0.9979542 0.0635663 0.0067871 265.4403687
