1.0000000 0.0000000 0.0000000 0.0000000
0.0000000 1.0000000 0.0000000 0.0000000
0.0000000 0.0000000 1.0000000 0.0000000
0.0000000 0.0000000 0.0000000 1.0000000
0.9999784 -0.0065630 0.0001551 0.0925755
0.0065629 0.9999784 0.0004664 0.0080449
-0.0001581 -0.0004654 0.9999999 0.0008884
0.0000000 0.0000000 0.0000000 1.0000000
0.9999084 -0.0135327 -0.0000176 0.1853943
0.0135327 0.9999080 0.0009236 0.0160192
0.0000051 -0.0009237 0.9999996 0.0023875
0.0000000 0.0000000 0.0000000 1.0000000
0.9997719 -0.0213370 -0.0008897 0.2835103
0.0213382 0.9997715 0.0013215 0.0276104
0.0008613 -0.0013402 0.9999987 0.0038394
0.0000000 0.0000000 0.0000000 1.0000000
0.9995289 -0.0305796 -0.0026020 0.3878120
0.0305841 0.9995307 0.0017281 0.0387888
0.0025479 -0.0018068 0.9999951 0.0039581
0.0000000 0.0000000 0.0000000 1.0000000
0.9991075 -0.0419940 -0.0045394 0.5014402
0.0420018 0.9991162 0.0016296 0.0514937
0.0044669 -0.0018188 0.9999884 0.0035502
0.0000000 0.0000000 0.0000000 1.0000000
0.9984269 -0.0557925 -0.0055548 0.6275483
0.0558008 0.9984410 0.0013473 0.0689386
0.0054709 -0.0016551 0.9999837 0.0049398
0.0000000 0.0000000 0.0000000 1.0000000
0.9973779 -0.0721436 -0.0057003 0.7687460
0.0721519 0.9973929 0.0012761 0.0897243
0.0055934 -0.0016840 0.9999830 0.0069112
0.0000000 0.0000000 0.0000000 1.0000000
0.9958848 -0.0904093 -0.0062735 0.9152363
0.0904107 0.9959046 -0.0000534 0.1130975
0.0062527 -0.0005140 0.9999803 0.0071537
0.0000000 0.0000000 0.0000000 1.0000000
0.9938969 -0.1101086 -0.0066941 1.0736997
0.1100991 0.9939191 -0.0017716 0.1395859
0.0068485 0.0010238 0.9999760 0.0124959
0.0000000 0.0000000 0.0000000 1.0000000
0.9911976 -0.1321920 -0.0072367 1.2370231
0.1321837 0.9912240 -0.0016070 0.1763953
0.0073856 0.0006363 0.9999725 0.0166153
0.0000000 0.0000000 0.0000000 1.0000000
0.9876163 -0.1566113 -0.0093110 1.4082215
0.1566353 0.9876547 0.0018938 0.2300998
0.0088995 -0.0033288 0.9999549 0.0220493
0.0000000 0.0000000 0.0000000 1.0000000
0.9832175 -0.1820231 -0.0122746 1.5792274
0.1821077 0.9832594 0.0061509 0.2850539
0.0109495 -0.0082829 0.9999058 0.0267787
0.0000000 0.0000000 0.0000000 1.0000000
0.9778850 -0.2086238 -0.0147243 1.7587700
0.2087677 0.9779239 0.0090035 0.3471435
0.0125209 -0.0118783 0.9998510 0.0312615
0.0000000 0.0000000 0.0000000 1.0000000
0.9711515 -0.2379545 -0.0155647 1.9491253
0.2381205 0.9711859 0.0098319 0.4167050
0.0127767 -0.0132545 0.9998305 0.0386523
0.0000000 0.0000000 0.0000000 1.0000000
0.9631642 -0.2684330 -0.0160664 2.1341710
0.2686247 0.9631795 0.0112346 0.4931898
0.0124591 -0.0151366 0.9998078 0.0435455
0.0000000 0.0000000 0.0000000 1.0000000
0.9536984 -0.3003108 -0.0165081 2.3354964
0.3005270 0.9536894 0.0126563 0.5791965
0.0119428 -0.0170314 0.9997836 0.0464494
0.0000000 0.0000000 0.0000000 1.0000000
0.9424887 -0.3338285 -0.0165296 2.5283237
0.3340643 0.9424400 0.0144260 0.6774722
0.0107623 -0.0191183 0.9997593 0.0539122
0.0000000 0.0000000 0.0000000 1.0000000
0.9301376 -0.3667696 -0.0179974 2.7122068
0.3670583 0.9300469 0.0167696 0.7779400
0.0105878 -0.0222041 0.9996974 0.0543193
0.0000000 0.0000000 0.0000000 1.0000000
0.9161443 -0.4003789 -0.0193949 2.9137030
0.4007224 0.9159970 0.0192682 0.8962098
0.0100511 -0.0254244 0.9996262 0.0556552
0.0000000 0.0000000 0.0000000 1.0000000
0.9001249 -0.4351576 -0.0203187 3.1059020
0.4355249 0.8999579 0.0198500 1.0183586
0.0096481 -0.0267168 0.9995965 0.0536122
0.0000000 0.0000000 0.0000000 1.0000000
0.8818791 -0.4710377 -0.0203129 3.2886264
0.4713548 0.8818098 0.0153755 1.1442912
0.0106697 -0.0231339 0.9996755 0.0534990
0.0000000 0.0000000 0.0000000 1.0000000
0.8606927 -0.5087553 -0.0193924 3.4895682
0.5089995 0.8607016 0.0106057 1.2807322
0.0112953 -0.0189990 0.9997557 0.0616786
0.0000000 0.0000000 0.0000000 1.0000000
0.8361896 -0.5481316 -0.0183985 3.6625819
0.5483663 0.8361575 0.0116265 1.4326006
0.0090112 -0.0198111 0.9997632 0.0697953
0.0000000 0.0000000 0.0000000 1.0000000
0.8073916 -0.5897031 -0.0192033 3.8454654
0.5899889 0.8072380 0.0167345 1.6171477
0.0056333 -0.0248410 0.9996756 0.0728358
0.0000000 0.0000000 0.0000000 1.0000000
0.7750134 -0.6315957 -0.0209958 4.0198803
0.6319302 0.7747932 0.0189693 1.8129978
0.0042865 -0.0279693 0.9995996 0.0796642
0.0000000 0.0000000 0.0000000 1.0000000
0.7395507 -0.6727583 -0.0214692 4.1806870
0.6730903 0.7393417 0.0179821 2.0072849
0.0037754 -0.0277494 0.9996078 0.0802511
0.0000000 0.0000000 0.0000000 1.0000000
0.7000510 -0.7138575 -0.0183254 4.3638163
0.7140874 0.6999156 0.0140527 2.2283053
0.0027946 -0.0229235 0.9997333 0.0865436
0.0000000 0.0000000 0.0000000 1.0000000
0.6578947 -0.7529562 -0.0152138 4.5342369
0.7531060 0.6578223 0.0100627 2.4529507
0.0024313 -0.0180778 0.9998336 0.0895347
0.0000000 0.0000000 0.0000000 1.0000000
0.6139073 -0.7892619 -0.0135385 4.6855435
0.7893772 0.6138416 0.0090653 2.6983533
0.0011556 -0.0162522 0.9998673 0.0894670
0.0000000 0.0000000 0.0000000 1.0000000
0.5656750 -0.8245516 -0.0112352 4.8452225
0.8246278 0.5656083 0.0087336 2.9783504
-0.0008466 -0.0142052 0.9998987 0.0904012
0.0000000 0.0000000 0.0000000 1.0000000
0.5153368 -0.8569270 -0.0101969 4.9782333
0.8569834 0.5152597 0.0093270 3.2598188
-0.0027385 -0.0135452 0.9999045 0.0913431
0.0000000 0.0000000 0.0000000 1.0000000
0.4636354 -0.8859745 -0.0095458 5.0926118
0.8860158 0.4635514 0.0098063 3.5507867
-0.0042631 -0.0130043 0.9999064 0.0892080
0.0000000 0.0000000 0.0000000 1.0000000
0.4089670 -0.9125062 -0.0088463 5.2054429
0.9125242 0.4088651 0.0113563 3.8888962
-0.0067457 -0.0127168 0.9998964 0.0894460
0.0000000 0.0000000 0.0000000 1.0000000
0.3548336 -0.9348873 -0.0088688 5.2936516
0.9348885 0.3547136 0.0127175 4.2178373
-0.0087435 -0.0128039 0.9998798 0.0870108
0.0000000 0.0000000 0.0000000 1.0000000
0.2994080 -0.9540993 -0.0070113 5.3795109
0.9540491 0.2992834 0.0148245 4.5906019
-0.0120457 -0.0111277 0.9998656 0.0875352
0.0000000 0.0000000 0.0000000 1.0000000
0.2456239 -0.9693593 -0.0033614 5.4557524
0.9692507 0.2455402 0.0162182 4.9685001
-0.0148959 -0.0072417 0.9998629 0.0898989
0.0000000 0.0000000 0.0000000 1.0000000
0.1949816 -0.9808043 -0.0022384 5.5094371
0.9806789 0.1949189 0.0165978 5.3531899
-0.0158429 -0.0054315 0.9998598 0.0935952
0.0000000 0.0000000 0.0000000 1.0000000
0.1478338 -0.9889999 -0.0049270 5.5396967
0.9888850 0.1477332 0.0167715 5.7638907
-0.0158592 -0.0073516 0.9998473 0.0904635
0.0000000 0.0000000 0.0000000 1.0000000
0.1056971 -0.9943647 -0.0081746 5.5577736
0.9942761 0.1055517 0.0165503 6.1842151
-0.0155942 -0.0098771 0.9998297 0.0815484
0.0000000 0.0000000 0.0000000 1.0000000
0.0673209 -0.9976733 -0.0107629 5.5662441
0.9976321 0.0671582 0.0148312 6.6328859
-0.0140739 -0.0117358 0.9998322 0.0737229
0.0000000 0.0000000 0.0000000 1.0000000
0.0328141 -0.9994004 -0.0110487 5.5637884
0.9993899 0.0326775 0.0123347 7.0879631
-0.0119663 -0.0114467 0.9998630 0.0704596
0.0000000 0.0000000 0.0000000 1.0000000
0.0015506 -0.9999321 -0.0115493 5.5484395
0.9999547 0.0014420 0.0094132 7.5574942
-0.0093959 -0.0115634 0.9998891 0.0700218
0.0000000 0.0000000 0.0000000 1.0000000
-0.0256064 -0.9995977 -0.0121884 5.5172062
0.9996425 -0.0256975 0.0073898 8.0496874
-0.0077000 -0.0119948 0.9998985 0.0679351
0.0000000 0.0000000 0.0000000 1.0000000
-0.0462566 -0.9988489 -0.0126894 5.4763718
0.9989129 -0.0463254 0.0051907 8.5516081
-0.0057725 -0.0124355 0.9999061 0.0614179
0.0000000 0.0000000 0.0000000 1.0000000
-0.0628618 -0.9979345 -0.0132258 5.4311228
0.9980093 -0.0629228 0.0042541 9.0799246
-0.0050775 -0.0129321 0.9999036 0.0526160
0.0000000 0.0000000 0.0000000 1.0000000
-0.0758151 -0.9970424 -0.0125877 5.3818984
0.9971064 -0.0758781 0.0046141 9.6217585
-0.0055556 -0.0122014 0.9999102 0.0546435
0.0000000 0.0000000 0.0000000 1.0000000
-0.0852355 -0.9962741 -0.0131460 5.3264451
0.9963415 -0.0853086 0.0051131 10.1802731
-0.0062156 -0.0126621 0.9999006 0.0592508
0.0000000 0.0000000 0.0000000 1.0000000
-0.0929378 -0.9955624 -0.0147603 5.2596016
0.9956455 -0.0930331 0.0059150 10.7529469
-0.0072620 -0.0141463 0.9998737 0.0621449
0.0000000 0.0000000 0.0000000 1.0000000
-0.0972824 -0.9951413 -0.0151560 5.1935320
0.9952238 -0.0973918 0.0066621 11.3354740
-0.0081058 -0.0144355 0.9998631 0.0611257
0.0000000 0.0000000 0.0000000 1.0000000
-0.0997916 -0.9949071 -0.0141907 5.1322694
0.9949710 -0.0999012 0.0072410 11.9404459
-0.0086218 -0.0133968 0.9998732 0.0568548
0.0000000 0.0000000 0.0000000 1.0000000
-0.0985990 -0.9950342 -0.0136027 5.0682306
0.9950730 -0.0987271 0.0090952 12.5524807
-0.0103930 -0.0126389 0.9998662 0.0535709
0.0000000 0.0000000 0.0000000 1.0000000
-0.0976000 -0.9951031 -0.0156208 5.0024900
0.9951467 -0.0977780 0.0110750 13.1945705
-0.0125482 -0.0144641 0.9998168 0.0508184
0.0000000 0.0000000 0.0000000 1.0000000
-0.0958534 -0.9952570 -0.0166019 4.9345255
0.9953156 -0.0960438 0.0110761 13.8464737
-0.0126181 -0.0154624 0.9998010 0.0513329
0.0000000 0.0000000 0.0000000 1.0000000
-0.0940535 -0.9953904 -0.0187604 4.8640275
0.9955047 -0.0942420 0.0094349 14.5137234
-0.0111595 -0.0177887 0.9997796 0.0533205
0.0000000 0.0000000 0.0000000 1.0000000
-0.0929410 -0.9955013 -0.0184122 4.7962871
0.9956089 -0.0931269 0.0095121 15.2043018
-0.0111840 -0.0174473 0.9997854 0.0467258
0.0000000 0.0000000 0.0000000 1.0000000
-0.0911577 -0.9956397 -0.0197927 4.7288742
0.9957456 -0.0913999 0.0116995 15.9000616
-0.0134575 -0.0186420 0.9997358 0.0399763
0.0000000 0.0000000 0.0000000 1.0000000
-0.0897613 -0.9957479 -0.0207126 4.6594930
0.9958153 -0.0900871 0.0153718 16.6192932
-0.0171724 -0.0192461 0.9996674 0.0380185
0.0000000 0.0000000 0.0000000 1.0000000
-0.0878823 -0.9958824 -0.0222497 4.5899110
0.9959468 -0.0882735 0.0172611 17.3507290
-0.0191541 -0.0206426 0.9996035 0.0370041
0.0000000 0.0000000 0.0000000 1.0000000
-0.0862827 -0.9959829 -0.0239444 4.5179772
0.9960834 -0.0867076 0.0173157 18.0843487
-0.0193223 -0.0223565 0.9995634 0.0317167
0.0000000 0.0000000 0.0000000 1.0000000
-0.0847941 -0.9960485 -0.0264114 4.4424734
0.9962412 -0.0852219 0.0155176 18.8302212
-0.0177071 -0.0249963 0.9995308 0.0249565
0.0000000 0.0000000 0.0000000 1.0000000
-0.0828861 -0.9961796 -0.0274979 4.3708162
0.9964162 -0.0833099 0.0146401 19.6047649
-0.0168750 -0.0261859 0.9995148 0.0118848
0.0000000 0.0000000 0.0000000 1.0000000
-0.0824074 -0.9962670 -0.0257129 4.3060036
0.9964283 -0.0828430 0.0163656 20.3745308
-0.0184347 -0.0242724 0.9995355 0.0081877
0.0000000 0.0000000 0.0000000 1.0000000
-0.0810079 -0.9964182 -0.0242598 4.2411671
0.9965102 -0.0814589 0.0182208 21.1663666
-0.0201318 -0.0226991 0.9995397 0.0039309
0.0000000 0.0000000 0.0000000 1.0000000
-0.0802549 -0.9965013 -0.0233328 4.1718469
0.9965445 -0.0807170 0.0195921 21.9620743
-0.0214069 -0.0216798 0.9995359 -0.0008781
0.0000000 0.0000000 0.0000000 1.0000000
-0.0796283 -0.9965383 -0.0238917 4.1037812
0.9966747 -0.0800092 0.0154359 22.7607002
-0.0172940 -0.0225831 0.9995955 -0.0038166
0.0000000 0.0000000 0.0000000 1.0000000
-0.0794374 -0.9965732 -0.0230584 4.0400233
0.9967812 -0.0796624 0.0090130 23.5686932
-0.0108190 -0.0222682 0.9996936 -0.0095129
0.0000000 0.0000000 0.0000000 1.0000000
-0.0800624 -0.9965760 -0.0206505 3.9752088
0.9967676 -0.0801819 0.0050260 24.3781738
-0.0066646 -0.0201814 0.9997742 -0.0134581
0.0000000 0.0000000 0.0000000 1.0000000
-0.0801185 -0.9965875 -0.0198665 3.9069934
0.9967606 -0.0802412 0.0054589 25.2088261
-0.0070344 -0.0193648 0.9997878 -0.0152404
0.0000000 0.0000000 0.0000000 1.0000000
-0.0807754 -0.9965374 -0.0197184 3.8322656
0.9966304 -0.0810343 0.0127043 26.0493317
-0.0142582 -0.0186258 0.9997249 -0.0106575
0.0000000 0.0000000 0.0000000 1.0000000
-0.0810196 -0.9965044 -0.0203752 3.7583458
0.9964798 -0.0814255 0.0199507 26.8973923
-0.0215400 -0.0186870 0.9995934 -0.0101977
0.0000000 0.0000000 0.0000000 1.0000000
-0.0806800 -0.9964882 -0.0224096 3.6810458
0.9963808 -0.0812342 0.0250301 27.7454548
-0.0267626 -0.0203091 0.9994355 -0.0144453
0.0000000 0.0000000 0.0000000 1.0000000
-0.0817471 -0.9963708 -0.0237260 3.6048388
0.9962727 -0.0823504 0.0256775 28.5796795
-0.0275381 -0.0215385 0.9993888 -0.0208839
0.0000000 0.0000000 0.0000000 1.0000000
-0.0814478 -0.9964150 -0.0228828 3.5329480
0.9963824 -0.0819610 0.0224682 29.4156532
-0.0242631 -0.0209701 0.9994857 -0.0282639
0.0000000 0.0000000 0.0000000 1.0000000
-0.0829834 -0.9962892 -0.0228427 3.4583886
0.9962878 -0.0834664 0.0210741 30.2473907
-0.0229025 -0.0210091 0.9995170 -0.0332247
0.0000000 0.0000000 0.0000000 1.0000000
-0.0832697 -0.9962322 -0.0242435 3.3807836
0.9962400 -0.0838050 0.0219731 31.0830231
-0.0239220 -0.0223226 0.9994647 -0.0435082
0.0000000 0.0000000 0.0000000 1.0000000
-0.0827554 -0.9962690 -0.0244926 3.3009784
0.9962301 -0.0833439 0.0240740 31.9203205
-0.0260255 -0.0224080 0.9994102 -0.0499138
0.0000000 0.0000000 0.0000000 1.0000000
-0.0832796 -0.9962291 -0.0243397 3.2218883
0.9962084 -0.0838450 0.0232145 32.7476807
-0.0251677 -0.0223142 0.9994343 -0.0543212
0.0000000 0.0000000 0.0000000 1.0000000
-0.0822077 -0.9963023 -0.0249781 3.1450357
0.9964056 -0.0826786 0.0184473 33.5754204
-0.0204443 -0.0233718 0.9995179 -0.0611016
0.0000000 0.0000000 0.0000000 1.0000000
-0.0828118 -0.9962171 -0.0263435 3.0672746
0.9964257 -0.0832137 0.0145438 34.3973846
-0.0166810 -0.0250449 0.9995473 -0.0678943
0.0000000 0.0000000 0.0000000 1.0000000
-0.0827983 -0.9962097 -0.0266642 2.9915004
0.9964242 -0.0832088 0.0146716 35.2330170
-0.0168347 -0.0253540 0.9995369 -0.0728288
0.0000000 0.0000000 0.0000000 1.0000000
-0.0816012 -0.9963503 -0.0250533 2.9172137
0.9964911 -0.0820309 0.0166322 36.0698318
-0.0186266 -0.0236082 0.9995479 -0.0733169
0.0000000 0.0000000 0.0000000 1.0000000
-0.0821335 -0.9962680 -0.0265440 2.8422694
0.9963391 -0.0827149 0.0216030 36.9018173
-0.0237180 -0.0246725 0.9994143 -0.0789077
0.0000000 0.0000000 0.0000000 1.0000000
-0.0808694 -0.9963886 -0.0258884 2.7706635
0.9962971 -0.0815682 0.0271832 37.7436523
-0.0291967 -0.0235942 0.9992953 -0.0852957
0.0000000 0.0000000 0.0000000 1.0000000
-0.0816820 -0.9962831 -0.0273567 2.6994367
0.9961233 -0.0825068 0.0305155 38.5712814
-0.0326592 -0.0247581 0.9991599 -0.0950270
0.0000000 0.0000000 0.0000000 1.0000000
-0.0816410 -0.9963028 -0.0267539 2.6275706
0.9961189 -0.0824530 0.0308020 39.4021072
-0.0328940 -0.0241354 0.9991674 -0.1049243
0.0000000 0.0000000 0.0000000 1.0000000
-0.0810914 -0.9963405 -0.0270229 2.5542397
0.9962906 -0.0818111 0.0266844 40.2296638
-0.0287976 -0.0247587 0.9992787 -0.1176110
0.0000000 0.0000000 0.0000000 1.0000000
-0.0809628 -0.9963292 -0.0278115 2.4776635
0.9964185 -0.0815900 0.0222123 41.0621262
-0.0243999 -0.0259136 0.9993665 -0.1266263
0.0000000 0.0000000 0.0000000 1.0000000
-0.0806561 -0.9962854 -0.0301719 2.3990858
0.9964941 -0.0812742 0.0198529 41.8894424
-0.0222313 -0.0284648 0.9993476 -0.1346563
0.0000000 0.0000000 0.0000000 1.0000000
-0.0816642 -0.9961023 -0.0333376 2.3193054
0.9964430 -0.0822986 0.0181234 42.7124977
-0.0207964 -0.0317390 0.9992799 -0.1455896
0.0000000 0.0000000 0.0000000 1.0000000
-0.0823077 -0.9961144 -0.0313331 2.2477598
0.9964157 -0.0828672 0.0169945 43.5418701
-0.0195250 -0.0298220 0.9993646 -0.1470960
0.0000000 0.0000000 0.0000000 1.0000000
-0.0833662 -0.9961296 -0.0278593 2.1830142
0.9963835 -0.0837833 0.0141545 44.3552284
-0.0164339 -0.0265786 0.9995117 -0.1466230
0.0000000 0.0000000 0.0000000 1.0000000
-0.0845969 -0.9961205 -0.0242419 2.1133199
0.9963049 -0.0849245 0.0128227 45.1784706
-0.0148317 -0.0230675 0.9996240 -0.1523306
0.0000000 0.0000000 0.0000000 1.0000000
-0.0857653 -0.9960378 -0.0235212 2.0402646
0.9961519 -0.0861549 0.0160842 46.0048523
-0.0180469 -0.0220513 0.9995940 -0.1542939
0.0000000 0.0000000 0.0000000 1.0000000
-0.0883921 -0.9958485 -0.0217456 1.9660777
0.9958040 -0.0888652 0.0218482 46.8185768
-0.0236899 -0.0197231 0.9995249 -0.1589780
0.0000000 0.0000000 0.0000000 1.0000000
-0.0902305 -0.9957134 -0.0203400 1.8910069
0.9955406 -0.0907415 0.0257836 47.6366081
-0.0275188 -0.0179229 0.9994607 -0.1640343
0.0000000 0.0000000 0.0000000 1.0000000
-0.0909985 -0.9956423 -0.0203961 1.8174111
0.9954719 -0.0915098 0.0257215 48.4447327
-0.0274758 -0.0179631 0.9994612 -0.1676115
0.0000000 0.0000000 0.0000000 1.0000000
-0.0926283 -0.9954382 -0.0228746 1.7308532
0.9954195 -0.0931236 0.0216322 49.2459831
-0.0236637 -0.0207661 0.9995044 -0.1766987
0.0000000 0.0000000 0.0000000 1.0000000
-0.0935742 -0.9952286 -0.0276428 1.6438569
0.9953963 -0.0940961 0.0182254 50.0425568
-0.0207395 -0.0258101 0.9994518 -0.1803084
0.0000000 0.0000000 0.0000000 1.0000000
-0.0946702 -0.9950099 -0.0315153 1.5543694
0.9953184 -0.0952235 0.0165435 50.8363457
-0.0194619 -0.0298016 0.9993665 -0.1887225
0.0000000 0.0000000 0.0000000 1.0000000
-0.0962574 -0.9948247 -0.0325380 1.4696997
0.9951473 -0.0968559 0.0173437 51.6351318
-0.0204055 -0.0307107 0.9993201 -0.1926847
0.0000000 0.0000000 0.0000000 1.0000000
-0.0966817 -0.9947888 -0.0323760 1.3881476
0.9950711 -0.0973275 0.0190000 52.4226723
-0.0220521 -0.0303795 0.9992952 -0.1944660
0.0000000 0.0000000 0.0000000 1.0000000
-0.0985713 -0.9945286 -0.0345963 1.3032974
0.9948866 -0.0992564 0.0186761 53.2018929
-0.0220078 -0.0325785 0.9992269 -0.1968622
0.0000000 0.0000000 0.0000000 1.0000000
-0.0995435 -0.9943965 -0.0355950 1.2157756
0.9947891 -0.1002478 0.0185790 53.9814224
-0.0220432 -0.0335601 0.9991937 -0.2024586
0.0000000 0.0000000 0.0000000 1.0000000
-0.0994456 -0.9944451 -0.0344951 1.1338005
0.9947715 -0.1001685 0.0199008 54.7534447
-0.0232456 -0.0323357 0.9992068 -0.2074899
0.0000000 0.0000000 0.0000000 1.0000000
-0.1002502 -0.9943853 -0.0338836 1.0504944
0.9946184 -0.1010527 0.0228622 55.5295715
-0.0261579 -0.0314094 0.9991643 -0.2097082
0.0000000 0.0000000 0.0000000 1.0000000
-0.0999997 -0.9943969 -0.0342823 0.9668054
0.9945437 -0.1009248 0.0264045 56.2906761
-0.0297165 -0.0314548 0.9990634 -0.2196672
0.0000000 0.0000000 0.0000000 1.0000000
-0.1013729 -0.9942538 -0.0343978 0.8778162
0.9943474 -0.1023586 0.0282145 57.0499840
-0.0315733 -0.0313431 0.9990100 -0.2278068
0.0000000 0.0000000 0.0000000 1.0000000
-0.1023473 -0.9941545 -0.0343846 0.7974353
0.9942350 -0.1033440 0.0285796 57.7975693
-0.0319660 -0.0312613 0.9990000 -0.2366974
0.0000000 0.0000000 0.0000000 1.0000000
-0.1022300 -0.9942165 -0.0329071 0.7176275
0.9942976 -0.1031359 0.0271191 58.5378838
-0.0303562 -0.0299470 0.9990905 -0.2450192
0.0000000 0.0000000 0.0000000 1.0000000
-0.1029025 -0.9941708 -0.0321844 0.6336607
0.9943157 -0.1036990 0.0241425 59.2852173
-0.0273392 -0.0295171 0.9991904 -0.2510485
0.0000000 0.0000000 0.0000000 1.0000000
-0.1026702 -0.9941987 -0.0320637 0.5595809
0.9944007 -0.1033952 0.0218353 59.9935379
-0.0250239 -0.0296423 0.9992474 -0.2542006
0.0000000 0.0000000 0.0000000 1.0000000
-0.1016044 -0.9943002 -0.0323094 0.4777167
0.9945461 -0.1022912 0.0203644 60.7001953
-0.0235533 -0.0300641 0.9992705 -0.2599304
0.0000000 0.0000000 0.0000000 1.0000000
-0.0998130 -0.9944240 -0.0340365 0.4010817
0.9947413 -0.1005174 0.0196519 61.3908424
-0.0229636 -0.0318960 0.9992274 -0.2644348
0.0000000 0.0000000 0.0000000 1.0000000
-0.0953583 -0.9948724 -0.0337036 0.3294291
0.9951612 -0.0960822 0.0205536 62.0611687
-0.0236865 -0.0315805 0.9992206 -0.2672394
0.0000000 0.0000000 0.0000000 1.0000000
-0.0903480 -0.9953454 -0.0335406 0.2673664
0.9955990 -0.0911105 0.0219470 62.7214241
-0.0249007 -0.0314101 0.9991964 -0.2705859
0.0000000 0.0000000 0.0000000 1.0000000
-0.0833622 -0.9960365 -0.0310208 0.2112508
0.9961815 -0.0841040 0.0234294 63.3692856
-0.0259455 -0.0289492 0.9992442 -0.2707690
0.0000000 0.0000000 0.0000000 1.0000000
-0.0749057 -0.9966519 -0.0327754 0.1604048
0.9968209 -0.0757323 0.0247528 64.0000229
-0.0271521 -0.0308170 0.9991562 -0.2734441
0.0000000 0.0000000 0.0000000 1.0000000
-0.0631616 -0.9974345 -0.0336938 0.1159655
0.9976100 -0.0640484 0.0259242 64.6216354
-0.0280157 -0.0319758 0.9990960 -0.2756224
0.0000000 0.0000000 0.0000000 1.0000000
-0.0481643 -0.9982245 -0.0350468 0.0821457
0.9984040 -0.0491496 0.0278183 65.2319717
-0.0294914 -0.0336511 0.9989985 -0.2784727
0.0000000 0.0000000 0.0000000 1.0000000
-0.0302903 -0.9988873 -0.0361516 0.0608893
0.9990844 -0.0313500 0.0291153 65.8154907
-0.0302163 -0.0352366 0.9989221 -0.2820171
0.0000000 0.0000000 0.0000000 1.0000000
-0.0084276 -0.9993162 -0.0360049 0.0583656
0.9995118 -0.0095016 0.0297656 66.3806534
-0.0300873 -0.0357365 0.9989082 -0.2865017
0.0000000 0.0000000 0.0000000 1.0000000
0.0163375 -0.9992775 -0.0343192 0.0721241
0.9994255 0.0153013 0.0302428 66.9188156
-0.0296958 -0.0347935 0.9989532 -0.2907874
0.0000000 0.0000000 0.0000000 1.0000000
0.0457927 -0.9984432 -0.0318511 0.1061268
0.9985251 0.0448189 0.0306429 67.4440765
-0.0291677 -0.0332073 0.9990228 -0.2927607
0.0000000 0.0000000 0.0000000 1.0000000
0.0789210 -0.9964296 -0.0299953 0.1541628
0.9964889 0.0780106 0.0304017 67.9368591
-0.0279532 -0.0322894 0.9990876 -0.2966581
0.0000000 0.0000000 0.0000000 1.0000000
0.1163128 -0.9928069 -0.0283892 0.2209300
0.9928364 0.1154345 0.0308363 68.4130402
-0.0273374 -0.0317725 0.9991212 -0.3028598
0.0000000 0.0000000 0.0000000 1.0000000
0.1568216 -0.9872746 -0.0263838 0.3093099
0.9872764 0.1559983 0.0308197 68.8705978
-0.0263117 -0.0308813 0.9991767 -0.3046726
0.0000000 0.0000000 0.0000000 1.0000000
0.2009927 -0.9793071 -0.0236614 0.4162741
0.9792331 0.2002058 0.0319404 69.3150787
-0.0265423 -0.0295898 0.9992096 -0.3077018
0.0000000 0.0000000 0.0000000 1.0000000
0.2489057 -0.9683447 -0.0188338 0.5577783
0.9681867 0.2482549 0.0313717 69.7477341
-0.0257030 -0.0260432 0.9993303 -0.3087388
0.0000000 0.0000000 0.0000000 1.0000000
0.2981618 -0.9544528 -0.0109363 0.7218351
0.9542343 0.2977764 0.0276813 70.1618805
-0.0231639 -0.0186893 0.9995569 -0.3025796
0.0000000 0.0000000 0.0000000 1.0000000
0.3498123 -0.9368021 -0.0057715 0.9094990
0.9366033 0.3495924 0.0236560 70.5669708
-0.0201433 -0.0136808 0.9997034 -0.2984324
0.0000000 0.0000000 0.0000000 1.0000000
0.4013459 -0.9159266 -0.0004006 1.1094184
0.9157543 0.4012619 0.0195725 70.9574203
-0.0177663 -0.0082222 0.9998083 -0.3002145
0.0000000 0.0000000 0.0000000 1.0000000
0.4526907 -0.8916673 0.0009050 1.3357368
0.8915056 0.4526275 0.0186060 71.3457260
-0.0170000 -0.0076160 0.9998264 -0.3087751
0.0000000 0.0000000 0.0000000 1.0000000
0.5006638 -0.8656347 0.0035526 1.5694064
0.8654736 0.5006431 0.0176609 71.7062302
-0.0170665 -0.0057675 0.9998376 -0.3145955
0.0000000 0.0000000 0.0000000 1.0000000
0.5455955 -0.8379756 0.0110755 1.8335886
0.8378668 0.5457048 0.0136218 72.0464096
-0.0174587 0.0018478 0.9998458 -0.3176352
0.0000000 0.0000000 0.0000000 1.0000000
0.5898814 -0.8071924 0.0219178 2.1306052
0.8072648 0.5901406 0.0075928 72.3729935
-0.0190634 0.0132146 0.9997309 -0.3072067
0.0000000 0.0000000 0.0000000 1.0000000
0.6319028 -0.7747181 0.0226013 2.4173932
0.7748556 0.6321267 0.0038288 72.6770706
-0.0172531 0.0150933 0.9997371 -0.3045644
0.0000000 0.0000000 0.0000000 1.0000000
0.6736128 -0.7389076 0.0161709 2.7213268
0.7390125 0.6736913 -0.0007860 72.9782257
-0.0103134 0.0124799 0.9998689 -0.3098717
0.0000000 0.0000000 0.0000000 1.0000000
0.7141002 -0.7000148 0.0063532 3.0294607
0.7000434 0.7140761 -0.0058793 73.2564774
-0.0004211 0.0086459 0.9999624 -0.3081892
0.0000000 0.0000000 0.0000000 1.0000000
0.7543539 -0.6564609 -0.0030627 3.3852460
0.6564215 0.7543478 -0.0083805 73.5402069
0.0078118 0.0043114 0.9999601 -0.3129840
0.0000000 0.0000000 0.0000000 1.0000000
0.7913677 -0.6113017 -0.0068930 3.7572286
0.6112379 0.7913911 -0.0094018 73.8004761
0.0112023 0.0032270 0.9999320 -0.3122989
0.0000000 0.0000000 0.0000000 1.0000000
0.8260680 -0.5635106 -0.0082180 4.1666923
0.5634299 0.8260998 -0.0102906 74.0543137
0.0125877 0.0038705 0.9999132 -0.3076940
0.0000000 0.0000000 0.0000000 1.0000000
0.8579092 -0.5136607 -0.0120278 4.6119537
0.5135829 0.8579919 -0.0090782 74.3043060
0.0149829 0.0016110 0.9998864 -0.3051848
0.0000000 0.0000000 0.0000000 1.0000000
0.8840976 -0.4671703 -0.0111155 5.0660000
0.4671175 0.8841667 -0.0071060 74.5284348
0.0131476 0.0010902 0.9999129 -0.2870598
0.0000000 0.0000000 0.0000000 1.0000000
0.9067615 -0.4214528 -0.0126984 5.5612726
0.4214655 0.9068426 -0.0017886 74.7583313
0.0122693 -0.0037301 0.9999177 -0.2810009
0.0000000 0.0000000 0.0000000 1.0000000
0.9244249 -0.3810337 -0.0158759 6.0573630
0.3811331 0.9245128 0.0036806 74.9581604
0.0132751 -0.0094532 0.9998671 -0.2749831
0.0000000 0.0000000 0.0000000 1.0000000
0.9386702 -0.3444395 -0.0161211 6.5920053
0.3445939 0.9387180 0.0079682 75.1518173
0.0123886 -0.0130347 0.9998382 -0.2675093
0.0000000 0.0000000 0.0000000 1.0000000
0.9495879 -0.3131883 -0.0140051 7.1539621
0.3133228 0.9496068 0.0086954 75.3320694
0.0105760 -0.0126451 0.9998640 -0.2560608
0.0000000 0.0000000 0.0000000 1.0000000
0.9571089 -0.2894991 -0.0115352 7.7153988
0.2895970 0.9571155 0.0079565 75.4943008
0.0087372 -0.0109558 0.9999017 -0.2420494
0.0000000 0.0000000 0.0000000 1.0000000
0.9636618 -0.2669621 -0.0093437 8.3117590
0.2670402 0.9636483 0.0084414 75.6577988
0.0067505 -0.0106298 0.9999206 -0.2322994
0.0000000 0.0000000 0.0000000 1.0000000
0.9682523 -0.2498779 -0.0069672 8.9150734
0.2499405 0.9682056 0.0103705 75.8136520
0.0041543 -0.0117826 0.9999219 -0.2251294
0.0000000 0.0000000 0.0000000 1.0000000
0.9721428 -0.2342997 -0.0064808 9.5399380
0.2343710 0.9720410 0.0143631 75.9664993
0.0029344 -0.0154819 0.9998757 -0.2172984
0.0000000 0.0000000 0.0000000 1.0000000
0.9755602 -0.2196514 -0.0059582 10.1836061
0.2197228 0.9754111 0.0171723 76.1213303
0.0020398 -0.0180617 0.9998347 -0.2126605
0.0000000 0.0000000 0.0000000 1.0000000
0.9782002 -0.2075979 -0.0052423 10.8296432
0.2076561 0.9780718 0.0159475 76.2556686
0.0018167 -0.0166885 0.9998590 -0.2006551
0.0000000 0.0000000 0.0000000 1.0000000
0.9810650 -0.1936108 -0.0051383 11.5001001
0.1936682 0.9809451 0.0154703 76.3896179
0.0020452 -0.0161725 0.9998670 -0.1933288
0.0000000 0.0000000 0.0000000 1.0000000
0.9840180 -0.1780194 -0.0041963 12.2000113
0.1780633 0.9839007 0.0152530 76.5209732
0.0014134 -0.0157564 0.9998748 -0.1883492
0.0000000 0.0000000 0.0000000 1.0000000
0.9863905 -0.1643737 -0.0038873 12.8976793
0.1644156 0.9862580 0.0162001 76.6410751
0.0011710 -0.0166187 0.9998611 -0.1826164
0.0000000 0.0000000 0.0000000 1.0000000
0.9885824 -0.1505715 -0.0057519 13.6278992
0.1506485 0.9884437 0.0168519 76.7558594
0.0031481 -0.0175260 0.9998413 -0.1705164
0.0000000 0.0000000 0.0000000 1.0000000
0.9900693 -0.1401648 -0.0108020 14.3522444
0.1403404 0.9899449 0.0177032 76.8584061
0.0082120 -0.0190434 0.9997848 -0.1611295
0.0000000 0.0000000 0.0000000 1.0000000
0.9913719 -0.1301123 -0.0158949 15.0949965
0.1303768 0.9913201 0.0169182 76.9591370
0.0135556 -0.0188446 0.9997304 -0.1452145
0.0000000 0.0000000 0.0000000 1.0000000
0.9925152 -0.1210575 -0.0160825 15.8495121
0.1213415 0.9924468 0.0180417 77.0534744
0.0137769 -0.0198582 0.9997078 -0.1344450
0.0000000 0.0000000 0.0000000 1.0000000
0.9933721 -0.1144979 -0.0101078 16.6157608
0.1146756 0.9932168 0.0192271 77.1457977
0.0078378 -0.0202588 0.9997639 -0.1169516
0.0000000 0.0000000 0.0000000 1.0000000
0.9939629 -0.1096807 -0.0028012 17.3808861
0.1097163 0.9936868 0.0234248 77.2403717
0.0002143 -0.0235907 0.9997215 -0.1050417
0.0000000 0.0000000 0.0000000 1.0000000
0.9945266 -0.1044716 0.0016328 18.1499729
0.1044056 0.9942615 0.0233110 77.3299866
-0.0040587 -0.0230130 0.9997268 -0.0900191
0.0000000 0.0000000 0.0000000 1.0000000
0.9948168 -0.1016745 0.0013522 18.9149113
0.1016175 0.9945621 0.0228010 77.4129639
-0.0036631 -0.0225454 0.9997389 -0.0780299
0.0000000 0.0000000 0.0000000 1.0000000
0.9951935 -0.0979239 0.0008655 19.6745911
0.0978806 0.9949492 0.0222588 77.4904327
-0.0030408 -0.0220672 0.9997517 -0.0696026
0.0000000 0.0000000 0.0000000 1.0000000
0.9954557 -0.0951819 0.0029091 20.4381561
0.0950971 0.9952315 0.0216948 77.5642242
-0.0049602 -0.0213196 0.9997602 -0.0636782
0.0000000 0.0000000 0.0000000 1.0000000
0.9956827 -0.0926530 0.0056128 21.2041702
0.0925245 0.9955104 0.0199527 77.6371231
-0.0074362 -0.0193473 0.9997849 -0.0535997
0.0000000 0.0000000 0.0000000 1.0000000
0.9959540 -0.0895470 0.0075535 21.9692268
0.0893953 0.9958249 0.0184672 77.7060394
-0.0091757 -0.0177173 0.9998007 -0.0417288
0.0000000 0.0000000 0.0000000 1.0000000
0.9961510 -0.0875366 0.0045453 22.7258873
0.0874434 0.9960114 0.0177442 77.7755966
-0.0060805 -0.0172785 0.9998320 -0.0314125
0.0000000 0.0000000 0.0000000 1.0000000
0.9963596 -0.0852103 -0.0025833 23.4792614
0.0852458 0.9961405 0.0209078 77.8479767
0.0007918 -0.0210520 0.9997778 -0.0258784
0.0000000 0.0000000 0.0000000 1.0000000
0.9965238 -0.0826447 -0.0104995 24.2286987
0.0828601 0.9963168 0.0220659 77.9153671
0.0086372 -0.0228592 0.9997011 -0.0163840
0.0000000 0.0000000 0.0000000 1.0000000
0.9965774 -0.0813777 -0.0145350 24.9819298
0.0817062 0.9963757 0.0236512 77.9823990
0.0125576 -0.0247579 0.9996143 0.0005585
0.0000000 0.0000000 0.0000000 1.0000000
0.9968133 -0.0787259 -0.0128659 25.7378292
0.0790294 0.9965565 0.0250857 78.0468826
0.0108467 -0.0260225 0.9996022 0.0167249
0.0000000 0.0000000 0.0000000 1.0000000
0.9970567 -0.0761295 -0.0090723 26.4966431
0.0763595 0.9966730 0.0284953 78.1151352
0.0068728 -0.0291042 0.9995524 0.0382073
0.0000000 0.0000000 0.0000000 1.0000000
0.9972394 -0.0740986 -0.0048048 27.2551231
0.0742111 0.9967766 0.0304776 78.1811829
0.0025310 -0.0307501 0.9995236 0.0528471
0.0000000 0.0000000 0.0000000 1.0000000
0.9974551 -0.0712658 -0.0021342 28.0142250
0.0712977 0.9970437 0.0286415 78.2350616
0.0000867 -0.0287208 0.9995872 0.0696011
0.0000000 0.0000000 0.0000000 1.0000000
0.9975601 -0.0697871 -0.0019112 28.7695255
0.0698133 0.9972045 0.0266324 78.2874908
0.0000473 -0.0267009 0.9996431 0.0880564
0.0000000 0.0000000 0.0000000 1.0000000
0.9976930 -0.0678599 -0.0019190 29.5175762
0.0678867 0.9973831 0.0248672 78.3388901
0.0002265 -0.0249402 0.9996886 0.1034501
0.0000000 0.0000000 0.0000000 1.0000000
0.9977299 -0.0672630 -0.0032764 30.2734165
0.0673236 0.9974263 0.0246639 78.3933105
0.0016090 -0.0248285 0.9996901 0.1100199
0.0000000 0.0000000 0.0000000 1.0000000
0.9977865 -0.0663304 -0.0047199 31.0338631
0.0664222 0.9975250 0.0230647 78.4437332
0.0031784 -0.0233271 0.9997225 0.1226127
0.0000000 0.0000000 0.0000000 1.0000000
0.9978808 -0.0649079 -0.0045530 31.8037167
0.0649933 0.9976398 0.0221500 78.4949570
0.0031045 -0.0223990 0.9997440 0.1371323
0.0000000 0.0000000 0.0000000 1.0000000
0.9979125 -0.0644620 -0.0039001 32.5779991
0.0645366 0.9976341 0.0236919 78.5509109
0.0023637 -0.0238942 0.9997114 0.1475245
0.0000000 0.0000000 0.0000000 1.0000000
0.9979306 -0.0641573 -0.0042650 33.3523674
0.0642426 0.9976364 0.0243830 78.6063004
0.0026906 -0.0246065 0.9996933 0.1598631
0.0000000 0.0000000 0.0000000 1.0000000
0.9978570 -0.0652801 -0.0044466 34.1291580
0.0653654 0.9975974 0.0229526 78.6610947
0.0029376 -0.0231941 0.9997264 0.1715325
0.0000000 0.0000000 0.0000000 1.0000000
0.9976583 -0.0682845 -0.0038600 34.9192238
0.0683529 0.9974222 0.0218391 78.7199173
0.0023588 -0.0220519 0.9997537 0.1832216
0.0000000 0.0000000 0.0000000 1.0000000
0.9974723 -0.0709410 -0.0040191 35.6986809
0.0710140 0.9972200 0.0225656 78.7823410
0.0024071 -0.0227940 0.9997370 0.1932537
0.0000000 0.0000000 0.0000000 1.0000000
0.9972175 -0.0743887 -0.0048206 36.5018196
0.0744867 0.9969075 0.0250447 78.8561096
0.0029427 -0.0253341 0.9996744 0.2068734
0.0000000 0.0000000 0.0000000 1.0000000
0.9969944 -0.0769198 -0.0092297 37.3042717
0.0771383 0.9966745 0.0262617 78.9301987
0.0071790 -0.0268947 0.9996122 0.2177236
0.0000000 0.0000000 0.0000000 1.0000000
0.9967882 -0.0790642 -0.0127229 38.1013145
0.0793896 0.9964641 0.0275050 79.0009918
0.0105032 -0.0284268 0.9995403 0.2308233
0.0000000 0.0000000 0.0000000 1.0000000
0.9965944 -0.0813565 -0.0134353 38.9256248
0.0817001 0.9962806 0.0273861 79.0729980
0.0111573 -0.0283905 0.9995342 0.2471680
0.0000000 0.0000000 0.0000000 1.0000000
0.9964289 -0.0835125 -0.0124404 39.7386551
0.0838135 0.9961412 0.0260390 79.1451797
0.0102179 -0.0269887 0.9995831 0.2623146
0.0000000 0.0000000 0.0000000 1.0000000
0.9962069 -0.0862669 -0.0113837 40.5751762
0.0865335 0.9959230 0.0254807 79.2213287
0.0091392 -0.0263691 0.9996101 0.2801414
0.0000000 0.0000000 0.0000000 1.0000000
0.9960678 -0.0880378 -0.0098990 41.4114532
0.0882616 0.9957824 0.0250464 79.2958450
0.0076523 -0.0258216 0.9996369 0.2993025
0.0000000 0.0000000 0.0000000 1.0000000
0.9960568 -0.0884486 -0.0068862 42.2550430
0.0885937 0.9957588 0.0248101 79.3754578
0.0046626 -0.0253224 0.9996681 0.3129275
0.0000000 0.0000000 0.0000000 1.0000000
0.9959522 -0.0898604 -0.0019889 43.0983086
0.0898821 0.9956515 0.0244762 79.4552078
-0.0002192 -0.0245559 0.9996980 0.3276112
0.0000000 0.0000000 0.0000000 1.0000000
0.9960304 -0.0890122 -0.0002223 43.9497108
0.0889899 0.9957180 0.0250271 79.5349808
-0.0020064 -0.0249475 0.9996864 0.3412343
0.0000000 0.0000000 0.0000000 1.0000000
0.9962841 -0.0861254 -0.0004495 44.8177185
0.0861048 0.9959009 0.0277012 79.6215744
-0.0019381 -0.0276370 0.9996157 0.3491015
0.0000000 0.0000000 0.0000000 1.0000000
0.9964007 -0.0847588 -0.0011239 45.6717224
0.0847567 0.9960003 0.0282753 79.7005615
-0.0012771 -0.0282688 0.9995991 0.3605806
0.0000000 0.0000000 0.0000000 1.0000000
0.9966372 -0.0819032 -0.0024307 46.5427361
0.0819390 0.9962830 0.0265732 79.7756805
0.0002453 -0.0266830 0.9996434 0.3707114
0.0000000 0.0000000 0.0000000 1.0000000
0.9967561 -0.0804201 -0.0031023 47.4047279
0.0804695 0.9965074 0.0223054 79.8405914
0.0012977 -0.0224827 0.9997459 0.3843022
0.0000000 0.0000000 0.0000000 1.0000000
0.9969203 -0.0783667 -0.0028570 48.2756004
0.0784094 0.9967031 0.0208507 79.9147339
0.0012136 -0.0210105 0.9997780 0.3932145
0.0000000 0.0000000 0.0000000 1.0000000
0.9970455 -0.0768100 -0.0003750 49.1633415
0.0768046 0.9968897 0.0176589 79.9862442
-0.0009825 -0.0176356 0.9998435 0.4031890
0.0000000 0.0000000 0.0000000 1.0000000
0.9970801 -0.0763277 0.0022185 50.0240479
0.0762857 0.9969714 0.0151126 80.0526810
-0.0033652 -0.0148993 0.9998829 0.4164392
0.0000000 0.0000000 0.0000000 1.0000000
0.9972081 -0.0746221 0.0026991 50.9094162
0.0745753 0.9971088 0.0145769 80.1218643
-0.0037791 -0.0143349 0.9998897 0.4321095
0.0000000 0.0000000 0.0000000 1.0000000
0.9973164 -0.0732052 -0.0007778 51.7649040
0.0732083 0.9971884 0.0159894 80.1932831
-0.0003949 -0.0160034 0.9998714 0.4447117
0.0000000 0.0000000 0.0000000 1.0000000
0.9973376 -0.0726232 -0.0065761 52.6204300
0.0727425 0.9971458 0.0202144 80.2643738
0.0050893 -0.0206390 0.9997736 0.4572811
0.0000000 0.0000000 0.0000000 1.0000000
0.9974054 -0.0710666 -0.0114752 53.4824944
0.0713038 0.9972169 0.0217766 80.3359833
0.0098957 -0.0225383 0.9996966 0.4758065
0.0000000 0.0000000 0.0000000 1.0000000
0.9973749 -0.0701457 -0.0179564 54.3233261
0.0706055 0.9971549 0.0264002 80.4091797
0.0160535 -0.0275987 0.9994898 0.4963071
0.0000000 0.0000000 0.0000000 1.0000000
0.9974533 -0.0686919 -0.0191815 55.1859245
0.0691832 0.9972587 0.0262457 80.4768600
0.0173260 -0.0275059 0.9994711 0.5187936
0.0000000 0.0000000 0.0000000 1.0000000
0.9975463 -0.0689268 -0.0122475 56.0299454
0.0692158 0.9972886 0.0249901 80.5342941
0.0104918 -0.0257766 0.9996123 0.5429578
0.0000000 0.0000000 0.0000000 1.0000000
0.9975818 -0.0694472 -0.0026849 56.8975906
0.0694915 0.9972997 0.0237534 80.5978470
0.0010281 -0.0238826 0.9997138 0.5701242
0.0000000 0.0000000 0.0000000 1.0000000
0.9975266 -0.0701486 0.0044025 57.7553673
0.0700428 0.9973271 0.0207992 80.6577759
-0.0058497 -0.0204394 0.9997736 0.5844170
0.0000000 0.0000000 0.0000000 1.0000000
0.9973289 -0.0729380 0.0038151 58.5847816
0.0728450 0.9971318 0.0205370 80.7187042
-0.0053020 -0.0202043 0.9997814 0.6022798
0.0000000 0.0000000 0.0000000 1.0000000
0.9972171 -0.0745317 0.0016172 59.4239082
0.0744973 0.9970977 0.0156927 80.7800522
-0.0027821 -0.0155285 0.9998751 0.6190431
0.0000000 0.0000000 0.0000000 1.0000000
0.9970135 -0.0772193 0.0009316 60.2543449
0.0771983 0.9969137 0.0142624 80.8477936
-0.0020301 -0.0141479 0.9998974 0.6271237
0.0000000 0.0000000 0.0000000 1.0000000
0.9968011 -0.0799162 -0.0007164 61.0744743
0.0799173 0.9966688 0.0162588 80.9226456
-0.0005853 -0.0162640 0.9998671 0.6444438
0.0000000 0.0000000 0.0000000 1.0000000
0.9965779 -0.0826064 -0.0028704 61.8883972
0.0826453 0.9964110 0.0182986 80.9992371
0.0013485 -0.0184733 0.9998280 0.6584514
0.0000000 0.0000000 0.0000000 1.0000000
0.9962159 -0.0866415 -0.0068295 62.6990738
0.0867571 0.9960486 0.0189792 81.0763931
0.0051582 -0.0194999 0.9997962 0.6671336
0.0000000 0.0000000 0.0000000 1.0000000
0.9959711 -0.0890878 -0.0102221 63.5065155
0.0892852 0.9957883 0.0208266 81.1600189
0.0083236 -0.0216554 0.9997305 0.6873546
0.0000000 0.0000000 0.0000000 1.0000000
0.9956102 -0.0928693 -0.0116270 64.3126831
0.0931324 0.9953494 0.0246129 81.2485046
0.0092871 -0.0255877 0.9996291 0.7013949
0.0000000 0.0000000 0.0000000 1.0000000
0.9952730 -0.0965242 -0.0106954 65.1218872
0.0967952 0.9948913 0.0286660 81.3409653
0.0078738 -0.0295658 0.9995314 0.7214471
0.0000000 0.0000000 0.0000000 1.0000000
0.9950303 -0.0993959 -0.0058876 65.9214401
0.0995347 0.9945132 0.0321920 81.4342651
0.0026556 -0.0326181 0.9994640 0.7380456
0.0000000 0.0000000 0.0000000 1.0000000
0.9945255 -0.1044920 0.0001327 66.7291489
0.1044324 0.9939998 0.0325308 81.5258484
-0.0035311 -0.0323389 0.9994704 0.7554207
0.0000000 0.0000000 0.0000000 1.0000000
0.9940861 -0.1085581 0.0027205 67.5205154
0.1084183 0.9936001 0.0316907 81.6199799
-0.0061434 -0.0312084 0.9994937 0.7712643
0.0000000 0.0000000 0.0000000 1.0000000
0.9933074 -0.1154417 0.0036348 68.3142014
0.1152666 0.9928135 0.0321715 81.7178650
-0.0073226 -0.0315373 0.9994754 0.7770312
0.0000000 0.0000000 0.0000000 1.0000000
0.9926338 -0.1209670 0.0066886 69.1031799
0.1207223 0.9922509 0.0293992 81.8144608
-0.0101931 -0.0283752 0.9995450 0.7897920
0.0000000 0.0000000 0.0000000 1.0000000
0.9919270 -0.1266084 0.0071124 69.8776855
0.1263328 0.9915056 0.0309287 81.9194794
-0.0109678 -0.0297805 0.9994960 0.8000584
0.0000000 0.0000000 0.0000000 1.0000000
0.9910724 -0.1332077 0.0055470 70.6591339
0.1329323 0.9904948 0.0353396 82.0354767
-0.0102018 -0.0342868 0.9993597 0.8054541
0.0000000 0.0000000 0.0000000 1.0000000
0.9902958 -0.1389483 0.0026506 71.4290619
0.1387516 0.9896116 0.0376408 82.1508026
-0.0078531 -0.0369078 0.9992875 0.8077875
0.0000000 0.0000000 0.0000000 1.0000000
0.9896061 -0.1438014 -0.0006874 72.1841354
0.1437303 0.9889424 0.0365301 82.2651520
-0.0045733 -0.0362492 0.9993321 0.8134947
0.0000000 0.0000000 0.0000000 1.0000000
0.9887912 -0.1492905 -0.0019683 72.9632111
0.1492584 0.9880830 0.0376003 82.3939285
-0.0036685 -0.0374727 0.9992906 0.8218928
0.0000000 0.0000000 0.0000000 1.0000000
0.9881107 -0.1537323 0.0017705 73.7277069
0.1535575 0.9874212 0.0376758 82.5242081
-0.0075402 -0.0369561 0.9992881 0.8210881
0.0000000 0.0000000 0.0000000 1.0000000
0.9871399 -0.1597389 0.0061442 74.4920654
0.1593874 0.9864568 0.0387101 82.6550293
-0.0122445 -0.0372330 0.9992313 0.8301046
0.0000000 0.0000000 0.0000000 1.0000000
0.9861521 -0.1656398 0.0081822 75.2517166
0.1652275 0.9855455 0.0374144 82.7870941
-0.0142613 -0.0355444 0.9992660 0.8448018
0.0000000 0.0000000 0.0000000 1.0000000
0.9851021 -0.1719022 0.0048075 75.9924469
0.1716257 0.9845157 0.0356833 82.9183197
-0.0108671 -0.0343267 0.9993513 0.8451656
0.0000000 0.0000000 0.0000000 1.0000000
0.9836327 -0.1801725 -0.0020369 76.7306976
0.1801291 0.9829909 0.0358069 83.0588760
-0.0044492 -0.0355878 0.9993563 0.8502714
0.0000000 0.0000000 0.0000000 1.0000000
0.9820289 -0.1886899 -0.0038575 77.4651718
0.1887134 0.9814746 0.0330844 83.2038574
-0.0024567 -0.0332178 0.9994448 0.8519984
0.0000000 0.0000000 0.0000000 1.0000000
0.9799241 -0.1993666 -0.0011476 78.2032013
0.1992941 0.9793763 0.0332229 83.3590622
-0.0054996 -0.0327847 0.9994470 0.8590344
0.0000000 0.0000000 0.0000000 1.0000000
0.9776132 -0.2103542 0.0048103 78.9469376
0.2100743 0.9770914 0.0340715 83.5253448
-0.0118672 -0.0322983 0.9994075 0.8653079
0.0000000 0.0000000 0.0000000 1.0000000
0.9751008 -0.2214744 0.0112776 79.6797714
0.2209675 0.9746522 0.0350182 83.6986160
-0.0187473 -0.0316544 0.9993228 0.8623929
0.0000000 0.0000000 0.0000000 1.0000000
0.9722335 -0.2334976 0.0155074 80.4113617
