1.0000000 0.0000000 0.0000000 0.0000000
0.0000000 1.0000000 0.0000000 0.0000000
0.0000000 0.0000000 1.0000000 0.0000000
0.0000000 0.0000000 0.0000000 1.0000000
0.9999988 0.0001608 0.0015439 0.7724538
-0.0001650 0.9999964 0.0026889 0.0169079
-0.0015435 -0.0026892 0.9999952 0.0149639
0.0000000 0.0000000 0.0000000 1.0000000
0.9999977 0.0009391 0.0019085 1.5348902
-0.0009481 0.9999886 0.0046898 0.0281432
-0.0019040 -0.0046916 0.9999872 0.0285581
0.0000000 0.0000000 0.0000000 1.0000000
0.9999974 0.0014854 0.0017410 2.2815597
-0.0014942 0.9999858 0.0051093 0.0412142
-0.0017334 -0.0051119 0.9999855 0.0437298
0.0000000 0.0000000 0.0000000 1.0000000
0.9999979 0.0013253 0.0015425 3.0114541
-0.0013364 0.9999726 0.0072717 0.0478540
-0.0015329 -0.0072737 0.9999724 0.0547632
0.0000000 0.0000000 0.0000000 1.0000000
0.9999983 0.0009239 0.0015805 3.7304435
-0.0009355 0.9999723 0.0073778 0.0476729
-0.0015737 -0.0073793 0.9999716 0.0688347
0.0000000 0.0000000 0.0000000 1.0000000
0.9999953 0.0019559 0.0023731 4.4118676
-0.0019722 0.9999743 0.0068866 0.0471387
-0.0023596 -0.0068912 0.9999735 0.0814485
0.0000000 0.0000000 0.0000000 1.0000000
0.9999859 0.0021280 0.0048620 5.1006942
-0.0021651 0.9999684 0.0076457 0.0499280
-0.0048456 -0.0076561 0.9999589 0.0927786
0.0000000 0.0000000 0.0000000 1.0000000
0.9999557 0.0045263 0.0082558 5.7553520
-0.0045801 0.9999683 0.0065114 0.0470832
-0.0082261 -0.0065490 0.9999447 0.1011497
0.0000000 0.0000000 0.0000000 1.0000000
0.9999180 0.0050128 0.0117855 6.3903956
-0.0050846 0.9999686 0.0060638 0.0507775
-0.0117547 -0.0061232 0.9999121 0.1123615
0.0000000 0.0000000 0.0000000 1.0000000
0.9998832 0.0060721 0.0140301 6.9927850
-0.0061436 0.9999683 0.0050570 0.0474063
-0.0139989 -0.0051426 0.9998888 0.1218762
0.0000000 0.0000000 0.0000000 1.0000000
0.9998658 0.0083348 0.0141046 7.5639353
-0.0084042 0.9999528 0.0048635 0.0461623
-0.0140634 -0.0049814 0.9998887 0.1298141
0.0000000 0.0000000 0.0000000 1.0000000
0.9998897 0.0087118 0.0120305 8.1187229
-0.0087868 0.9999421 0.0061959 0.0465768
-0.0119759 -0.0063009 0.9999084 0.1367502
0.0000000 0.0000000 0.0000000 1.0000000
0.9999046 0.0102645 0.0092473 8.6325092
-0.0103145 0.9999323 0.0053753 0.0370421
-0.0091915 -0.0054702 0.9999428 0.1391397
0.0000000 0.0000000 0.0000000 1.0000000
0.9999046 0.0112877 0.0079642 9.1304436
-0.0113216 0.9999269 0.0042290 0.0314159
-0.0079159 -0.0043188 0.9999593 0.1432934
0.0000000 0.0000000 0.0000000 1.0000000
0.9998932 0.0134198 0.0057845 9.5935373
-0.0134244 0.9999096 0.0007615 0.0142422
-0.0057737 -0.0008391 0.9999830 0.1505509
0.0000000 0.0000000 0.0000000 1.0000000
0.9998645 0.0156346 0.0051545 10.0266619
-0.0156285 0.9998771 -0.0012151 0.0028212
-0.0051729 0.0011344 0.9999860 0.1631858
0.0000000 0.0000000 0.0000000 1.0000000
0.9998483 0.0171192 0.0032168 10.4335928
-0.0171287 0.9998489 0.0029451 -0.0009739
-0.0031659 -0.0029997 0.9999905 0.1685354
0.0000000 0.0000000 0.0000000 1.0000000
0.9997981 0.0199790 0.0021702 10.8084316
-0.0199929 0.9997783 0.0065892 -0.0025677
-0.0020381 -0.0066313 0.9999760 0.1751747
0.0000000 0.0000000 0.0000000 1.0000000
0.9997401 0.0226237 0.0028389 11.1538839
-0.0226434 0.9997181 0.0071238 -0.0095133
-0.0026769 -0.0071862 0.9999706 0.1780509
0.0000000 0.0000000 0.0000000 1.0000000
0.9996668 0.0255526 0.0036644 11.4787712
-0.0255660 0.9996664 0.0036507 -0.0209938
-0.0035699 -0.0037432 0.9999866 0.1862577
0.0000000 0.0000000 0.0000000 1.0000000
0.9995906 0.0284036 0.0034679 11.7656736
-0.0283951 0.9995937 -0.0024608 -0.0476389
-0.0035364 0.0023613 0.9999910 0.1922321
0.0000000 0.0000000 0.0000000 1.0000000
0.9995117 0.0309309 0.0044582 12.0286579
-0.0309068 0.9995077 -0.0053810 -0.0665262
-0.0046225 0.0052405 0.9999756 0.1989969
0.0000000 0.0000000 0.0000000 1.0000000
0.9994478 0.0328551 0.0049709 12.2595816
-0.0328207 0.9994378 -0.0068375 -0.0729819
-0.0051928 0.0066705 0.9999643 0.2026855
0.0000000 0.0000000 0.0000000 1.0000000
0.9993858 0.0347903 0.0042216 12.4635620
-0.0347663 0.9993795 -0.0056376 -0.0799147
-0.0044151 0.0054874 0.9999752 0.2068831
0.0000000 0.0000000 0.0000000 1.0000000
0.9992992 0.0372816 0.0033478 12.6368666
-0.0372647 0.9992930 -0.0049717 -0.0859612
-0.0035308 0.0048435 0.9999821 0.2121890
0.0000000 0.0000000 0.0000000 1.0000000
0.9992301 0.0391522 0.0025407 12.8005505
-0.0391423 0.9992262 -0.0038399 -0.0831639
-0.0026890 0.0037374 0.9999894 0.2152718
0.0000000 0.0000000 0.0000000 1.0000000
0.9991409 0.0413972 0.0019803 12.9615612
-0.0413948 0.9991421 -0.0012217 -0.0883707
-0.0020292 0.0011387 0.9999973 0.2230357
0.0000000 0.0000000 0.0000000 1.0000000
0.9991409 0.0414241 0.0012986 13.1189022
-0.0414226 0.9991410 -0.0011549 -0.0912223
-0.0013453 0.0011001 0.9999985 0.2285157
0.0000000 0.0000000 0.0000000 1.0000000
0.9990525 0.0435187 0.0004821 13.2608128
-0.0435183 0.9990522 -0.0007799 -0.1053965
-0.0005156 0.0007581 0.9999996 0.2351373
0.0000000 0.0000000 0.0000000 1.0000000
0.9989640 0.0455076 -0.0001993 13.3975325
-0.0455078 0.9989628 -0.0014902 -0.1207474
0.0001312 0.0014977 0.9999989 0.2389567
0.0000000 0.0000000 0.0000000 1.0000000
0.9989139 0.0465880 -0.0007884 13.5178604
-0.0465895 0.9989119 -0.0020654 -0.1325638
0.0006913 0.0020999 0.9999976 0.2423940
0.0000000 0.0000000 0.0000000 1.0000000
0.9988484 0.0479451 -0.0017788 13.6418753
-0.0479477 0.9988487 -0.0014347 -0.1308695
0.0017079 0.0015184 0.9999974 0.2441295
0.0000000 0.0000000 0.0000000 1.0000000
0.9987863 0.0491533 -0.0031765 13.7557487
-0.0491570 0.9987903 -0.0010909 -0.1385358
0.0031191 0.0012457 0.9999943 0.2463784
0.0000000 0.0000000 0.0000000 1.0000000
0.9987252 0.0502545 -0.0047643 13.8714466
-0.0502577 0.9987360 -0.0005713 -0.1497585
0.0047295 0.0008100 0.9999884 0.2491183
0.0000000 0.0000000 0.0000000 1.0000000
0.9986454 0.0516698 -0.0061463 13.9920902
-0.0516770 0.9986632 -0.0010085 -0.1610171
0.0060859 0.0013247 0.9999806 0.2520336
0.0000000 0.0000000 0.0000000 1.0000000
0.9986607 0.0512385 -0.0071774 14.1063681
-0.0512533 0.9986837 -0.0019016 -0.1675431
0.0070705 0.0022669 0.9999724 0.2542221
0.0000000 0.0000000 0.0000000 1.0000000
0.9987686 0.0489581 -0.0080387 14.2195253
-0.0489732 0.9987985 -0.0016991 -0.1732976
0.0079458 0.0020907 0.9999662 0.2563160
0.0000000 0.0000000 0.0000000 1.0000000
0.9989016 0.0460794 -0.0085126 14.3437376
-0.0460985 0.9989346 -0.0020659 -0.1735955
0.0084084 0.0024561 0.9999616 0.2572807
0.0000000 0.0000000 0.0000000 1.0000000
0.9990962 0.0415065 -0.0091773 14.4680138
-0.0415205 0.9991366 -0.0013402 -0.1713465
0.0091138 0.0017200 0.9999570 0.2592915
0.0000000 0.0000000 0.0000000 1.0000000
0.9992981 0.0361336 -0.0098888 14.5877180
-0.0361467 0.9993457 -0.0011508 -0.1595956
0.0098408 0.0015074 0.9999504 0.2610675
0.0000000 0.0000000 0.0000000 1.0000000
0.9995046 0.0297551 -0.0102593 14.7125807
-0.0297717 0.9995555 -0.0014648 -0.1634816
0.0102111 0.0017695 0.9999463 0.2625120
0.0000000 0.0000000 0.0000000 1.0000000
0.9996990 0.0220132 -0.0108392 14.8353510
-0.0220276 0.9997565 -0.0012075 -0.1639153
0.0108100 0.0014459 0.9999405 0.2636954
0.0000000 0.0000000 0.0000000 1.0000000
0.9998440 0.0136730 -0.0111947 14.9725571
-0.0136917 0.9999049 -0.0015951 -0.1582318
0.0111718 0.0017481 0.9999360 0.2594360
0.0000000 0.0000000 0.0000000 1.0000000
0.9999220 0.0042589 -0.0117477 15.1189651
-0.0042786 0.9999893 -0.0016533 -0.1500183
0.0117405 0.0017035 0.9999296 0.2578682
0.0000000 0.0000000 0.0000000 1.0000000
0.9998890 -0.0079173 -0.0126306 15.2611723
0.0078855 0.9999655 -0.0025645 -0.1467679
0.0126505 0.0024646 0.9999169 0.2554406
0.0000000 0.0000000 0.0000000 1.0000000
0.9996401 -0.0227835 -0.0141708 15.4116364
0.0227415 0.9997364 -0.0031125 -0.1460469
0.0142380 0.0027891 0.9998947 0.2561895
0.0000000 0.0000000 0.0000000 1.0000000
0.9990071 -0.0419273 -0.0150710 15.5879822
0.0418913 0.9991184 -0.0026969 -0.1400315
0.0151708 0.0020629 0.9998828 0.2575350
0.0000000 0.0000000 0.0000000 1.0000000
0.9978964 -0.0630695 -0.0150057 15.7754517
0.0630409 0.9980080 -0.0023749 -0.1226638
0.0151256 0.0014239 0.9998845 0.2595973
0.0000000 0.0000000 0.0000000 1.0000000
0.9961587 -0.0864116 -0.0141859 15.9800873
0.0863855 0.9962587 -0.0024413 -0.1015041
0.0143438 0.0012065 0.9998963 0.2630300
0.0000000 0.0000000 0.0000000 1.0000000
0.9934945 -0.1130814 -0.0134730 16.1938763
0.1130712 0.9935856 -0.0015165 -0.0640545
0.0135581 -0.0000168 0.9999080 0.2684098
0.0000000 0.0000000 0.0000000 1.0000000
0.9896837 -0.1427226 -0.0125188 16.4211903
0.1427159 0.9897625 -0.0014260 -0.0193427
0.0125942 -0.0003753 0.9999205 0.2713309
0.0000000 0.0000000 0.0000000 1.0000000
0.9843310 -0.1760177 -0.0105199 16.6793709
0.1760161 0.9843866 -0.0010794 0.0366366
0.0105457 -0.0007892 0.9999440 0.2777508
0.0000000 0.0000000 0.0000000 1.0000000
0.9770005 -0.2131119 -0.0073255 16.9334927
0.2131145 0.9770270 -0.0004259 0.1084980
0.0072480 -0.0011451 0.9999730 0.2792597
0.0000000 0.0000000 0.0000000 1.0000000
0.9674990 -0.2528600 -0.0027979 17.1943817
0.2528614 0.9675024 0.0001584 0.2002247
0.0026669 -0.0008608 0.9999960 0.2867365
0.0000000 0.0000000 0.0000000 1.0000000
0.9556881 -0.2943816 -0.0001429 17.4795723
0.2943786 0.9556760 0.0049273 0.3229189
-0.0013139 -0.0047510 0.9999878 0.2852530
0.0000000 0.0000000 0.0000000 1.0000000
0.9416438 -0.3366038 0.0022482 17.7599964
0.3365759 0.9416205 0.0081959 0.4579571
-0.0048757 -0.0069610 0.9999638 0.2881925
0.0000000 0.0000000 0.0000000 1.0000000
0.9255515 -0.3785698 0.0063000 18.0396061
0.3785014 0.9255481 0.0098520 0.6008998
-0.0095606 -0.0067340 0.9999316 0.2892974
0.0000000 0.0000000 0.0000000 1.0000000
0.9062358 -0.4226043 0.0119414 18.3376522
0.4224563 0.9062884 0.0130974 0.7727079
-0.0163574 -0.0068246 0.9998429 0.2927068
0.0000000 0.0000000 0.0000000 1.0000000
0.8845667 -0.4661397 0.0159963 18.6306324
0.4658910 0.8846784 0.0170074 0.9625326
-0.0220794 -0.0075916 0.9997274 0.2924314
0.0000000 0.0000000 0.0000000 1.0000000
0.8605275 -0.5091107 0.0172918 18.9172440
0.5087682 0.8606532 0.0207512 1.1718309
-0.0254469 -0.0090595 0.9996351 0.2899874
0.0000000 0.0000000 0.0000000 1.0000000
0.8330970 -0.5528501 0.0175044 19.2111530
0.5524302 0.8332185 0.0238241 1.4081739
-0.0277561 -0.0101779 0.9995629 0.2872407
0.0000000 0.0000000 0.0000000 1.0000000
0.8030236 -0.5957425 0.0156248 19.4795780
0.5952772 0.8030878 0.0263593 1.6580249
-0.0282515 -0.0118660 0.9995304 0.2750138
0.0000000 0.0000000 0.0000000 1.0000000
0.7696639 -0.6382693 0.0151669 19.7594109
0.6377485 0.7697147 0.0285644 1.9445400
-0.0299059 -0.0123123 0.9994769 0.2685249
0.0000000 0.0000000 0.0000000 1.0000000
0.7330431 -0.6800239 0.0146825 20.0390434
0.6794243 0.7330742 0.0313753 2.2365661
-0.0320993 -0.0130238 0.9993998 0.2528372
0.0000000 0.0000000 0.0000000 1.0000000
0.6949773 -0.7188595 0.0157444 20.3011208
0.7182388 0.6950724 0.0317362 2.5539644
-0.0337573 -0.0107477 0.9993722 0.2389455
0.0000000 0.0000000 0.0000000 1.0000000
0.6545437 -0.7558584 0.0158446 20.5700970
0.7552469 0.6546771 0.0316198 2.9017894
-0.0342732 -0.0087300 0.9993743 0.2293364
0.0000000 0.0000000 0.0000000 1.0000000
0.6120313 -0.7906255 0.0181500 20.8224335
0.7900590 0.6122862 0.0302016 3.2753553
-0.0349912 -0.0041447 0.9993790 0.2166827
0.0000000 0.0000000 0.0000000 1.0000000
0.5688077 -0.8221995 0.0211248 21.0671139
0.8216698 0.5691993 0.0295053 3.6671791
-0.0362835 0.0005748 0.9993413 0.2084352
0.0000000 0.0000000 0.0000000 1.0000000
0.5220393 -0.8526671 0.0208379 21.3100586
0.8521372 0.5224509 0.0301161 4.0963993
-0.0365658 0.0020349 0.9993291 0.1889716
0.0000000 0.0000000 0.0000000 1.0000000
0.4732314 -0.8807104 0.0200419 21.5261574
0.8802330 0.4736401 0.0292322 4.5341244
-0.0352378 0.0038079 0.9993716 0.1669822
0.0000000 0.0000000 0.0000000 1.0000000
0.4210418 -0.9067878 0.0214472 21.7328568
0.9063649 0.4215230 0.0286488 5.0124717
-0.0350189 0.0073766 0.9993593 0.1527161
0.0000000 0.0000000 0.0000000 1.0000000
0.3677743 -0.9295962 0.0243553 21.9192486
0.9292835 0.3683634 0.0272076 5.5114989
-0.0342637 0.0126267 0.9993330 0.1387862
0.0000000 0.0000000 0.0000000 1.0000000
0.3143285 -0.9490083 0.0241085 22.0736809
0.9487354 0.3149220 0.0269236 6.0181785
-0.0331431 0.0144097 0.9993466 0.1262565
0.0000000 0.0000000 0.0000000 1.0000000
0.2599843 -0.9653230 0.0236662 22.2052612
0.9649478 0.2606365 0.0307238 6.5773001
-0.0358267 0.0148490 0.9992476 0.0955206
0.0000000 0.0000000 0.0000000 1.0000000
0.2086686 -0.9776441 0.0258782 22.3124714
0.9771653 0.2095044 0.0354325 7.1582065
-0.0400620 0.0178936 0.9990368 0.0738147
0.0000000 0.0000000 0.0000000 1.0000000
0.1609333 -0.9865210 0.0296174 22.4044666
0.9860846 0.1619845 0.0373868 7.7392054
-0.0416804 0.0231885 0.9988617 0.0636681
0.0000000 0.0000000 0.0000000 1.0000000
0.1156921 -0.9928418 0.0296813 22.4632263
0.9924368 0.1167763 0.0378436 8.3686132
-0.0410387 0.0250786 0.9988427 0.0481607
0.0000000 0.0000000 0.0000000 1.0000000
0.0763045 -0.9966710 0.0287242 22.4976063
0.9963365 0.0773312 0.0365128 8.9992657
-0.0386125 0.0258329 0.9989201 0.0278072
0.0000000 0.0000000 0.0000000 1.0000000
0.0397567 -0.9989410 0.0231668 22.5115280
0.9986586 0.0404937 0.0322620 9.6664190
-0.0331659 0.0218531 0.9992108 0.0004607
0.0000000 0.0000000 0.0000000 1.0000000
0.0122703 -0.9997204 0.0202241 22.4995060
0.9994172 0.0129057 0.0315958 10.3431873
-0.0318479 0.0198247 0.9992959 -0.0302504
0.0000000 0.0000000 0.0000000 1.0000000
-0.0103826 -0.9997791 0.0182859 22.4872189
0.9993154 -0.0097250 0.0356876 11.0551138
-0.0355019 0.0186439 0.9991955 -0.0522861
0.0000000 0.0000000 0.0000000 1.0000000
-0.0242505 -0.9995303 0.0187525 22.4686890
0.9988582 -0.0234535 0.0416142 11.7717094
-0.0411549 0.0197402 0.9989576 -0.0760881
0.0000000 0.0000000 0.0000000 1.0000000
-0.0324849 -0.9992706 0.0200901 22.4401264
0.9984999 -0.0315604 0.0447379 12.5177660
-0.0440712 0.0215132 0.9987965 -0.0956948
0.0000000 0.0000000 0.0000000 1.0000000
-0.0371606 -0.9991027 0.0203331 22.4095592
0.9984294 -0.0362666 0.0426963 13.2808027
-0.0419206 0.0218878 0.9988810 -0.1196603
0.0000000 0.0000000 0.0000000 1.0000000
-0.0357475 -0.9989702 0.0279501 22.3869953
0.9986643 -0.0346647 0.0383088 14.0593300
-0.0373005 0.0292822 0.9988748 -0.1573795
0.0000000 0.0000000 0.0000000 1.0000000
-0.0317164 -0.9986770 0.0404827 22.3781509
0.9988150 -0.0301732 0.0381791 14.8699331
-0.0369071 0.0416457 0.9984503 -0.1745385
0.0000000 0.0000000 0.0000000 1.0000000
-0.0252087 -0.9987288 0.0436566 22.3605232
0.9990147 -0.0235726 0.0375944 15.6981030
-0.0365175 0.0445613 0.9983388 -0.2058656
0.0000000 0.0000000 0.0000000 1.0000000
-0.0210185 -0.9988931 0.0420873 22.3423004
0.9991667 -0.0195142 0.0358400 16.5602112
-0.0349790 0.0428056 0.9984707 -0.2382800
0.0000000 0.0000000 0.0000000 1.0000000
-0.0170545 -0.9987310 0.0473938 22.3352566
0.9993941 -0.0155895 0.0311104 17.4083691
-0.0303321 0.0478957 0.9983915 -0.2523059
0.0000000 0.0000000 0.0000000 1.0000000
-0.0134075 -0.9989056 0.0448163 22.3167229
0.9997095 -0.0124942 0.0205984 18.2879143
-0.0200159 0.0450794 0.9987827 -0.2721055
0.0000000 0.0000000 0.0000000 1.0000000
-0.0124210 -0.9992031 0.0379406 22.2857761
0.9998571 -0.0119770 0.0119069 19.1901073
-0.0114430 0.0380831 0.9992089 -0.2970021
0.0000000 0.0000000 0.0000000 1.0000000
-0.0127155 -0.9993974 0.0323084 22.2631817
0.9998766 -0.0124113 0.0096010 20.0991573
-0.0091942 0.0324265 0.9994317 -0.3047427
0.0000000 0.0000000 0.0000000 1.0000000
-0.0166475 -0.9995924 0.0232073 22.2227974
0.9997509 -0.0162964 0.0152372 21.0712147
-0.0148527 0.0234552 0.9996144 -0.3135085
0.0000000 0.0000000 0.0000000 1.0000000
-0.0200193 -0.9996246 0.0187228 22.1960926
0.9995412 -0.0195851 0.0230934 22.0411224
-0.0227180 0.0191766 0.9995578 -0.3332081
0.0000000 0.0000000 0.0000000 1.0000000
-0.0245390 -0.9995636 0.0164595 22.1519012
0.9991757 -0.0239904 0.0327388 23.0425167
-0.0323296 0.0172493 0.9993282 -0.3478198
0.0000000 0.0000000 0.0000000 1.0000000
-0.0268199 -0.9995282 0.0149908 22.1200981
0.9987398 -0.0261565 0.0428279 24.0491276
-0.0424156 0.0161206 0.9989698 -0.3814298
0.0000000 0.0000000 0.0000000 1.0000000
-0.0273936 -0.9994666 0.0177949 22.0960751
0.9983783 -0.0264664 0.0503972 25.0550079
-0.0498993 0.0191466 0.9985705 -0.4108677
0.0000000 0.0000000 0.0000000 1.0000000
-0.0291246 -0.9993975 0.0188925 22.0703926
0.9982353 -0.0281020 0.0523071 26.0941067
-0.0517446 0.0203826 0.9984521 -0.4453951
0.0000000 0.0000000 0.0000000 1.0000000
-0.0297510 -0.9993911 0.0182428 22.0296593
0.9983686 -0.0288209 0.0492854 27.1073055
-0.0487296 0.0196793 0.9986179 -0.4905687
0.0000000 0.0000000 0.0000000 1.0000000
-0.0314910 -0.9994705 0.0082232 21.9598179
0.9985210 -0.0310942 0.0445923 28.1437397
-0.0443130 0.0096153 0.9989712 -0.5235389
0.0000000 0.0000000 0.0000000 1.0000000
-0.0356144 -0.9993464 0.0062376 21.8949318
0.9986217 -0.0353464 0.0387928 29.1694946
-0.0385469 0.0076106 0.9992276 -0.5497917
0.0000000 0.0000000 0.0000000 1.0000000
-0.0409638 -0.9991220 0.0088141 21.8582058
0.9985882 -0.0406402 0.0341980 30.2002945
-0.0338098 0.0102025 0.9993760 -0.5798207
0.0000000 0.0000000 0.0000000 1.0000000
-0.0481154 -0.9988289 0.0051061 21.7919769
0.9983568 -0.0479321 0.0313986 31.2529373
-0.0311170 0.0066085 0.9994937 -0.6075516
0.0000000 0.0000000 0.0000000 1.0000000
-0.0544220 -0.9984969 0.0065296 21.7274151
0.9979455 -0.0541682 0.0342087 32.2972183
-0.0338036 0.0083779 0.9993932 -0.6310331
0.0000000 0.0000000 0.0000000 1.0000000
-0.0612108 -0.9981190 0.0034856 21.6490898
0.9973716 -0.0610286 0.0390516 33.3671532
-0.0387654 0.0058668 0.9992310 -0.6534639
0.0000000 0.0000000 0.0000000 1.0000000
-0.0686740 -0.9976373 0.0020371 21.5751324
0.9967399 -0.0685253 0.0425845 34.4228363
-0.0423442 0.0049549 0.9990907 -0.6840332
0.0000000 0.0000000 0.0000000 1.0000000
-0.0723263 -0.9973761 -0.0032036 21.4783001
0.9963808 -0.0723972 0.0445371 35.4753189
-0.0446522 0.0000292 0.9990025 -0.7165449
0.0000000 0.0000000 0.0000000 1.0000000
-0.0766092 -0.9970351 -0.0072464 21.3898945
0.9959669 -0.0768634 0.0462782 36.5556679
-0.0466980 -0.0036719 0.9989021 -0.7498707
0.0000000 0.0000000 0.0000000 1.0000000
-0.0775308 -0.9969061 -0.0129481 21.2908707
0.9958348 -0.0780593 0.0471104 37.6313438
-0.0479754 -0.0092416 0.9988056 -0.7899117
0.0000000 0.0000000 0.0000000 1.0000000
-0.0797051 -0.9967312 -0.0132063 21.1914043
0.9956552 -0.0802449 0.0472351 38.7313766
-0.0481404 -0.0093840 0.9987963 -0.8243520
0.0000000 0.0000000 0.0000000 1.0000000
-0.0807757 -0.9966394 -0.0136219 21.0873966
0.9955818 -0.0813313 0.0469224 39.8088417
-0.0478726 -0.0097715 0.9988055 -0.8589775
0.0000000 0.0000000 0.0000000 1.0000000
-0.0807131 -0.9966295 -0.0146804 20.9900208
0.9956099 -0.0813133 0.0463546 40.8922386
-0.0473921 -0.0108745 0.9988170 -0.8968358
0.0000000 0.0000000 0.0000000 1.0000000
-0.0817152 -0.9965366 -0.0154240 20.8875084
0.9955528 -0.0823427 0.0457589 41.9981651
-0.0468704 -0.0116162 0.9988332 -0.9357936
0.0000000 0.0000000 0.0000000 1.0000000
-0.0824553 -0.9964016 -0.0196292 20.7768784
0.9955701 -0.0832474 0.0436999 43.0783157
-0.0451767 -0.0159390 0.9988517 -0.9694425
0.0000000 0.0000000 0.0000000 1.0000000
-0.0824263 -0.9962957 -0.0245196 20.6696205
0.9957681 -0.0833360 0.0387386 44.1629601
-0.0406385 -0.0212227 0.9989483 -1.0059210
0.0000000 0.0000000 0.0000000 1.0000000
-0.0815721 -0.9963086 -0.0267498 20.5629845
0.9958825 -0.0825434 0.0374758 45.2739563
-0.0395455 -0.0235827 0.9989393 -1.0419537
0.0000000 0.0000000 0.0000000 1.0000000
-0.0792923 -0.9964858 -0.0270062 20.4600773
0.9958874 -0.0803775 0.0418026 46.3630905
-0.0438263 -0.0235805 0.9987607 -1.0730692
0.0000000 0.0000000 0.0000000 1.0000000
-0.0785163 -0.9965382 -0.0273353 20.3684654
0.9958041 -0.0796923 0.0449795 47.4893188
-0.0470021 -0.0236889 0.9986137 -1.1111777
0.0000000 0.0000000 0.0000000 1.0000000
-0.0762827 -0.9967501 -0.0258972 20.2745056
0.9959714 -0.0773995 0.0452778 48.5882454
-0.0471351 -0.0223389 0.9986386 -1.1456259
0.0000000 0.0000000 0.0000000 1.0000000
-0.0743019 -0.9968944 -0.0261028 20.1896000
0.9961537 -0.0754148 0.0446110 49.7086563
-0.0464409 -0.0226878 0.9986632 -1.1842120
0.0000000 0.0000000 0.0000000 1.0000000
-0.0705529 -0.9970937 -0.0287580 20.0940533
0.9963923 -0.0718078 0.0452303 50.8358154
-0.0471639 -0.0254631 0.9985625 -1.2230440
0.0000000 0.0000000 0.0000000 1.0000000
-0.0651919 -0.9972749 -0.0345435 20.0073891
0.9967109 -0.0667469 0.0459564 51.9347687
-0.0481369 -0.0314339 0.9983459 -1.2637517
0.0000000 0.0000000 0.0000000 1.0000000
-0.0604412 -0.9974870 -0.0369743 19.9172516
0.9970201 -0.0621088 0.0457514 53.0764656
-0.0479328 -0.0340988 0.9982682 -1.3029188
0.0000000 0.0000000 0.0000000 1.0000000
-0.0539441 -0.9978153 -0.0381487 19.8506145
0.9974187 -0.0556571 0.0453645 54.2034874
-0.0473886 -0.0356031 0.9982417 -1.3431079
0.0000000 0.0000000 0.0000000 1.0000000
-0.0486664 -0.9981192 -0.0372856 19.7703457
0.9977238 -0.0503238 0.0448837 55.3394089
-0.0466756 -0.0350164 0.9982961 -1.3793582
0.0000000 0.0000000 0.0000000 1.0000000
-0.0432464 -0.9984124 -0.0360964 19.7118874
0.9979873 -0.0448486 0.0448283 56.4668427
-0.0463760 -0.0340851 0.9983423 -1.4143648
0.0000000 0.0000000 0.0000000 1.0000000
-0.0380002 -0.9986417 -0.0356556 19.6631393
0.9981784 -0.0396073 0.0455069 57.5803642
-0.0468573 -0.0338614 0.9983274 -1.4526330
0.0000000 0.0000000 0.0000000 1.0000000
-0.0328781 -0.9988761 -0.0341474 19.6176453
0.9983206 -0.0344519 0.0465698 58.7191887
-0.0476939 -0.0325590 0.9983311 -1.4854639
0.0000000 0.0000000 0.0000000 1.0000000
-0.0281788 -0.9989781 -0.0353447 19.5719013
0.9984593 -0.0298196 0.0467912 59.8580208
-0.0477973 -0.0339717 0.9982791 -1.5321620
0.0000000 0.0000000 0.0000000 1.0000000
-0.0226448 -0.9991393 -0.0347619 19.5313377
0.9986097 -0.0242608 0.0467955 60.9841080
-0.0475986 -0.0336539 0.9982994 -1.5677083
0.0000000 0.0000000 0.0000000 1.0000000
-0.0180259 -0.9992452 -0.0344194 19.4979935
0.9988900 -0.0194963 0.0428742 62.1473122
-0.0435129 -0.0336084 0.9984873 -1.6066570
0.0000000 0.0000000 0.0000000 1.0000000
-0.0136647 -0.9993579 -0.0331306 19.4689083
0.9991755 -0.0149138 0.0377543 63.2699203
-0.0382241 -0.0325874 0.9987376 -1.6385906
0.0000000 0.0000000 0.0000000 1.0000000
-0.0098497 -0.9993891 -0.0335404 19.4433022
0.9992566 -0.0110874 0.0369180 64.4394608
-0.0372673 -0.0331519 0.9987552 -1.6730422
0.0000000 0.0000000 0.0000000 1.0000000
-0.0067378 -0.9994318 -0.0330327 19.4281979
0.9992014 -0.0080298 0.0391376 65.5887909
-0.0393806 -0.0327426 0.9986876 -1.7013664
0.0000000 0.0000000 0.0000000 1.0000000
-0.0039779 -0.9994381 -0.0332898 19.4164391
0.9992065 -0.0052917 0.0394700 66.7357559
-0.0396240 -0.0331063 0.9986659 -1.7301916
0.0000000 0.0000000 0.0000000 1.0000000
-0.0039495 -0.9993915 -0.0346648 19.3908997
0.9992241 -0.0053023 0.0390211 67.9121246
-0.0391811 -0.0344837 0.9986368 -1.7654171
0.0000000 0.0000000 0.0000000 1.0000000
-0.0025768 -0.9993808 -0.0351008 19.3758945
0.9991955 -0.0039777 0.0399007 69.0547867
-0.0400156 -0.0349698 0.9985868 -1.7983768
0.0000000 0.0000000 0.0000000 1.0000000
-0.0019562 -0.9993729 -0.0353635 19.3577175
0.9992023 -0.0033638 0.0397884 70.2389832
-0.0398824 -0.0352574 0.9985820 -1.8280292
0.0000000 0.0000000 0.0000000 1.0000000
-0.0010113 -0.9993519 -0.0359923 19.3375721
0.9992530 -0.0024002 0.0385646 71.4080353
-0.0386259 -0.0359264 0.9986076 -1.8571395
0.0000000 0.0000000 0.0000000 1.0000000
0.0000243 -0.9993951 -0.0347861 19.3295174
0.9992863 -0.0012896 0.0377466 72.5661774
-0.0377686 -0.0347621 0.9986815 -1.8876394
0.0000000 0.0000000 0.0000000 1.0000000
-0.0004364 -0.9994928 -0.0318530 19.3167858
0.9992853 -0.0016396 0.0377575 73.7619629
-0.0377906 -0.0318137 0.9987790 -1.9153950
0.0000000 0.0000000 0.0000000 1.0000000
0.0000110 -0.9995453 -0.0301606 19.3108425
0.9992847 -0.0011294 0.0377927 74.9476013
-0.0378095 -0.0301395 0.9988302 -1.9441476
0.0000000 0.0000000 0.0000000 1.0000000
0.0007327 -0.9995424 -0.0302512 19.3059368
0.9991930 -0.0004830 0.0401587 76.1198502
-0.0401549 -0.0302562 0.9987351 -1.9724004
0.0000000 0.0000000 0.0000000 1.0000000
0.0008247 -0.9994856 -0.0320696 19.2969856
0.9990636 -0.0005636 0.0432559 77.3213196
-0.0432517 -0.0320753 0.9985490 -2.0058913
0.0000000 0.0000000 0.0000000 1.0000000
0.0016982 -0.9994271 -0.0338127 19.2851906
0.9990534 0.0002261 0.0434949 78.4844131
-0.0434623 -0.0338545 0.9984812 -2.0389984
0.0000000 0.0000000 0.0000000 1.0000000
0.0011519 -0.9993980 -0.0346840 19.2745056
0.9991203 -0.0003035 0.0419284 79.6700211
-0.0419136 -0.0347018 0.9985183 -2.0730376
0.0000000 0.0000000 0.0000000 1.0000000
0.0008855 -0.9994028 -0.0345545 19.2679462
0.9991776 -0.0005162 0.0405367 80.8376160
-0.0405303 -0.0345619 0.9985802 -2.1068373
0.0000000 0.0000000 0.0000000 1.0000000
0.0010651 -0.9994525 -0.0330786 19.2577267
0.9991904 -0.0002664 0.0402221 81.9951248
-0.0402089 -0.0330947 0.9986429 -2.1344094
0.0000000 0.0000000 0.0000000 1.0000000
-0.0005729 -0.9994868 -0.0320394 19.2498207
0.9991529 -0.0018902 0.0411017 83.1942062
-0.0411411 -0.0319887 0.9986410 -2.1640766
0.0000000 0.0000000 0.0000000 1.0000000
-0.0003052 -0.9994860 -0.0320683 19.2409801
0.9990541 -0.0016990 0.0434455 84.3664780
-0.0434777 -0.0320247 0.9985409 -2.1951005
0.0000000 0.0000000 0.0000000 1.0000000
0.0010938 -0.9994704 -0.0325353 19.2306290
0.9989527 -0.0003959 0.0457455 85.5319138
-0.0457341 -0.0325513 0.9984230 -2.2268696
0.0000000 0.0000000 0.0000000 1.0000000
-0.0002352 -0.9994393 -0.0334928 19.2218094
0.9989601 -0.0017616 0.0455521 86.7079468
-0.0455855 -0.0334473 0.9984002 -2.2650080
0.0000000 0.0000000 0.0000000 1.0000000
0.0012086 -0.9994496 -0.0331627 19.2109833
0.9990185 -0.0002615 0.0442885 87.8591919
-0.0442728 -0.0331836 0.9984681 -2.2978232
0.0000000 0.0000000 0.0000000 1.0000000
0.0003341 -0.9994869 -0.0320389 19.2013474
0.9990621 -0.0010535 0.0432831 89.0359802
-0.0432946 -0.0320233 0.9985489 -2.3314528
0.0000000 0.0000000 0.0000000 1.0000000
0.0004746 -0.9995302 -0.0306580 19.1973667
0.9990420 -0.0008674 0.0437473 90.2002106
-0.0437533 -0.0306494 0.9985720 -2.3651278
0.0000000 0.0000000 0.0000000 1.0000000
0.0012924 -0.9995995 -0.0282816 19.1967831
0.9989082 -0.0000301 0.0467128 91.3510666
-0.0466949 -0.0283111 0.9985078 -2.4008849
0.0000000 0.0000000 0.0000000 1.0000000
0.0011835 -0.9996439 -0.0266718 19.1939011
0.9988049 -0.0001214 0.0488699 92.5261917
-0.0488557 -0.0266978 0.9984488 -2.4358830
0.0000000 0.0000000 0.0000000 1.0000000
0.0011517 -0.9996187 -0.0276017 19.1856518
0.9987409 -0.0002344 0.0501617 93.6925659
-0.0501490 -0.0276247 0.9983595 -2.4729750
0.0000000 0.0000000 0.0000000 1.0000000
0.0014010 -0.9995696 -0.0293161 19.1708775
0.9986845 -0.0001040 0.0512725 94.8321686
-0.0512535 -0.0293494 0.9982542 -2.5179229
0.0000000 0.0000000 0.0000000 1.0000000
0.0003865 -0.9995149 -0.0311545 19.1537399
0.9987086 -0.0011968 0.0507859 96.0006485
-0.0507985 -0.0311339 0.9982234 -2.5585198
0.0000000 0.0000000 0.0000000 1.0000000
0.0008699 -0.9994586 -0.0329037 19.1372013
0.9988682 -0.0006961 0.0475530 97.1381378
-0.0475501 -0.0329078 0.9983265 -2.5991676
0.0000000 0.0000000 0.0000000 1.0000000
0.0010882 -0.9994037 -0.0345227 19.1243324
0.9989552 -0.0004906 0.0456915 98.2910919
-0.0456811 -0.0345364 0.9983587 -2.6386487
0.0000000 0.0000000 0.0000000 1.0000000
0.0006063 -0.9994106 -0.0343357 19.1137161
0.9989991 -0.0009301 0.0447152 99.4430847
-0.0447208 -0.0343284 0.9984094 -2.6749253
0.0000000 0.0000000 0.0000000 1.0000000
0.0015032 -0.9994469 -0.0332330 19.1096878
0.9989880 0.0000071 0.0449726 100.5941315
-0.0449475 -0.0332670 0.9984351 -2.7093077
0.0000000 0.0000000 0.0000000 1.0000000
0.0009273 -0.9994372 -0.0335438 19.0994854
0.9989046 -0.0006434 0.0467839 101.7629852
-0.0467791 -0.0335504 0.9983415 -2.7479072
0.0000000 0.0000000 0.0000000 1.0000000
0.0011204 -0.9994993 -0.0316330 19.0977211
0.9988125 -0.0004221 0.0487133 102.9086609
-0.0487022 -0.0316500 0.9983116 -2.7835140
0.0000000 0.0000000 0.0000000 1.0000000
-0.0001588 -0.9993713 -0.0354633 19.0759315
0.9988344 -0.0018701 0.0482278 104.0758057
-0.0482638 -0.0354143 0.9982064 -2.8275449
0.0000000 0.0000000 0.0000000 1.0000000
-0.0004698 -0.9992319 -0.0391950 19.0543900
0.9988018 -0.0023867 0.0488742 105.2438431
-0.0489302 -0.0391251 0.9980354 -2.8743286
0.0000000 0.0000000 0.0000000 1.0000000
0.0003945 -0.9991241 -0.0418529 19.0338745
0.9988163 -0.0016418 0.0486098 106.4057922
-0.0486359 -0.0418225 0.9979404 -2.9192739
0.0000000 0.0000000 0.0000000 1.0000000
-0.0010304 -0.9990782 -0.0429248 19.0193081
0.9989808 -0.0029651 0.0450342 107.5901108
-0.0451199 -0.0428346 0.9980627 -2.9579353
0.0000000 0.0000000 0.0000000 1.0000000
-0.0017033 -0.9990336 -0.0439280 19.0057011
0.9991590 -0.0034996 0.0408471 108.7711639
-0.0409614 -0.0438215 0.9981992 -2.9986899
0.0000000 0.0000000 0.0000000 1.0000000
-0.0016238 -0.9991637 -0.0408644 18.9985561
0.9991981 -0.0032558 0.0399020 109.9463806
-0.0400016 -0.0407668 0.9983675 -3.0338478
0.0000000 0.0000000 0.0000000 1.0000000
-0.0033430 -0.9993516 -0.0358595 18.9927711
0.9992180 -0.0047509 0.0392482 111.1453018
-0.0393931 -0.0357003 0.9985857 -3.0646942
0.0000000 0.0000000 0.0000000 1.0000000
-0.0036778 -0.9993489 -0.0359012 18.9836006
0.9991516 -0.0051447 0.0408550 112.3324509
-0.0410131 -0.0357204 0.9985198 -3.0998061
0.0000000 0.0000000 0.0000000 1.0000000
-0.0048380 -0.9993846 -0.0347519 18.9661388
0.9989813 -0.0063892 0.0446677 113.5532761
-0.0448622 -0.0345004 0.9983972 -3.1395657
0.0000000 0.0000000 0.0000000 1.0000000
-0.0046616 -0.9994367 -0.0332473 18.9501820
0.9989608 -0.0061615 0.0451553 114.7797928
-0.0453347 -0.0330022 0.9984265 -3.1795132
0.0000000 0.0000000 0.0000000 1.0000000
-0.0045526 -0.9994165 -0.0338627 18.9354534
0.9991384 -0.0059429 0.0410705 115.9805756
-0.0412478 -0.0336465 0.9985822 -3.2187867
0.0000000 0.0000000 0.0000000 1.0000000
-0.0060424 -0.9993930 -0.0343220 18.9175816
0.9992682 -0.0073308 0.0375371 117.2172089
-0.0377659 -0.0340700 0.9987056 -3.2598624
0.0000000 0.0000000 0.0000000 1.0000000
-0.0068908 -0.9994146 -0.0335233 18.9047699
0.9992943 -0.0081199 0.0366673 118.4324188
-0.0369181 -0.0332470 0.9987650 -3.2903669
0.0000000 0.0000000 0.0000000 1.0000000
-0.0081357 -0.9993553 -0.0349813 18.8791332
0.9992343 -0.0094634 0.0379604 119.6853180
-0.0382670 -0.0346457 0.9986667 -3.3213360
0.0000000 0.0000000 0.0000000 1.0000000
-0.0085078 -0.9991760 -0.0396975 18.8508358
0.9990580 -0.0101825 0.0421784 120.9418716
-0.0425478 -0.0393012 0.9983211 -3.3604493
0.0000000 0.0000000 0.0000000 1.0000000
-0.0080275 -0.9989443 -0.0452415 18.8231945
0.9989168 -0.0100844 0.0454219 122.1991730
-0.0458301 -0.0448279 0.9979428 -3.4012527
0.0000000 0.0000000 0.0000000 1.0000000
-0.0085799 -0.9985926 -0.0523461 18.7917824
0.9989076 -0.0109636 0.0454215 123.4582748
-0.0459314 -0.0518992 0.9975954 -3.4433601
0.0000000 0.0000000 0.0000000 1.0000000
-0.0088360 -0.9983801 -0.0562152 18.7597198
0.9989960 -0.0112824 0.0433523 124.7154388
-0.0439162 -0.0557757 0.9974769 -3.4840500
0.0000000 0.0000000 0.0000000 1.0000000
-0.0085479 -0.9982464 -0.0585842 18.7381973
0.9990317 -0.0110536 0.0425822 125.9693451
-0.0431551 -0.0581635 0.9973737 -3.5225675
0.0000000 0.0000000 0.0000000 1.0000000
-0.0093671 -0.9982371 -0.0586167 18.7183304
0.9990398 -0.0118512 0.0421762 127.2285080
-0.0427965 -0.0581653 0.9973890 -3.5590003
0.0000000 0.0000000 0.0000000 1.0000000
-0.0093423 -0.9983475 -0.0567104 18.6997051
0.9990617 -0.0117172 0.0416914 128.4923706
-0.0422870 -0.0562677 0.9975196 -3.5888977
0.0000000 0.0000000 0.0000000 1.0000000
-0.0103694 -0.9983127 -0.0571430 18.6746407
0.9990324 -0.0127853 0.0420775 129.7508087
-0.0427371 -0.0566514 0.9974787 -3.6254272
0.0000000 0.0000000 0.0000000 1.0000000
-0.0110080 -0.9982964 -0.0573064 18.6521034
0.9988112 -0.0136989 0.0467782 131.0106201
-0.0474835 -0.0567234 0.9972600 -3.6657262
0.0000000 0.0000000 0.0000000 1.0000000
-0.0112601 -0.9984131 -0.0551864 18.6329689
0.9985989 -0.0140815 0.0510067 132.2531738
-0.0517029 -0.0545347 0.9971722 -3.7091122
0.0000000 0.0000000 0.0000000 1.0000000
-0.0116314 -0.9983662 -0.0559524 18.6064377
0.9986329 -0.0144497 0.0502328 133.5166931
-0.0509591 -0.0552916 0.9971688 -3.7533209
0.0000000 0.0000000 0.0000000 1.0000000
-0.0107321 -0.9983469 -0.0564742 18.5816364
0.9987030 -0.0135127 0.0490874 134.7749939
-0.0497694 -0.0558741 0.9971964 -3.8018904
0.0000000 0.0000000 0.0000000 1.0000000
-0.0090205 -0.9983958 -0.0559056 18.5647278
0.9987167 -0.0117814 0.0492545 136.0194092
-0.0498341 -0.0553895 0.9972202 -3.8429155
0.0000000 0.0000000 0.0000000 1.0000000
-0.0087897 -0.9983617 -0.0565471 18.5443230
0.9987444 -0.0115539 0.0487447 137.2782288
-0.0493181 -0.0560476 0.9972091 -3.8842394
0.0000000 0.0000000 0.0000000 1.0000000
-0.0071045 -0.9983584 -0.0568407 18.5224400
0.9986628 -0.0099944 0.0507207 138.5157013
-0.0512055 -0.0564043 0.9970939 -3.9251721
0.0000000 0.0000000 0.0000000 1.0000000
-0.0063553 -0.9982966 -0.0580035 18.4980907
0.9984786 -0.0095121 0.0543127 139.7726135
-0.0547719 -0.0575700 0.9968377 -3.9728093
0.0000000 0.0000000 0.0000000 1.0000000
-0.0049060 -0.9982452 -0.0590202 18.4807720
0.9984239 -0.0081895 0.0555200 141.0191956
-0.0559059 -0.0586548 0.9967115 -4.0190496
0.0000000 0.0000000 0.0000000 1.0000000
-0.0034779 -0.9981306 -0.0610258 18.4576874
0.9985942 -0.0066942 0.0525796 142.2520599
-0.0528898 -0.0607571 0.9967502 -4.0734820
0.0000000 0.0000000 0.0000000 1.0000000
-0.0044765 -0.9981928 -0.0599332 18.4419250
0.9987589 -0.0074359 0.0492472 143.4952393
-0.0496038 -0.0596383 0.9969867 -4.1232409
0.0000000 0.0000000 0.0000000 1.0000000
-0.0046264 -0.9983478 -0.0572818 18.4291649
0.9988088 -0.0073958 0.0482294 144.7342377
-0.0485733 -0.0569904 0.9971923 -4.1637011
0.0000000 0.0000000 0.0000000 1.0000000
-0.0043213 -0.9984306 -0.0558450 18.4125099
0.9988340 -0.0069947 0.0477654 145.9693451
-0.0480811 -0.0555735 0.9972961 -4.2054000
0.0000000 0.0000000 0.0000000 1.0000000
-0.0052089 -0.9985679 -0.0532539 18.3977070
0.9988247 -0.0077616 0.0478423 147.2059631
-0.0481871 -0.0529421 0.9974341 -4.2485213
0.0000000 0.0000000 0.0000000 1.0000000
-0.0054204 -0.9986433 -0.0517987 18.3800583
0.9988495 -0.0078750 0.0473019 148.4454651
-0.0476456 -0.0514827 0.9975365 -4.2828794
0.0000000 0.0000000 0.0000000 1.0000000
-0.0061746 -0.9986706 -0.0511837 18.3661156
0.9988607 -0.0085815 0.0469405 149.6755829
-0.0473173 -0.0508356 0.9975854 -4.3276348
0.0000000 0.0000000 0.0000000 1.0000000
-0.0064612 -0.9987618 -0.0493362 18.3503914
0.9987583 -0.0088825 0.0490177 150.9125214
-0.0493953 -0.0489582 0.9975785 -4.3681679
0.0000000 0.0000000 0.0000000 1.0000000
-0.0062759 -0.9989167 -0.0461196 18.3374214
0.9986672 -0.0086237 0.0508847 152.1388550
-0.0512273 -0.0457387 0.9976389 -4.4112082
0.0000000 0.0000000 0.0000000 1.0000000
-0.0070358 -0.9989688 -0.0448642 18.3181667
0.9987200 -0.0092671 0.0497224 153.3635712
-0.0500868 -0.0444569 0.9977548 -4.4532142
0.0000000 0.0000000 0.0000000 1.0000000
-0.0077349 -0.9989401 -0.0453850 18.2971668
0.9987178 -0.0099879 0.0496268 154.5974426
-0.0500274 -0.0449429 0.9977360 -4.5001154
0.0000000 0.0000000 0.0000000 1.0000000
-0.0069801 -0.9988979 -0.0464255 18.2794075
0.9984741 -0.0095053 0.0543968 155.8227844
-0.0547781 -0.0459749 0.9974394 -4.5418806
0.0000000 0.0000000 0.0000000 1.0000000
-0.0067921 -0.9987065 -0.0504003 18.2499027
0.9980940 -0.0098622 0.0609168 157.0442657
-0.0613350 -0.0498905 0.9968694 -4.5948272
0.0000000 0.0000000 0.0000000 1.0000000
-0.0049014 -0.9984319 -0.0557727 18.2230225
0.9980722 -0.0083350 0.0614992 158.2742920
-0.0618676 -0.0553638 0.9965475 -4.6517649
0.0000000 0.0000000 0.0000000 1.0000000
-0.0045850 -0.9982353 -0.0592129 18.2000275
0.9983200 -0.0079893 0.0573857 159.4819183
-0.0577575 -0.0588503 0.9965944 -4.7092619
0.0000000 0.0000000 0.0000000 1.0000000
-0.0038320 -0.9980494 -0.0623179 18.1779118
0.9986213 -0.0070817 0.0520094 160.7014008
-0.0523493 -0.0620327 0.9967002 -4.7594070
0.0000000 0.0000000 0.0000000 1.0000000
-0.0021881 -0.9979203 -0.0644291 18.1654758
0.9987314 -0.0054218 0.0500582 161.9106903
-0.0503034 -0.0642378 0.9966658 -4.8103275
0.0000000 0.0000000 0.0000000 1.0000000
-0.0027243 -0.9982256 -0.0594907 18.1588154
0.9988567 -0.0055554 0.0474768 163.1306152
-0.0477231 -0.0592934 0.9970990 -4.8490424
0.0000000 0.0000000 0.0000000 1.0000000
-0.0019599 -0.9984530 -0.0555755 18.1462536
0.9990538 -0.0043694 0.0432669 164.3402100
-0.0434428 -0.0554381 0.9975165 -4.8904233
0.0000000 0.0000000 0.0000000 1.0000000
-0.0020185 -0.9987426 -0.0501013 18.1438332
0.9991553 -0.0040704 0.0408872 165.5607605
-0.0410397 -0.0499764 0.9979067 -4.9229817
0.0000000 0.0000000 0.0000000 1.0000000
-0.0033472 -0.9989004 -0.0467741 18.1316929
0.9990635 -0.0053580 0.0429324 166.7808075
-0.0431358 -0.0465866 0.9979823 -4.9589663
0.0000000 0.0000000 0.0000000 1.0000000
-0.0022682 -0.9988939 -0.0469754 18.1287498
0.9987375 -0.0046201 0.0500187 168.0013580
-0.0501804 -0.0468027 0.9976428 -4.9970598
0.0000000 0.0000000 0.0000000 1.0000000
-0.0014480 -0.9988531 -0.0478658 18.1088295
0.9985966 -0.0039782 0.0528077 169.2091675
-0.0529376 -0.0477222 0.9974567 -5.0416412
0.0000000 0.0000000 0.0000000 1.0000000
0.0004309 -0.9987614 -0.0497631 18.0957775
0.9987193 -0.0020876 0.0505470 170.4163818
-0.0505882 -0.0497212 0.9974810 -5.0855265
0.0000000 0.0000000 0.0000000 1.0000000
0.0020411 -0.9986873 -0.0511894 18.0924034
0.9987468 -0.0005238 0.0500429 171.6280518
-0.0500040 -0.0512274 0.9974342 -5.1336460
0.0000000 0.0000000 0.0000000 1.0000000
0.0019554 -0.9987442 -0.0500702 18.0877857
0.9986929 -0.0006067 0.0511045 172.8365326
-0.0510707 -0.0501047 0.9974372 -5.1763940
0.0000000 0.0000000 0.0000000 1.0000000
0.0029309 -0.9987538 -0.0498305 18.0789585
0.9987554 0.0004427 0.0498700 174.0466309
-0.0497858 -0.0499147 0.9975117 -5.2157712
0.0000000 0.0000000 0.0000000 1.0000000
0.0046312 -0.9987060 -0.0506529 18.0705948
0.9988116 0.0021625 0.0486848 175.2185669
-0.0485122 -0.0508182 0.9975288 -5.2552524
0.0000000 0.0000000 0.0000000 1.0000000
0.0057594 -0.9986691 -0.0512599 18.0682316
0.9987444 0.0031939 0.0499902 176.3647614
-0.0497599 -0.0514834 0.9974332 -5.2942090
0.0000000 0.0000000 0.0000000 1.0000000
0.0077168 -0.9986475 -0.0514248 18.0631046
0.9986413 0.0050462 0.0518620 177.4848022
-0.0515324 -0.0517552 0.9973292 -5.3241248
0.0000000 0.0000000 0.0000000 1.0000000
0.0075111 -0.9986185 -0.0520132 18.0580864
0.9985929 0.0047603 0.0528112 178.5835114
-0.0524906 -0.0523367 0.9972488 -5.3552155
0.0000000 0.0000000 0.0000000 1.0000000
0.0077489 -0.9985861 -0.0525984 18.0607109
0.9985546 0.0049298 0.0535160 179.6424408
-0.0531810 -0.0529371 0.9971806 -5.3888068
0.0000000 0.0000000 0.0000000 1.0000000
0.0075178 -0.9986321 -0.0517513 18.0588455
0.9985088 0.0046985 0.0543844 180.6757507
-0.0540668 -0.0520830 0.9971779 -5.4173150
0.0000000 0.0000000 0.0000000 1.0000000
0.0073652 -0.9985961 -0.0524617 18.0509853
0.9985516 0.0045487 0.0536056 181.6860962
-0.0532917 -0.0527805 0.9971830 -5.4480033
0.0000000 0.0000000 0.0000000 1.0000000
0.0096784 -0.9985239 -0.0534518 18.0535412
0.9985321 0.0068022 0.0537307 182.6736908
-0.0532877 -0.0538933 0.9971237 -5.4767008
0.0000000 0.0000000 0.0000000 1.0000000
0.0102486 -0.9985031 -0.0537335 18.0527802
0.9985073 0.0073363 0.0541195 183.6371918
-0.0536443 -0.0542079 0.9970875 -5.5111928
0.0000000 0.0000000 0.0000000 1.0000000
0.0091086 -0.9985682 -0.0527184 18.0578995
0.9985810 0.0063173 0.0528738 184.5716248
-0.0524650 -0.0531252 0.9972085 -5.5376887
0.0000000 0.0000000 0.0000000 1.0000000
0.0062788 -0.9986988 -0.0506164 18.0617905
0.9987257 0.0037283 0.0503255 185.5009918
-0.0500713 -0.0508678 0.9974492 -5.5612512
0.0000000 0.0000000 0.0000000 1.0000000
0.0019663 -0.9986995 -0.0509520 18.0575962
0.9988809 -0.0004460 0.0472901 186.4388580
-0.0472513 -0.0509880 0.9975806 -5.5891247
0.0000000 0.0000000 0.0000000 1.0000000
-0.0034132 -0.9985723 -0.0533137 18.0474319
0.9990035 -0.0057772 0.0442521 187.3515778
-0.0444969 -0.0531096 0.9975966 -5.6205702
0.0000000 0.0000000 0.0000000 1.0000000
-0.0066301 -0.9984630 -0.0550309 18.0270309
0.9990103 -0.0090338 0.0435464 188.2529755
-0.0439765 -0.0546877 0.9975345 -5.6489491
0.0000000 0.0000000 0.0000000 1.0000000
