1.0000000 0.0000000 0.0000000 0.0000000
0.0000000 1.0000000 0.0000000 0.0000000
0.0000000 0.0000000 1.0000000 0.0000000
0.0000000 0.0000000 0.0000000 1.0000000
0.9999522 0.0097134 0.0011277 0.2912673
-0.0097106 0.9999498 -0.0024829 -0.0096486
-0.0011518 0.0024718 0.9999963 0.0075850
0.0000000 0.0000000 0.0000000 1.0000000
0.9998684 0.0161352 0.0016875 0.5832400
-0.0161285 0.9998623 -0.0038983 -0.0287654
-0.0017502 0.0038706 0.9999910 0.0114781
0.0000000 0.0000000 0.0000000 1.0000000
0.9998399 0.0178896 0.0003988 0.8782964
-0.0178867 0.9998199 -0.0063318 -0.0326838
-0.0005120 0.0063236 0.9999799 0.0124473
0.0000000 0.0000000 0.0000000 1.0000000
0.9998658 0.0163598 -0.0009344 1.1826805
-0.0163663 0.9998379 -0.0074915 -0.0394262
0.0008117 0.0075058 0.9999716 0.0128133
0.0000000 0.0000000 0.0000000 1.0000000
0.9999554 0.0091297 -0.0024371 1.4972842
-0.0091541 0.9999059 -0.0102053 -0.0381809
0.0023437 0.0102271 0.9999450 0.0127200
0.0000000 0.0000000 0.0000000 1.0000000
0.9999884 -0.0029978 -0.0037909 1.8134743
0.0029557 0.9999344 -0.0110597 -0.0307910
0.0038238 0.0110484 0.9999318 0.0184317
0.0000000 0.0000000 0.0000000 1.0000000
0.9998093 -0.0190698 -0.0042323 2.1469848
0.0190252 0.9997655 -0.0103338 -0.0133759
0.0044284 0.0102513 0.9999378 0.0235925
0.0000000 0.0000000 0.0000000 1.0000000
0.9992727 -0.0378263 -0.0048318 2.4965429
0.0377949 0.9992647 -0.0064309 0.0231548
0.0050715 0.0062436 0.9999678 0.0283567
0.0000000 0.0000000 0.0000000 1.0000000
0.9983448 -0.0571791 -0.0061803 2.8448992
0.0571641 0.9983614 -0.0025646 0.0536968
0.0063168 0.0022070 0.9999777 0.0306148
0.0000000 0.0000000 0.0000000 1.0000000
0.9970390 -0.0766207 -0.0065216 3.2032979
0.0766103 0.9970593 -0.0018251 0.0899663
0.0066423 0.0013201 0.9999772 0.0330234
0.0000000 0.0000000 0.0000000 1.0000000
0.9952210 -0.0974654 -0.0059841 3.5974181
0.0974519 0.9952370 -0.0025106 0.1273355
0.0062002 0.0019155 0.9999790 0.0358031
0.0000000 0.0000000 0.0000000 1.0000000
0.9930444 -0.1176241 -0.0052465 3.9859653
0.1176053 0.9930532 -0.0037591 0.1827928
0.0056523 0.0031159 0.9999793 0.0438110
0.0000000 0.0000000 0.0000000 1.0000000
0.9907604 -0.1355232 -0.0052294 4.3830357
0.1355079 0.9907711 -0.0031746 0.2503313
0.0056113 0.0024366 0.9999814 0.0478857
0.0000000 0.0000000 0.0000000 1.0000000
0.9883752 -0.1519476 -0.0051376 4.7942610
0.1519382 0.9883875 -0.0021657 0.3262971
0.0054070 0.0013599 0.9999846 0.0513405
0.0000000 0.0000000 0.0000000 1.0000000
0.9864331 -0.1640691 -0.0055687 5.2284303
0.1640651 0.9864486 -0.0011740 0.4002950
0.0056858 0.0002444 0.9999839 0.0577572
0.0000000 0.0000000 0.0000000 1.0000000
0.9844587 -0.1755126 -0.0060295 5.6726727
0.1755000 0.9844759 -0.0025670 0.4900663
0.0063864 0.0014689 0.9999786 0.0633724
0.0000000 0.0000000 0.0000000 1.0000000
0.9826482 -0.1853285 -0.0074814 6.1185699
0.1852868 0.9826664 -0.0059312 0.5736040
0.0084510 0.0044421 0.9999545 0.0713575
0.0000000 0.0000000 0.0000000 1.0000000
0.9810879 -0.1933293 -0.0095104 6.5806899
0.1932891 0.9811291 -0.0049811 0.6713193
0.0102939 0.0030486 0.9999425 0.0771798
0.0000000 0.0000000 0.0000000 1.0000000
0.9794033 -0.2016064 -0.0111486 7.0471339
0.2015660 0.9794638 -0.0046499 0.7774296
0.0118571 0.0023070 0.9999272 0.0791474
0.0000000 0.0000000 0.0000000 1.0000000
0.9778359 -0.2088800 -0.0143623 7.5332398
0.2088190 0.9779379 -0.0056371 0.8890771
0.0152229 0.0025130 0.9998811 0.0854864
0.0000000 0.0000000 0.0000000 1.0000000
0.9759212 -0.2176045 -0.0150450 8.0300322
0.2174837 0.9760199 -0.0092585 0.9988521
0.0166989 0.0057635 0.9998441 0.0938924
0.0000000 0.0000000 0.0000000 1.0000000
0.9742990 -0.2247893 -0.0145441 8.5475016
0.2245753 0.9743413 -0.0149873 1.1171619
0.0175399 0.0113358 0.9997820 0.1077988
0.0000000 0.0000000 0.0000000 1.0000000
0.9722753 -0.2332871 -0.0160638 9.0683937
0.2330422 0.9723390 -0.0157467 1.2452203
0.0192930 0.0115666 0.9997471 0.1242982
0.0000000 0.0000000 0.0000000 1.0000000
0.9699303 -0.2424276 -0.0215473 9.5851650
0.2422094 0.9701465 -0.0122544 1.3965492
0.0238748 0.0066669 0.9996929 0.1276658
0.0000000 0.0000000 0.0000000 1.0000000
0.9678982 -0.2500565 -0.0253980 10.1262808
0.2498981 0.9682276 -0.0092796 1.5424387
0.0269115 0.0026348 0.9996345 0.1397243
0.0000000 0.0000000 0.0000000 1.0000000
0.9655135 -0.2589854 -0.0266542 10.6890402
0.2587701 0.9658728 -0.0112896 1.6990786
0.0286684 0.0040030 0.9995811 0.1567223
0.0000000 0.0000000 0.0000000 1.0000000
0.9632450 -0.2672026 -0.0276053 11.2511911
0.2669410 0.9636273 -0.0128290 1.8539604
0.0300292 0.0049885 0.9995367 0.1780712
0.0000000 0.0000000 0.0000000 1.0000000
0.9611124 -0.2744799 -0.0303969 11.8273296
0.2741963 0.9615828 -0.0132145 2.0221620
0.0328562 0.0043659 0.9994507 0.1977164
0.0000000 0.0000000 0.0000000 1.0000000
0.9585034 -0.2830336 -0.0341102 12.4094028
0.2827691 0.9591072 -0.0124429 2.2077219
0.0362371 0.0022812 0.9993408 0.2169241
0.0000000 0.0000000 0.0000000 1.0000000
0.9559932 -0.2908002 -0.0388908 12.9981079
0.2904786 0.9567818 -0.0138032 2.4014945
0.0412240 0.0018989 0.9991483 0.2427709
0.0000000 0.0000000 0.0000000 1.0000000
0.9540737 -0.2959967 -0.0461483 13.6137991
0.2956363 0.9551888 -0.0146023 2.5932443
0.0484025 0.0002886 0.9988281 0.2746052
0.0000000 0.0000000 0.0000000 1.0000000
0.9518989 -0.3015328 -0.0544672 14.2259750
0.3011740 0.9534530 -0.0148746 2.7983425
0.0564171 -0.0022450 0.9984049 0.3046030
0.0000000 0.0000000 0.0000000 1.0000000
0.9505325 -0.3040334 -0.0636554 14.8550138
0.3037109 0.9526473 -0.0149170 3.0115438
0.0651764 -0.0051537 0.9978606 0.3405665
0.0000000 0.0000000 0.0000000 1.0000000
0.9489310 -0.3067608 -0.0736762 15.5083942
0.3066157 0.9517367 -0.0135517 3.2308376
0.0742775 -0.0097306 0.9971903 0.3790776
0.0000000 0.0000000 0.0000000 1.0000000
0.9474821 -0.3092456 -0.0815179 16.1698437
0.3092994 0.9508852 -0.0122843 3.4530227
0.0813131 -0.0135743 0.9965963 0.4319190
0.0000000 0.0000000 0.0000000 1.0000000
0.9449244 -0.3148934 -0.0892206 16.8324242
0.3152404 0.9489531 -0.0105443 3.6865363
0.0879865 -0.0181623 0.9959562 0.4852951
0.0000000 0.0000000 0.0000000 1.0000000
0.9430225 -0.3185748 -0.0960148 17.5073757
0.3191782 0.9476478 -0.0094206 3.9259961
0.0939894 -0.0217620 0.9953355 0.5497980
0.0000000 0.0000000 0.0000000 1.0000000
0.9409935 -0.3227023 -0.1019540 18.1714573
0.3236215 0.9461539 -0.0078497 4.1790390
0.0989973 -0.0256080 0.9947583 0.6182067
0.0000000 0.0000000 0.0000000 1.0000000
0.9386217 -0.3281274 -0.1064047 18.8759727
0.3294991 0.9441429 -0.0049267 4.4397793
0.1020779 -0.0304360 0.9943109 0.6892679
0.0000000 0.0000000 0.0000000 1.0000000
0.9368430 -0.3326290 -0.1080894 19.5655918
0.3342007 0.9424943 -0.0037688 4.7009368
0.1031273 -0.0325928 0.9941342 0.7614513
0.0000000 0.0000000 0.0000000 1.0000000
0.9346907 -0.3387465 -0.1077238 20.2750244
0.3404230 0.9402675 -0.0029906 4.9770656
0.1023023 -0.0338764 0.9941765 0.8456398
0.0000000 0.0000000 0.0000000 1.0000000
0.9329716 -0.3437496 -0.1067733 20.9979286
0.3454295 0.9384400 -0.0029269 5.2496581
0.1012065 -0.0341519 0.9942792 0.9251715
0.0000000 0.0000000 0.0000000 1.0000000
0.9308533 -0.3498950 -0.1052897 21.7320328
0.3515862 0.9361516 -0.0026557 5.5313206
0.0994963 -0.0345464 0.9944382 1.0075626
0.0000000 0.0000000 0.0000000 1.0000000
0.9286510 -0.3565846 -0.1022504 22.4589233
0.3582108 0.9336369 -0.0026184 5.8220887
0.0963985 -0.0341956 0.9947554 1.0869768
0.0000000 0.0000000 0.0000000 1.0000000
0.9237708 -0.3700692 -0.0984718 23.2290993
0.3719124 0.9282676 0.0003922 6.1340647
0.0912630 -0.0369852 0.9951399 1.1648659
0.0000000 0.0000000 0.0000000 1.0000000
0.9219844 -0.3755669 -0.0943108 23.9855270
0.3775432 0.9259856 0.0033864 6.4612131
0.0860586 -0.0387287 0.9955372 1.2470123
0.0000000 0.0000000 0.0000000 1.0000000
0.9188100 -0.3837961 -0.0921367 24.7423801
0.3859750 0.9224868 0.0064126 6.7949262
0.0825337 -0.0414545 0.9957258 1.3203650
0.0000000 0.0000000 0.0000000 1.0000000
0.9160159 -0.3906864 -0.0909905 25.5105286
0.3929048 0.9195512 0.0071541 7.1294169
0.0808754 -0.0423039 0.9958261 1.3958563
0.0000000 0.0000000 0.0000000 1.0000000
0.9121054 -0.3997802 -0.0907731 26.2772217
0.4020633 0.9155799 0.0076403 7.4773693
0.0800556 -0.0434653 0.9958423 1.4683617
0.0000000 0.0000000 0.0000000 1.0000000
0.9091354 -0.4065780 -0.0903736 27.0313473
0.4088891 0.9125499 0.0078888 7.8256059
0.0792630 -0.0441247 0.9958767 1.5342988
0.0000000 0.0000000 0.0000000 1.0000000
0.9050077 -0.4158094 -0.0897986 27.8135223
0.4181992 0.9083128 0.0087810 8.1955919
0.0779140 -0.0455006 0.9959213 1.6034280
0.0000000 0.0000000 0.0000000 1.0000000
0.9011062 -0.4246481 -0.0876461 28.6028996
0.4269028 0.9042630 0.0078862 8.5717173
0.0759063 -0.0445227 0.9961205 1.6760056
0.0000000 0.0000000 0.0000000 1.0000000
0.8978108 -0.4323653 -0.0836436 29.3906918
0.4344682 0.9006526 0.0078826 8.9608212
0.0719257 -0.0434176 0.9964646 1.7452571
0.0000000 0.0000000 0.0000000 1.0000000
0.8944155 -0.4400931 -0.0796196 30.1960793
0.4421901 0.8968653 0.0100158 9.3597803
0.0670002 -0.0441653 0.9967750 1.8071152
0.0000000 0.0000000 0.0000000 1.0000000
0.8919105 -0.4457961 -0.0759066 31.0105667
0.4477460 0.8941045 0.0100270 9.7661171
0.0633985 -0.0429301 0.9970645 1.8758249
0.0000000 0.0000000 0.0000000 1.0000000
0.8877170 -0.4544319 -0.0738276 31.8335857
0.4562746 0.8897893 0.0094021 10.1916342
0.0614184 -0.0420321 0.9972267 1.9405991
0.0000000 0.0000000 0.0000000 1.0000000
0.8853603 -0.4591490 -0.0729354 32.6735878
0.4609905 0.8873506 0.0098250 10.6359406
0.0602081 -0.0423212 0.9972882 2.0024645
0.0000000 0.0000000 0.0000000 1.0000000
0.8833783 -0.4632571 -0.0709640 33.5039406
0.4649927 0.8852658 0.0092838 11.0798063
0.0585212 -0.0411989 0.9974356 2.0586371
0.0000000 0.0000000 0.0000000 1.0000000
0.8802277 -0.4694191 -0.0696072 34.3558578
0.4710451 0.8820716 0.0081274 11.5516415
0.0575834 -0.0399422 0.9975413 2.1183195
0.0000000 0.0000000 0.0000000 1.0000000
0.8779687 -0.4737204 -0.0689953 35.2242661
0.4752626 0.8798165 0.0069381 12.0242548
0.0574164 -0.0388824 0.9975928 2.1817532
0.0000000 0.0000000 0.0000000 1.0000000
0.8769723 -0.4755571 -0.0690316 36.0993233
0.4770665 0.8788447 0.0062774 12.5011253
0.0576827 -0.0384378 0.9975947 2.2439108
0.0000000 0.0000000 0.0000000 1.0000000
0.8754699 -0.4781975 -0.0698570 36.9922600
0.4797822 0.8773602 0.0069204 12.9839220
0.0579804 -0.0395747 0.9975330 2.3013887
0.0000000 0.0000000 0.0000000 1.0000000
0.8758100 -0.4776982 -0.0690036 37.8923454
0.4792596 0.8776442 0.0071199 13.4786053
0.0571594 -0.0393063 0.9975910 2.3648841
0.0000000 0.0000000 0.0000000 1.0000000
0.8756562 -0.4781537 -0.0677910 38.8051071
0.4796724 0.8774181 0.0071900 13.9813967
0.0560431 -0.0388135 0.9976736 2.4236639
0.0000000 0.0000000 0.0000000 1.0000000
0.8750535 -0.4793410 -0.0671852 39.7246170
0.4808165 0.8767948 0.0067943 14.4868984
0.0556509 -0.0382492 0.9977173 2.4872222
0.0000000 0.0000000 0.0000000 1.0000000
0.8747491 -0.4799572 -0.0667483 40.6451302
0.4812936 0.8765474 0.0045832 15.0005836
0.0563082 -0.0361347 0.9977593 2.5490680
0.0000000 0.0000000 0.0000000 1.0000000
0.8734583 -0.4823806 -0.0661811 41.5706482
0.4836174 0.8752739 0.0030897 15.5163708
0.0564362 -0.0347051 0.9978028 2.6109915
0.0000000 0.0000000 0.0000000 1.0000000
0.8725310 -0.4843011 -0.0643613 42.5130653
0.4854905 0.8742356 0.0032976 16.0448017
0.0546698 -0.0341241 0.9979212 2.6735170
0.0000000 0.0000000 0.0000000 1.0000000
0.8704929 -0.4884265 -0.0606792 43.4501534
0.4895435 0.8719689 0.0041436 16.5730209
0.0508865 -0.0333121 0.9981487 2.7375679
0.0000000 0.0000000 0.0000000 1.0000000
0.8680939 -0.4932378 -0.0559453 44.3652649
0.4942067 0.8693346 0.0040965 17.0997715
0.0466146 -0.0312047 0.9984254 2.8011835
0.0000000 0.0000000 0.0000000 1.0000000
0.8654494 -0.4980631 -0.0541382 45.2958488
0.4989409 0.8666301 0.0031694 17.6348686
0.0453392 -0.0297547 0.9985284 2.8637397
0.0000000 0.0000000 0.0000000 1.0000000
0.8600044 -0.5073025 -0.0551093 46.2115479
0.5080776 0.8613111 0.0000670 18.1814651
0.0474323 -0.0280574 0.9984803 2.9222760
0.0000000 0.0000000 0.0000000 1.0000000
0.8548456 -0.5157729 -0.0567253 47.1252975
0.5164493 0.8563118 -0.0031387 18.7229614
0.0501934 -0.0266127 0.9983848 2.9858799
0.0000000 0.0000000 0.0000000 1.0000000
0.8491609 -0.5251657 -0.0559218 48.0267906
0.5258066 0.8505957 -0.0037444 19.2935047
0.0495332 -0.0262245 0.9984280 3.0436680
0.0000000 0.0000000 0.0000000 1.0000000
0.8435404 -0.5344900 -0.0525402 48.9225464
0.5352156 0.8447152 -0.0003048 19.8796158
0.0445444 -0.0278632 0.9986187 3.1009297
0.0000000 0.0000000 0.0000000 1.0000000
0.8397760 -0.5406706 -0.0495183 49.8176155
0.5414743 0.8407100 0.0034324 20.4686852
0.0397748 -0.0296954 0.9987672 3.1639469
0.0000000 0.0000000 0.0000000 1.0000000
0.8357458 -0.5466487 -0.0520054 50.7005692
0.5475603 0.8367563 0.0040271 21.0611916
0.0413145 -0.0318418 0.9986386 3.2162604
0.0000000 0.0000000 0.0000000 1.0000000
0.8326945 -0.5509505 -0.0554425 51.5790863
0.5518895 0.8339147 0.0019759 21.6597271
0.0451457 -0.0322434 0.9984598 3.2755735
0.0000000 0.0000000 0.0000000 1.0000000
0.8310802 -0.5526114 -0.0626637 52.4622421
0.5537055 0.8327123 0.0001171 22.2564259
0.0521161 -0.0347946 0.9980346 3.3336627
0.0000000 0.0000000 0.0000000 1.0000000
0.8275276 -0.5577020 -0.0645523 53.3454361
0.5588505 0.8292681 -0.0003145 22.8548241
0.0537065 -0.0358149 0.9979142 3.3938270
0.0000000 0.0000000 0.0000000 1.0000000
0.8259413 -0.5603836 -0.0615771 54.2191162
0.5615195 0.8274621 0.0013956 23.4561462
0.0501706 -0.0357294 0.9981013 3.4582927
0.0000000 0.0000000 0.0000000 1.0000000
0.8225762 -0.5657782 -0.0571305 55.1127777
0.5668745 0.8237956 0.0037083 24.0699310
0.0449658 -0.0354362 0.9983597 3.5190125
0.0000000 0.0000000 0.0000000 1.0000000
0.8199072 -0.5698791 -0.0546839 55.9894485
0.5709515 0.8209682 0.0050214 24.6957645
0.0420322 -0.0353390 0.9984910 3.5768201
0.0000000 0.0000000 0.0000000 1.0000000
0.8182629 -0.5721389 -0.0557073 56.8594856
0.5732815 0.8193381 0.0057402 25.3194542
0.0423589 -0.0366330 0.9984306 3.6292181
0.0000000 0.0000000 0.0000000 1.0000000
0.8141400 -0.5778620 -0.0570262 57.7222366
0.5790228 0.8152966 0.0048524 25.9486713
0.0436892 -0.0369700 0.9983608 3.6829689
0.0000000 0.0000000 0.0000000 1.0000000
0.8107207 -0.5825120 -0.0584134 58.5918732
0.5836328 0.8120131 0.0026670 26.5772572
0.0458788 -0.0362542 0.9982889 3.7416773
0.0000000 0.0000000 0.0000000 1.0000000
0.8083719 -0.5857782 -0.0583024 59.4724693
0.5868374 0.8097035 0.0013067 27.2360725
0.0464422 -0.0352704 0.9982980 3.7979720
0.0000000 0.0000000 0.0000000 1.0000000
0.8027162 -0.5935661 -0.0576739 60.3460732
0.5946175 0.8040074 0.0013441 27.8767128
0.0455724 -0.0353729 0.9983345 3.8567257
0.0000000 0.0000000 0.0000000 1.0000000
0.7985579 -0.5992113 -0.0570212 61.2074203
0.6002151 0.7998381 0.0006019 28.5432911
0.0452470 -0.0347056 0.9983727 3.9148135
0.0000000 0.0000000 0.0000000 1.0000000
0.7925684 -0.6070653 -0.0575097 62.0629578
0.6080505 0.7938979 -0.0004586 29.2118931
0.0459352 -0.0346053 0.9983448 3.9746814
0.0000000 0.0000000 0.0000000 1.0000000
0.7874063 -0.6137016 -0.0579832 62.9003754
0.6146566 0.7887927 -0.0017063 29.8846493
0.0467839 -0.0342962 0.9983160 4.0319715
0.0000000 0.0000000 0.0000000 1.0000000
0.7833759 -0.6188059 -0.0583253 63.7453499
0.6197476 0.7847971 -0.0024321 30.5583210
0.0472785 -0.0342417 0.9982946 4.0907416
0.0000000 0.0000000 0.0000000 1.0000000
0.7758350 -0.6282555 -0.0580987 64.6023178
0.6291143 0.7773002 -0.0043777 31.2577457
0.0479104 -0.0331543 0.9983011 4.1511741
0.0000000 0.0000000 0.0000000 1.0000000
0.7714642 -0.6336259 -0.0579787 65.4462662
0.6343837 0.7729899 -0.0065924 31.9584179
0.0489941 -0.0316950 0.9982960 4.2129655
0.0000000 0.0000000 0.0000000 1.0000000
0.7652129 -0.6412355 -0.0571547 66.2758942
0.6419372 0.7667201 -0.0075168 32.6637688
0.0486417 -0.0309378 0.9983370 4.2755394
0.0000000 0.0000000 0.0000000 1.0000000
0.7585840 -0.6492132 -0.0554344 67.1248016
0.6498511 0.7600183 -0.0080720 33.3845634
0.0473716 -0.0299008 0.9984297 4.3370876
0.0000000 0.0000000 0.0000000 1.0000000
0.7530508 -0.6557773 -0.0535814 67.9513092
0.6563080 0.7544334 -0.0094661 34.1053162
0.0466313 -0.0280374 0.9985186 4.3984933
0.0000000 0.0000000 0.0000000 1.0000000
0.7464229 -0.6633453 -0.0531624 68.7804337
0.6638134 0.7478192 -0.0108539 34.8537331
0.0469558 -0.0271884 0.9985269 4.4613204
0.0000000 0.0000000 0.0000000 1.0000000
0.7402092 -0.6702289 -0.0537012 69.6044159
0.6706630 0.7416623 -0.0121552 35.6122055
0.0479750 -0.0270180 0.9984831 4.5237150
0.0000000 0.0000000 0.0000000 1.0000000
0.7356994 -0.6751166 -0.0544450 70.4313278
0.6755987 0.7371750 -0.0117860 36.3817520
0.0480924 -0.0281120 0.9984472 4.5819530
0.0000000 0.0000000 0.0000000 1.0000000
0.7305564 -0.6807024 -0.0541461 71.2662659
0.6812075 0.7320018 -0.0113612 37.1671677
0.0473686 -0.0285847 0.9984684 4.6441402
0.0000000 0.0000000 0.0000000 1.0000000
0.7268221 -0.6846671 -0.0544143 72.0858841
0.6852030 0.7282681 -0.0110396 37.9581680
0.0471866 -0.0292610 0.9984574 4.7067251
0.0000000 0.0000000 0.0000000 1.0000000
0.7209659 -0.6908184 -0.0545745 72.9026794
0.6913270 0.7224424 -0.0119752 38.7617569
0.0476996 -0.0290952 0.9984379 4.7712889
0.0000000 0.0000000 0.0000000 1.0000000
0.7166294 -0.6951643 -0.0564721 73.7096100
0.6956748 0.7182338 -0.0132764 39.5690041
0.0497894 -0.0297720 0.9983159 4.8341942
0.0000000 0.0000000 0.0000000 1.0000000
0.7129578 -0.6987847 -0.0582356 74.5299988
0.6992648 0.7147035 -0.0150741 40.3659554
0.0521547 -0.0299750 0.9981890 4.8997750
0.0000000 0.0000000 0.0000000 1.0000000
0.7077403 -0.7039883 -0.0591979 75.3496704
0.7044876 0.7095464 -0.0155135 41.2101021
0.0529250 -0.0307247 0.9981257 4.9673114
0.0000000 0.0000000 0.0000000 1.0000000
0.7032665 -0.7085166 -0.0584872 76.1813507
0.7090269 0.7050194 -0.0151035 42.0308952
0.0519357 -0.0308473 0.9981738 5.0360551
0.0000000 0.0000000 0.0000000 1.0000000
0.7004483 -0.7114388 -0.0568107 76.9947510
0.7118812 0.7021269 -0.0155728 42.8608856
0.0509674 -0.0295345 0.9982634 5.1049724
0.0000000 0.0000000 0.0000000 1.0000000
0.6940376 -0.7176698 -0.0571153 77.8124542
0.7181228 0.6957358 -0.0158378 43.6900291
0.0511034 -0.0300238 0.9982418 5.1753430
0.0000000 0.0000000 0.0000000 1.0000000
0.6910928 -0.7205631 -0.0563911 78.6152878
0.7209396 0.6927878 -0.0170484 44.5478668
0.0513515 -0.0288726 0.9982631 5.2406187
0.0000000 0.0000000 0.0000000 1.0000000
0.6853030 -0.7261305 -0.0556298 79.4133224
0.7264616 0.6869768 -0.0177741 45.3977966
0.0511227 -0.0282323 0.9982931 5.3082023
0.0000000 0.0000000 0.0000000 1.0000000
0.6805575 -0.7306395 -0.0548438 80.2237930
0.7309147 0.6822135 -0.0186527 46.2619514
0.0510436 -0.0273919 0.9983206 5.3756986
0.0000000 0.0000000 0.0000000 1.0000000
0.6767859 -0.7342286 -0.0535684 81.0330887
0.7343539 0.6784390 -0.0210800 47.1393547
0.0518204 -0.0250716 0.9983415 5.4459963
0.0000000 0.0000000 0.0000000 1.0000000
0.6722437 -0.7384073 -0.0533242 81.8432236
0.7382993 0.6739892 -0.0255393 48.0308266
0.0547984 -0.0222006 0.9982504 5.5186133
0.0000000 0.0000000 0.0000000 1.0000000
0.6671439 -0.7432038 -0.0506707 82.6428604
0.7427980 0.6688355 -0.0301605 48.9228935
0.0563057 -0.0175167 0.9982597 5.5879617
0.0000000 0.0000000 0.0000000 1.0000000
0.6625588 -0.7475676 -0.0464645 83.4522324
0.7468795 0.6640768 -0.0342415 49.8357010
0.0564538 -0.0120164 0.9983327 5.6645365
0.0000000 0.0000000 0.0000000 1.0000000
0.6549091 -0.7545083 -0.0425632 84.2449493
0.7535804 0.6562515 -0.0380800 50.7461395
0.0566638 -0.0071359 0.9983677 5.7404113
0.0000000 0.0000000 0.0000000 1.0000000
0.6482454 -0.7604647 -0.0383640 85.0234680
0.7594234 0.6493710 -0.0399126 51.6561813
0.0552645 -0.0032614 0.9984663 5.8184714
0.0000000 0.0000000 0.0000000 1.0000000
0.6388613 -0.7684525 -0.0365704 85.8225479
0.7674891 0.6398976 -0.0386131 52.5971794
0.0530736 -0.0033990 0.9985846 5.8882046
0.0000000 0.0000000 0.0000000 1.0000000
0.6303762 -0.7754573 -0.0359482 86.6058197
0.7744868 0.6313912 -0.0389211 53.5628891
0.0528790 -0.0033065 0.9985952 5.9690371
0.0000000 0.0000000 0.0000000 1.0000000
0.6231359 -0.7811909 -0.0379859 87.3698959
0.7801800 0.6242744 -0.0400036 54.5119858
0.0549641 -0.0047082 0.9984770 6.0389996
0.0000000 0.0000000 0.0000000 1.0000000
0.6129140 -0.7892330 -0.0380547 88.1224136
0.7881101 0.6140802 -0.0422785 55.4749107
0.0567362 -0.0040783 0.9983807 6.1176944
0.0000000 0.0000000 0.0000000 1.0000000
0.6046771 -0.7955564 -0.0381553 88.8589172
0.7943670 0.6058667 -0.0436597 56.4613953
0.0578507 -0.0039093 0.9983174 6.1900353
0.0000000 0.0000000 0.0000000 1.0000000
0.5955126 -0.8026015 -0.0345814 89.5914078
0.8013508 0.5965145 -0.0447987 57.4398003
0.0565838 -0.0010337 0.9983971 6.2707667
0.0000000 0.0000000 0.0000000 1.0000000
0.5842777 -0.8109170 -0.0321472 90.3257217
0.8096768 0.5851610 -0.0448300 58.4496613
0.0551647 0.0001643 0.9984770 6.3501911
0.0000000 0.0000000 0.0000000 1.0000000
0.5748875 -0.8176125 -0.0318519 91.0458527
0.8163553 0.5757688 -0.0453205 59.4551888
0.0553939 0.0000517 0.9984643 6.4313307
0.0000000 0.0000000 0.0000000 1.0000000
0.5670192 -0.8230584 -0.0326256 91.7528610
0.8217572 0.5679564 -0.0462636 60.4913521
0.0566075 -0.0005780 0.9983961 6.5097141
0.0000000 0.0000000 0.0000000 1.0000000
0.5555329 -0.8308120 -0.0336864 92.4483337
0.8295233 0.5565485 -0.0463090 61.5286140
0.0572221 -0.0022175 0.9983588 6.5883336
0.0000000 0.0000000 0.0000000 1.0000000
0.5476673 -0.8359908 -0.0343541 93.1357956
0.8346537 0.5487365 -0.0473414 62.5879440
0.0584283 -0.0027464 0.9982876 6.6694207
0.0000000 0.0000000 0.0000000 1.0000000
0.5377647 -0.8423849 -0.0345982 93.8090591
0.8410744 0.5388629 -0.0471190 63.6550903
0.0583360 -0.0037608 0.9982897 6.7534657
0.0000000 0.0000000 0.0000000 1.0000000
0.5284188 -0.8483117 -0.0337803 94.4855499
0.8471228 0.5294756 -0.0451466 64.7256546
0.0561842 -0.0047598 0.9984089 6.8340101
0.0000000 0.0000000 0.0000000 1.0000000
0.5216053 -0.8526000 -0.0316449 95.1596909
0.8514830 0.5225479 -0.0438180 65.8095703
0.0538952 -0.0040894 0.9985380 6.9164257
0.0000000 0.0000000 0.0000000 1.0000000
0.5133619 -0.8575978 -0.0313957 95.8141708
0.8564610 0.5143040 -0.0443351 66.9081421
0.0541686 -0.0041292 0.9985231 6.9958777
0.0000000 0.0000000 0.0000000 1.0000000
0.5068223 -0.8615148 -0.0303900 96.4715958
0.8602208 0.5077274 -0.0472512 68.0426788
0.0561374 -0.0021942 0.9984204 7.0768995
0.0000000 0.0000000 0.0000000 1.0000000
0.5018597 -0.8644695 -0.0288007 97.1047287
0.8629873 0.5026847 -0.0506032 69.1266251
0.0582226 0.0005411 0.9983032 7.1577020
0.0000000 0.0000000 0.0000000 1.0000000
0.4955383 -0.8681222 -0.0283859 97.7541199
0.8664730 0.4963465 -0.0535200 70.2559738
0.0605511 0.0019256 0.9981630 7.2431784
0.0000000 0.0000000 0.0000000 1.0000000
0.4912059 -0.8706194 -0.0271780 98.3745193
0.8687505 0.4919364 -0.0571898 71.3684692
0.0631604 0.0044810 0.9979931 7.3292298
0.0000000 0.0000000 0.0000000 1.0000000
0.4858425 -0.8736822 -0.0252306 99.0034637
0.8717892 0.4864587 -0.0578020 72.4846344
0.0627742 0.0060868 0.9980089 7.4228802
0.0000000 0.0000000 0.0000000 1.0000000
0.4808207 -0.8765634 -0.0211674 99.6291275
0.8748282 0.4812147 -0.0557459 73.5994034
0.0590508 0.0082859 0.9982203 7.5137777
0.0000000 0.0000000 0.0000000 1.0000000
0.4789677 -0.8776862 -0.0160270 100.2400894
0.8760850 0.4790856 -0.0543279 74.7108688
0.0553611 0.0119803 0.9983943 7.6027007
0.0000000 0.0000000 0.0000000 1.0000000
0.4741322 -0.8803539 -0.0132531 100.8404312
0.8787909 0.4741073 -0.0542988 75.8221970
0.0540855 0.0140980 0.9984365 7.6876230
0.0000000 0.0000000 0.0000000 1.0000000
0.4714383 -0.8818157 -0.0121259 101.4389572
0.8802912 0.4713637 -0.0538806 76.9302597
0.0532284 0.0147271 0.9984735 7.7706532
0.0000000 0.0000000 0.0000000 1.0000000
0.4701016 -0.8825570 -0.0098792 102.0273819
0.8810875 0.4699172 -0.0534991 78.0283432
0.0518584 0.0164455 0.9985188 7.8529515
0.0000000 0.0000000 0.0000000 1.0000000
0.4665513 -0.8844587 -0.0079272 102.6149521
0.8830515 0.4662828 -0.0529144 79.1318130
0.0504969 0.0176871 0.9985673 7.9316101
0.0000000 0.0000000 0.0000000 1.0000000
0.4666583 -0.8844176 -0.0059661 103.1893921
0.8829820 0.4662660 -0.0542060 80.2331772
0.0507225 0.0200277 0.9985117 8.0129213
0.0000000 0.0000000 0.0000000 1.0000000
0.4620919 -0.8868263 -0.0031937 103.7622147
0.8854437 0.4615665 -0.0542690 81.3170776
0.0496013 0.0222493 0.9985210 8.0880384
0.0000000 0.0000000 0.0000000 1.0000000
0.4595491 -0.8881524 0.0002141 104.3244858
0.8868746 0.4588746 -0.0537301 82.4138107
0.0476222 0.0248814 0.9985552 8.1624613
0.0000000 0.0000000 0.0000000 1.0000000
0.4580903 -0.8889025 0.0023550 104.8917618
0.8876961 0.4573268 -0.0533596 83.4946289
0.0463545 0.0265340 0.9985723 8.2384396
0.0000000 0.0000000 0.0000000 1.0000000
0.4564183 -0.8897582 0.0035793 105.4386139
0.8885575 0.4555851 -0.0539191 84.5619965
0.0463443 0.0277900 0.9985387 8.3117867
0.0000000 0.0000000 0.0000000 1.0000000
0.4549420 -0.8905093 0.0045796 105.9875259
0.8892713 0.4540248 -0.0552960 85.6163788
0.0471623 0.0292289 0.9984593 8.3868322
0.0000000 0.0000000 0.0000000 1.0000000
0.4548950 -0.8905348 0.0042898 106.5231857
0.8892469 0.4539662 -0.0561613 86.6473694
0.0480661 0.0293621 0.9984123 8.4616947
0.0000000 0.0000000 0.0000000 1.0000000
0.4538674 -0.8910631 0.0033154 107.0330734
0.8897118 0.4529671 -0.0568611 87.6652298
0.0491651 0.0287571 0.9983764 8.5335331
0.0000000 0.0000000 0.0000000 1.0000000
0.4567261 -0.8896067 0.0011331 107.5474472
0.8882354 0.4559503 -0.0560946 88.6963501
0.0493855 0.0266263 0.9984246 8.6056309
0.0000000 0.0000000 0.0000000 1.0000000
0.4590364 -0.8884167 -0.0011316 108.0640564
0.8869957 0.4583731 -0.0559655 89.7143784
0.0502394 0.0246864 0.9984319 8.6782246
0.0000000 0.0000000 0.0000000 1.0000000
0.4634309 -0.8861272 -0.0031988 108.5776062
0.8846484 0.4628600 -0.0561895 90.7236023
0.0512716 0.0232102 0.9984148 8.7503567
0.0000000 0.0000000 0.0000000 1.0000000
0.4714939 -0.8818569 -0.0046791 109.1016998
0.8803632 0.4709916 -0.0559200 91.7257309
0.0515172 0.0222466 0.9984241 8.8224497
0.0000000 0.0000000 0.0000000 1.0000000
0.4782905 -0.8781804 -0.0061010 109.6321030
0.8767348 0.4778810 -0.0544538 92.7148056
0.0507358 0.0206957 0.9984975 8.8927612
0.0000000 0.0000000 0.0000000 1.0000000
0.4858249 -0.8740244 -0.0074515 110.1659698
0.8726069 0.4854920 -0.0534235 93.6859283
0.0503111 0.0194522 0.9985440 8.9606066
0.0000000 0.0000000 0.0000000 1.0000000
0.4962969 -0.8681163 -0.0079661 110.6982040
0.8667270 0.4959862 -0.0527393 94.6509476
0.0497349 0.0192698 0.9985764 9.0292101
0.0000000 0.0000000 0.0000000 1.0000000
0.5045195 -0.8633527 -0.0090642 111.2571716
0.8619770 0.5042622 -0.0521026 95.6289215
0.0495536 0.0184736 0.9986005 9.0997648
0.0000000 0.0000000 0.0000000 1.0000000
0.5149185 -0.8571635 -0.0113882 111.8233185
0.8557147 0.5147489 -0.0527770 96.5880890
0.0511006 0.0174308 0.9985412 9.1682949
0.0000000 0.0000000 0.0000000 1.0000000
0.5230663 -0.8521594 -0.0150355 112.3929367
0.8506041 0.5230584 -0.0536863 97.5231934
0.0536137 0.0152922 0.9984445 9.2364216
0.0000000 0.0000000 0.0000000 1.0000000
0.5351762 -0.8445336 -0.0186923 112.9694366
0.8429164 0.5353428 -0.0538486 98.4502258
0.0554837 0.0130624 0.9983740 9.3074102
0.0000000 0.0000000 0.0000000 1.0000000
0.5479183 -0.8362534 -0.0215828 113.5724106
0.8347136 0.5482451 -0.0517698 99.3691254
0.0551253 0.0103501 0.9984257 9.3786135
0.0000000 0.0000000 0.0000000 1.0000000
0.5599131 -0.8282287 -0.0231197 114.1666336
0.8268074 0.5603261 -0.0492299 100.2714691
0.0537281 0.0084489 0.9985197 9.4500341
0.0000000 0.0000000 0.0000000 1.0000000
0.5727561 -0.8194008 -0.0230801 114.7776871
0.8180657 0.5731601 -0.0474911 101.1683273
0.0521429 0.0083198 0.9986048 9.5181341
0.0000000 0.0000000 0.0000000 1.0000000
0.5832120 -0.8119518 -0.0244531 115.4022141
0.8106623 0.5836798 -0.0463038 102.0421295
0.0518692 0.0071817 0.9986279 9.5878305
0.0000000 0.0000000 0.0000000 1.0000000
0.5941852 -0.8039143 -0.0257996 116.0290222
0.8026234 0.5947075 -0.0460227 102.8937531
0.0523416 0.0066386 0.9986070 9.6566725
0.0000000 0.0000000 0.0000000 1.0000000
0.6057161 -0.7952313 -0.0267401 116.6611786
0.7938853 0.6062638 -0.0467948 103.7471313
0.0534242 0.0071157 0.9985464 9.7256613
0.0000000 0.0000000 0.0000000 1.0000000
0.6152564 -0.7878730 -0.0267517 117.3029327
0.7864566 0.6157789 -0.0479770 104.5603943
0.0542730 0.0084791 0.9984900 9.7928486
0.0000000 0.0000000 0.0000000 1.0000000
0.6257058 -0.7796114 -0.0264243 117.9523010
0.7781782 0.6261894 -0.0482191 105.3961716
0.0541388 0.0096081 0.9984871 9.8678579
0.0000000 0.0000000 0.0000000 1.0000000
0.6376395 -0.7698702 -0.0267521 118.6259613
0.7685646 0.6381429 -0.0456233 106.2120819
0.0521957 0.0085305 0.9986003 9.9344969
0.0000000 0.0000000 0.0000000 1.0000000
0.6460292 -0.7628664 -0.0260979 119.2771072
0.7617120 0.6465101 -0.0426504 106.9989243
0.0494091 0.0076743 0.9987490 9.9979258
0.0000000 0.0000000 0.0000000 1.0000000
0.6563005 -0.7540466 -0.0261405 119.9589310
0.7529653 0.6567805 -0.0410140 107.7851563
0.0480951 0.0072346 0.9988164 10.0660944
0.0000000 0.0000000 0.0000000 1.0000000
0.6652198 -0.7460926 -0.0287826 120.6141129
0.7450479 0.6658227 -0.0397903 108.5379333
0.0488513 0.0050248 0.9987933 10.1279678
0.0000000 0.0000000 0.0000000 1.0000000
0.6743300 -0.7377395 -0.0319294 121.2687683
0.7367131 0.6750792 -0.0390062 109.2804947
0.0503313 0.0027803 0.9987286 10.1861591
0.0000000 0.0000000 0.0000000 1.0000000
0.6844723 -0.7283317 -0.0321020 121.9493866
0.7273226 0.6852177 -0.0384454 110.0169296
0.0499979 0.0029663 0.9987448 10.2500162
0.0000000 0.0000000 0.0000000 1.0000000
0.6922839 -0.7209567 -0.0310537 122.6208496
0.7200280 0.6929728 -0.0367144 110.7197495
0.0479889 0.0030572 0.9988431 10.3131714
0.0000000 0.0000000 0.0000000 1.0000000
0.7011383 -0.7124054 -0.0297242 123.2886124
0.7115284 0.7017574 -0.0355467 111.4182434
0.0461829 0.0037736 0.9989257 10.3711796
0.0000000 0.0000000 0.0000000 1.0000000
0.7102764 -0.7033232 -0.0290510 123.9886322
0.7024642 0.7108555 -0.0350454 112.1167526
0.0452993 0.0044846 0.9989632 10.4352579
0.0000000 0.0000000 0.0000000 1.0000000
0.7168273 -0.6966119 -0.0298394 124.6627579
0.6957827 0.7174377 -0.0341938 112.7930603
0.0452277 0.0037493 0.9989695 10.4877682
0.0000000 0.0000000 0.0000000 1.0000000
0.7248407 -0.6882569 -0.0301388 125.3555145
0.6874673 0.7254590 -0.0331280 113.4577484
0.0446651 0.0032930 0.9989964 10.5435448
0.0000000 0.0000000 0.0000000 1.0000000
0.7304634 -0.6823297 -0.0291431 126.0288239
0.6816443 0.7310396 -0.0306885 114.0994720
0.0422444 0.0025515 0.9991039 10.5962505
0.0000000 0.0000000 0.0000000 1.0000000
0.7373002 -0.6749586 -0.0286232 126.7191315
0.6744068 0.7378546 -0.0273068 114.7436905
0.0395507 0.0008296 0.9992171 10.6506081
0.0000000 0.0000000 0.0000000 1.0000000
0.7444823 -0.6670218 -0.0287741 127.4042664
0.6665193 0.7450377 -0.0258944 115.3685379
0.0387099 0.0000994 0.9992504 10.6980934
0.0000000 0.0000000 0.0000000 1.0000000
0.7511951 -0.6594472 -0.0288988 128.0679321
0.6589788 0.7517503 -0.0248614 115.9679337
0.0381195 -0.0003680 0.9992730 10.7508879
0.0000000 0.0000000 0.0000000 1.0000000
0.7588028 -0.6506139 -0.0303262 128.7429657
0.6502429 0.7594027 -0.0221695 116.5638733
0.0374536 -0.0028971 0.9992940 10.7914057
0.0000000 0.0000000 0.0000000 1.0000000
0.7664697 -0.6416218 -0.0290773 129.4294891
0.6413342 0.7670120 -0.0195661 117.1515732
0.0348566 -0.0036514 0.9993855 10.8380861
0.0000000 0.0000000 0.0000000 1.0000000
0.7746693 -0.6317332 -0.0282926 130.0977020
0.6315521 0.7751666 -0.0160765 117.7185287
0.0320876 -0.0054143 0.9994703 10.8818846
0.0000000 0.0000000 0.0000000 1.0000000
0.7847106 -0.6191927 -0.0288018 130.7835999
0.6190760 0.7852080 -0.0138905 118.2647705
0.0312163 -0.0069305 0.9994885 10.9251518
0.0000000 0.0000000 0.0000000 1.0000000
0.7928548 -0.6086465 -0.0305051 131.4505157
0.6085551 0.7934004 -0.0132743 118.7894287
0.0322821 -0.0080395 0.9994464 10.9637136
0.0000000 0.0000000 0.0000000 1.0000000
0.8017349 -0.5968015 -0.0323870 132.1388702
0.5967259 0.8023393 -0.0130225 119.3042831
0.0337572 -0.0088856 0.9993905 11.0035000
0.0000000 0.0000000 0.0000000 1.0000000
0.8118777 -0.5829405 -0.0321704 132.8270721
0.5828715 0.8124686 -0.0124623 119.8073044
0.0334023 -0.0086334 0.9994046 11.0432644
0.0000000 0.0000000 0.0000000 1.0000000
0.8200873 -0.5713775 -0.0313787 133.5050201
0.5713441 0.8206379 -0.0109114 120.2945175
0.0319851 -0.0089797 0.9994479 11.0798979
0.0000000 0.0000000 0.0000000 1.0000000
0.8302354 -0.5566258 -0.0296128 134.2182159
0.5566296 0.8307130 -0.0088860 120.7758636
0.0295459 -0.0091059 0.9995219 11.1175442
0.0000000 0.0000000 0.0000000 1.0000000
0.8383552 -0.5444034 -0.0280257 134.9252625
0.5444199 0.8387771 -0.0077195 121.2349472
0.0277098 -0.0087860 0.9995773 11.1527872
0.0000000 0.0000000 0.0000000 1.0000000
0.8466793 -0.5314727 -0.0258995 135.6429749
0.5314988 0.8470343 -0.0064493 121.6799927
0.0253654 -0.0083051 0.9996437 11.1851978
0.0000000 0.0000000 0.0000000 1.0000000
0.8550742 -0.5179404 -0.0242036 136.3758698
0.5179659 0.8553820 -0.0057045 122.1190109
0.0236579 -0.0076589 0.9996907 11.2159510
0.0000000 0.0000000 0.0000000 1.0000000
0.8613449 -0.5075181 -0.0225895 137.0809174
0.5075301 0.8616154 -0.0056362 122.5346603
0.0223240 -0.0066102 0.9997289 11.2468605
0.0000000 0.0000000 0.0000000 1.0000000
0.8675861 -0.4967904 -0.0222156 137.7997589
0.4967988 0.8678478 -0.0055436 122.9592438
0.0220338 -0.0062272 0.9997377 11.2761374
0.0000000 0.0000000 0.0000000 1.0000000
0.8741988 -0.4850480 -0.0224707 138.5302734
0.4850748 0.8744602 -0.0046175 123.3821945
0.0218895 -0.0068634 0.9997367 11.3003817
0.0000000 0.0000000 0.0000000 1.0000000
0.8802286 -0.4740208 -0.0224029 139.2588348
0.4740738 0.8804789 -0.0032325 123.8009644
0.0212575 -0.0077753 0.9997437 11.3264551
0.0000000 0.0000000 0.0000000 1.0000000
0.8868271 -0.4615717 -0.0221203 140.0165100
0.4616372 0.8870654 -0.0023715 124.2019806
0.0207168 -0.0081085 0.9997524 11.3491297
0.0000000 0.0000000 0.0000000 1.0000000
0.8920015 -0.4515188 -0.0215437 140.7498627
0.4515736 0.8922300 -0.0025439 124.5949478
0.0203706 -0.0074595 0.9997646 11.3771648
0.0000000 0.0000000 0.0000000 1.0000000
0.8966039 -0.4422888 -0.0219580 141.5198517
0.4423295 0.8968465 -0.0032475 124.9785080
0.0211293 -0.0068010 0.9997535 11.4028578
0.0000000 0.0000000 0.0000000 1.0000000
0.9015141 -0.4321841 -0.0221221 142.2990265
0.4322204 0.9017615 -0.0033770 125.3487473
0.0214084 -0.0065172 0.9997495 11.4278116
0.0000000 0.0000000 0.0000000 1.0000000
0.9040063 -0.4269696 -0.0216700 143.0659485
0.4270155 0.9042400 -0.0027127 125.7101135
0.0207531 -0.0068012 0.9997614 11.4511261
0.0000000 0.0000000 0.0000000 1.0000000
0.9065938 -0.4215909 -0.0186789 143.8630066
0.4216478 0.9067589 -0.0009886 126.0831757
0.0173541 -0.0069797 0.9998249 11.4758768
0.0000000 0.0000000 0.0000000 1.0000000
0.9099177 -0.4144955 -0.0155975 144.6825409
0.4145788 0.9100101 0.0023732 126.4596329
0.0132102 -0.0086258 0.9998754 11.4974794
0.0000000 0.0000000 0.0000000 1.0000000
0.9127997 -0.4081747 -0.0137881 145.4953308
0.4082751 0.9128432 0.0053224 126.8441544
0.0104139 -0.0104876 0.9998907 11.5173635
0.0000000 0.0000000 0.0000000 1.0000000
0.9163083 -0.4002739 -0.0126455 146.3255768
0.4003839 0.9163147 0.0077309 127.2271805
0.0084928 -0.0121469 0.9998901 11.5338058
0.0000000 0.0000000 0.0000000 1.0000000
0.9194254 -0.3931040 -0.0112420 147.1792755
0.3932080 0.9194027 0.0092598 127.6190033
0.0066959 -0.0129342 0.9998938 11.5447474
0.0000000 0.0000000 0.0000000 1.0000000
0.9221066 -0.3868347 -0.0088549 148.0357208
0.3869143 0.9220565 0.0104282 127.9733353
0.0041308 -0.0130421 0.9999063 11.5580673
0.0000000 0.0000000 0.0000000 1.0000000
0.9251502 -0.3795378 -0.0069437 148.9058685
0.3795940 0.9250924 0.0105852 128.3096924
0.0024061 -0.0124287 0.9999198 11.5693111
0.0000000 0.0000000 0.0000000 1.0000000
0.9283270 -0.3717196 -0.0058040 149.8202362
0.3717629 0.9282634 0.0109114 128.6642914
0.0013316 -0.0122871 0.9999235 11.5811596
0.0000000 0.0000000 0.0000000 1.0000000
0.9315010 -0.3636940 -0.0057085 150.7298584
0.3637362 0.9314417 0.0105780 129.0193787
0.0014700 -0.0119299 0.9999276 11.5835981
0.0000000 0.0000000 0.0000000 1.0000000
0.9347526 -0.3552644 -0.0049943 151.6480713
0.3552963 0.9347134 0.0086664 129.3651123
0.0015894 -0.0098754 0.9999499 11.5969687
0.0000000 0.0000000 0.0000000 1.0000000
0.9375687 -0.3477526 -0.0057623 152.5670776
0.3477894 0.9375427 0.0074755 129.7016602
0.0028028 -0.0090129 0.9999554 11.6029959
0.0000000 0.0000000 0.0000000 1.0000000
0.9413817 -0.3372712 -0.0069868 153.5110626
0.3373178 0.9413641 0.0070636 130.0248566
0.0041948 -0.0090064 0.9999505 11.6158409
0.0000000 0.0000000 0.0000000 1.0000000
0.9455847 -0.3252694 -0.0083414 154.4809570
0.3253390 0.9455543 0.0090132 130.3453674
0.0049556 -0.0112365 0.9999245 11.6245584
0.0000000 0.0000000 0.0000000 1.0000000
0.9507168 -0.3099588 -0.0079577 155.4628296
0.3100390 0.9506427 0.0124024 130.6777039
0.0037207 -0.0142584 0.9998913 11.6371241
0.0000000 0.0000000 0.0000000 1.0000000
0.9571577 -0.2895078 -0.0058829 156.4992981
0.2895665 0.9570206 0.0161940 131.0043182
0.0009418 -0.0172038 0.9998515 11.6460609
0.0000000 0.0000000 0.0000000 1.0000000
0.9627768 -0.2702548 -0.0048268 157.5053253
0.2702979 0.9625871 0.0190986 131.2947845
-0.0005152 -0.0196924 0.9998059 11.6553602
0.0000000 0.0000000 0.0000000 1.0000000
0.9684823 -0.2490494 -0.0040830 158.5527954
0.2490805 0.9682636 0.0205898 131.5789185
-0.0011744 -0.0209579 0.9997796 11.6652489
0.0000000 0.0000000 0.0000000 1.0000000
0.9734693 -0.2287994 -0.0029496 159.6137695
0.2288092 0.9732283 0.0217362 131.8361359
-0.0021025 -0.0218345 0.9997593 11.6698227
0.0000000 0.0000000 0.0000000 1.0000000
0.9784352 -0.2065550 -0.0001222 160.6822968
0.2065054 0.9781845 0.0225882 132.0782013
-0.0045462 -0.0221263 0.9997448 11.6799612
0.0000000 0.0000000 0.0000000 1.0000000
0.9831113 -0.1829799 0.0033095 161.7479706
0.1828446 0.9828295 0.0247727 132.2858276
-0.0077855 -0.0237493 0.9996876 11.6819744
0.0000000 0.0000000 0.0000000 1.0000000
0.9869918 -0.1605865 0.0077118 162.8468781
0.1603302 0.9866996 0.0267903 132.4856567
-0.0119114 -0.0252054 0.9996113 11.6859074
0.0000000 0.0000000 0.0000000 1.0000000
0.9905359 -0.1368191 0.0109361 163.9729919
0.1364636 0.9902351 0.0284889 132.6527557
-0.0147271 -0.0267269 0.9995342 11.6803427
0.0000000 0.0000000 0.0000000 1.0000000
0.9934140 -0.1140260 0.0112739 165.1014099
0.1136516 0.9930782 0.0296428 132.8011932
-0.0145759 -0.0281663 0.9994969 11.6749077
0.0000000 0.0000000 0.0000000 1.0000000
0.9958265 -0.0906700 0.0104296 166.2557373
0.0903241 0.9954626 0.0299231 132.9227905
-0.0130954 -0.0288562 0.9994977 11.6698990
0.0000000 0.0000000 0.0000000 1.0000000
0.9976282 -0.0680384 0.0104502 167.3957520
0.0676972 0.9972497 0.0301600 133.0198364
-0.0124735 -0.0293810 0.9994904 11.6615629
0.0000000 0.0000000 0.0000000 1.0000000
0.9987366 -0.0485735 0.0128878 168.5674896
0.0481785 0.9984055 0.0294102 133.0881195
-0.0142958 -0.0287521 0.9994842 11.6577482
0.0000000 0.0000000 0.0000000 1.0000000
0.9994338 -0.0303612 0.0145114 169.7430267
0.0299216 0.9991125 0.0296384 133.1316376
-0.0153984 -0.0291874 0.9994553 11.6491413
0.0000000 0.0000000 0.0000000 1.0000000
0.9998390 -0.0083939 0.0158686 170.9382477
0.0079161 0.9995192 0.0299738 133.1623383
-0.0161125 -0.0298433 0.9994246 11.6414757
0.0000000 0.0000000 0.0000000 1.0000000
0.9997949 0.0112203 0.0168704 172.1356049
-0.0117414 0.9994457 0.0311476 133.1688843
-0.0165115 -0.0313393 0.9993723 11.6304712
0.0000000 0.0000000 0.0000000 1.0000000
0.9993359 0.0317585 0.0178712 173.3722992
-0.0323087 0.9989838 0.0314208 133.1500702
-0.0168551 -0.0319773 0.9993464 11.6204672
0.0000000 0.0000000 0.0000000 1.0000000
0.9984941 0.0518018 0.0180679 174.5950317
-0.0523804 0.9980746 0.0332129 133.1004486
-0.0163126 -0.0341093 0.9992849 11.6082821
0.0000000 0.0000000 0.0000000 1.0000000
0.9972524 0.0718843 0.0179069 175.8367157
-0.0724585 0.9967971 0.0338374 133.0456238
-0.0154172 -0.0350419 0.9992668 11.5967588
0.0000000 0.0000000 0.0000000 1.0000000
0.9955323 0.0928492 0.0171698 177.1074371
-0.0933918 0.9950441 0.0341307 132.9517212
-0.0139157 -0.0355818 0.9992698 11.5892363
