1.0000000 0.0000000 0.0000000 0.0000000
0.0000000 1.0000000 0.0000000 0.0000000
0.0000000 0.0000000 1.0000000 0.0000000
0.0000000 0.0000000 0.0000000 1.0000000
0.9998745 0.0158312 -0.0005901 0.1211062
-0.0158307 0.9998742 0.0009766 0.0074439
0.0006055 -0.0009671 0.9999993 0.0014129
0.0000000 0.0000000 0.0000000 1.0000000
0.9993238 0.0367678 -0.0000161 0.2569578
-0.0367675 0.9993176 0.0035314 -0.0049342
0.0001460 -0.0035284 0.9999937 -0.0010953
0.0000000 0.0000000 0.0000000 1.0000000
0.9979678 0.0636976 0.0017267 0.4028078
-0.0637054 0.9979566 0.0049235 -0.0264887
-0.0014095 -0.0050235 0.9999864 -0.0013089
0.0000000 0.0000000 0.0000000 1.0000000
0.9951506 0.0982808 0.0040309 0.5768617
-0.0982993 0.9951460 0.0046752 -0.0629009
-0.0035518 -0.0050488 0.9999809 -0.0026003
0.0000000 0.0000000 0.0000000 1.0000000
0.9907248 0.1357493 0.0060421 0.7737014
-0.1357611 0.9907404 0.0015762 -0.1045765
-0.0057722 -0.0023818 0.9999805 -0.0019277
0.0000000 0.0000000 0.0000000 1.0000000
0.9844366 0.1756085 0.0067928 0.9552552
-0.1756025 0.9844601 -0.0014778 -0.1552354
-0.0069468 0.0002620 0.9999759 -0.0008445
0.0000000 0.0000000 0.0000000 1.0000000
0.9758521 0.2182872 0.0079558 1.1641598
-0.2182809 0.9758846 -0.0016700 -0.2291588
-0.0081284 -0.0001069 0.9999670 -0.0057491
0.0000000 0.0000000 0.0000000 1.0000000
0.9638584 0.2661668 0.0114942 1.3702180
-0.2661711 0.9639251 -0.0011808 -0.3040679
-0.0113938 -0.0019213 0.9999332 -0.0120095
0.0000000 0.0000000 0.0000000 1.0000000
0.9490950 0.3144859 0.0178118 1.6182344
-0.3144514 0.9492616 -0.0047812 -0.4294161
-0.0184117 -0.0010631 0.9998299 -0.0153450
0.0000000 0.0000000 0.0000000 1.0000000
0.9316212 0.3626886 0.0232152 1.8519881
-0.3624227 0.9318942 -0.0149349 -0.5566346
-0.0270509 0.0054999 0.9996189 -0.0084994
0.0000000 0.0000000 0.0000000 1.0000000
0.9105479 0.4125785 0.0261080 2.0818202
-0.4121483 0.9108887 -0.0203884 -0.6976947
-0.0321933 0.0078042 0.9994512 -0.0092908
0.0000000 0.0000000 0.0000000 1.0000000
0.8855528 0.4636309 0.0290276 2.3169038
-0.4631467 0.8860078 -0.0220359 -0.8527586
-0.0359352 0.0060699 0.9993357 -0.0149434
0.0000000 0.0000000 0.0000000 1.0000000
0.8570420 0.5142186 0.0325314 2.5376475
-0.5136784 0.8576511 -0.0238596 -1.0094323
-0.0401697 0.0037380 0.9991859 -0.0278850
0.0000000 0.0000000 0.0000000 1.0000000
0.8259358 0.5626929 0.0347391 2.7622221
-0.5619561 0.8266536 -0.0291434 -1.2119776
-0.0451160 0.0045487 0.9989715 -0.0346059
0.0000000 0.0000000 0.0000000 1.0000000
0.7892147 0.6131264 0.0348735 2.9991837
-0.6121578 0.7899598 -0.0350199 -1.4085804
-0.0490202 0.0062902 0.9987780 -0.0414553
0.0000000 0.0000000 0.0000000 1.0000000
0.7524461 0.6577217 0.0350293 3.2094982
-0.6565598 0.7532299 -0.0396749 -1.6308988
-0.0524801 0.0068544 0.9985985 -0.0525599
0.0000000 0.0000000 0.0000000 1.0000000
0.7124608 0.7009208 0.0333119 3.4355791
-0.6996386 0.7132015 -0.0430075 -1.9079443
-0.0539030 0.0073348 0.9985193 -0.0672510
0.0000000 0.0000000 0.0000000 1.0000000
0.6704820 0.7411881 0.0330776 3.6498930
-0.7398719 0.6712762 -0.0444746 -2.1889877
-0.0551682 0.0053462 0.9984628 -0.0851417
0.0000000 0.0000000 0.0000000 1.0000000
0.6283153 0.7771350 0.0357939 3.8639286
-0.7758465 0.6293340 -0.0447345 -2.5180504
-0.0572910 0.0003368 0.9983575 -0.1081934
0.0000000 0.0000000 0.0000000 1.0000000
0.5882105 0.8078700 0.0368034 4.0823388
-0.8065795 0.5893543 -0.0457312 -2.8395946
-0.0586351 -0.0027853 0.9982756 -0.1276442
0.0000000 0.0000000 0.0000000 1.0000000
0.5494015 0.8347270 0.0372686 4.2870026
-0.8334258 0.5506387 -0.0468913 -3.1989651
-0.0596629 -0.0052985 0.9982046 -0.1491614
0.0000000 0.0000000 0.0000000 1.0000000
0.5107645 0.8588898 0.0377893 4.4928126
-0.8575184 0.5121080 -0.0490694 -3.5844843
-0.0614974 -0.0073421 0.9980803 -0.1661141
0.0000000 0.0000000 0.0000000 1.0000000
0.4731121 0.8801645 0.0384115 4.7110853
-0.8788602 0.4745516 -0.0490479 -3.9942603
-0.0613985 -0.0105532 0.9980576 -0.1932725
0.0000000 0.0000000 0.0000000 1.0000000
0.4375778 0.8984061 0.0373111 4.8991027
-0.8971670 0.4389974 -0.0487124 -4.4416823
-0.0601430 -0.0121589 0.9981158 -0.2197930
0.0000000 0.0000000 0.0000000 1.0000000
0.4037778 0.9142268 0.0339528 5.0927134
-0.9130448 0.4050353 -0.0479140 -4.9378362
-0.0575563 -0.0116538 0.9982743 -0.2485090
0.0000000 0.0000000 0.0000000 1.0000000
0.3755799 0.9263345 0.0290550 5.2822409
-0.9252006 0.3765869 -0.0467582 -5.4367380
-0.0542554 -0.0093202 0.9984837 -0.2781279
0.0000000 0.0000000 0.0000000 1.0000000
0.3513358 0.9358856 0.0261021 5.4576545
-0.9348507 0.3521980 -0.0448432 -5.9803262
-0.0511612 -0.0086465 0.9986531 -0.3085920
0.0000000 0.0000000 0.0000000 1.0000000
0.3318087 0.9430381 0.0241270 5.6398540
-0.9420294 0.3325883 -0.0443381 -6.5363092
-0.0498369 -0.0080166 0.9987253 -0.3378684
0.0000000 0.0000000 0.0000000 1.0000000
0.3174356 0.9479997 0.0230516 5.8263350
-0.9469725 0.3181804 -0.0447707 -7.1240096
-0.0497772 -0.0076175 0.9987314 -0.3682577
0.0000000 0.0000000 0.0000000 1.0000000
0.3051875 0.9520282 0.0224261 6.0097690
-0.9509309 0.3059256 -0.0462622 -7.7374525
-0.0509037 -0.0072070 0.9986776 -0.3936448
0.0000000 0.0000000 0.0000000 1.0000000
0.2937945 0.9555771 0.0236080 6.2080231
-0.9544194 0.2946192 -0.0477842 -8.3770475
-0.0526168 -0.0084932 0.9985787 -0.4261721
0.0000000 0.0000000 0.0000000 1.0000000
0.2840104 0.9584932 0.0250781 6.4006138
-0.9572741 0.2849404 -0.0493516 -9.0462818
-0.0544489 -0.0099902 0.9984667 -0.4614076
0.0000000 0.0000000 0.0000000 1.0000000
0.2755435 0.9609521 0.0254348 6.5941010
-0.9596585 0.2765203 -0.0509155 -9.7200880
-0.0559606 -0.0103793 0.9983791 -0.4946499
0.0000000 0.0000000 0.0000000 1.0000000
0.2662732 0.9635352 0.0264306 6.7737970
-0.9621509 0.2673408 -0.0528658 -10.4203997
-0.0580040 -0.0113535 0.9982519 -0.5277055
0.0000000 0.0000000 0.0000000 1.0000000
0.2552483 0.9665098 0.0265971 6.9800224
-0.9650475 0.2563601 -0.0544342 -11.1521444
-0.0594296 -0.0117732 0.9981631 -0.5671244
0.0000000 0.0000000 0.0000000 1.0000000
0.2442709 0.9693419 0.0266104 7.1743569
-0.9678153 0.2454159 -0.0557224 -11.8980770
-0.0605447 -0.0121426 0.9980916 -0.6044834
0.0000000 0.0000000 0.0000000 1.0000000
0.2351767 0.9715523 0.0278986 7.3548603
-0.9698794 0.2364523 -0.0585213 -12.6515408
-0.0634532 -0.0132954 0.9978963 -0.6442807
0.0000000 0.0000000 0.0000000 1.0000000
0.2227821 0.9744087 0.0299322 7.5345721
-0.9725479 0.2242644 -0.0621006 -13.4294615
-0.0672241 -0.0152755 0.9976209 -0.6890379
0.0000000 0.0000000 0.0000000 1.0000000
0.2093972 0.9773526 0.0305776 7.7164865
-0.9752636 0.2110098 -0.0658493 -14.2202129
-0.0708101 -0.0160326 0.9973609 -0.7317590
0.0000000 0.0000000 0.0000000 1.0000000
0.1977538 0.9797537 0.0312444 7.8823380
-0.9775367 0.1994766 -0.0680544 -15.0169678
-0.0729091 -0.0170846 0.9971923 -0.7769988
0.0000000 0.0000000 0.0000000 1.0000000
0.1827359 0.9826754 0.0309316 8.0406847
-0.9804242 0.1844832 -0.0688089 -15.8249636
-0.0733232 -0.0177522 0.9971502 -0.8204561
0.0000000 0.0000000 0.0000000 1.0000000
0.1697709 0.9849824 0.0314282 8.1796608
-0.9828176 0.1715698 -0.0680711 -16.6183472
-0.0724410 -0.0193317 0.9971853 -0.8668995
0.0000000 0.0000000 0.0000000 1.0000000
0.1540305 0.9875751 0.0311470 8.3058805
-0.9854940 0.1558264 -0.0672324 -17.4224720
-0.0712506 -0.0203393 0.9972511 -0.9134138
0.0000000 0.0000000 0.0000000 1.0000000
0.1325097 0.9906601 0.0321534 8.4126816
-0.9887149 0.1343977 -0.0661850 -18.2213287
-0.0698882 -0.0230204 0.9972892 -0.9553593
0.0000000 0.0000000 0.0000000 1.0000000
0.1096233 0.9933702 0.0346188 8.5050087
-0.9916180 0.1116935 -0.0649514 -19.0254631
-0.0683875 -0.0272085 0.9972878 -1.0023388
0.0000000 0.0000000 0.0000000 1.0000000
0.0792535 0.9961902 0.0363879 8.5933008
-0.9945814 0.0814840 -0.0645649 -19.8636742
-0.0672840 -0.0310737 0.9972499 -1.0492202
0.0000000 0.0000000 0.0000000 1.0000000
0.0454294 0.9982790 0.0370880 8.6330204
-0.9967720 0.0477586 -0.0645377 -20.6939583
-0.0661979 -0.0340364 0.9972259 -1.0936322
0.0000000 0.0000000 0.0000000 1.0000000
0.0110181 0.9992582 0.0369059 8.6570702
-0.9978361 0.0133802 -0.0643785 -21.5248737
-0.0648246 -0.0361167 0.9972429 -1.1330738
0.0000000 0.0000000 0.0000000 1.0000000
-0.0239213 0.9990637 0.0360529 8.6394224
-0.9977252 -0.0215844 -0.0638672 -22.3689384
-0.0630293 -0.0374986 0.9973070 -1.1708509
0.0000000 0.0000000 0.0000000 1.0000000
-0.0565427 0.9977334 0.0364867 8.6156445
-0.9965977 -0.0542077 -0.0620887 -23.2079620
-0.0599702 -0.0398732 0.9974035 -1.2085451
0.0000000 0.0000000 0.0000000 1.0000000
-0.0889742 0.9953250 0.0375745 8.5579185
-0.9944650 -0.0866540 -0.0594219 -24.0550194
-0.0558881 -0.0426535 0.9975256 -1.2492262
0.0000000 0.0000000 0.0000000 1.0000000
-0.1214897 0.9920216 0.0336685 8.4539728
-0.9912795 -0.1195147 -0.0555130 -24.8916073
-0.0510462 -0.0401191 0.9978902 -1.2806404
0.0000000 0.0000000 0.0000000 1.0000000
-0.1524269 0.9879079 0.0283580 8.3197250
-0.9872755 -0.1508882 -0.0502032 -25.7152061
-0.0453173 -0.0356495 0.9983364 -1.3077611
0.0000000 0.0000000 0.0000000 1.0000000
-0.1843928 0.9826143 0.0216493 8.1495562
-0.9820643 -0.1833179 -0.0440993 -26.5419846
-0.0393639 -0.0293926 0.9987926 -1.3319753
0.0000000 0.0000000 0.0000000 1.0000000
-0.2114577 0.9772556 0.0160398 7.9597735
-0.9767819 -0.2107206 -0.0386573 -27.3642616
-0.0343981 -0.0238418 0.9991238 -1.3509423
0.0000000 0.0000000 0.0000000 1.0000000
-0.2400301 0.9707308 0.0082148 7.7450829
-0.9703116 -0.2396504 -0.0326116 -28.1885681
-0.0296884 -0.0157987 0.9994344 -1.3666257
0.0000000 0.0000000 0.0000000 1.0000000
-0.2660342 0.9639580 0.0033390 7.5138640
-0.9637379 -0.2658952 -0.0225724 -28.9984913
-0.0208710 -0.0092229 0.9997396 -1.3723270
0.0000000 0.0000000 0.0000000 1.0000000
-0.2904107 0.9568999 0.0021384 7.2654777
-0.9568785 -0.2903869 -0.0077166 -29.7852116
-0.0067631 -0.0042872 0.9999679 -1.3725466
0.0000000 0.0000000 0.0000000 1.0000000
-0.3153990 0.9489341 0.0069276 7.0022850
-0.9488934 -0.3154547 0.0094969 -30.5679646
0.0111973 -0.0035783 0.9999309 -1.3640739
0.0000000 0.0000000 0.0000000 1.0000000
-0.3407213 0.9400626 0.0138415 6.7261577
-0.9397668 -0.3409684 0.0240728 -31.3392715
0.0273494 -0.0048057 0.9996144 -1.3500839
0.0000000 0.0000000 0.0000000 1.0000000
-0.3643269 0.9311467 0.0152358 6.4232640
-0.9304944 -0.3646423 0.0348812 -32.1049767
0.0380351 -0.0014687 0.9992754 -1.3202795
0.0000000 0.0000000 0.0000000 1.0000000
-0.3883459 0.9214056 0.0141309 6.1069021
-0.9205673 -0.3885962 0.0393606 -32.8661575
0.0417582 0.0022770 0.9991252 -1.2774320
0.0000000 0.0000000 0.0000000 1.0000000
-0.4093409 0.9123001 0.0122046 5.7697930
-0.9114947 -0.4094960 0.0386138 -33.6205940
0.0402251 0.0046818 0.9991797 -1.2339295
0.0000000 0.0000000 0.0000000 1.0000000
-0.4301054 0.9027520 0.0069615 5.4190540
-0.9021131 -0.4300715 0.0350847 -34.3708839
0.0346667 0.0088101 0.9993601 -1.1900492
0.0000000 0.0000000 0.0000000 1.0000000
-0.4488122 0.8936254 -0.0012744 5.0500903
-0.8931365 -0.4485185 0.0337477 -35.1001205
0.0295861 0.0162846 0.9994296 -1.1500452
0.0000000 0.0000000 0.0000000 1.0000000
-0.4623209 0.8867016 -0.0044690 4.6642203
-0.8862566 -0.4619154 0.0344088 -35.8243523
0.0284460 0.0198686 0.9993979 -1.1084760
0.0000000 0.0000000 0.0000000 1.0000000
-0.4733624 0.8808510 -0.0054782 4.2779074
-0.8803396 -0.4728539 0.0375770 -36.5401344
0.0305093 0.0226102 0.9992788 -1.0687665
0.0000000 0.0000000 0.0000000 1.0000000
-0.4839582 0.8750729 -0.0056822 3.8985929
-0.8745022 -0.4833840 0.0398298 -37.2313156
0.0321073 0.0242450 0.9991904 -1.0331223
0.0000000 0.0000000 0.0000000 1.0000000
-0.4924411 0.8703457 0.0008231 3.5083151
-0.8696652 -0.4920930 0.0390846 -37.9404755
0.0344221 0.0185310 0.9992356 -0.9967881
0.0000000 0.0000000 0.0000000 1.0000000
-0.5042205 0.8635731 0.0018683 3.1175928
-0.8629247 -0.5039235 0.0377195 -38.6172295
0.0335150 0.0174067 0.9992867 -0.9645156
0.0000000 0.0000000 0.0000000 1.0000000
-0.5120615 0.8589488 0.0004935 2.6903553
-0.8582880 -0.5116900 0.0389317 -39.3203964
0.0336928 0.0195118 0.9992418 -0.9262139
0.0000000 0.0000000 0.0000000 1.0000000
-0.5185050 0.8550739 -0.0012604 2.2660747
-0.8543440 -0.5180003 0.0421032 -40.0203743
0.0353484 0.0229075 0.9991125 -0.8849969
0.0000000 0.0000000 0.0000000 1.0000000
-0.5223826 0.8527112 -0.0005976 1.8409483
-0.8518631 -0.5218315 0.0449652 -40.7161560
0.0380304 0.0239981 0.9989884 -0.8511884
0.0000000 0.0000000 0.0000000 1.0000000
-0.5218170 0.8530562 0.0015830 1.4026227
-0.8521035 -0.5213202 0.0463199 -41.4536629
0.0403387 0.0228216 0.9989254 -0.8130003
0.0000000 0.0000000 0.0000000 1.0000000
-0.5193588 0.8545563 -0.0006407 0.9512107
-0.8536290 -0.5187599 0.0469722 -42.2005272
0.0398080 0.0249423 0.9988961 -0.7708886
0.0000000 0.0000000 0.0000000 1.0000000
-0.5132111 0.8582627 -0.0001239 0.5160091
-0.8573554 -0.5126619 0.0460453 -42.9394684
0.0394554 0.0237372 0.9989394 -0.7286533
0.0000000 0.0000000 0.0000000 1.0000000
-0.5050769 0.8630737 0.0011955 0.0660796
-0.8621621 -0.5046061 0.0452758 -43.7239571
0.0396796 0.0218370 0.9989738 -0.6878376
0.0000000 0.0000000 0.0000000 1.0000000
-0.4979609 0.8671960 0.0025449 -0.3864850
-0.8662668 -0.4975591 0.0449162 -44.5263214
0.0402173 0.0201619 0.9989876 -0.6448177
0.0000000 0.0000000 0.0000000 1.0000000
-0.4909751 0.8711645 0.0040281 -0.8285048
-0.8702446 -0.4906596 0.0439106 -45.3152695
0.0402297 0.0180536 0.9990274 -0.6037829
0.0000000 0.0000000 0.0000000 1.0000000
-0.4855713 0.8741667 0.0073095 -1.2798188
-0.8732553 -0.4854191 0.0423562 -46.1592941
0.0405745 0.0141838 0.9990759 -0.5592044
0.0000000 0.0000000 0.0000000 1.0000000
-0.4833840 0.8753425 0.0107617 -1.7234226
-0.8744914 -0.4834037 0.0398293 -46.9795723
0.0400664 0.0098418 0.9991486 -0.5188645
0.0000000 0.0000000 0.0000000 1.0000000
-0.4831339 0.8754468 0.0132255 -2.1936653
-0.8746625 -0.4832696 0.0376383 -47.8505249
0.0393418 0.0066165 0.9992040 -0.4709462
0.0000000 0.0000000 0.0000000 1.0000000
-0.4827357 0.8756558 0.0139107 -2.6679599
-0.8748884 -0.4829020 0.0371015 -48.7276993
0.0392056 0.0057399 0.9992148 -0.4255316
0.0000000 0.0000000 0.0000000 1.0000000
-0.4831097 0.8754511 0.0138115 -3.1350684
-0.8747075 -0.4832751 0.0365045 -49.5909615
0.0386326 0.0055546 0.9992381 -0.3754625
0.0000000 0.0000000 0.0000000 1.0000000
-0.4833621 0.8753109 0.0138663 -3.6224658
-0.8745836 -0.4835318 0.0360706 -50.4970970
0.0382777 0.0053079 0.9992532 -0.3283414
0.0000000 0.0000000 0.0000000 1.0000000
-0.4834822 0.8752525 0.0133512 -4.1062512
-0.8745515 -0.4836357 0.0354518 -51.3975792
0.0374863 0.0054640 0.9992823 -0.2793309
0.0000000 0.0000000 0.0000000 1.0000000
-0.4842530 0.8748206 0.0137211 -4.5939016
-0.8741477 -0.4844238 0.0346409 -52.3003502
0.0369513 0.0047807 0.9993057 -0.2274075
0.0000000 0.0000000 0.0000000 1.0000000
-0.4830410 0.8754694 0.0150005 -5.0887895
-0.8748313 -0.4832640 0.0335672 -53.2267036
0.0366362 0.0030914 0.9993240 -0.1761487
0.0000000 0.0000000 0.0000000 1.0000000
-0.4835082 0.8752087 0.0151595 -5.5703678
-0.8745992 -0.4837389 0.0327655 -54.1221085
0.0360098 0.0025838 0.9993482 -0.1202493
0.0000000 0.0000000 0.0000000 1.0000000
-0.4820872 0.8759742 0.0161720 -6.0651731
-0.8753819 -0.4823564 0.0322408 -55.0437126
0.0360427 0.0013862 0.9993494 -0.0692516
0.0000000 0.0000000 0.0000000 1.0000000
-0.4800194 0.8771119 0.0160130 -6.5527458
-0.8765690 -0.4802859 0.0308681 -55.9629974
0.0347656 0.0007808 0.9993953 -0.0158616
0.0000000 0.0000000 0.0000000 1.0000000
-0.4787588 0.8778348 0.0140159 -7.0288806
-0.8773587 -0.4789614 0.0289553 -56.8540764
0.0321310 0.0015656 0.9994825 0.0345699
0.0000000 0.0000000 0.0000000 1.0000000
-0.4755552 0.8795937 0.0127440 -7.5165739
-0.8791512 -0.4757213 0.0279821 -57.7796516
0.0306755 0.0021031 0.9995273 0.0863119
0.0000000 0.0000000 0.0000000 1.0000000
-0.4731625 0.8808826 0.0127815 -7.9931688
-0.8804567 -0.4733320 0.0274478 -58.6864319
0.0302281 0.0017337 0.9995416 0.1349738
0.0000000 0.0000000 0.0000000 1.0000000
-0.4717958 0.8816190 0.0125302 -8.4548044
-0.8811956 -0.4719585 0.0273882 -59.5767860
0.0300597 0.0018801 0.9995465 0.1869071
0.0000000 0.0000000 0.0000000 1.0000000
-0.4699783 0.8825838 0.0129036 -8.9230556
-0.8821437 -0.4701523 0.0279273 -60.4827538
0.0307148 0.0017424 0.9995268 0.2344019
0.0000000 0.0000000 0.0000000 1.0000000
-0.4717016 0.8816468 0.0140339 -9.3809757
-0.8811820 -0.4719090 0.0286475 -61.3694038
0.0318796 0.0011466 0.9994912 0.2789831
0.0000000 0.0000000 0.0000000 1.0000000
-0.4747564 0.8799635 0.0164653 -9.8644810
-0.8794401 -0.4750418 0.0303444 -62.2755928
0.0345236 -0.0000741 0.9994040 0.3278836
0.0000000 0.0000000 0.0000000 1.0000000
-0.4790835 0.8775868 0.0179101 -10.3360462
-0.8770482 -0.4794173 0.0307578 -63.1620064
0.0355790 -0.0009725 0.9993665 0.3788349
0.0000000 0.0000000 0.0000000 1.0000000
-0.4853614 0.8741539 0.0167215 -10.8107491
-0.8736499 -0.4856493 0.0296837 -64.0366058
0.0340688 -0.0002014 0.9994196 0.4228649
0.0000000 0.0000000 0.0000000 1.0000000
-0.4909772 0.8710831 0.0124880 -11.3099661
-0.8706644 -0.4911300 0.0271174 -64.9283218
0.0297547 0.0024411 0.9995543 0.4783538
0.0000000 0.0000000 0.0000000 1.0000000
-0.4971227 0.8675597 0.0144752 -11.7830439
-0.8671895 -0.4973334 0.0253436 -65.7849655
0.0291860 0.0000461 0.9995741 0.5221179
0.0000000 0.0000000 0.0000000 1.0000000
-0.5015052 0.8650330 0.0145146 -12.2704954
-0.8645911 -0.5017135 0.0276831 -66.6443481
0.0312289 0.0013340 0.9995114 0.5698355
0.0000000 0.0000000 0.0000000 1.0000000
-0.5060546 0.8623596 0.0156516 -12.7709675
-0.8618460 -0.5062941 0.0298034 -67.5031509
0.0336255 0.0015928 0.9994333 0.6179593
0.0000000 0.0000000 0.0000000 1.0000000
-0.5115019 0.8591022 0.0175890 -13.2551336
-0.8585884 -0.5118042 0.0297145 -68.3450089
0.0345299 0.0000973 0.9994037 0.6680675
0.0000000 0.0000000 0.0000000 1.0000000
-0.5146303 0.8571997 0.0190945 -13.7531738
-0.8566723 -0.5149837 0.0300817 -69.2009048
0.0356193 -0.0008768 0.9993651 0.7208927
0.0000000 0.0000000 0.0000000 1.0000000
-0.5180317 0.8551597 0.0185810 -14.2411995
-0.8546558 -0.5183644 0.0293676 -70.0423813
0.0347457 -0.0006670 0.9993960 0.7716457
0.0000000 0.0000000 0.0000000 1.0000000
-0.5209431 0.8534970 0.0127069 -14.7365789
-0.8532200 -0.5210978 0.0217551 -70.8725967
0.0251893 0.0004914 0.9996827 0.8206820
0.0000000 0.0000000 0.0000000 1.0000000
-0.5227193 0.8524712 0.0075910 -15.2536287
-0.8523614 -0.5227739 0.0137162 -71.7262878
0.0156610 0.0006994 0.9998772 0.8636439
0.0000000 0.0000000 0.0000000 1.0000000
-0.5250533 0.8510513 0.0055813 -15.7548094
-0.8509809 -0.5250818 0.0110121 -72.5487518
0.0123024 0.0010324 0.9999239 0.8955179
0.0000000 0.0000000 0.0000000 1.0000000
-0.5256241 0.8506716 0.0087949 -16.2589188
-0.8505192 -0.5256966 0.0161509 -73.3787460
0.0183625 0.0010091 0.9998310 0.9281894
0.0000000 0.0000000 0.0000000 1.0000000
-0.5270970 0.8497316 0.0111924 -16.7605343
-0.8494486 -0.5272115 0.0220405 -74.1936188
0.0246292 0.0021101 0.9996945 0.9626626
0.0000000 0.0000000 0.0000000 1.0000000
-0.5281131 0.8491435 0.0072207 -17.2595558
-0.8487820 -0.5281084 0.0259105 -74.9930420
0.0258150 0.0075548 0.9996383 0.9988227
0.0000000 0.0000000 0.0000000 1.0000000
-0.5272741 0.8496858 0.0040316 -17.7806435
-0.8493377 -0.5271837 0.0265239 -75.8117828
0.0246623 0.0105612 0.9996401 1.0392083
0.0000000 0.0000000 0.0000000 1.0000000
-0.5267915 0.8499904 0.0027069 -18.2819843
-0.8497025 -0.5266911 0.0245531 -76.6276245
0.0222956 0.0106343 0.9996949 1.0767359
0.0000000 0.0000000 0.0000000 1.0000000
-0.5268750 0.8499415 0.0015444 -18.7750111
-0.8497726 -0.5268047 0.0190788 -77.4334488
0.0170294 0.0087398 0.9998169 1.1063159
0.0000000 0.0000000 0.0000000 1.0000000
-0.5261473 0.8503936 -0.0000722 -19.2734985
-0.8503178 -0.5260991 0.0134182 -78.2520294
0.0113727 0.0071213 0.9999101 1.1343471
0.0000000 0.0000000 0.0000000 1.0000000
-0.5256990 0.8506507 0.0058434 -19.7553139
-0.8506159 -0.5257307 0.0077849 -79.0583878
0.0096942 -0.0008780 0.9999527 1.1641785
0.0000000 0.0000000 0.0000000 1.0000000
-0.5227897 0.8523746 0.0121955 -20.2425766
-0.8524137 -0.5228590 0.0031819 -79.8791962
0.0090886 -0.0087321 0.9999207 1.1785612
0.0000000 0.0000000 0.0000000 1.0000000
-0.5208942 0.8535690 0.0094603 -20.7360191
-0.8535870 -0.5209410 0.0032430 -80.6882706
0.0076963 -0.0063859 0.9999501 1.2031590
0.0000000 0.0000000 0.0000000 1.0000000
-0.5185584 0.8550193 0.0062827 -21.2188129
-0.8550030 -0.5185912 0.0058147 -81.4847336
0.0082298 -0.0023564 0.9999635 1.2351459
0.0000000 0.0000000 0.0000000 1.0000000
-0.5122628 0.8588042 0.0065143 -21.7062645
-0.8587551 -0.5123036 0.0092462 -82.2936172
0.0112779 -0.0008577 0.9999362 1.2592238
0.0000000 0.0000000 0.0000000 1.0000000
-0.5044447 0.8634418 0.0020230 -22.1830082
-0.8633804 -0.5044345 0.0109921 -83.0967636
0.0105115 0.0037983 0.9999377 1.2847532
0.0000000 0.0000000 0.0000000 1.0000000
-0.4968390 0.8678271 -0.0052250 -22.6506653
-0.8677967 -0.4967412 0.0133309 -83.8958359
0.0089734 0.0111575 0.9998976 1.3174117
0.0000000 0.0000000 0.0000000 1.0000000
-0.4863900 0.8737352 -0.0034378 -23.1023140
-0.8736825 -0.4863071 0.0136021 -84.7129898
0.0102127 0.0096194 0.9999017 1.3420591
0.0000000 0.0000000 0.0000000 1.0000000
-0.4760634 0.8794098 -0.0014996 -23.5339508
-0.8793669 -0.4760215 0.0108661 -85.5214996
0.0088419 0.0064917 0.9999400 1.3617026
0.0000000 0.0000000 0.0000000 1.0000000
-0.4644937 0.8855631 -0.0048856 -23.9678974
-0.8855605 -0.4644445 0.0086414 -86.3500366
0.0053833 0.0083403 0.9999509 1.3832749
0.0000000 0.0000000 0.0000000 1.0000000
-0.4535285 0.8912312 -0.0043878 -24.3847809
-0.8912309 -0.4534926 0.0072476 -87.1780548
0.0044694 0.0071975 0.9999643 1.4118978
0.0000000 0.0000000 0.0000000 1.0000000
-0.4421898 0.8969094 -0.0046855 -24.7925377
-0.8969123 -0.4421550 0.0069281 -88.0115433
0.0041421 0.0072660 0.9999652 1.4269120
0.0000000 0.0000000 0.0000000 1.0000000
-0.4293393 0.9031209 -0.0063815 -25.1966286
-0.9031339 -0.4292912 0.0076680 -88.8583527
0.0041856 0.0090555 0.9999504 1.4531281
0.0000000 0.0000000 0.0000000 1.0000000
-0.4170649 0.9088633 -0.0049659 -25.5772419
-0.9088390 -0.4169912 0.0114306 -89.6896210
0.0083180 0.0092805 0.9999225 1.4749309
0.0000000 0.0000000 0.0000000 1.0000000
-0.4062790 0.9137399 -0.0041186 -25.9467754
-0.9135907 -0.4061204 0.0204662 -90.5263367
0.0170281 0.0120777 0.9997823 1.4984785
0.0000000 0.0000000 0.0000000 1.0000000
-0.3931057 0.9194928 -0.0010938 -26.3036251
-0.9192348 -0.3929666 0.0241927 -91.3657761
0.0218151 0.0105158 0.9997069 1.5311263
0.0000000 0.0000000 0.0000000 1.0000000
-0.3813373 0.9244348 -0.0015580 -26.6524887
-0.9242309 -0.3812165 0.0217214 -92.2126770
0.0194860 0.0097231 0.9997631 1.5576813
0.0000000 0.0000000 0.0000000 1.0000000
-0.3678959 0.9298657 -0.0016248 -26.9897308
-0.9297539 -0.3678232 0.0162598 -93.0680084
0.0145217 0.0074925 0.9998667 1.5990002
0.0000000 0.0000000 0.0000000 1.0000000
-0.3577622 0.9338125 0.0007474 -27.3101730
-0.9336737 -0.3577226 0.0169837 -93.9218063
0.0161269 0.0053783 0.9998558 1.6266043
0.0000000 0.0000000 0.0000000 1.0000000
-0.3511849 0.9362796 0.0070624 -27.6167526
-0.9360290 -0.3512545 0.0216930 -94.7647629
0.0227913 0.0010077 0.9997400 1.6572454
0.0000000 0.0000000 0.0000000 1.0000000
-0.3446675 0.9385900 0.0159118 -27.9189472
-0.9382085 -0.3449907 0.0273279 -95.6207733
0.0311390 -0.0055096 0.9995002 1.6869583
0.0000000 0.0000000 0.0000000 1.0000000
-0.3405930 0.9399693 0.0213136 -28.2158356
-0.9396020 -0.3411008 0.0282652 -96.4790649
0.0338384 -0.0103994 0.9993735 1.7298609
0.0000000 0.0000000 0.0000000 1.0000000
-0.3369980 0.9412603 0.0214849 -28.5106125
-0.9408994 -0.3375122 0.0281867 -97.3229599
0.0337823 -0.0107163 0.9993721 1.7705306
0.0000000 0.0000000 0.0000000 1.0000000
-0.3309466 0.9433730 0.0228467 -28.8118420
-0.9430516 -0.3315018 0.0275829 -98.1909714
0.0335947 -0.0124171 0.9993587 1.8130568
0.0000000 0.0000000 0.0000000 1.0000000
-0.3261206 0.9450594 0.0225441 -29.0983829
-0.9448532 -0.3266201 0.0239221 -99.0445099
0.0299711 -0.0134994 0.9994599 1.8550626
0.0000000 0.0000000 0.0000000 1.0000000
-0.3194355 0.9473410 0.0224979 -29.3876266
-0.9472558 -0.3198742 0.0196854 -99.9200211
0.0258453 -0.0150230 0.9995534 1.8936476
0.0000000 0.0000000 0.0000000 1.0000000
-0.3138854 0.9491656 0.0236801 -29.6706867
-0.9491817 -0.3143005 0.0164264 -100.7980576
0.0230340 -0.0173207 0.9995849 1.9392651
0.0000000 0.0000000 0.0000000 1.0000000
-0.3087980 0.9506990 0.0285555 -29.9340916
-0.9508414 -0.3093028 0.0152659 -101.6547165
0.0233455 -0.0224376 0.9994759 1.9733528
0.0000000 0.0000000 0.0000000 1.0000000
-0.3014023 0.9527625 0.0374238 -30.1888924
-0.9531365 -0.3021358 0.0156639 -102.5281219
0.0262310 -0.0309488 0.9991770 1.9999703
0.0000000 0.0000000 0.0000000 1.0000000
-0.2939526 0.9550930 0.0372758 -30.4492035
-0.9553837 -0.2947734 0.0187390 -103.3812790
0.0288853 -0.0301043 0.9991296 2.0419102
0.0000000 0.0000000 0.0000000 1.0000000
-0.2882425 0.9569357 0.0345041 -30.7060051
-0.9570507 -0.2890753 0.0221373 -104.2292328
0.0311582 -0.0266413 0.9991596 2.0830910
0.0000000 0.0000000 0.0000000 1.0000000
-0.2808805 0.9590799 0.0356688 -30.9533081
-0.9592879 -0.2816978 0.0203393 -105.0909576
0.0295548 -0.0285037 0.9991570 2.1210940
0.0000000 0.0000000 0.0000000 1.0000000
-0.2748039 0.9608939 0.0341479 -31.1942959
-0.9611937 -0.2754402 0.0154898 -105.9454651
0.0242897 -0.0285661 0.9992970 2.1571605
0.0000000 0.0000000 0.0000000 1.0000000
-0.2670649 0.9630819 0.0339109 -31.4288483
-0.9634344 -0.2676244 0.0131125 -106.8114319
0.0217037 -0.0291690 0.9993391 2.1928453
0.0000000 0.0000000 0.0000000 1.0000000
-0.2602237 0.9648556 0.0365741 -31.6529789
-0.9652311 -0.2609228 0.0157711 -107.6756897
0.0247598 -0.0311985 0.9992068 2.2252390
0.0000000 0.0000000 0.0000000 1.0000000
-0.2542944 0.9664247 0.0368511 -31.8756409
-0.9667092 -0.2551200 0.0196889 -108.5397110
0.0284292 -0.0306176 0.9991271 2.2569516
0.0000000 0.0000000 0.0000000 1.0000000
-0.2464140 0.9684376 0.0375382 -32.0864143
-0.9687351 -0.2472733 0.0202170 -109.4034805
0.0288610 -0.0313828 0.9990910 2.2916234
0.0000000 0.0000000 0.0000000 1.0000000
-0.2396979 0.9701189 0.0376104 -32.2943878
-0.9704482 -0.2405308 0.0193850 -110.2758636
0.0278522 -0.0318524 0.9991047 2.3293993
0.0000000 0.0000000 0.0000000 1.0000000
-0.2306494 0.9724329 0.0342869 -32.5001717
-0.9726719 -0.2313851 0.0192593 -111.1458969
0.0266618 -0.0289078 0.9992267 2.3669374
0.0000000 0.0000000 0.0000000 1.0000000
-0.2220394 0.9745792 0.0299058 -32.7019005
-0.9746759 -0.2226883 0.0204286 -112.0185165
0.0265689 -0.0246125 0.9993442 2.4051120
0.0000000 0.0000000 0.0000000 1.0000000
-0.2157524 0.9760186 0.0289648 -32.8973808
-0.9760846 -0.2163867 0.0208822 -112.8969116
0.0266489 -0.0237667 0.9993626 2.4446294
0.0000000 0.0000000 0.0000000 1.0000000
-0.2073815 0.9776361 0.0349424 -33.0651779
-0.9778852 -0.2081588 0.0202698 -113.7791672
0.0270900 -0.0299660 0.9991841 2.4813643
0.0000000 0.0000000 0.0000000 1.0000000
-0.2006878 0.9788746 0.0391077 -33.2384758
-0.9793033 -0.2015261 0.0187816 -114.6647110
0.0262660 -0.0345291 0.9990588 2.5171309
0.0000000 0.0000000 0.0000000 1.0000000
-0.1963143 0.9798960 0.0355650 -33.4145546
-0.9802065 -0.1970659 0.0189926 -115.5437775
0.0256194 -0.0311325 0.9991872 2.5533755
0.0000000 0.0000000 0.0000000 1.0000000
-0.1904774 0.9811092 0.0338153 -33.5811157
-0.9813732 -0.1911801 0.0189008 -116.4279175
0.0250085 -0.0295852 0.9992496 2.5888188
0.0000000 0.0000000 0.0000000 1.0000000
-0.1868560 0.9818533 0.0323925 -33.7423630
-0.9820361 -0.1875695 0.0205745 -117.3061600
0.0262769 -0.0279661 0.9992637 2.6235490
0.0000000 0.0000000 0.0000000 1.0000000
-0.1804152 0.9832269 0.0267503 -33.9107323
-0.9832919 -0.1809641 0.0197376 -118.1799698
0.0242473 -0.0227424 0.9994475 2.6561012
0.0000000 0.0000000 0.0000000 1.0000000
-0.1750643 0.9843907 0.0181047 -34.0822601
-0.9843342 -0.1753865 0.0180645 -119.0612488
0.0209578 -0.0146586 0.9996731 2.6922052
0.0000000 0.0000000 0.0000000 1.0000000
-0.1710159 0.9851418 0.0157968 -34.2406616
-0.9850682 -0.1712824 0.0174196 -119.9482880
0.0198665 -0.0125819 0.9997237 2.7304692
0.0000000 0.0000000 0.0000000 1.0000000
-0.1667807 0.9858406 0.0174031 -34.3782120
-0.9857574 -0.1671015 0.0189699 -120.8155594
0.0216094 -0.0139914 0.9996688 2.7561326
0.0000000 0.0000000 0.0000000 1.0000000
-0.1632519 0.9863991 0.0191334 -34.5181694
-0.9863248 -0.1636232 0.0197777 -121.6947250
0.0226393 -0.0156430 0.9996216 2.7914231
0.0000000 0.0000000 0.0000000 1.0000000
-0.1618775 0.9866041 0.0202080 -34.6595764
-0.9865550 -0.1622680 0.0194595 -122.5771027
0.0224778 -0.0167863 0.9996067 2.8211551
0.0000000 0.0000000 0.0000000 1.0000000
-0.1608033 0.9867514 0.0215480 -34.7955360
-0.9867536 -0.1612014 0.0182144 -123.4453125
0.0214466 -0.0183337 0.9996021 2.8520191
0.0000000 0.0000000 0.0000000 1.0000000
-0.1608918 0.9867960 0.0186475 -34.9395561
-0.9868340 -0.1611568 0.0136979 -124.3287125
0.0165221 -0.0161982 0.9997326 2.8831184
0.0000000 0.0000000 0.0000000 1.0000000
-0.1594888 0.9870248 0.0185916 -35.0721321
-0.9871387 -0.1596604 0.0081352 -125.1993790
0.0109979 -0.0170550 0.9997944 2.9129467
0.0000000 0.0000000 0.0000000 1.0000000
-0.1582230 0.9872485 0.0174941 -35.2114296
-0.9873720 -0.1583350 0.0052075 -126.0716248
0.0079110 -0.0164492 0.9998337 2.9379117
0.0000000 0.0000000 0.0000000 1.0000000
-0.1577543 0.9873022 0.0186574 -35.3459015
-0.9874032 -0.1579477 0.0093836 -126.9390945
0.0122113 -0.0169420 0.9997822 2.9625177
0.0000000 0.0000000 0.0000000 1.0000000
-0.1575128 0.9873326 0.0190872 -35.4754906
-0.9873927 -0.1577705 0.0128361 -127.7871704
0.0156849 -0.0168247 0.9997357 2.9867160
0.0000000 0.0000000 0.0000000 1.0000000
-0.1573848 0.9873164 0.0208968 -35.6075020
-0.9874219 -0.1576551 0.0119773 -128.6477814
0.0151198 -0.0187489 0.9997102 3.0042334
0.0000000 0.0000000 0.0000000 1.0000000
-0.1574448 0.9872738 0.0224048 -35.7395439
-0.9874172 -0.1577266 0.0114088 -129.5151367
0.0147974 -0.0203266 0.9996842 3.0303252
0.0000000 0.0000000 0.0000000 1.0000000
-0.1564182 0.9875333 0.0176566 -35.8778191
-0.9875880 -0.1566351 0.0116505 -130.3582153
0.0142709 -0.0156151 0.9997765 3.0576913
0.0000000 0.0000000 0.0000000 1.0000000
-0.1561943 0.9875251 0.0199457 -36.0079384
-0.9875939 -0.1564724 0.0132331 -131.2113953
0.0161889 -0.0176313 0.9997138 3.0882430
0.0000000 0.0000000 0.0000000 1.0000000
-0.1558257 0.9873533 0.0291931 -36.1182594
-0.9875801 -0.1563270 0.0157441 -132.0425720
0.0201086 -0.0263772 0.9994501 3.1054389
0.0000000 0.0000000 0.0000000 1.0000000
-0.1551306 0.9873093 0.0339884 -36.2377892
-0.9876384 -0.1557814 0.0174032 -132.8770599
0.0224771 -0.0308684 0.9992710 3.1329391
0.0000000 0.0000000 0.0000000 1.0000000
-0.1554043 0.9872566 0.0342676 -36.3658218
-0.9875472 -0.1561234 0.0193998 -133.7187653
0.0245025 -0.0308261 0.9992247 3.1680474
0.0000000 0.0000000 0.0000000 1.0000000
-0.1544022 0.9875007 0.0316636 -36.4942436
-0.9876891 -0.1550875 0.0204559 -134.5461731
0.0251108 -0.0281154 0.9992895 3.1996505
0.0000000 0.0000000 0.0000000 1.0000000
-0.1523437 0.9877900 0.0325982 -36.6135635
-0.9879875 -0.1530738 0.0212006 -135.3689117
0.0259316 -0.0289768 0.9992439 3.2312293
0.0000000 0.0000000 0.0000000 1.0000000
-0.1501606 0.9882875 0.0272020 -36.7459106
-0.9883711 -0.1507267 0.0201080 -136.1933136
0.0239725 -0.0238662 0.9994280 3.2590826
0.0000000 0.0000000 0.0000000 1.0000000
-0.1477797 0.9888155 0.0201315 -36.8748207
-0.9888355 -0.1481151 0.0163298 -137.0166931
0.0191289 -0.0174935 0.9996642 3.2920873
0.0000000 0.0000000 0.0000000 1.0000000
-0.1459814 0.9891706 0.0152091 -36.9963379
-0.9892059 -0.1461496 0.0105979 -137.8302917
0.0127059 -0.0134978 0.9998285 3.3211451
0.0000000 0.0000000 0.0000000 1.0000000
-0.1419041 0.9897936 0.0131199 -37.1112099
-0.9898091 -0.1420406 0.0101345 -138.6507111
0.0118946 -0.0115480 0.9998628 3.3438146
0.0000000 0.0000000 0.0000000 1.0000000
-0.1368394 0.9904982 0.0137270 -37.2185936
-0.9904693 -0.1370284 0.0139263 -139.4544678
0.0156749 -0.0116905 0.9998091 3.3746114
0.0000000 0.0000000 0.0000000 1.0000000
-0.1304389 0.9913967 0.0108898 -37.3216476
-0.9912786 -0.1306157 0.0175095 -140.2612000
0.0187811 -0.0085109 0.9997877 3.3940282
0.0000000 0.0000000 0.0000000 1.0000000
-0.1225857 0.9923683 0.0133496 -37.4145851
-0.9922666 -0.1228152 0.0179931 -141.0679626
0.0194953 -0.0110407 0.9997493 3.4179008
0.0000000 0.0000000 0.0000000 1.0000000
-0.1130937 0.9935378 0.0096257 -37.5041275
-0.9934672 -0.1132239 0.0142713 -141.8784943
0.0152689 -0.0079488 0.9998521 3.4373224
0.0000000 0.0000000 0.0000000 1.0000000
-0.1015823 0.9948222 0.0031684 -37.5893097
-0.9947453 -0.1016143 0.0125184 -142.6865540
0.0127754 -0.0018801 0.9999169 3.4636512
0.0000000 0.0000000 0.0000000 1.0000000
-0.0882830 0.9960952 -0.0008111 -37.6631088
-0.9959884 -0.0882615 0.0147395 -143.4943237
0.0146103 0.0021091 0.9998913 3.4850824
0.0000000 0.0000000 0.0000000 1.0000000
-0.0740481 0.9972545 0.0007893 -37.7228661
-0.9971290 -0.0740513 0.0158289 -144.3146820
0.0158438 0.0003850 0.9998747 3.5085518
0.0000000 0.0000000 0.0000000 1.0000000
-0.0599766 0.9981953 -0.0030374 -37.7645607
-0.9980708 -0.0599196 0.0162690 -145.1039124
0.0160576 0.0040073 0.9998633 3.5310342
0.0000000 0.0000000 0.0000000 1.0000000
-0.0465250 0.9989056 -0.0048247 -37.8003693
-0.9987605 -0.0464316 0.0179393 -145.9054871
0.0176955 0.0056534 0.9998277 3.5604014
0.0000000 0.0000000 0.0000000 1.0000000
-0.0328770 0.9994554 -0.0028818 -37.8204041
-0.9991736 -0.0327985 0.0240158 -146.7222290
0.0239082 0.0036690 0.9997078 3.5896211
0.0000000 0.0000000 0.0000000 1.0000000
-0.0197407 0.9998004 0.0031035 -37.8193665
-0.9992456 -0.0198334 0.0333958 -147.5043945
0.0334507 -0.0024419 0.9994377 3.6206908
0.0000000 0.0000000 0.0000000 1.0000000
-0.0071466 0.9999572 0.0058993 -37.8104439
-0.9990925 -0.0073879 0.0419528 -148.2669220
0.0419946 -0.0055941 0.9991025 3.6550176
0.0000000 0.0000000 0.0000000 1.0000000
0.0053849 0.9999738 0.0048640 -37.7985039
-0.9990537 0.0051698 0.0431891 -149.0372314
0.0431628 -0.0050919 0.9990554 3.6887484
0.0000000 0.0000000 0.0000000 1.0000000
0.0171271 0.9998315 0.0066346 -37.7723923
-0.9990751 0.0168516 0.0395643 -149.8306122
0.0394458 -0.0073061 0.9991954 3.7285318
0.0000000 0.0000000 0.0000000 1.0000000
0.0280000 0.9995786 0.0076808 -37.7382736
-0.9988933 0.0276887 0.0380264 -150.6185913
0.0377977 -0.0087370 0.9992476 3.7682030
0.0000000 0.0000000 0.0000000 1.0000000
0.0371574 0.9992582 0.0101425 -37.6973000
-0.9983705 0.0366807 0.0437176 -151.3529205
0.0433131 -0.0117504 0.9989929 3.8146164
0.0000000 0.0000000 0.0000000 1.0000000
0.0437083 0.9989631 0.0127571 -37.6545296
-0.9977629 0.0430021 0.0511894 -152.1275940
0.0505877 -0.0149660 0.9986079 3.8601704
0.0000000 0.0000000 0.0000000 1.0000000
0.0466013 0.9987669 0.0171325 -37.6083679
-0.9974771 0.0456079 0.0544034 -152.8765869
0.0535549 -0.0196246 0.9983724 3.9001911
0.0000000 0.0000000 0.0000000 1.0000000
0.0463192 0.9987556 0.0185037 -37.5629921
-0.9977022 0.0453375 0.0503504 -153.6314087
0.0494488 -0.0207933 0.9985605 3.9448750
0.0000000 0.0000000 0.0000000 1.0000000
0.0447636 0.9988418 0.0176610 -37.5202751
-0.9980098 0.0439263 0.0452477 -154.4019012
0.0444195 -0.0196513 0.9988200 3.9951530
0.0000000 0.0000000 0.0000000 1.0000000
0.0415043 0.9989963 0.0168630 -37.4793625
-0.9982733 0.0407602 0.0423028 -155.1553345
0.0415729 -0.0185897 0.9989629 4.0417981
0.0000000 0.0000000 0.0000000 1.0000000
0.0384943 0.9991092 0.0173070 -37.4442558
-0.9983873 0.0377317 0.0424194 -155.9049988
0.0417286 -0.0189119 0.9989504 4.0918350
0.0000000 0.0000000 0.0000000 1.0000000
0.0344843 0.9992852 0.0155093 -37.4184456
-0.9985433 0.0338060 0.0420567 -156.6442566
0.0415023 -0.0169370 0.9989952 4.1369209
0.0000000 0.0000000 0.0000000 1.0000000
0.0303559 0.9994054 0.0163668 -37.3894768
-0.9987066 0.0296583 0.0413028 -157.3871765
0.0407928 -0.0175994 0.9990130 4.1802649
0.0000000 0.0000000 0.0000000 1.0000000
0.0247483 0.9995604 0.0163471 -37.3602791
-0.9988925 0.0240705 0.0404328 -158.1220856
0.0400215 -0.0173296 0.9990489 4.2195792
0.0000000 0.0000000 0.0000000 1.0000000
0.0188614 0.9996773 0.0170351 -37.3401604
-0.9990690 0.0181832 0.0391260 -158.8576508
0.0388035 -0.0177572 0.9990895 4.2544703
0.0000000 0.0000000 0.0000000 1.0000000
0.0129168 0.9997964 0.0155239 -37.3296928
-0.9992343 0.0123330 0.0371352 -159.6067657
0.0369362 -0.0159917 0.9991901 4.2968526
0.0000000 0.0000000 0.0000000 1.0000000
0.0076351 0.9998252 0.0170845 -37.3181076
-0.9993058 0.0070059 0.0365930 -160.3307495
0.0364669 -0.0173520 0.9991846 4.3361897
0.0000000 0.0000000 0.0000000 1.0000000
0.0029570 0.9998143 0.0190615 -37.3063812
-0.9992737 0.0022301 0.0380437 -161.0686798
0.0379941 -0.0191602 0.9990947 4.3732305
0.0000000 0.0000000 0.0000000 1.0000000
-0.0013160 0.9998166 0.0191247 -37.2996407
-0.9991928 -0.0020826 0.0401216 -161.7845154
0.0401540 -0.0190565 0.9990122 4.4094105
0.0000000 0.0000000 0.0000000 1.0000000
-0.0036870 0.9998435 0.0173203 -37.2997627
-0.9991388 -0.0043992 0.0412615 -162.4963531
0.0413312 -0.0171533 0.9989986 4.4494028
0.0000000 0.0000000 0.0000000 1.0000000
-0.0058687 0.9998410 0.0168606 -37.2995338
-0.9990777 -0.0065798 0.0424339 -163.2182312
0.0425380 -0.0165960 0.9989574 4.4925303
0.0000000 0.0000000 0.0000000 1.0000000
-0.0056991 0.9998965 0.0132404 -37.3055611
-0.9991578 -0.0062320 0.0405605 -163.9281921
0.0406388 -0.0129981 0.9990898 4.5314760
0.0000000 0.0000000 0.0000000 1.0000000
-0.0015967 0.9999517 0.0097367 -37.3034439
-0.9993132 -0.0019560 0.0370084 -164.6383972
0.0370256 -0.0096709 0.9992679 4.5725503
0.0000000 0.0000000 0.0000000 1.0000000
0.0059251 0.9999589 0.0069113 -37.2954330
-0.9993386 0.0056732 0.0359226 -165.3402100
0.0358819 -0.0071196 0.9993311 4.6119294
0.0000000 0.0000000 0.0000000 1.0000000
0.0164835 0.9998573 0.0037761 -37.2797775
-0.9992170 0.0163369 0.0360388 -166.0361786
0.0359720 -0.0043671 0.9993437 4.6523881
0.0000000 0.0000000 0.0000000 1.0000000
0.0312395 0.9995122 0.0001381 -37.2590637
-0.9988642 0.0312143 0.0360018 -166.7192230
0.0359799 -0.0012626 0.9993522 4.6843095
0.0000000 0.0000000 0.0000000 1.0000000
0.0477021 0.9988616 -0.0008058 -37.2180023
-0.9982839 0.0477019 0.0339700 -167.4116821
0.0339697 -0.0008160 0.9994230 4.7107739
0.0000000 0.0000000 0.0000000 1.0000000
0.0645193 0.9979138 0.0024036 -37.1581955
-0.9974894 0.0644210 0.0294127 -168.1156616
0.0291965 -0.0042953 0.9995649 4.7379484
0.0000000 0.0000000 0.0000000 1.0000000
0.0819648 0.9966294 0.0035050 -37.0939102
-0.9963625 0.0818596 0.0236866 -168.7934723
0.0233198 -0.0054337 0.9997137 4.7674527
0.0000000 0.0000000 0.0000000 1.0000000
0.0993882 0.9950444 0.0030486 -37.0230713
-0.9949116 0.0993230 0.0169195 -169.4702148
0.0165328 -0.0047147 0.9998527 4.7898936
0.0000000 0.0000000 0.0000000 1.0000000
0.1174218 0.9930803 0.0020631 -36.9328346
-0.9930422 0.1173981 0.0092291 -170.1577148
0.0089230 -0.0031324 0.9999557 4.8102303
0.0000000 0.0000000 0.0000000 1.0000000
0.1349820 0.9908436 0.0030505 -36.8348999
-0.9908432 0.1349709 0.0035919 -170.8134766
0.0031473 -0.0035074 0.9999893 4.8243423
0.0000000 0.0000000 0.0000000 1.0000000
0.1530652 0.9882147 0.0018239 -36.7249756
-0.9882150 0.1530618 0.0018586 -171.4750824
0.0015575 -0.0020869 0.9999970 4.8392539
0.0000000 0.0000000 0.0000000 1.0000000
0.1709001 0.9852875 0.0014606 -36.6061363
-0.9852881 0.1708985 0.0011920 -172.1128082
0.0009248 -0.0016428 0.9999986 4.8539958
0.0000000 0.0000000 0.0000000 1.0000000
0.1886381 0.9820423 0.0030196 -36.4736366
-0.9820468 0.1886365 0.0008199 -172.7535248
0.0002355 -0.0031200 0.9999955 4.8644481
0.0000000 0.0000000 0.0000000 1.0000000
0.2048376 0.9787754 0.0063949 -36.3218613
-0.9787959 0.2048371 0.0007464 -173.4068756
-0.0005794 -0.0064122 0.9999797 4.8730135
0.0000000 0.0000000 0.0000000 1.0000000
0.2192160 0.9756415 0.0082749 -36.1713982
-0.9756677 0.2192422 -0.0023871 -174.0178375
-0.0041432 -0.0075503 0.9999633 4.8741455
0.0000000 0.0000000 0.0000000 1.0000000
0.2313383 0.9728567 0.0057423 -36.0208549
-0.9728382 0.2313762 -0.0071591 -174.6404114
-0.0082935 -0.0039301 0.9999583 4.8854432
0.0000000 0.0000000 0.0000000 1.0000000
0.2420979 0.9702480 0.0028113 -35.8648033
-0.9702097 0.2421134 -0.0086346 -175.2676392
-0.0090584 -0.0006371 0.9999592 4.8945646
