0 0 0 0 0 0 0
0.99999607 -0.0027210426 -0.0011285795 0.67278355
0.0027174344 0.999991 -0.0031837507 0.00050806487
0.0011372206 0.003180673 0.9999939 0.019689865
0 0 0 1
0 0 0 0 0 0 0
0.9999877 -0.004654205 -0.001720358 0.7019204
0.0046548797 0.9999895 0.0003872791 0.00063798105
0.001718544 -0.00039527597 0.9999985 0.0069613345
0 0 0 1
0 0 0 0 0 0 0
0.99998885 -0.00459784 -0.00067364 0.71127874
0.0045981696 0.99998873 0.00045630272 0.003657088
0.00067154405 -0.00045942317 1.0000005 0.0046433937
0 0 0 1
0 0 0 0 0 0 0
0.99998677 -0.00502604 -0.0004749216 0.72674537
0.005026607 0.99998754 0.0011926019 0.006812045
0.00046893238 -0.0011949431 0.9999988 0.0018215418
0 0 0 1
0 0 0 0 0 0 0
0.9999889 -0.004804953 -2.516448e-07 0.73910403
0.0048049013 0.9999872 -0.0012185457 0.0042586555
6.0952098e-06 0.0012185236 0.999999 0.0056509366
0 0 0 1
0 0 0 0 0 0 0
0.9999949 -0.0030286626 -0.0012627022 0.7614515
0.0030302564 0.9999942 0.0013133418 0.014366253
0.0012587187 -0.0013171748 0.9999989 0.0059270305
0 0 0 1
0 0 0 0 0 0 0
0.9999906 -0.0042686546 -0.0010080865 0.7691009
0.004272215 0.9999856 0.0034485564 0.009771822
0.000993336 -0.003452813 0.9999933 0.007850916
0 0 0 1
0 0 0 0 0 0 0
0.9999904 -0.0041571525 0.0012280475 0.79554975
0.004154994 0.9999898 0.0017332091 0.008031235
-0.0012352503 -0.0017280831 0.9999972 0.0022717442
0 0 0 1
0 0 0 0 0 0 0
0.999983 -0.005211831 0.0025057797 0.80805343
0.0052127633 0.9999862 -0.00034837445 0.007388302
-0.0025039043 0.0003614136 0.9999975 0.0032274637
0 0 0 1
0 0 0 0 0 0 0
0.99999213 -0.0029472266 0.0027804165 0.8079343
0.0029501594 0.99999523 -0.0010780785 0.0007275524
-0.0027772356 0.0010862803 0.99999535 0.010573481
0 0 0 1
0 0 0 0 0 0 0
0.9999976 -0.0018617505 -0.00036514713 0.81918085
0.0018621506 0.999998 0.0009962403 0.018127156
0.00036329302 -0.0009969024 0.999999 0.007886686
0 0 0 1
0 0 0 0 0 0 0
0.99999416 -0.0034275083 -0.0005898822 0.8193061
0.0034275793 0.9999934 0.0002479867 0.00018158372
0.0005890268 -0.00025003296 1.0 0.0059241434
0 0 0 1
0 0 0 0 0 0 0
0.9999972 -0.0022303488 -0.0004077279 0.8526775
0.0022294077 0.9999953 -0.002446801 0.005098468
0.00041319398 0.0024458915 0.9999973 0.009480211
0 0 0 1
0 0 0 0 0 0 0
0.99999607 -0.0027124812 0.00057521084 0.8348093
0.0027127876 0.9999956 -0.00047368868 -0.0005789698
-0.00057392224 0.00047524105 0.9999997 0.004678981
0 0 0 1
0 0 0 0 0 0 0
1.0000001 -0.0007729064 -0.0007120583 0.8614773
0.00077123666 0.9999975 -0.002303147 0.011226441
0.0007138184 0.0023026133 0.9999965 0.010410397
0 0 0 1
0 0 0 0 0 0 0
0.9999962 -0.0019221206 -0.001873147 0.85844743
0.0019263278 0.9999948 0.0022612726 0.005800721
0.0018687983 -0.0022648848 0.99999577 0.0069992268
0 0 0 1
0 0 0 0 0 0 0
0.99999243 -0.0023085205 -0.003013583 0.87252307
0.00231343 0.99999636 0.0016094313 -0.00090124534
0.003009865 -0.0016163876 0.9999944 0.01101091
0 0 0 1
0 0 0 0 0 0 0
0.99999785 -0.0016281568 -0.0013034497 0.88217556
0.0016333237 0.9999915 0.0039434144 0.015384654
0.0012970271 -0.0039455383 0.99999183 0.0011383641
0 0 0 1
0 0 0 0 0 0 0
0.99999994 -0.0008776174 -5.400567e-05 0.8823599
0.0008775939 0.9999984 0.0011477813 0.0072388933
5.299249e-05 -0.0011478402 0.9999996 0.0051513305
0 0 0 1
0 0 0 0 0 0 0
0.9999973 -0.001561385 0.0015406925 0.8949724
0.0015624763 0.99999857 -0.0006792511 0.0052355267
-0.0015396415 0.00068167754 0.9999977 0.009214163
0 0 0 1
0 0 0 0 0 0 0
0.9999995 -0.0007997101 0.0012946904 0.89865446
0.00080031547 0.9999996 -0.00048396745 0.0047540455
-0.0012943088 0.00048499188 0.99999934 0.0065706125
0 0 0 1
0 0 0 0 0 0 0
0.99999815 -0.0013701317 0.00035489598 0.9164234
0.0013700878 0.9999989 0.00028930328 0.000878769
-0.00035528353 -0.00028880834 0.99999964 0.014335433
0 0 0 1
0 0 0 0 0 0 0
0.99999934 -0.0003787522 -0.0012039728 0.9113707
0.00037879625 0.99999976 4.8873066e-05 0.0153019335
0.0012039576 -4.935586e-05 0.9999998 0.0039566336
0 0 0 1
0 0 0 0 0 0 0
0.9999991 -0.0013653758 -6.495069e-05 0.90874636
0.0013652339 0.9999989 -0.0012541043 -0.0014582983
6.665217e-05 0.0012540377 0.9999989 0.012664731
0 0 0 1
0 0 0 0 0 0 0
0.99999785 -0.0015816563 0.001763318 0.9313984
0.0015822198 0.9999986 -0.00029415515 0.0014348795
-0.0017628458 0.0002969469 0.99999845 0.008558208
0 0 0 1
0 0 0 0 0 0 0
0.99999297 0.0015354296 0.0034434793 0.9366305
-0.0015379827 0.9999985 0.0007304325 0.006620198
-0.0034423699 -0.00073571305 0.99999344 0.004520975
0 0 0 1
0 0 0 0 0 0 0
0.99999297 -4.3232714e-05 0.0036597997 0.9466427
4.1676998e-05 0.9999994 0.00040541752 -0.0002655504
-0.0036598018 -0.00040528737 0.9999937 0.011326816
0 0 0 1
0 0 0 0 0 0 0
0.99999535 0.0010223828 0.0029457724 0.9440387
-0.0010189288 0.9999995 -0.0011545786 0.0014436186
-0.0029469503 0.0011515825 0.99999523 0.0088061355
0 0 0 1
0 0 0 0 0 0 0
0.99999624 0.0022884933 0.0010488892 0.9359295
-0.002287579 0.9999963 -0.0008192421 0.003265707
-0.0010507695 0.00081682275 0.99999905 0.010729451
0 0 0 1
0 0 0 0 0 0 0
0.9999928 0.0021026435 -0.003283305 0.9602322
-0.002099372 0.9999981 0.0010192111 0.005811164
0.0032854471 -0.001012302 0.9999942 0.012727449
0 0 0 1
0 0 0 0 0 0 0
0.99999034 0.0010931873 -0.0042189118 0.9386208
-0.0010861878 0.9999981 0.001630791 0.0019443609
0.0042206845 -0.0016261874 0.99998975 0.00702222
0 0 0 1
0 0 0 0 0 0 0
0.9999942 0.0008758537 -0.0032864648 0.97163737
-0.0008777502 0.9999995 -0.0005481931 0.00034374095
0.0032859747 0.00055109593 0.9999936 0.006897612
0 0 0 1
0 0 0 0 0 0 0
0.99999833 0.0014891832 0.0006682523 0.9653675
-0.0014874267 0.9999958 -0.0024900849 0.00592896
-0.0006719452 0.0024890834 0.99999696 0.007452134
0 0 0 1
0 0 0 0 0 0 0
0.99998605 0.00021536779 0.0052679516 0.9834378
-0.00019979717 0.9999952 -0.002963566 -0.0050429846
-0.0052685724 0.0029624724 0.9999817 0.0067955055
0 0 0 1
0 0 0 0 0 0 0
0.9999944 -0.0011533292 0.0032131313 0.9634226
0.0011679134 0.9999887 -0.004547539 0.0018512929
-0.003207847 0.0045512537 0.99998444 0.010326245
0 0 0 1
0 0 0 0 0 0 0
1.0000002 -0.00044262398 -0.0004819754 0.99447805
0.0004387844 0.99996954 -0.007849987 -0.00925022
0.0004854217 0.007849774 0.9999689 0.01687086
0 0 0 1
0 0 0 0 0 0 0
0.9999921 -0.00092012604 -0.0039222916 0.9691881
0.00091542717 0.9999991 -0.0011925076 0.0039005026
0.003923401 0.0011888747 0.9999924 0.010761106
0 0 0 1
0 0 0 0 0 0 0
0.99999046 -0.0010048167 -0.004049243 0.9617704
0.0010048529 0.9999992 -4.6011346e-06 0.00050410593
0.0040492527 5.6918435e-07 0.9999919 0.008314599
0 0 0 1
0 0 0 0 0 0 0
0.9999988 -0.001747461 -0.0008449134 1.0024161
0.0017479192 0.9999985 0.0005669309 0.0077880225
0.00084389636 -0.0005683969 0.99999905 0.0030749207
0 0 0 1
0 0 0 0 0 0 0
0.99999845 -0.00075927307 0.0015235266 1.0058087
0.0007614975 0.9999986 -0.0014538056 0.004763315
-0.0015224213 0.0014549873 0.99999744 0.0142198065
0 0 0 1
0 0 0 0 0 0 0
0.99999565 -0.0015656619 0.002552412 1.0076039
0.0015599849 0.99999595 0.0022078927 0.005208998
-0.002555857 -0.0022039274 0.99999475 0.0027224915
0 0 0 1
0 0 0 0 0 0 0
0.99999815 -0.0009216558 0.0016579443 1.0060335
0.00091938605 0.999999 0.0014116775 0.008929576
-0.001659236 -0.0014101542 0.99999774 0.013867322
0 0 0 1
0 0 0 0 0 0 0
0.9999962 -0.001535103 0.0021750496 1.0004178
0.0015356236 0.99999833 -0.0002338971 0.0049039065
-0.0021746974 0.00023723398 0.9999977 0.008528873
0 0 0 1
0 0 0 0 0 0 0
0.99999374 0.0005075512 0.0033380762 0.99023306
-0.00050736114 1.0000002 -3.074031e-05 0.004550047
-0.0033380766 2.9052244e-05 0.9999941 0.020507906
0 0 0 1
0 0 0 0 0 0 0
0.99999833 -0.0006790344 0.001966638 1.0276864
0.00066934834 0.9999876 0.004821539 0.013013478
-0.0019699612 -0.004820214 0.99998605 0.0019634606
0 0 0 1
0 0 0 0 0 0 0
1.0000001 -0.0003532519 -0.00037732197 0.97507197
0.00035378203 0.99999976 0.0010856462 0.005551
0.00037699894 -0.0010857732 0.99999934 0.019998427
0 0 0 1
0 0 0 0 0 0 0
0.999999 -0.00012125659 -0.0015323657 0.9891924
0.00012004035 0.9999992 -0.00074539817 0.0025357534
0.0015324623 0.0007451995 0.9999987 0.012700787
0 0 0 1
0 0 0 0 0 0 0
0.9999964 7.386932e-05 -0.0026212193 1.0079026
-6.454131e-05 0.9999941 0.0035264264 0.0059364913
0.0026214696 -0.0035262476 0.99999106 0.015093152
0 0 0 1
0 0 0 0 0 0 0
0.99999917 -0.000816932 0.000110284054 0.9788936
0.0008170592 0.99999875 -0.001068609 0.006676542
-0.000109411885 0.0010686999 0.9999993 0.009713997
0 0 0 1
0 0 0 0 0 0 0
0.9999992 -0.0009933875 0.0010365021 0.99147546
0.0009957155 0.99999714 -0.0023504714 0.004118708
-0.0010341645 0.002351507 0.99999684 0.014418714
0 0 0 1
0 0 0 0 0 0 0
0.9999996 -0.0006079462 0.0009952943 1.0043952
0.00060776685 0.99999917 0.00014550297 0.0019646508
-0.0009953813 -0.0001449047 0.9999991 0.012829155
0 0 0 1
0 0 0 0 0 0 0
0.99999577 -0.0011652219 -0.002499557 0.9690058
0.0011710145 0.99999744 0.0022902822 0.008768002
0.0024968726 -0.002293196 0.9999939 0.023244206
0 0 0 1
0 0 0 0 0 0 0
0.9999867 -6.601964e-05 -0.0051967744 0.9873309
7.804911e-05 0.99999756 0.0022958394 0.00909383
0.005196618 -0.0022962133 0.9999844 0.0069649597
0 0 0 1
0 0 0 0 0 0 0
0.9999989 -0.00070771185 -0.0010342883 0.97314554
0.0007078843 0.99999905 0.00023557228 0.0062564933
0.0010341208 -0.00023630992 0.99999917 0.01145826
0 0 0 1
0 0 0 0 0 0 0
0.9999951 -0.0010539242 0.0030856067 0.9713268
0.0010579184 0.9999991 -0.0012875039 -0.000702027
-0.0030842517 0.0012907651 0.9999946 0.00796702
0 0 0 1
0 0 0 0 0 0 0
0.99999255 4.394793e-05 0.0038907267 0.9891883
-2.9798335e-05 0.9999932 -0.0036508217 0.0032756613
-0.0038908634 0.0036506825 0.9999852 0.018831387
0 0 0 1
0 0 0 0 0 0 0
0.9999987 -0.0011427557 0.00061793864 0.9605012
0.0011432571 0.9999986 -0.0008042522 0.0014809256
-0.000617018 0.000804947 0.9999999 0.010649138
0 0 0 1
0 0 0 0 0 0 0
0.9999997 -9.303098e-05 -0.0011991913 0.9544522
8.897313e-05 0.999995 -0.0034204419 0.0068819444
0.0011994971 0.0034203453 0.9999935 0.015968211
0 0 0 1
0 0 0 0 0 0 0
0.99999845 0.00062182994 -0.0013807269 0.9740962
-0.00062545197 0.9999954 -0.002621413 -0.003062413
0.0013790949 0.002622267 0.9999952 0.020351956
0 0 0 1
0 0 0 0 0 0 0
0.9999988 -0.0010923751 0.00080128416 0.9364949
0.0010932626 0.9999993 -0.0009932092 -9.1254835e-05
-0.0008001834 0.0009941248 0.99999994 0.00904954
0 0 0 1
0 0 0 0 0 0 0
0.99999064 -0.0013397288 0.004302031 0.9749595
0.0013540272 0.99999386 -0.0033635385 -0.004393227
-0.0042974814 0.0033692233 0.9999843 0.009854051
0 0 0 1
0 0 0 0 0 0 0
0.99998844 -0.0006113962 0.0047467677 0.945083
0.0006240788 0.9999959 -0.002669932 -0.0021152636
-0.004745169 0.0026729624 0.99998564 0.022717798
0 0 0 1
0 0 0 0 0 0 0
0.9999967 -0.00062902353 0.0022337488 0.9361774
0.00062597083 0.99999934 0.0014216648 0.004764304
-0.0022346063 -0.0014203131 0.9999965 0.0073557748
0 0 0 1
0 0 0 0 0 0 0
0.9999945 -0.0013680782 -0.0031821807 0.96241724
0.0013715825 0.99999744 0.0011592995 0.010279541
0.0031805735 -0.0011636821 0.99999386 0.017299466
0 0 0 1
0 0 0 0 0 0 0
0.999969 -0.0015471983 -0.0076717413 0.8953491
0.0015723797 0.99999386 0.0032560623 0.006726611
0.0076666614 -0.003268011 0.9999655 0.015213827
0 0 0 1
0 0 0 0 0 0 0
0.99998593 -0.0008928632 -0.0053142547 0.9163331
0.00090412155 0.9999978 0.0021225628 0.008611297
0.005312346 -0.0021273133 0.99998385 0.01889006
0 0 0 1
0 0 0 0 0 0 0
0.9999988 -0.0012636633 0.00017516749 0.91633266
0.0012627506 0.99998724 0.0047942926 0.01026163
-0.00018121986 -0.004794058 0.9999884 0.0019400057
0 0 0 1
0 0 0 0 0 0 0
0.99999684 -0.00039467885 0.002575409 0.8807355
0.00038963094 0.9999979 0.0019975204 0.011274777
-0.0025761898 -0.0019965142 0.9999949 0.015648255
0 0 0 1
0 0 0 0 0 0 0
0.9999976 -0.0015038471 0.0016479426 0.9127551
0.0015008543 0.99999714 0.0017136392 0.009505913
-0.001650525 -0.001711159 0.999997 0.017939083
0 0 0 1
0 0 0 0 0 0 0
0.99999994 -8.91001e-05 -0.00010328024 0.8673423
8.937211e-05 0.9999984 0.0018477568 0.0043954537
0.00010311558 -0.0018477673 0.999998 0.013301996
0 0 0 1
0 0 0 0 0 0 0
0.9999976 -0.0018549109 0.00045650252 0.84877473
0.0018544259 0.99999756 0.0010406014 0.0059053465
-0.00045842596 -0.0010397602 0.99999946 0.014168555
0 0 0 1
0 0 0 0 0 0 0
1.0000002 -0.0009874755 0.00028933948 0.8503152
0.0009872689 0.99999934 0.00075009366 0.004873765
-0.00029008853 -0.0007497983 0.9999995 0.015696034
0 0 0 1
0 0 0 0 0 0 0
0.99999803 -0.0016609192 0.00090422394 0.8204
0.0016609418 0.9999984 -0.00010517913 0.008086629
-0.0009040431 0.00010666133 1.0000004 0.016047185
0 0 0 1
0 0 0 0 0 0 0
0.9999976 -0.0016846113 0.00093304506 0.80427456
0.0016845143 0.9999988 0.00020164535 0.00027932052
-0.00093338283 -0.0002000593 0.99999905 0.015118559
0 0 0 1
0 0 0 0 0 0 0
0.9999954 -0.0019311699 0.0024385732 0.831844
0.0019261588 0.99999577 0.0020738237 0.010232031
-0.0024425627 -0.0020691203 0.9999947 0.011834531
0 0 0 1
0 0 0 0 0 0 0
0.99999225 -0.0009878621 0.0037323488 0.78602827
0.0009847617 0.9999999 0.00085812935 0.018716736
-0.003733215 -0.0008544355 0.99999255 0.011433832
0 0 0 1
0 0 0 0 0 0 0
0.999997 -0.0016768391 0.0019701575 0.77244925
0.0016738172 0.9999971 0.0015016146 0.004777357
-0.001972653 -0.0014983116 0.99999684 0.014020548
0 0 0 1
0 0 0 0 0 0 0
0.99999243 -0.00067870476 -0.0039055003 0.74127436
0.00069201965 0.99999404 0.0034417724 0.014967281
0.0039031913 -0.003444399 0.9999867 0.019497434
0 0 0 1
0 0 0 0 0 0 0
0.9999707 -0.0014142306 -0.007435568 0.7351438
0.0014274693 0.99999756 0.0017576483 0.0045970245
0.007433032 -0.0017682287 0.99997133 0.014943845
0 0 0 1
0 0 0 0 0 0 0
0.999981 -0.00077210064 -0.0060835485 0.7082036
0.0007684243 0.99999976 -0.0006049525 0.0064735143
0.006084001 0.00060025224 0.99998116 0.012576913
0 0 0 1
0 0 0 0 0 0 0
0.9999989 -0.00038658414 -0.0016649568 0.6833035
0.00039067387 0.9999964 0.0024784924 0.0068514
0.0016639793 -0.0024791723 0.9999951 0.0033994562
0 0 0 1
0 0 0 0 0 0 0
0.9999931 -0.0016643862 0.0032097702 0.69090575
0.0016630017 0.99999875 0.00046516425 0.005387461
-0.003210538 -0.00045977664 0.99999475 0.008717786
0 0 0 1
0 0 0 0 0 0 0
0.99999714 -0.0011209948 0.002354275 0.6530843
0.0011225544 0.99999887 -0.00072450365 0.005825412
-0.0023534568 0.0007271571 0.99999696 0.0183877
0 0 0 1
0 0 0 0 0 0 0
0.9999956 -0.00074198033 -0.0029031518 0.6190647
0.0007357058 0.99999636 -0.0023858454 -0.0028754685
0.0029049139 0.0023836489 0.99999285 0.014348343
0 0 0 1
0 0 0 0 0 0 0
0.99998826 0.00014796272 -0.004897675 0.61427575
-0.0001788843 0.99998033 -0.006361842 -0.0067008375
0.0048966347 0.0063626394 0.99996775 0.015833715
0 0 0 1
0 0 0 0 0 0 0
0.99998695 0.001286535 -0.004895698 0.6091401
-0.0013037611 0.999993 -0.003338008 -0.001431722
0.004891386 0.003344339 0.999983 0.008970373
0 0 0 1
0 0 0 0 0 0 0
0.99999493 0.0030193469 -0.00041433226 0.5613319
-0.0030187133 0.99999446 0.0014472473 -0.0015974214
0.00041867056 -0.0014459817 0.999999 0.0068964623
0 0 0 1
0 0 0 0 0 0 0
0.99998814 0.0040793666 0.0026986718 0.5637733
-0.0040926025 0.99998 0.004902894 0.008703156
-0.0026785845 -0.004913878 0.99998415 0.00033888264
0 0 0 1
0 0 0 0 0 0 0
0.9999858 0.00448489 0.0029461614 0.55912197
-0.0044806534 0.99998915 -0.0014363269 -0.0014295164
-0.0029525652 0.0014231149 0.99999475 0.013432795
0 0 0 1
0 0 0 0 0 0 0
0.99997276 0.0059428145 0.00430194 0.53955626
-0.005921724 0.9999701 -0.0048936596 -0.008431444
-0.0043308847 0.004868035 0.99997866 0.008252127
0 0 0 1
0 0 0 0 0 0 0
0.9999567 0.00864867 0.003497188 0.53733486
-0.008630342 0.99994916 -0.005240793 -0.012976893
-0.0035423453 0.0052103936 0.9999802 0.018154455
0 0 0 1
0 0 0 0 0 0 0
0.99993956 0.0110012805 0.0003424482 0.50515217
-0.011002337 0.99993366 0.0034885302 -0.0036434915
-0.0003040411 -0.003492082 0.9999935 0.010938861
0 0 0 1
0 0 0 0 0 0 0
0.99988216 0.015313174 -0.00032547477 0.5018373
-0.015311256 0.9998702 0.0050363117 0.0023379368
0.0004025441 -0.0050307307 0.9999868 0.0062639937
0 0 0 1
0 0 0 0 0 0 0
0.9998205 0.01895318 0.00067331083 0.48933935
-0.018956164 0.99980956 0.004622229 -0.0031898944
-0.0005855589 -0.0046341745 0.9999897 0.0025765717
0 0 0 1
0 0 0 0 0 0 0
0.9997684 0.021501869 0.00092956616 0.47339877
-0.021500958 0.99976814 -0.00093515473 -0.019525206
-0.00094947487 0.00091495976 0.9999987 0.008970271
0 0 0 1
0 0 0 0 0 0 0
0.99964553 0.026581116 0.0013809872 0.47246173
-0.026575556 0.9996388 -0.0039405734 -0.025286531
-0.0014852169 0.003902449 0.9999918 0.011056242
0 0 0 1
0 0 0 0 0 0 0
0.99956477 0.029453862 0.0019014047 0.43849134
-0.029451696 0.99956614 -0.0011099377 -0.024874886
-0.0019332838 0.0010534768 0.9999975 0.008499327
0 0 0 1
0 0 0 0 0 0 0
0.99945736 0.032893658 0.0017818598 0.45207518
-0.03289278 0.9994588 -0.00052878296 -0.027412051
-0.0017982918 0.00046988056 0.9999983 0.007707922
0 0 0 1
0 0 0 0 0 0 0
0.99926066 0.03842392 0.0010057716 0.4554943
-0.038424037 0.9992614 -3.622164e-05 -0.029864855
-0.0010064123 -2.4484755e-06 0.9999996 0.007980315
0 0 0 1
0 0 0 0 0 0 0
0.99914134 0.04141503 0.001240755 0.42878515
-0.041414768 0.99914163 0.0001811502 -0.033557907
-0.0012321867 -0.000232385 0.99999875 0.00624127
0 0 0 1
0 0 0 0 0 0 0
0.99894035 0.04602601 0.0003978589 0.429512
-0.04602613 0.9989402 -0.00025576618 -0.033338666
-0.00040922343 0.00023718123 0.9999999 0.0077929483
0 0 0 1
0 0 0 0 0 0 0
0.99875367 0.049893204 -0.0010624629 0.436629
-0.04989105 0.99875367 0.0017293721 -0.03829254
0.0011474349 -0.001674206 0.99999833 0.008238687
0 0 0 1
0 0 0 0 0 0 0
0.99856275 0.053584807 -0.0010640788 0.39439133
-0.053585086 0.9985627 0.0005624854 -0.046892352
0.0010926808 -0.000504655 0.9999988 0.009457218
0 0 0 1
0 0 0 0 0 0 0
0.9982873 0.058490638 -0.001226503 0.42537695
-0.058490746 0.9982876 -0.00034832107 -0.04255124
0.0012040301 0.00041945104 0.99999917 0.005700003
0 0 0 1
0 0 0 0 0 0 0
0.99813634 0.06102411 -0.0006519852 0.3835128
-0.061024796 0.9981368 0.0002614167 -0.04639235
0.0006667212 -0.00022112767 0.99999994 0.0036338891
0 0 0 1
0 0 0 0 0 0 0
0.99798185 0.06349142 -0.0011364326 0.39049003
-0.06349021 0.9979825 -5.1600746e-05 -0.046085317
0.0011308658 0.00012365222 0.99999917 -0.0045735296
0 0 0 1
0 0 0 0 0 0 0
0.99781096 0.06612243 -0.0005815182 0.40754938
-0.06612455 0.9978076 -0.0027346143 -0.05336457
0.0003994233 0.0027670858 0.99999607 0.00938192
0 0 0 1
0 0 0 0 0 0 0
0.99791247 0.06457467 -0.00020307288 0.36524066
-0.064574696 0.99791217 -0.0008694501 -0.057313666
0.00014650701 0.0008807508 0.9999995 0.004734941
0 0 0 1
0 0 0 0 0 0 0
0.9979085 0.064625904 0.0019445661 0.3978174
-0.06462365 0.99790895 -0.0010262659 -0.05345086
-0.0020068313 0.0008984398 0.9999979 0.008498479
0 0 0 1
0 0 0 0 0 0 0
0.99794436 0.06400267 0.0029730275 0.36057517
-0.064005956 0.9979494 0.0011664818 -0.04084892
-0.0028922493 -0.0013543719 0.99999475 -0.00013682898
0 0 0 1
0 0 0 0 0 0 0
0.9979609 0.06382367 0.00121565 0.37854198
-0.063823 0.9979607 -0.00044883488 -0.0504469
-0.0012418252 0.00037032855 0.9999993 0.00090679224
0 0 0 1
0 0 0 0 0 0 0
0.9979908 0.06335447 -0.000429316 0.39692965
-0.063356094 0.99798536 -0.0032932174 -0.049595866
0.00021981062 0.0033137938 0.9999944 0.00631415
0 0 0 1
0 0 0 0 0 0 0
0.9981708 0.060458377 0.00045190303 0.34823504
-0.06045599 0.9981624 -0.0042003416 -0.062234644
-0.0007050197 0.004165316 0.9999913 0.012084657
0 0 0 1
0 0 0 0 0 0 0
0.9983937 0.056654092 -0.0007189143 0.38638675
-0.05665338 0.9983926 0.0016978057 -0.051106066
0.0008139459 -0.0016543173 0.9999988 0.0044460683
0 0 0 1
0 0 0 0 0 0 0
0.998455 0.05556106 -0.0005396071 0.3506188
-0.055558193 0.9984483 0.0037977002 -0.039890967
0.00074976834 -0.0037618629 0.999992 0.0012634596
0 0 0 1
0 0 0 0 0 0 0
0.9987194 0.050591726 -0.0007810521 0.36249825
-0.05058952 0.9987168 0.0020499497 -0.051755972
0.00088376633 -0.0020078188 0.99999803 0.005039378
0 0 0 1
0 0 0 0 0 0 0
0.99896324 0.04550927 -0.0007820645 0.38401437
-0.045513082 0.99894065 -0.006794073 -0.045543708
0.00047203514 0.006822544 0.9999764 -0.0012586983
0 0 0 1
0 0 0 0 0 0 0
0.9991207 0.04179198 0.0034095629 0.35791075
-0.041741975 0.99903464 -0.01371736 -0.06327676
-0.003979548 0.013563118 0.99990064 0.012013746
0 0 0 1
0 0 0 0 0 0 0
0.999334 0.036391728 0.0025451356 0.37249905
-0.03637705 0.9993219 -0.0057503055 -0.04255668
-0.0027525886 0.0056538265 0.9999793 -0.00047712174
0 0 0 1
0 0 0 0 0 0 0
0.999421 0.0339682 -0.0022576877 0.3832489
-0.033960592 0.999417 0.0035425564 -0.019277299
0.0023766193 -0.0034639076 0.999992 0.0071463524
0 0 0 1
0 0 0 0 0 0 0
0.9995013 0.03113524 -0.005246635 0.37185633
-0.031077918 0.9994605 0.010533639 -0.0031872364
0.005571808 -0.010365255 0.99993014 0.002997962
0 0 0 1
0 0 0 0 0 0 0
0.9995837 0.028629957 -0.0035825858 0.39477968
-0.028609298 0.9995733 0.0059633153 -0.014136484
0.0037517804 -0.0058583757 0.99997646 0.009491917
0 0 0 1
0 0 0 0 0 0 0
0.9996605 0.026010001 -0.0013736334 0.4021864
-0.026011193 0.9996606 -0.001225617 -0.025786608
0.0013412876 0.001261001 0.9999974 0.008395683
0 0 0 1
0 0 0 0 0 0 0
0.9997404 0.022633843 -0.0026441796 0.39575258
-0.022652633 0.9997165 -0.007350848 -0.023908528
0.0024770496 0.0074088136 0.9999704 0.002157505
0 0 0 1
0 0 0 0 0 0 0
0.9997687 0.020495785 -0.006507549 0.4015488
-0.02053492 0.99977016 -0.006143604 -0.025583657
0.0063801412 0.0062757838 0.99995947 -0.0017410336
0 0 0 1
0 0 0 0 0 0 0
0.99974704 0.02135666 -0.0071168705 0.42680576
-0.021353673 0.9997719 0.00063876243 -0.01904397
0.007128926 -0.00048654745 0.9999747 -0.013275579
0 0 0 1
0 0 0 0 0 0 0
0.99982923 0.01846601 -0.0005289317 0.45042706
-0.018464006 0.9998249 0.0029882616 -0.006681191
0.0005839839 -0.0029780369 0.9999948 -0.002617289
0 0 0 1
0 0 0 0 0 0 0
0.9998755 0.015127277 0.004400085 0.44720244
-0.015126541 0.99988574 -0.00044483697 -0.0022055828
-0.004406314 0.0003782936 0.9999906 0.001043834
0 0 0 1
0 0 0 0 0 0 0
0.9998904 0.014364858 0.0036562465 0.47733945
-0.014363111 0.9998965 -0.00036015382 -0.014979438
-0.0036610817 0.0003075919 0.9999934 0.009556908
0 0 0 1
0 0 0 0 0 0 0
0.99992436 0.012073516 0.0023663617 0.47835836
-0.012070398 0.99992734 -0.0011651551 -0.008918638
-0.0023802174 0.0011364908 0.99999607 0.0070570013
0 0 0 1
0 0 0 0 0 0 0
0.99994504 0.010447729 0.00091389345 0.48979574
-0.010443917 0.9999361 -0.0042396234 -0.01270744
-0.0009581396 0.0042298115 0.9999907 0.0044542677
0 0 0 1
0 0 0 0 0 0 0
0.9999588 0.009062138 -0.00042386106 0.49538592
-0.009062994 0.99995613 -0.0023927551 -0.012401845
0.0004021794 0.002396494 0.99999774 0.0032910833
0 0 0 1
0 0 0 0 0 0 0
0.99996907 0.007833446 -0.00059348973 0.5442437
-0.007834705 0.99996734 -0.002137493 -0.0097171655
0.0005767146 0.002141998 0.9999969 0.00319087
0 0 0 1
0 0 0 0 0 0 0
0.9999789 0.0064272997 -0.00039299298 0.5431996
-0.006427841 0.99997807 -0.0016558333 -0.005424021
0.00038237165 0.00165842 0.9999993 0.00051783555
0 0 0 1
0 0 0 0 0 0 0
0.999983 0.005771915 -0.000666962 0.5493176
-0.0057724174 0.9999828 -0.000591598 -0.0048756315
0.0006635105 0.0005953735 0.9999989 0.0027397745
0 0 0 1
0 0 0 0 0 0 0
0.99998975 0.0045819785 -0.0006982303 0.5876122
-0.004581758 0.99998903 0.00032953187 -0.007317941
0.000699733 -0.00032627807 1.0000002 -0.0012920597
0 0 0 1
0 0 0 0 0 0 0
0.9999873 0.004947321 -0.00021806212 0.61123306
-0.004947968 0.9999838 -0.0028331925 -0.0044093137
0.00020404723 0.002834152 0.99999565 0.0024270213
0 0 0 1
0 0 0 0 0 0 0
0.999992 0.004075056 0.00014923367 0.60171676
-0.0040748576 0.9999911 -0.0013149696 0.006445198
-0.00015459262 0.0013143864 0.9999996 0.0030873863
0 0 0 1
0 0 0 0 0 0 0
0.9999961 0.0026625977 0.00051983935 0.6289499
-0.0026617623 0.9999951 -0.0014427156 -0.004140734
-0.0005236866 0.0014413268 0.99999833 0.0029118326
0 0 0 1
0 0 0 0 0 0 0
0.9999966 0.0024385916 0.00041181495 0.6518284
-0.0024377531 0.9999958 -0.0018896034 -0.0058683334
-0.00041640238 0.0018886364 0.9999987 0.0012688497
0 0 0 1
0 0 0 0 0 0 0
0.99999964 0.0013003998 0.00052498904 0.6727406
-0.0012984617 0.9999926 -0.0036623287 0.0017363009
-0.0005297685 0.0036615978 0.9999923 0.00520434
0 0 0 1
0 0 0 0 0 0 0
0.99999994 -0.00052663137 0.00048179924 0.71972764
0.00052839704 0.99999195 -0.0038082427 -0.008635486
-0.00047978834 0.0038085636 0.9999929 0.004292404
0 0 0 1
0 0 0 0 0 0 0
0.99999744 -0.0021903587 3.7865608e-05 0.69247514
0.002190398 0.999997 -0.0014287386 0.0012476034
-3.473306e-05 0.0014287006 0.99999934 0.0055690245
0 0 0 1
0 0 0 0 0 0 0
0.9999919 -0.0040806183 -9.458793e-05 0.7286962
0.004080343 0.9999884 -0.002337634 0.0031814652
0.000104118015 0.0023373084 0.9999969 0.0011567833
0 0 0 1
0 0 0 0 0 0 0
0.9999957 -0.0026594223 0.000640192 0.725057
0.002659905 0.99999654 -0.00072265195 0.00909228
-0.00063825597 0.00072431867 0.99999946 0.0031410377
0 0 0 1
0 0 0 0 0 0 0
0.99998873 -0.004554799 0.0011794338 0.7701386
0.004557481 0.999987 -0.0022487398 -0.0042725145
-0.0011691719 0.0022541245 0.9999966 0.0044313427
0 0 0 1
0 0 0 0 0 0 0
0.9999935 -0.0033498562 0.0017130855 0.7531037
0.0033493515 0.999994 0.00023088898 0.0082483245
-0.0017138517 -0.00022513507 0.9999986 0.0018914575
0 0 0 1
0 0 0 0 0 0 0
0.9999927 -0.0031963896 0.001951811 0.7930362
0.0031918122 0.99999225 0.0024018693 0.008305812
-0.0019594762 -0.002395628 0.9999951 0.0030739564
0 0 0 1
0 0 0 0 0 0 0
0.9999919 -0.0038187609 0.0013560973 0.79890543
0.0038166186 0.99999136 0.0015308885 0.010314636
-0.0013619376 -0.0015257244 0.999998 0.004657072
0 0 0 1
0 0 0 0 0 0 0
0.99998605 -0.0052515347 -0.00024782596 0.83410347
0.005252058 0.99998456 0.0019664604 0.0051639504
0.00023750082 -0.0019677293 0.99999774 0.0071653966
0 0 0 1
0 0 0 0 0 0 0
0.9999865 -0.003243959 -0.004110663 0.8053498
0.0032541463 0.9999914 0.0024598914 0.015442124
0.004102645 -0.002473171 0.9999888 0.0121073015
0 0 0 1
0 0 0 0 0 0 0
0.9999873 -0.0007043915 -0.00490246 0.8037541
0.00072499 0.9999916 0.0042120246 0.01620259
0.004899478 -0.0042155813 0.9999794 0.0028644435
0 0 0 1
0 0 0 0 0 0 0
0.99999547 0.00032531546 -0.0029710587 0.8168967
-0.000314168 0.99999243 0.0037355148 0.007927521
0.0029723027 -0.0037345637 0.99998873 0.00882788
0 0 0 1
0 0 0 0 0 0 0
0.9999998 -0.00032336471 0.0005528678 0.82540613
0.0003220063 0.99999714 0.0024703715 0.00636744
-0.0005537072 -0.0024702116 0.9999965 0.00094262866
0 0 0 1
0 0 0 0 0 0 0
0.9999987 -1.8142484e-05 0.0019042038 0.8288078
1.4992116e-05 0.9999981 0.0016070069 0.0071826973
-0.0019042606 -0.0016069862 0.99999684 0.00967346
0 0 0 1
0 0 0 0 0 0 0
0.99999833 0.0009327283 0.0015951236 0.80301565
-0.0009332703 1.0000002 0.00030214086 0.005801731
-0.0015948464 -0.000303595 0.99999905 0.012021357
0 0 0 1
0 0 0 0 0 0 0
0.9999998 0.0003513073 0.0007634268 0.8302046
-0.00035261523 0.9999983 0.0018509506 0.008293276
-0.00076278596 -0.0018512192 0.99999744 0.010837623
0 0 0 1
0 0 0 0 0 0 0
0.99999917 -8.5236745e-05 0.00029366498 0.8133352
8.471129e-05 0.9999979 0.0018451143 0.0072943433
-0.00029380666 -0.0018450134 0.9999985 0.0110459225
0 0 0 1
0 0 0 0 0 0 0
0.99999964 -0.0008557061 -0.00087630784 0.8035518
0.00085775444 0.9999976 0.002312806 0.0072793965
0.00087433134 -0.0023136083 0.9999973 0.010862539
0 0 0 1
0 0 0 0 0 0 0
0.99999934 0.00074586505 -0.0009994415 0.8132567
-0.0007423759 0.9999929 0.003609752 0.010550453
0.0010021062 -0.0036090177 0.99999225 0.010748036
0 0 0 1
0 0 0 0 0 0 0
0.99999505 0.003089136 0.00066279026 0.7972469
-0.0030910207 0.99999076 0.002848716 0.007845908
-0.00065397535 -0.002850755 0.99999624 0.009287073
0 0 0 1
0 0 0 0 0 0 0
0.999995 0.002854931 0.0013941865 0.8113732
-0.0028586863 0.99999213 0.0027656055 0.009695075
-0.0013862989 -0.0027696057 0.99999505 0.011367278
0 0 0 1
0 0 0 0 0 0 0
0.9999803 0.005806636 0.0025062251 0.8270905
-0.0058121504 0.9999811 0.002168194 -0.0004490507
-0.0024935612 -0.0021827559 0.9999951 0.01115657
0 0 0 1
0 0 0 0 0 0 0
0.9999757 0.0065445956 0.0023760244 0.83736914
-0.006548372 0.99997747 0.001573043 0.0016477365
-0.0023657007 -0.0015885714 0.99999523 0.009246114
0 0 0 1
0 0 0 0 0 0 0
0.9999719 0.007426092 0.00022765103 0.7940145
-0.007426252 0.99997103 0.001205692 0.0056325854
-0.00021867361 -0.0012072008 0.99999917 0.015076177
0 0 0 1
0 0 0 0 0 0 0
0.9999661 0.008254552 -0.00070366915 0.7900229
-0.008254061 0.9999663 0.0006535281 -0.005096069
0.0007090378 -0.00064779934 1.0 0.009223055
0 0 0 1
0 0 0 0 0 0 0
0.99994034 0.010877112 -0.00036304776 0.79786134
-0.010877144 0.9999403 7.712445e-06 -0.0032973278
0.0003631073 -3.6974582e-06 0.99999976 0.011902932
0 0 0 1
0 0 0 0 0 0 0
0.99994034 0.010894359 0.00097189145 0.77669466
-0.010893793 0.99994093 -0.0006144393 -0.007858293
-0.0009785157 0.00060377823 0.9999995 0.00903518
0 0 0 1
0 0 0 0 0 0 0
0.99995184 0.009726173 0.0010633281 0.8071898
-0.009726733 0.9999526 0.0005302349 -0.004196508
-0.0010581176 -0.00054063596 0.9999994 0.010015558
0 0 0 1
0 0 0 0 0 0 0
0.9999395 0.01097833 0.00089849764 0.7956223
-0.010977861 0.99993926 -0.00052120077 -0.0016538247
-0.0009041722 0.00051138207 0.999999 0.014448065
0 0 0 1
0 0 0 0 0 0 0
0.9999385 0.011082996 0.00019338337 0.77294314
-0.011082912 0.99993867 -0.00012615547 -0.0073544104
-0.00019476582 0.00012405965 1.0000002 0.011414007
0 0 0 1
0 0 0 0 0 0 0
0.99992144 0.012499491 -0.00076427165 0.7926033
-0.012499468 0.99992204 0.00015881397 -0.010603177
0.00076619646 -0.0001493666 0.99999934 0.012219377
0 0 0 1
0 0 0 0 0 0 0
0.99994826 0.010137089 -0.0007271903 0.77703094
-0.010136962 0.9999483 4.621818e-05 1.0393875e-05
0.0007276195 -3.8758768e-05 0.9999998 0.00963334
0 0 0 1
0 0 0 0 0 0 0
0.9999358 0.011375021 -0.0007609378 0.7709667
-0.011374821 0.99993545 0.00038870482 -0.011657868
0.0007653055 -0.00038004707 0.99999946 0.012220527
0 0 0 1
0 0 0 0 0 0 0
0.9999495 0.009957171 -0.0005964697 0.7550299
-0.009957331 0.9999498 -0.00049973396 -0.0009971698
0.00059147674 0.0005056351 0.99999964 0.010449701
0 0 0 1
0 0 0 0 0 0 0
0.9999532 0.009739901 -0.00022825028 0.7288969
-0.00974023 0.9999519 -0.0011432455 -0.008008252
0.00021709269 0.0011454348 0.99999994 0.0106315175
0 0 0 1
0 0 0 0 0 0 0
0.9999472 0.010227031 -0.00025892843 0.7540573
-0.010226881 0.99994767 0.0005277321 -0.001609417
0.00026431607 -0.00052508607 0.99999964 0.015336464
0 0 0 1
0 0 0 0 0 0 0
0.9999686 0.007886329 0.0007225759 0.7298807
-0.007885183 0.999968 -0.0015420947 -0.0035730181
-0.000734715 0.0015364275 0.9999982 0.010550168
0 0 0 1
0 0 0 0 0 0 0
0.99996805 0.007869266 0.0013218672 0.7227246
-0.007866465 0.99996626 -0.002124412 -0.0050407634
-0.0013385364 0.0021139209 0.999997 0.009389411
0 0 0 1
0 0 0 0 0 0 0
0.99998116 0.0059583685 0.0018627446 0.7461685
-0.0059535573 0.99998003 -0.0024088905 -0.0047979155
-0.0018770755 0.002397707 0.9999956 0.014109799
0 0 0 1
0 0 0 0 0 0 0
0.99998856 0.0039810115 0.0022932258 0.69973207
-0.0039729285 0.99998564 -0.0035048102 -0.0032042984
-0.002307133 0.003495659 0.99999124 0.013303009
0 0 0 1
0 0 0 0 0 0 0
0.9999968 0.0023111703 0.0014780245 0.69893074
-0.0023099585 0.99999654 -0.001231531 -0.0044826143
-0.0014808772 0.0012281564 0.99999774 0.012423782
0 0 0 1
0 0 0 0 0 0 0
0.9999979 0.0018613122 0.0007799208 0.70097667
-0.0018603896 0.9999981 -0.0011124484 -0.00017108038
-0.00078197976 0.0011109937 0.99999934 0.011555938
0 0 0 1
0 0 0 0 0 0 0
0.9999994 0.0008483841 -0.00013692299 0.67447895
-0.0008481972 0.99999946 0.00024770133 -0.0012379779
0.00013712651 -0.00024767205 0.9999999 0.011204148
0 0 0 1
0 0 0 0 0 0 0
0.999999 -0.0013301146 -0.00096636947 0.6464039
0.0013291232 0.99999833 -0.0014920048 -0.00018194201
0.00096835196 0.0014907432 0.99999815 0.012741225
0 0 0 1
0 0 0 0 0 0 0
0.9999973 -0.0018747952 -0.0011301755 0.6527698
0.0018735935 0.99999756 -0.00044117804 0.010337201
0.001131005 0.0004391057 0.9999995 0.011329059
0 0 0 1
0 0 0 0 0 0 0
0.9999817 -0.006038588 -0.0007390247 0.6068798
0.0060375454 0.9999815 -0.00097026303 0.0062388093
0.000744887 0.00096570427 0.9999996 0.009570788
0 0 0 1
0 0 0 0 0 0 0
0.99997514 -0.006964903 -0.0008386856 0.6183017
0.006966481 0.9999752 0.0012185076 0.009970081
0.0008301797 -0.0012242767 0.99999905 0.009821314
0 0 0 1
0 0 0 0 0 0 0
0.99991816 -0.012814444 -0.0002666525 0.5775601
0.012814611 0.99991757 0.0006703493 0.014437296
0.0002580328 -0.00067370076 0.9999998 0.008982924
0 0 0 1
0 0 0 0 0 0 0
0.99990964 -0.013443047 -0.0001570888 0.5600437
0.013443237 0.9999092 0.00029693943 0.016068699
0.0001530723 -0.00029894692 0.99999934 0.012125927
0 0 0 1
0 0 0 0 0 0 0
0.9998687 -0.01612861 -0.001797267 0.54652053
0.016129626 0.99986935 0.0005733463 0.021770874
0.0017877901 -0.00060232496 0.99999887 0.008396957
0 0 0 1
0 0 0 0 0 0 0
0.9997695 -0.021302624 -0.0025623809 0.5224938
0.02130445 0.9997731 0.00069450185 0.028650502
0.0025470003 -0.0007488801 0.99999607 0.010755451
0 0 0 1
0 0 0 0 0 0 0
0.9996902 -0.024638528 -0.0034547728 0.52563
0.024644595 0.99969447 0.0017204507 0.015166905
0.0034113382 -0.0018051636 0.99999243 0.00944188
0 0 0 1
0 0 0 0 0 0 0
0.9995872 -0.028667735 -0.0021527659 0.51482326
0.028670337 0.9995883 0.0012080035 0.032227863
0.0021172774 -0.0012691873 0.99999684 0.0050008646
0 0 0 1
0 0 0 0 0 0 0
0.99941754 -0.03411056 0.00027901505 0.51557636
0.034110546 0.99941856 0.00051607913 0.027252523
-0.00029650884 -0.0005062768 1.0000006 0.0062459307
0 0 0 1
0 0 0 0 0 0 0
0.9992793 -0.03789057 0.002187751 0.52171105
0.037889883 0.99928117 0.00032581488 0.042574033
-0.0021984878 -0.00024258703 0.9999971 0.0056948336
0 0 0 1
0 0 0 0 0 0 0
0.9991848 -0.04022667 0.0034389175 0.49181482
0.040223602 0.9991908 0.00076166063 0.03943445
-0.0034667822 -0.00062280055 0.9999939 0.0084466245
0 0 0 1
0 0 0 0 0 0 0
0.99896944 -0.045208704 0.0041941996 0.5347046
0.045200855 0.9989761 0.0019201062 0.044172782
-0.004276711 -0.0017285432 0.999989 0.009902551
0 0 0 1
0 0 0 0 0 0 0
0.99873245 -0.050176322 0.0038923682 0.49015698
0.050164018 0.9987352 0.0032664302 0.05928681
-0.0040513575 -0.0030670494 0.9999872 0.007825974
0 0 0 1
0 0 0 0 0 0 0
0.9985249 -0.054262806 0.0019119297 0.5120123
0.054258384 0.9985236 0.0026010477 0.04135378
-0.002050232 -0.0024934332 0.99999464 0.007974668
0 0 0 1
0 0 0 0 0 0 0
0.99836534 -0.057159923 -0.0002964356 0.50022775
0.05716015 0.99836487 9.986165e-05 0.056797948
0.00029024686 -0.00011669464 1.0000007 0.0035392276
0 0 0 1
0 0 0 0 0 0 0
0.9980284 -0.06273534 -0.0015986689 0.48718512
0.06273127 0.998029 -0.0021276276 0.04973664
0.0017289851 0.0020231442 0.9999959 0.0146447625
0 0 0 1
0 0 0 0 0 0 0
0.9978255 -0.065718696 -0.005085564 0.4605365
0.06570553 0.9978342 -0.0029325634 0.044900943
0.005267297 0.0025921373 0.9999831 0.006717041
0 0 0 1
0 0 0 0 0 0 0
0.99764794 -0.06832809 -0.005453636 0.48030552
0.06831401 0.9976598 -0.00271514 0.06331004
0.005626323 0.0023360858 0.99998146 0.008523084
0 0 0 1
0 0 0 0 0 0 0
0.9976103 -0.068962365 -0.0042977477 0.4612395
0.0689705 0.99761677 0.0019725433 0.04961062
0.0041515524 -0.0022641856 0.99998826 0.000780771
0 0 0 1
0 0 0 0 0 0 0
0.99763304 -0.06868021 -0.0030531923 0.47782347
0.068685286 0.9976375 0.0015446539 0.06798971
0.0029398943 -0.0017506167 0.999995 -0.003050366
0 0 0 1
0 0 0 0 0 0 0
0.9977346 -0.06724905 -0.00218977 0.4601081
0.06724888 0.9977363 -0.00040315543 0.057302892
0.0022119386 0.00025491076 0.99999726 0.0033075085
0 0 0 1
0 0 0 0 0 0 0
0.9977639 -0.066838585 9.130852e-05 0.44300076
0.0668387 0.99776196 -0.0020712784 0.04494263
4.728922e-05 0.0020727294 0.99999774 0.0021999616
0 0 0 1
0 0 0 0 0 0 0
0.99774754 -0.06688019 0.005088081 0.4884005
0.066882044 0.99776083 -0.00033611443 0.067211896
-0.005054179 0.0006757486 0.9999865 0.0063108956
0 0 0 1
0 0 0 0 0 0 0
0.9977195 -0.06724465 0.0058944696 0.46376827
0.06725121 0.99773556 -0.0009529019 0.06262684
-0.005817093 0.0013470895 0.9999825 0.0019776246
0 0 0 1
0 0 0 0 0 0 0
0.9978378 -0.065460734 0.0059295357 0.44591364
0.065458246 0.99785465 0.0006535998 0.051985417
-0.005959584 -0.00026404808 0.9999819 0.0069486448
0 0 0 1
0 0 0 0 0 0 0
0.9980694 -0.061853938 0.0056479326 0.48441672
0.06185079 0.9980853 0.00078687863 0.058049526
-0.0056858095 -0.00043605207 0.9999842 0.0030418904
0 0 0 1
0 0 0 0 0 0 0
0.99835753 -0.05706738 0.00500606 0.47100857
0.05705582 0.99836874 0.0022989868 0.054799933
-0.0051290877 -0.0020095834 0.99998486 0.012848663
0 0 0 1
0 0 0 0 0 0 0
0.9987573 -0.04976333 0.0027238904 0.45772704
0.04975366 0.9987542 0.0037003872 0.054897178
-0.0029046293 -0.0035602762 0.9999898 0.0138758235
0 0 0 1
0 0 0 0 0 0 0
0.9990597 -0.043360315 0.00069110864 0.49262625
0.043356106 0.9990422 0.005865745 0.052200165
-0.00094479666 -0.005830251 0.99998176 0.002952603
0 0 0 1
0 0 0 0 0 0 0
0.9993156 -0.03694279 -0.0013400136 0.46688545
0.03694844 0.99930423 0.0052072466 0.041176487
0.001146712 -0.0052531487 0.99998593 0.0067009237
0 0 0 1
0 0 0 0 0 0 0
0.9994631 -0.032717153 -0.0020429618 0.49021953
0.032720774 0.9994633 0.0012245197 0.03152577
0.0020017987 -0.0012907308 0.99999726 -0.007005062
0 0 0 1
0 0 0 0 0 0 0
0.99972737 -0.023328684 0.0003184512 0.49320832
0.02332955 0.99971706 -0.0047186553 0.011504987
-0.00020827018 0.0047247596 0.9999889 0.012958031
0 0 0 1
0 0 0 0 0 0 0
0.99987435 -0.015891578 0.00013253387 0.4963925
0.01589152 0.9998683 -0.0031516515 0.012340305
-8.243906e-05 0.0031533607 0.9999947 0.008243093
0 0 0 1
0 0 0 0 0 0 0
0.99990237 -0.013955802 -0.00050873455 0.5241195
0.013958096 0.9998969 0.0034962827 0.016144907
0.000459882 -0.0035030418 0.9999942 0.0043388805
0 0 0 1
0 0 0 0 0 0 0
0.99995947 -0.008901898 -0.00014765421 0.49266186
0.00890178 0.9999444 0.0057035177 0.0234922
9.688772e-05 -0.005704532 0.9999838 -0.0017828671
0 0 0 1
0 0 0 0 0 0 0
0.9999765 -0.00672383 -0.0015693023 0.53380793
0.0067346273 0.9999566 0.0063951253 0.02192535
0.0015262376 -0.0064056395 0.99997747 0.0020127245
0 0 0 1
0 0 0 0 0 0 0
0.9999897 -0.0027196356 -0.0036805032 0.5244056
0.0027426225 0.99997663 0.0063239858 0.017354093
0.003663192 -0.00633395 0.99997336 0.003821027
0 0 0 1
0 0 0 0 0 0 0
0.9999969 -0.0010101473 -0.0024336774 0.5382728
0.0010122218 0.9999986 0.00094113953 0.002948453
0.0024327294 -0.0009437148 0.999997 0.008088222
0 0 0 1
0 0 0 0 0 0 0
0.9999904 0.0024722267 -0.0035685815 0.5588929
-0.002479674 0.99999434 -0.0022412038 -0.0073366077
0.0035630516 0.0022500681 0.99999154 0.0034000236
0 0 0 1
0 0 0 0 0 0 0
0.9999715 0.0045387396 -0.005929646 0.556592
-0.004552394 0.99998736 -0.0021961322 -0.0072681927
0.0059195645 0.0022230651 0.9999792 0.004260328
0 0 0 1
0 0 0 0 0 0 0
0.99997985 0.0045699845 -0.0044402103 0.5747021
-0.0045665037 0.999989 0.00080011814 -0.0015511307
0.004443861 -0.0007798237 0.9999903 0.0010025502
0 0 0 1
0 0 0 0 0 0 0
0.9999912 0.004177247 0.0004132569 0.60035664
-0.0041792467 0.99998516 0.003542727 0.0018194373
-0.0003985067 -0.0035443306 0.9999938 -0.0052795094
0 0 0 1
0 0 0 0 0 0 0
0.9999742 0.0059859687 0.0039730542 0.602107
-0.0059991265 0.9999761 0.0034152714 0.011870914
-0.0039524813 -0.0034390304 0.9999855 -0.0010304812
0 0 0 1
0 0 0 0 0 0 0
0.99998045 0.004347787 0.0046455604 0.63112473
-0.0043425756 0.9999899 -0.00095438247 -0.008306151
-0.00464966 0.00093402644 0.9999893 0.0072574564
0 0 0 1
0 0 0 0 0 0 0
0.99997413 0.0040421984 0.005817231 0.6241772
-0.0040252334 0.99998766 -0.0031065424 -0.0066865077
-0.0058297347 0.0030832526 0.99997777 0.004649128
0 0 0 1
0 0 0 0 0 0 0
0.99998134 0.003539615 0.00507613 0.6433722
-0.00352926 0.9999918 -0.001956034 -0.0029839212
-0.0050829924 0.0019380421 0.99998564 0.0057297763
0 0 0 1
0 0 0 0 0 0 0
0.99999446 0.0031851449 0.0009868841 0.66646725
-0.003180834 0.99998605 -0.004165731 -0.007916827
-0.0010001393 0.0041624834 0.9999908 0.006867788
0 0 0 1
0 0 0 0 0 0 0
0.99999523 0.0010182854 -0.0028942903 0.65681106
-0.0010295094 0.9999919 -0.0037299122 -0.005776792
0.0028904662 0.003732868 0.9999892 0.007857343
0 0 0 1
0 0 0 0 0 0 0
0.99997604 -0.00048843486 -0.006908901 0.65415937
0.00046416817 0.9999947 -0.0034735708 -0.003979586
0.0069105397 0.0034703508 0.9999701 0.0062122983
0 0 0 1
0 0 0 0 0 0 0
0.99997956 -0.0006754918 -0.006338458 0.67938304
0.0006948541 0.99999547 0.0029591417 0.0067959744
0.0063364087 -0.002963584 0.99997544 0.0041151578
0 0 0 1
0 0 0 0 0 0 0
0.9999914 -0.00253963 -0.0031932443 0.6803245
0.0025475926 0.9999929 0.0025261294 0.0025313501
0.0031868464 -0.002534179 0.9999917 -0.0025406957
0 0 0 1
0 0 0 0 0 0 0
0.9999909 -0.00274379 0.0034424243 0.71772057
