0 0 0 0 0 0 0
0.9998631 0.01656196 -0.00065217284 0.13506795
-0.016561387 0.9998629 0.0008257601 0.002991519
0.0006657603 -0.0008148467 1.0 0.014516115
0 0 0 1
0 0 0 0 0 0 0
0.9997792 0.02098428 0.00045756236 0.14136119
-0.020985812 0.9997724 0.0035832357 -0.009028434
-0.0003822709 -0.00359205 0.99999267 0.0035872573
0 0 0 1
0 0 0 0 0 0 0
0.9996094 0.027892493 0.001993414 0.16724814
-0.027896766 0.9996095 0.0021593876 0.00915358
-0.0019324037 -0.002214149 0.99999636 0.002272722
0 0 0 1
0 0 0 0 0 0 0
0.99946094 0.032710236 0.0026440492 0.18285602
-0.03270839 0.9994644 -0.0007627474 -0.024750872
-0.0026675772 0.0006758642 0.9999959 0.0023356008
0 0 0 1
0 0 0 0 0 0 0
0.9992482 0.038674545 0.0026181177 0.21797389
-0.03866737 0.99924767 -0.0027492973 -0.06216616
-0.0027224864 0.0026459796 0.99999243 0.00055530766
0 0 0 1
0 0 0 0 0 0 0
0.99918234 0.0404323 0.0007490177 0.1959276
-0.040429488 0.99917793 -0.003155839 -0.018880025
-0.0008759899 0.0031229735 0.99999535 0.0033019972
0 0 0 1
0 0 0 0 0 0 0
0.99896884 0.04536202 0.0017313019 0.24145944
-0.04536226 0.99897045 0.00022047202 -0.041830417
-0.0017195193 -0.00029878225 0.9999984 0.0007282268
0 0 0 1
0 0 0 0 0 0 0
0.99881333 0.048580382 0.0034042145 0.21905719
-0.048584606 0.99881876 0.0011397392 -0.020540657
-0.0033448103 -0.0013037567 0.99999285 -0.0034110742
0 0 0 1
0 0 0 0 0 0 0
0.99879944 0.048525404 0.0067985887 0.2776206
-0.04851457 0.998821 -0.0018102516 -0.054999303
-0.006878459 0.0014782354 0.9999754 -0.00047871153
0 0 0 1
0 0 0 0 0 0 0
0.9986987 0.050264876 0.008584327 0.24736181
-0.050202694 0.9987115 -0.007305193 -0.016205532
-0.008940453 0.0068647633 0.9999369 0.015324837
0 0 0 1
0 0 0 0 0 0 0
0.9984137 0.056088075 0.0049541495 0.268343
-0.05606815 0.9984201 -0.0038625498 -0.04060993
-0.005162977 0.0035786363 0.9999798 0.007486072
0 0 0 1
0 0 0 0 0 0 0
0.9982483 0.059050784 0.0035528091 0.3618528
-0.05905094 0.9982545 -0.00035449266 -0.018791746
-0.0035675347 0.0001440134 0.99999404 0.0063138674
0 0 0 1
0 0 0 0 0 0 0
0.9983878 0.056579687 0.0045756507 0.2511974
-0.05658148 0.9983983 0.0002598348 -0.06043885
-0.004553591 -0.00051825953 0.9999898 -0.0011388616
0 0 0 1
0 0 0 0 0 0 0
0.99815875 0.060474467 0.0047145826 0.3424753
-0.060459193 0.9981648 -0.0033960945 -0.09916486
-0.0049113748 0.0031047873 0.9999832 0.0074682995
0 0 0 1
0 0 0 0 0 0 0
0.9982306 0.059377473 0.0031136638 0.2787652
-0.05936305 0.9982265 -0.0044120243 -0.039750446
-0.0033700443 0.0042194156 0.99998534 0.0065782433
0 0 0 1
0 0 0 0 0 0 0
0.998302 0.05819677 0.0023718863 0.38033706
-0.05818613 0.99829787 -0.0040156767 -0.06751689
-0.0026015595 0.0038708923 0.99998826 0.0056636315
0 0 0 1
0 0 0 0 0 0 0
0.9982225 0.059603456 0.0012075842 0.33409736
-0.059599053 0.9982154 -0.0037610305 -0.039618164
-0.0014295295 0.0036823715 0.99999225 0.0038216396
0 0 0 1
0 0 0 0 0 0 0
0.9982661 0.05885544 0.0006308342 0.38214266
-0.058854908 0.99826556 -0.0016852892 -0.028248562
-0.0007289811 0.0016451739 0.99999917 0.003726776
0 0 0 1
0 0 0 0 0 0 0
0.9984253 0.05604593 0.002319253 0.39064258
-0.056049217 0.9984255 0.0016645318 -0.05665777
-0.0022223622 -0.0017919118 0.99999547 -0.0014875763
0 0 0 1
0 0 0 0 0 0 0
0.9985391 0.05400187 0.0014993313 0.3994289
-0.05400261 0.9985411 0.00026103551 -0.015264319
-0.0014829953 -0.00034156648 0.99999845 0.0060296324
0 0 0 1
0 0 0 0 0 0 0
0.9988919 0.047044765 0.0013611875 0.44235992
-0.047044657 0.9988929 -0.00016186522 -0.08264923
-0.0013673013 9.7591954e-05 0.99999994 0.0025349944
0 0 0 1
0 0 0 0 0 0 0
0.9988599 0.04769372 0.0022301392 0.45694047
-0.047690026 0.9988601 -0.001914109 0.0037344988
-0.0023189036 0.0018055086 0.9999953 0.00839773
0 0 0 1
0 0 0 0 0 0 0
0.99919605 0.04008647 0.0004973758 0.4808246
-0.04008651 0.9991958 0.00080980663 -0.07235064
-0.00046441995 -0.00082906237 1.0 0.0022003986
0 0 0 1
0 0 0 0 0 0 0
0.99908584 0.042721596 -0.0011897758 0.48092708
-0.042722747 0.9990869 -0.00084713474 -0.014950494
0.0011524293 0.00089722726 0.9999981 0.002533942
0 0 0 1
0 0 0 0 0 0 0
0.99927396 0.038020458 -0.0027546054 0.533629
-0.038028564 0.9992721 -0.0030065796 -0.03304044
0.002638307 0.0031091347 0.99999195 0.005976062
0 0 0 1
0 0 0 0 0 0 0
0.9995537 0.02969571 -0.0030759678 0.54900354
-0.029706199 0.9995531 -0.003529036 -0.058471512
0.0029697644 0.0036188886 0.99998873 0.002560571
0 0 0 1
0 0 0 0 0 0 0
0.9995936 0.028393375 -0.0027084614 0.5490153
-0.028397745 0.9995946 -0.0017847866 -0.024957856
0.0026567285 0.0018609813 0.99999505 0.0011825155
0 0 0 1
0 0 0 0 0 0 0
0.9997381 0.022821726 -0.0013694972 0.6375717
-0.022825025 0.999738 -0.001888417 0.0018852548
0.0013259639 0.0019191805 0.9999978 0.0034477273
0 0 0 1
0 0 0 0 0 0 0
0.9998912 0.014763117 0.00022856408 0.62403125
-0.014763165 0.9998891 -0.0019179281 -0.027245604
-0.00025676552 0.0019143225 0.99999785 -0.0013686997
0 0 0 1
0 0 0 0 0 0 0
0.9999105 0.013362528 0.001049261 0.6598653
-0.013360369 0.99990904 -0.0015882418 -0.0037222847
-0.0010704047 0.0015740446 0.9999985 0.007704798
0 0 0 1
0 0 0 0 0 0 0
0.9999583 0.008879788 0.0022640903 0.6597778
-0.008880492 0.99996096 0.0005244465 -0.017074827
-0.002259283 -0.00054445583 0.99999666 0.0008742105
0 0 0 1
0 0 0 0 0 0 0
0.9999188 0.012532503 0.0021296227 0.7102617
-0.01253599 0.9999201 0.0016306501 -0.007436272
-0.0021091185 -0.0016572395 0.9999962 0.004384052
0 0 0 1
0 0 0 0 0 0 0
0.9999454 0.010273548 0.0020941093 0.74856085
-0.010273206 0.9999472 -0.00010117929 -0.011095551
-0.002094966 7.961667e-05 0.9999979 0.005181407
0 0 0 1
0 0 0 0 0 0 0
0.9999386 0.01080086 0.0022342887 0.7115318
-0.01080177 0.9999416 0.00035687687 -0.013837669
-0.0022303073 -0.00038092645 0.99999774 0.007342589
0 0 0 1
0 0 0 0 0 0 0
0.9999475 0.010104539 0.0017590385 0.7686834
-0.010104239 0.9999482 -0.00020690516 -0.016630016
-0.0017611043 0.00018908393 0.9999986 0.006023155
0 0 0 1
0 0 0 0 0 0 0
0.99991566 0.012936102 0.0014210028 0.7913813
-0.012936967 0.9999169 0.00018936594 0.011125722
-0.0014184578 -0.00020776132 0.9999989 0.0113001745
0 0 0 1
0 0 0 0 0 0 0
0.9999451 0.009906569 0.0031622243 0.819348
-0.009908291 0.9999506 0.0004138271 -0.006541707
-0.0031579211 -0.00044510278 0.9999949 0.009788292
0 0 0 1
0 0 0 0 0 0 0
0.999945 0.009674923 0.004136354 0.7607248
-0.009680558 0.99995214 0.0014662301 -0.036535867
-0.0041219685 -0.0015062635 0.9999898 0.0038288338
0 0 0 1
0 0 0 0 0 0 0
0.99989176 0.014252357 0.0037068666 0.8284294
-0.014250476 0.999898 -0.00066342845 0.0041096834
-0.0037159417 0.00061054336 0.99999315 0.013069212
0 0 0 1
0 0 0 0 0 0 0
0.99991447 0.012795033 0.0026707829 0.8083112
-0.012794142 0.9999187 4.6247376e-05 -0.00741999
-0.0026699842 -8.034465e-05 0.9999964 0.014620226
0 0 0 1
0 0 0 0 0 0 0
0.99989223 0.014630376 0.0008654627 0.84528255
-0.014630725 0.9998926 0.00029263282 -0.021754298
-0.00086107594 -0.00030522584 0.9999993 0.018956916
0 0 0 1
0 0 0 0 0 0 0
0.9998997 0.014166538 -0.0005546459 0.7747954
-0.014167155 0.99989927 0.00027923763 -0.002330111
0.00055862096 -0.00027146807 1.0000001 0.011355258
0 0 0 1
0 0 0 0 0 0 0
0.99984443 0.017587237 -0.0012971146 0.90404385
-0.017586684 0.9998456 0.00032344024 -0.02153993
0.0013024798 -0.00030055613 0.9999992 0.015352372
0 0 0 1
0 0 0 0 0 0 0
0.99978906 0.020531468 -0.00082338194 0.78539
-0.020529972 0.99978805 0.001520358 -0.012508101
0.0008545332 -0.0015031009 0.99999887 0.0123653915
0 0 0 1
0 0 0 0 0 0 0
0.9997075 0.02416722 -0.0007751611 0.8406642
-0.024165273 0.9997057 0.0023348057 -0.012074843
0.00083130674 -0.0023153548 0.99999666 0.013073565
0 0 0 1
0 0 0 0 0 0 0
0.9995151 0.03113707 -5.951026e-05 0.8251785
-0.031136822 0.99951136 0.0026260258 -0.033186004
0.0001412161 -0.0026230235 0.9999961 0.014285382
0 0 0 1
0 0 0 0 0 0 0
0.9993663 0.035607755 0.00020863298 0.90479004
-0.03560774 0.9993658 0.0006507589 -0.03160209
-0.00018528634 -0.0006576882 1.0000001 0.015766464
0 0 0 1
0 0 0 0 0 0 0
0.99948454 0.032079138 -0.0005932162 0.81513983
-0.03207937 0.9994852 -0.00024250738 -0.023022404
0.0005851015 0.0002614464 1.0 0.013109923
0 0 0 1
0 0 0 0 0 0 0
0.99935526 0.03591934 -0.00059013115 0.8573803
-0.035919745 0.9993541 -0.0007184691 -0.037649903
0.00056389783 0.0007391751 0.99999964 0.017216286
0 0 0 1
0 0 0 0 0 0 0
0.9994571 0.032870032 -0.0018669437 0.8620469
-0.032869123 0.99945986 0.00058663305 -0.00083237415
0.001885209 -0.0005249421 0.999998 0.01398239
0 0 0 1
0 0 0 0 0 0 0
0.99952006 0.030867312 -0.0028214788 0.82683307
-0.030865138 0.9995226 0.00090679934 -0.0429798
0.0028481733 -0.0008193393 0.99999565 0.009920272
0 0 0 1
0 0 0 0 0 0 0
0.99943674 0.033357993 -0.0036039758 0.91299486
-0.033374403 0.99943304 -0.0044820453 -0.015542286
0.003452345 0.004599837 0.9999833 0.018961692
0 0 0 1
0 0 0 0 0 0 0
0.99953026 0.030300133 -0.004562288 0.8267421
-0.03032619 0.99952275 -0.0059339106 -0.06818199
0.0043803873 0.0060694506 0.9999715 0.01465498
0 0 0 1
0 0 0 0 0 0 0
0.99938893 0.034645833 -0.0046502887 0.8188411
-0.03467911 0.9993725 -0.0072583607 -0.016836738
0.004395934 0.007415219 0.999963 0.015035858
0 0 0 1
0 0 0 0 0 0 0
0.99962837 0.02695927 -0.004015345 0.8384415
-0.02698726 0.9996111 -0.0070212036 -0.062782
0.0038244382 0.0071269553 0.99996805 0.012227528
0 0 0 1
0 0 0 0 0 0 0
0.99947554 0.032035876 -0.0048531857 0.8872521
-0.032077346 0.99944705 -0.008748104 -0.02500214
0.0045702313 0.008899182 0.99994975 0.011013132
0 0 0 1
0 0 0 0 0 0 0
0.999605 0.026649144 -0.008905175 0.925722
-0.026709441 0.9996203 -0.006736552 -0.031686805
0.008722308 0.006971747 0.9999371 0.02253014
0 0 0 1
0 0 0 0 0 0 0
0.9995723 0.025555102 -0.0141657805 0.79374206
-0.025615927 0.99966365 -0.0041329055 -0.021182634
0.014055394 0.004494012 0.99989164 0.019017698
0 0 0 1
0 0 0 0 0 0 0
0.99943286 0.028820371 -0.017450918 0.87077665
-0.028835407 0.9995838 -0.0005964856 -0.009679046
0.017426476 0.0010993693 0.9998474 0.01633292
0 0 0 1
0 0 0 0 0 0 0
0.9995741 0.024809223 -0.015374551 0.7829124
-0.024777532 0.9996909 0.0022149992 -0.04207512
0.015424702 -0.0018331368 0.9998795 0.008826087
0 0 0 1
0 0 0 0 0 0 0
0.9995575 0.02791368 -0.010246601 0.84902495
-0.027941957 0.99960554 -0.0025987676 -0.022476546
0.010170129 0.002883969 0.9999442 0.010177144
0 0 0 1
0 0 0 0 0 0 0
0.9996735 0.025235109 -0.0039690905 0.8534272
-0.025246697 0.99967676 -0.002878865 -0.015133323
0.0038950779 0.0029780522 0.9999877 0.0089566875
0 0 0 1
0 0 0 0 0 0 0
0.9997006 0.02441785 0.0016473143 0.8395926
-0.024414595 0.9997014 -0.0013101816 -0.028456548
-0.0016788327 0.0012696084 0.9999978 0.01263567
0 0 0 1
0 0 0 0 0 0 0
0.999735 0.022545418 0.0047723195 0.85776675
-0.022532413 0.99974144 -0.0029141344 -0.017276542
-0.0048368447 0.002805862 0.99998474 0.009593689
0 0 0 1
0 0 0 0 0 0 0
0.99983793 0.017420959 0.0045690727 0.99262136
-0.017388923 0.99982506 -0.0069421353 -0.08972881
-0.0046891063 0.0068615475 0.9999649 0.0085496865
0 0 0 1
0 0 0 0 0 0 0
0.99982506 0.018616134 0.0012432933 0.69431126
-0.018612811 0.99982244 -0.0031673978 0.041548558
-0.0013021114 0.0031436754 0.9999947 0.02169696
0 0 0 1
0 0 0 0 0 0 0
0.99992585 0.012053817 -0.002095508 0.8134542
-0.0120582925 0.99992424 -0.0022617998 -0.025180353
0.0020681007 0.0022869385 0.9999944 0.021698704
0 0 0 1
0 0 0 0 0 0 0
0.9999179 0.012548939 -0.0023492665 0.7716718
-0.012551361 0.99992055 -0.0011577007 0.0032407523
0.002334604 0.0011870272 0.9999967 0.012613196
0 0 0 1
0 0 0 0 0 0 0
0.99993426 0.011193053 -0.0026360315 0.79157215
-0.011175069 0.9999142 0.006900936 0.0021853992
0.0027130686 -0.006870936 0.99997306 0.022481002
0 0 0 1
0 0 0 0 0 0 0
0.99991417 0.013091351 8.256654e-05 0.8495648
-0.013091758 0.9999124 0.0017843196 -0.00017032855
-5.929667e-05 -0.0017853483 0.9999983 0.0044403234
0 0 0 1
0 0 0 0 0 0 0
0.99994767 0.010275669 -0.0002547656 0.781025
-0.010276258 0.9999452 -0.0019048213 -0.0062611294
0.0002351503 0.0019073423 0.9999984 0.012561144
0 0 0 1
0 0 0 0 0 0 0
0.99995375 0.009409907 -0.0015003593 0.78621805
-0.009413607 0.99995047 -0.003256369 -0.008328814
0.0014697502 0.0032704414 0.9999934 0.013068234
0 0 0 1
0 0 0 0 0 0 0
0.9999861 0.004072286 -0.0033819652 0.8527166
-0.0040741106 0.99999154 -0.0004074522 -0.0035941468
0.0033803051 0.00042117605 0.99999434 0.010075481
0 0 0 1
0 0 0 0 0 0 0
0.99999714 -0.00048583592 -0.0022843843 0.8347038
0.0004872936 0.9999996 0.0008251842 -0.003223934
0.002283963 -0.00082633446 0.99999696 0.005737353
0 0 0 1
0 0 0 0 0 0 0
0.999995 -0.0031619929 0.00083321973 0.82123387
0.0031649936 0.9999906 -0.0030410415 0.017868534
-0.00082368543 0.0030436995 0.99999535 0.0035554885
0 0 0 1
0 0 0 0 0 0 0
0.9999715 -0.0076028607 0.0003278264 0.9255696
0.0076019783 0.99997085 0.0008281752 0.0032560588
-0.0003340583 -0.00082563236 0.9999996 0.01097601
0 0 0 1
0 0 0 0 0 0 0
0.99996275 -0.008578017 1.2149249e-05 0.8704948
0.008578329 0.99995995 0.0025668181 0.015561298
-3.413234e-05 -0.0025666342 0.9999962 0.00478146
0 0 0 1
0 0 0 0 0 0 0
0.9999692 -0.007860297 3.1736326e-05 0.88391066
0.007860924 0.99996746 0.0013818198 0.006145983
-4.264003e-05 -0.001381556 0.9999997 0.0082708495
0 0 0 1
0 0 0 0 0 0 0
0.99996 -0.008978653 -2.5051277e-05 0.9718036
0.008978074 0.9999572 0.0024165655 0.006993905
3.3290314e-06 -0.002416735 0.99999654 0.00688446
0 0 0 1
0 0 0 0 0 0 0
0.99998987 -0.0044343555 -0.00013052739 0.9147538
0.0044342554 0.9999816 0.004134495 0.02943767
0.00011223396 -0.0041349926 0.9999914 0.01044885
0 0 0 1
0 0 0 0 0 0 0
0.9999955 -0.0027519092 0.00086522475 0.96979666
0.0027479369 0.9999849 0.0046956483 0.007422112
-0.0008781556 -0.004693205 0.9999889 0.0026976338
0 0 0 1
0 0 0 0 0 0 0
0.99999905 0.0009407991 0.0012260982 0.96233416
-0.0009441107 0.9999966 0.0025841764 0.0076066973
-0.0012236364 -0.0025853575 0.9999957 0.008839658
0 0 0 1
0 0 0 0 0 0 0
0.9999991 0.0012038833 0.00066273037 0.9875299
-0.001204638 0.9999976 0.0019171933 0.012615057
-0.0006604544 -0.0019179884 0.99999774 0.010068466
0 0 0 1
0 0 0 0 0 0 0
1.0000002 -0.000164627 6.10438e-05 1.0025887
0.00016482275 0.999999 -0.0007402927 -0.006036759
-6.095519e-05 0.0007402879 1.0000005 0.004898243
0 0 0 1
0 0 0 0 0 0 0
0.9999991 0.00042098344 0.0013252326 0.9949162
-0.00042156654 1.0000001 0.00052579877 0.008374892
-0.0013249927 -0.0005263023 0.99999887 0.009705414
0 0 0 1
0 0 0 0 0 0 0
0.9999997 -0.00032659594 0.0007341924 1.0260401
0.00032692088 0.9999999 -0.0003293377 -0.001146889
-0.00073404884 0.00032949873 0.9999992 0.011439408
0 0 0 1
0 0 0 0 0 0 0
0.99999917 0.0004001367 0.00046144138 1.04955
-0.00040082395 1.0000001 0.00015936348 -0.00060958246
-0.00046146318 -0.00015947418 0.9999996 0.015712496
0 0 0 1
0 0 0 0 0 0 0
0.99999994 -0.00014292897 0.00079918985 1.0501195
0.00014201403 0.99999726 0.0021421467 0.016019892
-0.00079943077 -0.0021420904 0.99999785 0.009701336
0 0 0 1
0 0 0 0 0 0 0
0.99999994 0.00026126523 0.00048481408 1.0267423
-0.0002625763 1.0000001 9.892689e-05 0.0034316187
-0.00048474327 -9.903688e-05 0.9999995 0.016100617
0 0 0 1
0 0 0 0 0 0 0
0.9999996 -0.0012466465 -3.7858008e-05 1.0513241
0.0012472813 0.999998 0.0016128417 0.0064145606
3.5741105e-05 -0.0016129452 0.9999992 0.018211994
0 0 0 1
0 0 0 0 0 0 0
0.999998 -0.0011453318 0.0015752467 1.019186
0.0011451555 0.99999964 -3.118473e-05 -0.00031608564
-0.0015751639 3.303979e-05 0.9999982 0.014248635
0 0 0 1
0 0 0 0 0 0 0
0.9999957 -0.0013807722 0.002320624 1.006495
0.0013829581 0.99999845 -0.00078708207 0.022124229
-0.0023194572 0.00079032156 0.9999976 0.018488066
0 0 0 1
0 0 0 0 0 0 0
0.99999005 -0.00394719 0.0023789837 1.0362206
0.0039494466 0.99999195 -0.000610828 -0.005440365
-0.0023765627 0.00062014675 0.9999968 0.018302413
0 0 0 1
0 0 0 0 0 0 0
0.9999967 -0.0025445246 0.00045053617 1.0317082
0.0025436415 0.9999968 -6.735635e-05 0.017403098
-0.0004503306 6.8532754e-05 1.0000001 0.018680671
0 0 0 1
0 0 0 0 0 0 0
0.99999624 -0.0023768109 0.00015298642 1.0066537
0.0023770935 0.9999971 -0.0007745765 -0.005145943
-0.00015118846 0.0007750107 0.99999976 0.01708985
0 0 0 1
0 0 0 0 0 0 0
0.999999 -0.0016433211 -0.0007937406 1.0385959
0.0016433919 0.99999845 -8.4031135e-06 -0.0023554768
0.0007937383 7.0226843e-06 0.9999993 0.016152313
0 0 0 1
0 0 0 0 0 0 0
0.9999979 0.0004253095 -0.0020562415 1.0074687
-0.00042458644 0.9999994 0.00042597347 -0.002087898
0.0020564252 -0.00042510152 0.9999973 0.017788142
0 0 0 1
0 0 0 0 0 0 0
0.9999884 0.0040517915 -0.0023732746 0.98732764
-0.004046818 0.99999106 0.0018982453 0.024254104
0.002380996 -0.0018886353 0.9999958 0.025687294
0 0 0 1
0 0 0 0 0 0 0
0.999986 0.005237965 -0.0014949056 1.0032077
-0.0052361228 0.99998534 0.001025335 -0.0027764842
0.0015001625 -0.001017506 0.99999815 0.012968018
0 0 0 1
0 0 0 0 0 0 0
0.99997944 0.0061584767 0.0013341847 1.0025551
-0.006160059 0.9999806 0.00088764285 0.0027963598
-0.0013285795 -0.0008958421 0.9999993 0.019167127
0 0 0 1
0 0 0 0 0 0 0
0.9999676 0.0069117895 0.004302475 0.98937684
-0.0068957014 0.9999691 -0.0037857215 0.00092949695
-0.00432862 0.0037559993 0.999983 0.014978191
0 0 0 1
0 0 0 0 0 0 0
0.99997765 0.006562906 0.00095984264 1.0263239
-0.006565633 0.99997354 0.0030089228 0.019088699
-0.0009401 -0.0030152 0.999995 0.021905888
0 0 0 1
0 0 0 0 0 0 0
0.99998134 0.005720568 -0.0019260005 0.9675139
-0.0057221833 0.9999838 -0.00074327266 -0.0046961866
0.0019217981 0.0007543326 0.99999774 0.021569507
0 0 0 1
0 0 0 0 0 0 0
0.99997926 0.005655466 -0.0030594505 0.9891691
-0.005657142 0.9999832 -0.000668189 -0.017390257
0.003055617 0.0006854129 0.99999505 0.01318665
0 0 0 1
0 0 0 0 0 0 0
0.99998873 0.0047554085 -0.0009371938 1.0049078
-0.0047532534 0.9999872 0.0020558017 0.0005133411
0.00094695017 -0.0020513406 0.9999977 0.01856999
0 0 0 1
0 0 0 0 0 0 0
0.9999902 0.0042270636 -0.0010413384 0.97240365
-0.004225659 0.99999017 0.0011299736 0.0077979714
0.0010461311 -0.0011255085 0.9999994 0.019706786
0 0 0 1
0 0 0 0 0 0 0
0.9999905 0.004228144 0.00071506394 0.9670582
-0.004229409 0.999991 -0.00020688795 0.0041920645
-0.0007158884 0.00020388475 0.99999905 0.016619336
0 0 0 1
0 0 0 0 0 0 0
0.9999571 0.0023525509 0.009027145 1.0169647
-0.002336027 0.9999962 -0.0017533774 -0.00863286
-0.009031248 0.0017321643 0.9999582 0.011142364
0 0 0 1
0 0 0 0 0 0 0
0.99994344 0.0028572984 0.010256719 0.9640631
-0.0028511996 0.99999535 -0.00061045267 0.0051005757
-0.010258531 0.0005811972 0.99994653 0.02050049
0 0 0 1
0 0 0 0 0 0 0
0.9999917 0.002745187 0.0028964302 0.97831404
-0.0027460451 0.99999636 0.00038210943 0.016705772
-0.0028953315 -0.00039007675 0.9999958 0.023967957
0 0 0 1
0 0 0 0 0 0 0
0.99998575 0.0013485065 -0.00528982 0.9086144
-0.0013516106 0.9999986 -0.00058906764 0.0032296942
0.005289034 0.0005961989 0.9999861 0.013169323
0 0 0 1
0 0 0 0 0 0 0
0.9999769 0.0021798708 -0.0063587623 0.95786524
-0.0021850239 0.9999977 -0.0006655101 0.005480199
0.0063572554 0.00067936827 0.99997914 0.022869132
0 0 0 1
0 0 0 0 0 0 0
0.9999969 0.0006683477 -0.002146519 0.9426144
-0.00068045995 0.9999826 -0.005739893 -0.0034857271
0.0021427614 0.0057413806 0.99998176 0.011066999
0 0 0 1
0 0 0 0 0 0 0
0.99999934 0.00031565194 0.001605384 0.92809355
-0.00030874033 0.9999941 -0.003538609 -0.0110843945
-0.0016065764 0.0035380467 0.99999213 0.017908217
0 0 0 1
0 0 0 0 0 0 0
0.9999945 -0.0012346545 0.0028898949 0.98818016
0.001234696 0.99999917 -0.000332113 0.0055737337
-0.002889376 0.0003357079 0.9999965 0.01795516
0 0 0 1
0 0 0 0 0 0 0
0.99998754 -0.0004704942 0.0050207363 0.9374069
0.00046033072 0.99999774 0.0019495719 0.008279812
-0.0050217686 -0.0019471629 0.9999847 0.0055455267
0 0 0 1
0 0 0 0 0 0 0
0.9999838 -0.00090533553 0.00562086 0.9439365
0.00089695706 0.99999845 0.0015845384 0.00693635
-0.0056222146 -0.0015794985 0.9999832 0.019666158
0 0 0 1
0 0 0 0 0 0 0
0.99999696 -0.00082630117 0.0024581426 0.93023044
0.0008040567 0.9999588 0.009052523 0.01758788
-0.002465571 -0.009050533 0.9999562 0.018002689
0 0 0 1
0 0 0 0 0 0 0
0.9999981 -0.001639125 0.0008433915 0.9385165
0.0016320265 0.99996316 0.008425768 0.024223577
-0.00085714593 -0.008424377 0.9999646 0.011084498
0 0 0 1
0 0 0 0 0 0 0
0.9999954 -0.0025864197 0.0017608901 0.92791593
0.002592516 0.9999911 -0.0034406981 0.007838913
-0.0017519876 0.0034452488 0.9999924 0.016427698
0 0 0 1
0 0 0 0 0 0 0
0.9999964 -0.0024400814 -0.0009675633 0.9298184
0.00243495 0.9999829 -0.005302043 0.0025794646
0.000980496 0.0052997163 0.9999853 0.020692302
0 0 0 1
0 0 0 0 0 0 0
0.99997497 -0.0061556613 -0.0033536146 0.91779447
0.006152794 0.9999809 -0.000447837 0.0005486852
0.0033562907 0.00042711495 0.9999938 0.019014487
0 0 0 1
0 0 0 0 0 0 0
0.9999597 -0.008917531 0.0009531386 0.9246505
0.008923228 0.99994534 -0.0055093896 0.006560693
-0.000903952 0.005517664 0.9999843 0.013620569
0 0 0 1
0 0 0 0 0 0 0
0.9999577 -0.009108792 0.0015882112 0.92909926
0.009124036 0.99991065 -0.009678689 -0.0012561418
-0.0014998935 0.009692783 0.9999523 0.019787578
0 0 0 1
0 0 0 0 0 0 0
0.9999307 -0.011726899 -0.0006867471 0.94447756
0.011728088 0.99992996 0.0016316028 0.0097482
0.00066758617 -0.001639506 0.999998 0.015253435
0 0 0 1
0 0 0 0 0 0 0
0.9999204 -0.012595506 0.0006383315 0.93367106
0.012592057 0.99991226 0.0041710977 0.017815731
-0.00069084385 -0.0041626594 0.9999915 0.013276054
0 0 0 1
0 0 0 0 0 0 0
0.9999105 -0.012523493 0.0048287916 0.92188287
0.01253515 0.9999192 -0.002080357 0.018282704
-0.004802298 0.0021406147 0.99998635 0.0145320995
0 0 0 1
0 0 0 0 0 0 0
0.99991083 -0.0132865915 0.0010924065 0.94857657
0.013285319 0.99991125 0.00028749558 0.0143110575
-0.0010961982 -0.0002729992 0.99999875 0.018330626
0 0 0 1
0 0 0 0 0 0 0
0.99991393 -0.013073498 0.0004501859 0.9260013
0.013072984 0.99991405 0.0015203072 0.014588816
-0.00047001918 -0.0015142539 0.99999946 0.014670469
0 0 0 1
0 0 0 0 0 0 0
0.999906 -0.0137093365 -3.0514539e-05 0.9029202
0.013709047 0.9998907 -0.005505363 0.010978126
0.00010599419 0.0055044517 0.9999846 0.0115623735
0 0 0 1
0 0 0 0 0 0 0
0.99990886 -0.013058068 -0.0037038296 0.9029176
0.013065149 0.9999128 0.0018855798 0.008836588
0.003678858 -0.0019337413 0.99999166 0.025208605
0 0 0 1
0 0 0 0 0 0 0
0.9998717 -0.0129245 -0.0094662905 0.93623465
0.0128874555 0.9999091 -0.003963489 0.013207733
0.00951669 0.0038408653 0.9999466 0.010162485
0 0 0 1
0 0 0 0 0 0 0
0.99987656 -0.014643466 -0.0056494414 0.9156367
0.014646486 0.99989307 0.00044967685 0.0072357473
0.0056423023 -0.0005323857 0.9999847 0.011178604
0 0 0 1
0 0 0 0 0 0 0
0.9999216 -0.01228036 0.0025261836 0.9210682
0.012279317 0.99992454 0.00018350469 0.021510303
-0.0025283063 -0.00015233869 0.9999962 0.0015685798
0 0 0 1
0 0 0 0 0 0 0
0.99989957 -0.013349 0.0047287107 0.90692425
0.013355865 0.9999101 -0.0011890251 0.010463482
-0.0047123577 0.0012519857 0.9999886 0.022293095
0 0 0 1
0 0 0 0 0 0 0
0.9999413 -0.010604368 -0.0018500952 0.9085425
0.010608047 0.9999401 0.0025626535 0.017288888
0.0018227913 -0.0025821258 0.9999946 0.015250105
0 0 0 1
0 0 0 0 0 0 0
0.99994737 -0.0076948293 -0.0068372423 0.9095046
0.0077333837 0.99995476 0.0055569354 0.014771388
0.006794101 -0.005609542 0.9999613 0.021584531
0 0 0 1
0 0 0 0 0 0 0
0.99995 -0.0061713713 -0.007906803 0.8786976
0.0062328503 0.99995 0.007805052 0.01707023
0.0078582885 -0.007853869 0.9999379 0.015273401
0 0 0 1
0 0 0 0 0 0 0
0.99998623 -0.0040148734 -0.003414226 0.94516724
0.004027536 0.99998546 0.0037592105 0.00939699
0.00339915 -0.0037729458 0.9999881 0.015994787
0 0 0 1
0 0 0 0 0 0 0
0.9999933 -0.0034841285 0.00026677505 0.88771063
0.003484301 0.9999931 -0.00074240525 0.020886967
-0.00026420478 0.000743332 0.9999993 0.0037761056
0 0 0 1
0 0 0 0 0 0 0
0.9999811 -0.006131815 -0.0003303509 0.91074413
0.006133359 0.99997765 0.0026703759 -0.0026849941
0.00031394482 -0.0026723703 0.9999962 0.019197362
0 0 0 1
0 0 0 0 0 0 0
0.9999789 -0.0053054704 0.0037529657 0.89431596
0.0053097354 0.9999848 -0.0012032257 0.020378413
-0.0037465845 0.0012231411 0.9999919 0.0075781727
0 0 0 1
0 0 0 0 0 0 0
0.999965 -0.007135836 0.0043254937 0.9163368
0.007129959 0.9999745 0.0013604927 -0.00278082
-0.0043350463 -0.0013296027 0.9999896 0.014196544
0 0 0 1
0 0 0 0 0 0 0
0.9999797 -0.006078601 0.002013844 0.8947212
0.0060759303 0.99998116 0.000720111 0.0073847095
-0.0020182545 -0.00070784474 0.999998 0.020156141
0 0 0 1
0 0 0 0 0 0 0
0.99998087 -0.006235933 -8.009679e-05 0.87749547
0.0062376815 0.99997824 0.0018672665 0.02422579
6.857646e-05 -0.0018677406 0.9999982 0.009152441
0 0 0 1
0 0 0 0 0 0 0
0.9999716 -0.0066345204 -0.003621453 0.8753054
0.006674763 0.9999135 0.01136158 0.028447546
0.0035457346 -0.011385448 0.99992955 0.013966339
0 0 0 1
0 0 0 0 0 0 0
0.9999736 -0.0067173275 -0.0027222142 0.88455576
0.006710051 0.99997365 -0.0026156635 -0.00060141867
0.0027397063 0.0025973646 0.9999929 0.015484909
0 0 0 1
0 0 0 0 0 0 0
0.9999714 -0.0068494403 -0.0033210667 0.89605194
0.006841193 0.99997354 -0.0026992587 0.018440863
0.0033394163 0.0026764816 0.99999005 0.0144325355
0 0 0 1
0 0 0 0 0 0 0
0.9999718 -0.0074033723 0.0011143896 0.86362183
0.0073999707 0.999969 0.002762113 0.0005247613
-0.0011347913 -0.00275382 0.99999565 0.01180157
0 0 0 1
0 0 0 0 0 0 0
0.9999591 -0.007301044 0.005330962 0.8892721
0.007317832 0.9999675 -0.0032157297 0.002184141
-0.0053072902 0.0032546388 0.9999815 0.0051952023
0 0 0 1
0 0 0 0 0 0 0
0.9999659 -0.0077207386 0.0028697762 0.9005828
0.0077207824 0.9999701 3.2387692e-05 0.0063004787
-0.0028699148 -1.0253563e-05 0.9999955 0.015558696
0 0 0 1
0 0 0 0 0 0 0
0.99997187 -0.00658454 -0.0035402705 0.8885602
0.0065924446 0.9999761 0.002312369 0.013430768
0.0035248264 -0.0023356236 0.9999907 0.017839694
0 0 0 1
0 0 0 0 0 0 0
0.99997556 -0.0063960343 -0.0029460285 0.86488295
0.0063921767 0.9999788 -0.0013740918 -0.00042370148
0.0029547913 0.0013551615 0.99999523 0.0120116165
0 0 0 1
0 0 0 0 0 0 0
0.9999723 -0.007229473 -0.0016636786 0.92413884
0.0072318134 0.99997336 0.000992451 0.01983809
0.0016564899 -0.0010044265 0.99999785 0.01134205
0 0 0 1
0 0 0 0 0 0 0
0.9999721 -0.007335978 0.0012712745 0.88916856
0.0073335124 0.9999729 0.00079302 -0.001132313
-0.001276969 -0.0007836139 0.99999875 0.014054737
0 0 0 1
0 0 0 0 0 0 0
0.999964 -0.008483466 0.0010337341 0.8784287
0.008488467 0.99995583 -0.003963533 0.014147446
-0.0010001573 0.0039720917 0.99999124 0.01117392
0 0 0 1
0 0 0 0 0 0 0
0.9999704 -0.0076931664 -5.861289e-05 0.8906087
0.007692848 0.9999617 -0.0042170123 -0.0027592818
9.1084934e-05 0.0042164493 0.99999166 0.016283017
0 0 0 1
0 0 0 0 0 0 0
0.9999739 -0.007202906 -0.0003899473 0.92005444
0.0072027356 0.9999716 -0.0023429806 0.003948511
0.00040687542 0.0023401282 0.9999972 0.012199701
0 0 0 1
0 0 0 0 0 0 0
0.9999751 -0.006981606 -0.0007748688 0.8670741
0.006985423 0.9999567 0.0060666185 0.01507697
0.0007324242 -0.0060718344 0.9999814 0.011312767
0 0 0 1
0 0 0 0 0 0 0
0.99997896 -0.0063909777 0.0014116826 0.8863242
0.006384959 0.9999697 0.0043511605 0.023522038
-0.0014395409 -0.0043420945 0.9999895 0.009174872
0 0 0 1
0 0 0 0 0 0 0
0.9999874 -0.004865713 0.00024349183 0.90803623
0.004866294 0.99998105 -0.0039059191 0.0008192324
-0.00022439695 0.00390703 0.99999183 0.01113789
0 0 0 1
0 0 0 0 0 0 0
0.9999908 -0.0043052323 0.00045855256 0.87610793
0.0043057087 0.99998975 -0.0014508086 0.01048847
-0.0004522417 0.0014527476 0.9999995 0.015573335
0 0 0 1
0 0 0 0 0 0 0
0.9999868 -0.004973587 -0.0013086067 0.88441026
0.0049732206 0.9999874 -0.00067721686 0.0055086194
0.0013119662 0.0006707653 0.99999887 0.013076116
0 0 0 1
0 0 0 0 0 0 0
0.99998045 -0.0058137574 0.0023214668 0.8985144
0.0058293957 0.99995863 -0.00702721 -0.0025100354
-0.002280691 0.0070405873 0.9999719 0.006536249
0 0 0 1
0 0 0 0 0 0 0
0.99998194 -0.0051446552 0.0029379684 0.8637079
0.005163284 0.9999667 -0.0061751367 0.0029535692
-0.002906023 0.006190184 0.99997693 0.018042218
0 0 0 1
0 0 0 0 0 0 0
0.9999902 -0.004406935 0.0010878823 0.90263873
0.004411125 0.9999791 -0.0048445486 0.0014879354
-0.0010665664 0.004849356 0.9999873 0.010724594
0 0 0 1
0 0 0 0 0 0 0
0.9999898 -0.0041667246 -0.0016419358 0.84361625
0.0041731386 0.9999863 0.003264596 0.016301956
0.0016283768 -0.00327147 0.99999344 0.019497888
0 0 0 1
0 0 0 0 0 0 0
0.99998796 -0.0043994538 -0.0021994233 0.910121
0.0044035865 0.9999874 0.002062288 -0.0028025252
0.0021903282 -0.0020719364 0.99999535 0.014343084
0 0 0 1
0 0 0 0 0 0 0
0.99999917 -0.0016266552 0.00010420814 0.86787784
0.0016265553 0.9999982 0.0012046726 0.016814832
-0.000106227846 -0.0012045086 0.9999996 0.012680487
0 0 0 1
0 0 0 0 0 0 0
0.99999845 -0.001276096 0.0010764449 0.8605379
0.001274692 0.9999981 0.001601312 0.012085911
-0.0010784543 -0.001599938 0.99999785 0.013986649
0 0 0 1
0 0 0 0 0 0 0
0.99998844 -0.00084553874 0.0046595484 0.9014212
0.00085788104 0.9999954 -0.0026953341 0.00044898252
-0.0046572387 0.002699296 0.99998623 0.008041562
0 0 0 1
0 0 0 0 0 0 0
0.9999841 -0.00094685866 0.005552094 0.8662688
0.0009405904 0.9999991 0.0010631183 0.008485859
-0.0055530947 -0.0010578663 0.99998313 0.019667445
0 0 0 1
0 0 0 0 0 0 0
0.9999953 -0.0009867958 0.0028582131 0.8785369
0.0009931055 0.999997 -0.0021079946 -0.0005397555
-0.002856112 0.0021108224 0.9999941 0.013073915
0 0 0 1
0 0 0 0 0 0 0
0.99998426 -0.0006639406 -0.0055555836 0.88003474
0.00067709206 0.999998 0.002292414 0.0045402073
0.0055540334 -0.0022961376 0.9999822 0.023461891
0 0 0 1
0 0 0 0 0 0 0
0.9999934 -0.000510489 -0.0037443324 0.84885514
0.00050866214 0.99999976 -0.00040285836 -0.0031085839
0.0037445521 0.00040095096 0.9999926 0.011783291
0 0 0 1
0 0 0 0 0 0 0
1.0000001 -0.0003029349 6.3519e-05 0.8817189
0.00030259986 0.9999961 0.0025747917 0.012734624
-6.434804e-05 -0.0025747945 0.9999968 0.009744012
0 0 0 1
0 0 0 0 0 0 0
0.99999905 -0.000104700826 0.0011434498 0.86930496
0.000104131665 0.9999992 0.0012996438 0.0089143
-0.0011435307 -0.0012995203 0.9999989 0.012685224
0 0 0 1
0 0 0 0 0 0 0
0.99999934 -0.0010781798 0.0004521715 0.8493585
0.0010792764 0.99999356 -0.0035644732 -0.004108529
-0.0004483381 0.0035649613 0.99999356 0.019470338
0 0 0 1
0 0 0 0 0 0 0
0.99999565 -0.00034758498 -0.0029728292 0.8650317
0.00034918013 0.99999905 0.00032810305 0.0074794088
0.0029727544 -0.0003291456 0.9999956 0.015456101
0 0 0 1
0 0 0 0 0 0 0
0.9999947 -0.0005015361 -0.0030600328 0.85089433
0.00053370424 0.99994403 0.010640797 0.022583045
0.003054471 -0.010642366 0.9999381 0.00916521
0 0 0 1
0 0 0 0 0 0 0
0.99999684 -0.00031042763 -0.0024240585 0.84290814
0.0003210484 0.9999896 0.0045293346 0.016642472
0.0024227006 -0.0045299986 0.99998665 0.0112486705
0 0 0 1
0 0 0 0 0 0 0
0.9999958 -0.000422784 -0.0030007113 0.84968144
0.00042295392 0.9999994 1.7893322e-05 0.0030456067
0.0030006869 -1.9239438e-05 0.9999954 0.015536752
0 0 0 1
0 0 0 0 0 0 0
0.9999999 -0.0002546005 -0.0005197181 0.8465224
0.00025317352 0.99999416 -0.0033522258 0.009294394
0.0005205363 0.0033520365 0.99999493 0.012848999
0 0 0 1
0 0 0 0 0 0 0
0.999999 -0.0009862607 -0.0011701229 0.84016603
0.0009880232 0.9999988 0.0015321757 0.010541144
0.0011686191 -0.0015333402 0.9999978 0.013656116
0 0 0 1
0 0 0 0 0 0 0
0.9999955 -0.0023695137 0.0017335287 0.84828407
0.002379032 0.99997884 -0.006070951 -0.00160938
-0.0017191803 0.0060751084 0.9999804 0.0076973024
0 0 0 1
0 0 0 0 0 0 0
0.9999834 -0.0035784363 0.0044373525 0.862067
0.0036124047 0.9999639 -0.007684416 -0.009447607
-0.0044096475 0.0077003227 0.9999606 0.020300094
0 0 0 1
0 0 0 0 0 0 0
0.9999847 -0.0020372937 0.005298965 0.8177333
0.0020647633 0.9999839 -0.005219711 0.00041574886
-0.005288255 0.0052305623 0.9999725 0.014971851
0 0 0 1
0 0 0 0 0 0 0
0.9999898 -0.0042985277 0.0010656917 0.8490158
0.004301548 0.9999873 -0.0025843508 0.0024762389
-0.0010546661 0.002588893 0.99999535 0.014992482
0 0 0 1
0 0 0 0 0 0 0
0.9999797 -0.0044745286 -0.004601565 0.80433
0.004479618 0.9999899 0.0011000135 0.003444137
0.004596657 -0.0011205915 0.9999892 0.022372589
0 0 0 1
0 0 0 0 0 0 0
0.99997365 -0.0066265757 -0.002872252 0.77750385
0.0066182357 0.9999735 -0.0029491086 0.006174466
0.0028917668 0.002930047 0.99999136 0.0071195154
0 0 0 1
0 0 0 0 0 0 0
0.99996316 -0.008499458 -0.0012022408 0.8699269
0.008504075 0.99995583 0.0041089263 0.015113491
0.0011672416 -0.004119013 0.99999076 0.0129214125
0 0 0 1
0 0 0 0 0 0 0
0.9999448 -0.009552461 0.0044167386 0.72867656
0.009587073 0.9999227 -0.007919615 -0.0024588301
-0.0043407767 0.007961516 0.99995875 0.0037990902
0 0 0 1
0 0 0 0 0 0 0
0.99991715 -0.012525195 0.0028358821 0.8624631
0.012553018 0.99987394 -0.00965239 0.0029670924
-0.0027146186 0.009687109 0.9999496 0.019175978
0 0 0 1
0 0 0 0 0 0 0
0.99990904 -0.013282771 -0.0022390543 0.7791582
0.013284895 0.9999118 0.0008500805 0.0148135
0.0022275706 -0.0008796455 0.999997 0.014872059
0 0 0 1
0 0 0 0 0 0 0
0.9999021 -0.0139606865 -0.0013436825 0.7386505
0.01395883 0.99990195 -0.0005563197 0.007008262
0.0013512921 0.00053758034 0.99999946 0.009840482
0 0 0 1
0 0 0 0 0 0 0
0.9998858 -0.015066311 0.00040512456 0.86024517
0.015068099 0.99988323 -0.0026686955 0.010541842
-0.0003647326 0.0026744795 0.9999961 0.013238938
0 0 0 1
0 0 0 0 0 0 0
0.9999127 -0.013103381 -0.0017348033 0.7358109
0.013095138 0.99990374 -0.0046742815 0.008129398
0.0017958636 0.0046511297 0.99998796 0.016517987
0 0 0 1
0 0 0 0 0 0 0
0.9998819 -0.014093431 -0.006130758 0.8143761
0.01411108 0.99989545 0.0028463833 0.019333007
0.0060900017 -0.0029325504 0.99997723 0.016167037
0 0 0 1
0 0 0 0 0 0 0
0.9998743 -0.0126038315 -0.00968408 0.7622977
0.012654094 0.999907 0.0051420303 0.025272882
0.009618239 -0.005263979 0.999939 0.012162974
0 0 0 1
0 0 0 0 0 0 0
0.9998716 -0.013560701 -0.00853542 0.6573086
0.01363336 0.9998708 0.008509403 0.023285167
0.008418954 -0.0086246915 0.99992806 0.00939146
0 0 0 1
0 0 0 0 0 0 0
0.99990255 -0.013884863 -0.0013485065 0.8293608
0.013883731 0.99990404 -0.000779002 0.01474937
0.0013592641 0.0007602328 0.9999982 0.0021040845
0 0 0 1
0 0 0 0 0 0 0
0.99992126 -0.01190954 0.00392099 0.73198885
0.011914071 0.9999275 -0.0011103222 0.012710244
-0.003907546 0.0011570009 0.99999213 0.010623042
0 0 0 1
0 0 0 0 0 0 0
0.99992806 -0.011770365 0.0024688502 0.78303975
0.011766575 0.99992996 0.0015296232 0.013203144
-0.0024867281 -0.0015005742 0.9999953 0.01467346
0 0 0 1
0 0 0 0 0 0 0
0.9999432 -0.00871832 -0.006065764 0.7717169
0.008733977 0.99995816 0.002557474 0.01914333
0.006043337 -0.0026102546 0.9999784 0.018481117
0 0 0 1
0 0 0 0 0 0 0
0.999942 -0.006449055 -0.0086483685 0.72948474
0.006511049 0.99995327 0.007152759 0.02279462
0.008601787 -0.007208658 0.9999372 0.008021843
0 0 0 1
0 0 0 0 0 0 0
0.9999898 -0.0032405655 -0.0031702037 0.7258918
0.0032530003 0.9999872 0.0039113434 0.01401298
0.0031574732 -0.0039216117 0.999987 0.0015684103
0 0 0 1
0 0 0 0 0 0 0
0.9999909 -0.00029948686 0.004137413 0.75078005
0.00028839722 0.99999684 0.0026665658 0.0032113725
-0.0041381195 -0.002665345 0.9999887 0.006574453
0 0 0 1
0 0 0 0 0 0 0
0.99998623 0.0014463674 0.005129854 0.7375834
-0.0014052156 0.9999667 -0.008015212 0.00059123896
-0.0051413705 0.008007883 0.9999546 0.021960016
0 0 0 1
0 0 0 0 0 0 0
0.9999907 0.002937337 0.0029666428 0.7651187
-0.0029464762 0.99999136 0.0030744178 0.0016595025
-0.002957444 -0.0030831217 0.9999909 0.005432543
0 0 0 1
0 0 0 0 0 0 0
0.9999974 0.002453238 -0.0003892976 0.76606655
-0.0024544834 0.99999166 -0.0032202718 -0.0031009756
0.00038122 0.0032212287 0.9999942 0.011541109
0 0 0 1
0 0 0 0 0 0 0
0.9999911 0.0040884777 0.00032329274 0.6829193
-0.0040888498 0.9999912 0.001190795 -0.002641026
-0.00031821514 -0.0011921177 1.0 0.010698722
0 0 0 1
0 0 0 0 0 0 0
0.99999046 0.00422215 0.0013896672 0.7653923
-0.004218064 0.99998593 -0.002935395 0.0010307712
-0.0014021441 0.0029294994 0.99999416 0.01510937
0 0 0 1
0 0 0 0 0 0 0
0.9999819 0.006040945 -6.184709e-05 0.74367213
-0.00604067 0.99997455 0.0038388937 0.006770183
8.499647e-05 -0.0038384423 0.9999923 0.006117495
0 0 0 1
0 0 0 0 0 0 0
0.9999823 0.0056658303 0.001736268 0.7227853
-0.0056658057 0.9999842 -5.7521042e-06 -0.0028842636
-0.0017362668 -4.0925343e-06 0.9999987 0.0063573807
0 0 0 1
0 0 0 0 0 0 0
0.9999775 0.006098105 0.0029557717 0.71908
-0.0060874824 0.99997485 -0.0036247158 -0.0041815564
-0.0029778818 0.0036066445 0.9999892 0.010531588
0 0 0 1
0 0 0 0 0 0 0
0.9999868 0.0051059136 0.00013005013 0.7419772
-0.005106181 0.9999829 0.0027065387 0.0030733887
-0.00011620153 -0.0027071675 0.99999595 0.014222902
0 0 0 1
0 0 0 0 0 0 0
0.99998343 0.00553813 -0.0010260458 0.7095448
-0.0055382093 0.9999856 -6.6590444e-05 0.0025817684
0.0010258188 7.2273695e-05 1.0000002 0.0070902845
0 0 0 1
0 0 0 0 0 0 0
0.9999892 0.004090656 -0.0024958479 0.70507205
-0.0040849796 0.99998885 0.002237091 -0.0008700516
0.0025048337 -0.0022268768 0.9999943 0.0143393865
0 0 0 1
0 0 0 0 0 0 0
0.99999505 0.002321296 -0.0017628496 0.72711295
-0.0023225276 0.9999974 -0.0006205634 -0.000905692
0.001761558 0.0006246689 0.99999815 0.010085293
0 0 0 1
0 0 0 0 0 0 0
0.99999887 0.0011360365 -0.0016076411 0.71334517
-0.0011395433 0.9999965 -0.0022154406 -0.0011200622
0.0016049807 0.0022172593 0.9999961 0.012109777
0 0 0 1
0 0 0 0 0 0 0
0.99999714 -0.0002588529 0.0020238552 0.71255636
0.00026592737 0.9999935 -0.003511571 -0.006266201
-0.0020228713 0.0035121057 0.9999918 0.0078017903
0 0 0 1
0 0 0 0 0 0 0
0.9999905 -0.003166101 0.0032290549 0.6843716
0.0031793027 0.9999872 -0.0040744767 -0.0023218154
-0.0032162208 0.004084709 0.9999863 0.00962603
0 0 0 1
0 0 0 0 0 0 0
0.9999689 -0.00782896 0.0009589422 0.71821266
0.0078298785 0.9999689 -0.0009920693 0.004428004
-0.00095114467 0.0009995403 0.9999993 0.016759446
0 0 0 1
0 0 0 0 0 0 0
0.9999382 -0.010975807 -0.0012044942 0.6837419
0.010971209 0.999932 -0.0038006073 0.0013325522
0.0012462733 0.0037870998 0.99999225 0.0136273755
0 0 0 1
0 0 0 0 0 0 0
0.9999026 -0.014009505 -5.523572e-05 0.69266236
0.014009177 0.9998958 -0.0036527498 0.0063866093
0.00010624856 0.0036516187 0.9999927 0.012381121
0 0 0 1
0 0 0 0 0 0 0
0.99987423 -0.015727615 0.0018190342 0.6815382
0.015728546 0.99987614 -0.00052182 0.015530782
-0.0018105581 0.0005504597 0.9999983 0.0062875533
0 0 0 1
0 0 0 0 0 0 0
0.9998509 -0.016628828 0.004731924 0.7194342
0.016605075 0.99984944 0.0050370945 0.018842628
-0.0048149405 -0.0049578026 0.99997675 0.011003931
0 0 0 1
0 0 0 0 0 0 0
0.99984115 -0.016512431 0.0066629453 0.66285187
0.016512837 0.99986356 -2.679695e-05 0.01736678
-0.0066615185 0.00013679673 0.9999773 0.010308377
0 0 0 1
0 0 0 0 0 0 0
0.9998185 -0.017778805 0.0068454877 0.6903917
0.017785909 0.99984103 -0.0009747814 0.01464873
-0.0068271253 0.0010963483 0.9999763 0.010317687
0 0 0 1
0 0 0 0 0 0 0
0.9998151 -0.017562442 0.007856287 0.6871802
0.01756962 0.99984545 -0.0008509767 0.0124026975
-0.007840103 0.0009888295 0.999969 0.0114194015
0 0 0 1
0 0 0 0 0 0 0
0.99983406 -0.017171048 0.006115494 0.6583957
0.017159611 0.99985147 0.0018675792 0.01670184
-0.0061466834 -0.0017622965 0.99997914 0.015267003
0 0 0 1
0 0 0 0 0 0 0
0.9998297 -0.018279444 0.0024074079 0.68066275
0.018280912 0.99983203 -0.0001881923 0.01662357
-0.0024035724 0.00023214077 0.99999744 0.019328147
0 0 0 1
0 0 0 0 0 0 0
0.9998459 -0.01752858 0.00072510686 0.64245456
0.017529435 0.9998444 -0.0020477748 0.014335422
-0.00068907026 0.0020601458 0.9999975 0.007447681
0 0 0 1
0 0 0 0 0 0 0
0.99984384 -0.017663661 0.0008913803 0.65253973
0.017662203 0.9998431 0.0013199504 0.022740116
-0.0009145809 -0.0013038433 0.9999985 0.0098624965
0 0 0 1
0 0 0 0 0 0 0
0.999882 -0.015353066 0.0009103044 0.6531355
0.015350877 0.9998757 0.0035194198 0.026566569
-0.0009643442 -0.0035051208 0.99999356 0.0080015315
0 0 0 1
0 0 0 0 0 0 0
0.9998823 -0.014675912 0.0043158494 0.6344372
0.014658097 0.9998854 0.0038919456 0.022051573
-0.0043723867 -0.0038282182 0.9999832 0.0114477845
0 0 0 1
0 0 0 0 0 0 0
0.99991095 -0.0129210865 0.003421927 0.64897615
0.01293211 0.9999113 -0.0031937452 0.0075930404
-0.0033803615 0.003237704 0.9999894 0.016687827
0 0 0 1
0 0 0 0 0 0 0
0.9999547 -0.009488211 0.001177823 0.63420844
0.009492846 0.9999495 -0.003241308 0.014074298
-0.001147012 0.0032523412 0.99999356 0.012338469
0 0 0 1
0 0 0 0 0 0 0
0.99992836 -0.011492229 -0.0031001978 0.5985252
0.011503332 0.99992645 0.003949195 0.00915431
0.0030546144 -0.003984575 0.99998796 0.016559776
0 0 0 1
0 0 0 0 0 0 0
