0 0 0 0 0 0 0
0.9990289 0.043993868 -0.0022838148 1.013764
-0.043994084 0.99903214 -7.636316e-05 -0.03250042
0.0022782488 0.00017677483 0.99999696 0.028314449
0 0 0 1
0 0 0 0 0 0 0
0.99903184 0.043729395 -0.004924114 1.0444052
-0.043749657 0.99903375 -0.0040831687 -0.02898126
0.0047408002 0.0042946273 0.9999802 0.02335667
0 0 0 1
0 0 0 0 0 0 0
0.9988996 0.046807513 -0.0029431737 0.95365936
-0.046807237 0.9989044 0.00022053155 -0.032700494
0.0029502823 -8.251139e-05 0.99999535 0.02117228
0 0 0 1
0 0 0 0 0 0 0
0.99886674 0.047511138 -0.002766406 1.0086334
-0.04750837 0.9988705 0.0010425532 -0.013700268
0.0028127949 -0.0009099483 0.9999957 0.0055742515
0 0 0 1
0 0 0 0 0 0 0
0.99892694 0.046318788 -0.00024057238 0.9787812
-0.046318684 0.9989245 -0.0019868114 -0.037167773
0.00014831113 0.0019958238 0.9999978 0.019088624
0 0 0 1
0 0 0 0 0 0 0
0.99886966 0.047502235 -0.0010695911 0.99182636
-0.04750366 0.99886996 -0.0012998489 -0.028392108
0.001006625 0.0013491608 0.99999857 0.013611792
0 0 0 1
0 0 0 0 0 0 0
0.9988787 0.04726088 -0.002913424 1.0113907
-0.04727174 0.9988747 -0.0038013277 -0.017510246
0.0027305107 0.0039348206 0.99998844 0.014062342
0 0 0 1
0 0 0 0 0 0 0
0.99902445 0.044145513 -0.0015528512 0.98851544
-0.044148926 0.999023 -0.0018667241 -0.042709995
0.0014689147 0.0019334413 0.9999976 0.029583037
0 0 0 1
0 0 0 0 0 0 0
0.99894226 0.04596174 -0.001173069 0.95643675
-0.04596245 0.99894357 -0.00082640676 -0.024461871
0.0011338257 0.00087945187 0.99999845 -0.00090158865
0 0 0 1
0 0 0 0 0 0 0
0.9989531 0.045748383 0.00043085995 1.0620717
-0.045747813 0.99895245 -0.00051845337 -0.050507266
-0.00045415034 0.00049821346 0.9999999 0.018116413
0 0 0 1
0 0 0 0 0 0 0
0.9988775 0.047361746 0.0007986113 0.9766555
-0.047362216 0.9988769 0.0005972617 -0.01837188
-0.0007693777 -0.00063441944 0.9999992 0.019076182
0 0 0 1
0 0 0 0 0 0 0
0.9987996 0.04897027 0.00022626789 0.97748667
-0.048971217 0.99880123 -0.00027263357 -0.04279284
-0.00023940996 0.00026126418 1.0000005 0.010017386
0 0 0 1
0 0 0 0 0 0 0
0.9989467 0.045890577 -0.0005018746 0.969008
-0.045889866 0.998946 -0.00083622144 -0.021391258
0.00046291936 0.0008583283 0.9999989 0.015130279
0 0 0 1
0 0 0 0 0 0 0
0.9988966 0.046957813 -0.00012743997 0.9755647
-0.046958204 0.99889386 -0.0022459223 -0.06324006
2.1922291e-05 0.0022494101 0.9999984 0.022028796
0 0 0 1
0 0 0 0 0 0 0
0.99873817 0.050195716 -0.0016199643 1.014466
-0.05019767 0.998739 -0.0010023939 -0.01212762
0.0015676733 0.0010824819 0.9999978 0.005229019
0 0 0 1
0 0 0 0 0 0 0
0.99908304 0.042819943 0.0003630535 0.91397685
-0.042818263 0.99907625 -0.0034512521 -0.043385223
-0.00051057886 0.003432546 0.9999942 0.021002855
0 0 0 1
0 0 0 0 0 0 0
0.9989258 0.04634899 -0.00041842114 0.9444542
-0.04634943 0.99892586 0.00042358963 -0.024594985
0.00043758773 -0.00040380022 0.9999991 0.014228374
0 0 0 1
0 0 0 0 0 0 0
0.9986928 0.05104927 -0.0023278943 1.0283647
-0.051052496 0.9986948 -0.001329779 -0.021683382
0.00225703 0.0014469565 0.9999967 0.006024291
0 0 0 1
0 0 0 0 0 0 0
0.9990045 0.044598844 -0.0012876589 0.8951943
-0.044602513 0.9990009 -0.0027958297 -0.032151226
0.0011616477 0.0028504434 0.99999535 0.021026518
0 0 0 1
0 0 0 0 0 0 0
0.9988616 0.047669925 -0.0016906513 0.9984357
-0.047670547 0.9988633 -0.0003508632 -0.017037956
0.001672014 0.00043110142 0.9999981 0.011315324
0 0 0 1
0 0 0 0 0 0 0
0.9989935 0.044769134 -0.0026707544 0.92183995
-0.044773713 0.99899524 -0.0019352866 -0.03867267
0.0025814634 0.0020528308 0.9999954 0.017502783
0 0 0 1
0 0 0 0 0 0 0
0.99891967 0.046342533 -0.003432286 0.9389482
-0.04635285 0.998921 -0.0030402818 -0.03332694
0.0032876567 0.0031961564 0.9999889 0.01193432
0 0 0 1
0 0 0 0 0 0 0
0.9989001 0.04682802 -0.0024668337 1.0185498
-0.04683341 0.9989003 -0.0018678658 -0.02272058
0.0023766914 0.0019813369 0.9999959 0.0049790596
0 0 0 1
0 0 0 0 0 0 0
0.9991098 0.042180676 0.00023712516 0.94026315
-0.04217878 0.99910235 -0.0041340725 -0.04621944
-0.000411421 0.0041203448 0.99999094 0.008371792
0 0 0 1
0 0 0 0 0 0 0
0.999191 0.04020691 -0.00087194255 0.95147026
-0.0402101 0.99918485 -0.003374723 -0.03539928
0.00073564256 0.0034071123 0.99999446 0.017653901
0 0 0 1
0 0 0 0 0 0 0
0.99919444 0.04009364 -0.0017831369 0.9916062
-0.040094804 0.9991961 -0.0003612561 -0.038393702
0.0017672146 0.00043237727 0.99999756 0.009048837
0 0 0 1
0 0 0 0 0 0 0
0.99939376 0.03480149 0.00021373975 0.9401229
-0.034800038 0.9993943 -0.00015629396 -0.043121196
-0.00021909241 0.00014876647 0.9999999 0.0042936276
0 0 0 1
0 0 0 0 0 0 0
0.9993124 0.03707028 0.0009872051 1.0313967
-0.037068397 0.9993097 -0.0025583727 -0.01773616
-0.0010813014 0.002520056 0.99999696 0.007657869
0 0 0 1
0 0 0 0 0 0 0
0.99944437 0.03333053 0.00015088294 0.97648233
-0.03333071 0.9994439 -0.00017482732 -0.036849294
-0.0001566351 0.00016965393 0.99999994 0.011783974
0 0 0 1
0 0 0 0 0 0 0
0.99942017 0.034001313 -0.0016549978 1.0065303
-0.03399544 0.9994179 0.0030468071 0.0014356725
0.0017575664 -0.0029887191 0.9999938 0.011399248
0 0 0 1
0 0 0 0 0 0 0
0.9994563 0.03292694 -0.0015881478 0.9944512
-0.032927193 0.9994576 0.00019241069 -0.007420824
0.001593651 -0.00014002586 0.99999833 0.0002398097
0 0 0 1
0 0 0 0 0 0 0
0.99956274 0.02957134 -0.00033980084 1.0349534
-0.029571533 0.99956125 -0.001535901 -0.054603763
0.00029425314 0.001545325 0.99999857 0.0083525395
0 0 0 1
0 0 0 0 0 0 0
0.9994901 0.031952824 0.00045842776 1.0080873
-0.031953108 0.9994889 -0.001256679 -0.035390984
-0.0004983016 0.0012413288 0.99999946 0.00825984
0 0 0 1
0 0 0 0 0 0 0
0.99950755 0.03136179 0.00077994185 1.0742456
-0.031361733 0.99950755 0.00067253696 0.029783363
-0.0007585418 -0.0006966078 0.99999964 0.010659332
0 0 0 1
0 0 0 0 0 0 0
0.9995761 0.029124562 0.0001737507 1.0651448
-0.029124314 0.9995759 -0.00033611327 -0.055724017
-0.00018344531 0.0003308113 0.9999995 0.0023275414
0 0 0 1
0 0 0 0 0 0 0
0.9995811 0.028938888 -7.319374e-05 1.0719694
-0.02893896 0.99957794 -0.0026034014 -0.028187057
-2.1234043e-06 0.0026044806 0.9999971 0.0066910996
0 0 0 1
0 0 0 0 0 0 0
0.9997156 0.023813743 -0.0003301641 1.0644581
-0.023814922 0.99970764 -0.0040619895 -0.023809848
0.0002333038 0.004068765 0.9999916 0.007552069
0 0 0 1
0 0 0 0 0 0 0
0.9997429 0.022682685 -0.0007650738 1.074322
-0.022686018 0.99973214 -0.004621186 -0.053648323
0.00066006964 0.0046372954 0.9999886 0.0042688153
0 0 0 1
0 0 0 0 0 0 0
0.999767 0.021556754 0.0005821548 1.1390021
-0.021553392 0.99975437 -0.0052621895 0.010724475
-0.0006954731 0.005248502 0.9999867 0.012482082
0 0 0 1
0 0 0 0 0 0 0
0.999851 0.017257253 0.00037367633 1.1127077
-0.017255282 0.9998398 -0.004695803 -0.03974574
-0.00045466927 0.0046885214 0.9999889 0.0040118992
0 0 0 1
0 0 0 0 0 0 0
0.9998764 0.01576679 0.00042143752 1.1582279
-0.015765343 0.9998703 -0.003119545 -0.035277344
-0.00047058126 0.0031126444 0.9999949 0.0072939396
0 0 0 1
0 0 0 0 0 0 0
0.99988437 0.015138742 0.0006755238 1.1385283
-0.015137002 0.99988264 -0.002535403 0.010042684
-0.00071374275 0.0025247883 0.9999967 0.012249079
0 0 0 1
0 0 0 0 0 0 0
0.99992573 0.012175754 0.0011168567 1.1447661
-0.012175127 0.9999261 -0.0006295144 -0.010272248
-0.0011245249 0.0006158458 0.99999857 0.0063466835
0 0 0 1
0 0 0 0 0 0 0
0.99993306 0.011577278 -0.0003093598 1.1523669
-0.011577184 0.99993193 3.3408374e-05 -0.029592315
0.00030976196 -2.970093e-05 0.99999994 0.0110837
0 0 0 1
0 0 0 0 0 0 0
0.9999193 0.012490866 -0.0023450104 1.1846998
-0.012491797 0.99992245 -0.0003511362 0.018339453
0.0023403866 0.00038036413 0.99999714 0.007882132
0 0 0 1
0 0 0 0 0 0 0
0.99994564 0.009876084 -0.0033329877 1.1883507
-0.009876873 0.99995106 -0.00042693285 -0.020184066
0.0033286873 0.00045979948 0.99999434 0.008322754
0 0 0 1
0 0 0 0 0 0 0
0.99994487 0.010286246 -0.0021198783 1.2440636
-0.010289069 0.99994665 -0.0008652524 0.0035561025
0.0021108964 0.000887026 0.99999774 0.0035010185
0 0 0 1
0 0 0 0 0 0 0
0.9999664 0.00801091 -0.0012413029 1.1697525
-0.008010459 0.9999674 0.00024191225 -0.031640213
0.0012431544 -0.00023193828 0.99999887 0.0021302162
0 0 0 1
0 0 0 0 0 0 0
0.99999106 0.0041862205 -0.0010472924 1.2998605
-0.004186454 0.9999917 -0.0002248268 0.00066168216
0.0010464025 0.00022913485 0.99999976 0.00048242262
0 0 0 1
0 0 0 0 0 0 0
0.99998116 0.006139047 -0.0011267632 1.2662373
-0.00613956 0.99998057 -0.0005630408 0.0048975833
0.0011232368 0.0005699478 0.9999986 0.0036016216
0 0 0 1
0 0 0 0 0 0 0
0.9999884 0.004572849 -0.0014882084 1.3239095
-0.004572676 0.9999896 0.00050225685 -0.005708373
0.0014904531 -0.0004953734 0.99999905 0.00037845795
0 0 0 1
0 0 0 0 0 0 0
0.9999915 0.0039695674 -0.0005182465 1.3028742
-0.0039694505 0.99999255 -0.00017199697 0.0003457231
0.0005176436 0.00017399 0.9999997 0.0038383633
0 0 0 1
0 0 0 0 0 0 0
0.9999941 0.0035304225 0.00048293456 1.3299047
-0.0035302942 0.9999934 3.082284e-05 -0.007910483
-0.00048287198 -3.249082e-05 1.0000001 0.002351189
0 0 0 1
0 0 0 0 0 0 0
0.9999946 0.0021055397 0.0022930114 1.3821905
-0.0021040968 0.99999744 -0.00066593895 0.004928884
-0.0022943718 0.0006611593 0.99999774 7.695216e-05
0 0 0 1
0 0 0 0 0 0 0
0.9999979 0.0022794206 0.00038357114 1.3769354
-0.0022786572 0.9999971 -0.00072950986 0.023202354
-0.00038533797 0.000728371 0.99999917 0.0043077567
0 0 0 1
0 0 0 0 0 0 0
0.9999956 0.0027429834 0.000690121 1.4360743
-0.0027421264 0.99999666 -0.0008978504 -0.041517824
-0.0006924546 0.00089574605 0.9999999 0.0030778844
0 0 0 1
0 0 0 0 0 0 0
0.9999996 -0.00032700686 -0.0006433421 1.3930398
0.00032576767 0.9999986 -0.0013710803 0.018508403
0.00064366416 0.0013710355 0.99999785 -0.00272998
0 0 0 1
0 0 0 0 0 0 0
0.99999964 0.0013559106 -0.00041438683 1.4808089
-0.0013565457 0.9999986 -0.00051527587 -0.027141571
0.0004137165 0.00051563967 1.0000002 0.006394692
0 0 0 1
0 0 0 0 0 0 0
0.99999845 0.0011274365 -0.0007148499 1.4688637
-0.0011280058 0.99999905 -0.0008679051 -0.0054820883
0.00071389903 0.0008691292 0.99999946 -0.0042581116
0 0 0 1
0 0 0 0 0 0 0
0.9999992 -0.000589481 -0.0009572325 1.5026722
0.0005909328 1.0000001 0.00089236017 0.020528816
0.0009566747 -0.00089340814 0.9999989 0.0089223115
0 0 0 1
0 0 0 0 0 0 0
0.9999998 0.00014097133 0.000279168 1.5168273
-0.00014128014 1.0 -5.5886434e-05 -0.0119040245
-0.00027917238 5.6246598e-05 0.9999999 0.0008543528
0 0 0 1
0 0 0 0 0 0 0
0.9999993 -0.0016070502 0.0004211634 1.5121349
0.0016080493 0.9999982 -0.0008082355 0.021361463
-0.00041982337 0.0008088041 0.9999997 0.0031648334
0 0 0 1
0 0 0 0 0 0 0
0.99999976 -0.00035281695 -5.8615613e-05 1.592173
0.0003524175 1.0000001 5.0665103e-06 -0.008188299
5.850069e-05 -4.8522375e-06 1.0000004 0.005557001
0 0 0 1
0 0 0 0 0 0 0
0.99999917 -0.000922348 -0.0008991693 1.5420557
0.00092200254 0.9999988 -3.4787296e-05 0.0023471222
0.00089927675 3.431489e-05 0.9999994 0.00081036735
0 0 0 1
0 0 0 0 0 0 0
1.0000004 -0.0003601252 -0.0003370096 1.5954531
0.0003595324 0.9999999 -0.0009477585 0.008294148
0.0003372798 0.0009476839 0.9999994 0.0045795664
0 0 0 1
0 0 0 0 0 0 0
0.99999833 -0.0015374591 -5.392896e-05 1.6525643
0.0015383343 0.9999986 0.00032944948 -0.01132676
5.3524185e-05 -0.00032973892 1.0000001 -6.154287e-06
0 0 0 1
0 0 0 0 0 0 0
0.99999815 -0.00083077425 0.0017745607 1.6150008
0.00083294313 0.99999833 -0.0014658923 0.011159502
-0.001773336 0.001467122 0.99999714 0.0058767707
0 0 0 1
0 0 0 0 0 0 0
0.9999974 -0.0008999154 0.0019695163 1.6506532
0.00090513844 0.99999547 -0.0028670735 0.015192096
-0.0019668776 0.0028684398 0.99999416 0.002845161
0 0 0 1
0 0 0 0 0 0 0
0.99999994 0.0005498551 -0.00052676845 1.6453735
-0.0005503405 0.99999815 -0.001786773 0.0049898666
0.0005257018 0.0017873339 0.9999978 0.009409949
0 0 0 1
0 0 0 0 0 0 0
0.99999934 -0.00013306101 -0.00093402714 1.718616
0.00013303985 1.0000007 0.00041225515 -0.0068190843
0.0009340482 -0.00041250742 1.0000002 0.016091581
0 0 0 1
0 0 0 0 0 0 0
0.99999905 -0.0013337412 -5.5355235e-06 1.6001897
0.0013340713 0.99999774 -0.0016300657 0.026306126
7.7232535e-06 0.0016296739 0.99999887 0.003952821
0 0 0 1
0 0 0 0 0 0 0
1.0000005 0.0003968118 -0.00040908065 1.7636442
-0.00039671143 0.9999987 -0.001096229 -0.008157258
0.0004084999 0.0010973999 0.9999983 0.007863611
0 0 0 1
0 0 0 0 0 0 0
0.9999987 -0.0009378185 0.0013231063 1.7096053
0.00093703554 0.9999995 0.00021508522 0.0077405954
-0.0013231991 -0.00021428036 0.99999946 0.005747674
0 0 0 1
0 0 0 0 0 0 0
0.99999905 -0.0008295074 0.00037417517 1.7476804
0.0008300059 0.9999999 -0.00089133775 -0.020789126
-0.00037363623 0.0008918384 1.0000001 0.012688541
0 0 0 1
0 0 0 0 0 0 0
0.9999993 0.0009426836 0.00027335563 1.7388299
-0.0009418505 0.9999987 -0.0010405951 -0.012991822
-0.00027423902 0.0010406673 0.9999993 0.002672662
0 0 0 1
0 0 0 0 0 0 0
0.9999998 -0.0010228577 -0.00084260525 1.7835139
0.0010214985 0.9999991 -0.00036138127 0.0056163874
0.00084310287 0.0003596332 0.9999989 0.012233434
0 0 0 1
0 0 0 0 0 0 0
0.99999744 0.0019571753 -0.000944348 1.7902511
-0.0019567846 0.9999986 0.0001064132 0.029658336
0.0009443974 -0.00010372025 1.0 0.009449632
0 0 0 1
0 0 0 0 0 0 0
0.99999815 0.0016759151 -0.0009580503 1.8161849
-0.0016760321 0.99999803 -0.00014365335 -0.03277226
0.0009580219 0.00014423954 0.99999976 0.0068220324
0 0 0 1
0 0 0 0 0 0 0
0.99999934 -0.00090776617 -0.000102517304 1.7963233
0.000907074 0.99999875 0.001264943 0.01984543
0.00010120624 -0.001263821 0.9999988 0.011867427
0 0 0 1
0 0 0 0 0 0 0
0.9999992 0.0015829481 -3.812524e-05 1.8480915
-0.0015823303 0.9999987 4.032435e-05 0.001004506
3.830922e-05 -4.1669246e-05 1.0 0.006958022
0 0 0 1
0 0 0 0 0 0 0
0.99999624 0.0022386091 0.0011559334 1.8328024
-0.002240021 0.99999726 0.0010570856 -0.0015704074
-0.0011536309 -0.001058423 0.99999934 0.012724237
0 0 0 1
0 0 0 0 0 0 0
1.0000002 0.0007255092 0.00015571853 1.8640099
-0.0007245983 0.9999993 0.0012893582 0.021623405
-0.00015487226 -0.0012897335 0.99999917 0.003871772
0 0 0 1
0 0 0 0 0 0 0
0.9999979 0.0019624038 -0.00052172557 1.9017547
-0.0019633726 0.9999968 0.0010717433 0.00452268
0.0005238742 -0.0010704462 0.9999987 0.008935818
0 0 0 1
0 0 0 0 0 0 0
0.9999942 0.0030517052 -0.0010222337 1.8745235
-0.0030500432 0.9999952 0.001132583 0.023769725
0.0010257564 -0.0011305537 0.99999917 0.0076359482
0 0 0 1
0 0 0 0 0 0 0
0.9999872 0.0051606074 -0.00051990827 1.9282945
-0.005160757 0.99998575 -0.0010013597 -0.016957097
0.0005146921 0.0010044725 0.9999997 0.009328581
0 0 0 1
0 0 0 0 0 0 0
0.9999939 0.003466062 0.00027214663 1.9182771
-0.0034671945 0.9999923 0.0020942187 0.0065929955
-0.00026485388 -0.0020953214 0.99999714 0.009635457
0 0 0 1
0 0 0 0 0 0 0
0.9999897 0.0043961513 0.0003784702 1.9124154
-0.004396303 0.99998945 0.0008256903 0.008329944
-0.00037493254 -0.0008262413 0.9999995 0.008044867
0 0 0 1
0 0 0 0 0 0 0
0.99997973 0.0063982448 -0.00043545666 1.9442652
-0.00639757 0.9999788 0.0016883039 -0.0042535355
0.00044633474 -0.0016854279 0.9999988 0.0118147265
0 0 0 1
0 0 0 0 0 0 0
0.999993 0.0032322628 -0.0016716024 1.9597182
-0.0032332782 0.99999374 -0.0008727486 0.005725282
0.0016686817 0.000877869 0.99999803 0.01873623
0 0 0 1
0 0 0 0 0 0 0
0.99998593 0.0050292765 -0.0017306863 1.979846
-0.0050293086 0.9999876 0.00021459878 -0.02468929
0.0017317763 -0.00020611128 0.999999 0.014277926
0 0 0 1
0 0 0 0 0 0 0
0.9999793 0.006493485 -0.0007208362 1.9260061
-0.006491606 0.99997747 0.001608788 0.007844661
0.00073123956 -0.0016042319 0.9999982 0.013198024
0 0 0 1
0 0 0 0 0 0 0
0.99999106 0.004179522 -0.00032443955 2.0285158
-0.0041794046 0.99999034 0.0011727124 -0.004366539
0.00032928985 -0.0011715625 0.999999 0.014226542
0 0 0 1
0 0 0 0 0 0 0
0.99997234 0.0073191426 0.00096835784 1.9560537
-0.0073216283 0.99997026 0.0024383261 0.02573198
-0.000950332 -0.0024457136 0.9999963 0.006070168
0 0 0 1
0 0 0 0 0 0 0
0.9999953 0.0032313953 0.00054007175 2.0103443
-0.0032318337 0.9999948 0.0005393654 -0.007169184
-0.00053827686 -0.00054084166 0.9999997 0.014923631
0 0 0 1
0 0 0 0 0 0 0
0.9999745 0.0071401787 2.211335e-05 2.023284
-0.0071398686 0.99997437 -0.00061185827 0.0020913635
-2.6583479e-05 0.0006116531 1.0000001 0.0140566705
0 0 0 1
0 0 0 0 0 0 0
0.9999862 0.0050426195 -0.001171048 1.9953264
-0.005043371 0.9999871 -0.00012530053 -0.0064372537
0.0011704621 0.00013123619 0.99999917 0.017445724
0 0 0 1
0 0 0 0 0 0 0
0.9999821 0.005965554 -0.0007956186 2.0500233
-0.005964514 0.9999828 0.00036889443 -0.01588034
0.0007976948 -0.00036387867 0.9999996 0.011064342
0 0 0 1
0 0 0 0 0 0 0
0.99998593 0.005312213 0.0003632867 2.0374868
-0.0053119785 0.99998546 -0.0006325378 -0.01982478
-0.000366703 0.00063088315 0.99999976 0.016028134
0 0 0 1
0 0 0 0 0 0 0
0.9999824 0.0059222104 -0.00049913686 2.0345035
-0.0059223482 0.9999828 0.00058738654 0.025715856
0.0005027559 -0.0005848562 1.0000002 0.015982997
0 0 0 1
0 0 0 0 0 0 0
0.9999853 0.005325214 -0.000581525 2.080349
-0.005324424 0.9999856 0.00052729604 -0.0036981169
0.0005842773 -0.00052407867 0.99999976 0.013534032
0 0 0 1
0 0 0 0 0 0 0
0.99998593 0.005320815 -0.00037789572 2.0506191
-0.005320903 0.99998444 0.0009183526 -0.0054512178
0.00038284564 -0.00091630436 0.99999905 0.015223635
0 0 0 1
0 0 0 0 0 0 0
0.99999434 0.0032521696 0.00077751407 2.0779488
-0.0032509284 0.99999505 -0.00089399674 -0.0051860353
-0.00078042404 0.00089134986 0.99999946 0.0138832135
0 0 0 1
0 0 0 0 0 0 0
0.9999908 0.004206514 0.0007687584 2.071488
-0.0042045084 0.99998677 -0.0027644448 -0.009255513
-0.0007804486 0.0027614685 0.99999547 0.014506146
0 0 0 1
0 0 0 0 0 0 0
0.9999868 0.0051096845 -8.889118e-05 2.137166
-0.0051094973 0.9999877 -0.00057642837 0.005814819
8.589989e-05 0.0005767039 1.0000005 0.02040874
0 0 0 1
0 0 0 0 0 0 0
0.99999505 0.0031832396 -0.00011862324 2.0592706
-0.0031837313 0.99999434 -0.000902785 -0.0028418528
0.00011584837 0.0009025152 0.9999992 0.013220754
0 0 0 1
0 0 0 0 0 0 0
0.99999577 0.002872292 -0.0003817019 2.1182177
-0.0028713963 0.99999547 0.0006805532 0.004009826
0.0003834879 -0.0006782791 0.9999993 0.011362337
0 0 0 1
0 0 0 0 0 0 0
0.99997926 0.006393595 -0.0006169377 2.1573076
-0.006393566 0.99997866 0.0009016432 0.020331979
0.00062297453 -0.0008983343 0.9999996 0.019462064
0 0 0 1
0 0 0 0 0 0 0
0.99998486 0.005508873 -0.0003288716 2.0733824
-0.005508407 0.9999837 0.0016200098 0.010082783
0.00033757472 -0.0016178006 0.9999992 0.011290082
0 0 0 1
0 0 0 0 0 0 0
0.9999979 0.0018241646 -0.0003945824 2.1793876
-0.0018250438 0.9999982 0.0006086525 0.0022324338
0.00039578555 -0.000608306 0.99999976 0.011117533
0 0 0 1
0 0 0 0 0 0 0
0.9999804 0.0062388396 -0.00019178467 2.109571
-0.0062375646 0.99998045 -0.000117557654 0.0046924106
0.00019102587 0.00011880236 0.99999917 0.01835922
0 0 0 1
0 0 0 0 0 0 0
0.9999892 0.004696123 -0.00043921138 2.1888268
-0.004696992 0.99998903 0.0006543107 -0.00076742127
0.00044225634 -0.0006521454 1.0000002 0.0116326315
0 0 0 1
0 0 0 0 0 0 0
0.99998313 0.005925473 -1.2584229e-05 2.21697
-0.0059253764 0.99998224 0.0003728714 0.003625535
1.4827972e-05 -0.00037287426 0.99999946 0.020200256
0 0 0 1
0 0 0 0 0 0 0
0.99999034 0.0041603222 0.00020720584 2.1039593
-0.004159534 0.999991 -0.00075015787 0.02606297
-0.0002103653 0.0007494384 1.0000006 0.01627888
0 0 0 1
0 0 0 0 0 0 0
0.99998575 0.0053611603 0.00032891743 2.1781905
-0.0053605763 0.9999859 0.00015892321 -0.028595774
-0.00032807628 -0.00016081524 0.9999993 0.013461133
0 0 0 1
0 0 0 0 0 0 0
0.99999285 0.0038232813 -6.264683e-05 2.2751522
-0.0038239926 0.999992 -0.0010317449 0.024785172
5.8731093e-05 0.0010321352 0.9999996 0.02224208
0 0 0 1
0 0 0 0 0 0 0
0.9999863 0.0051728846 -0.00093611307 2.1321523
-0.005172453 0.9999865 0.00014493153 -0.025268966
0.0009369683 -0.00014039438 0.99999946 0.012287736
0 0 0 1
0 0 0 0 0 0 0
0.9999911 0.0038470253 -0.0015590945 2.1947541
-0.003847968 0.9999924 -0.00050033914 0.023049325
0.0015571552 0.000506489 0.9999992 0.021358445
0 0 0 1
0 0 0 0 0 0 0
0.9999815 0.0060718255 -0.00080278143 2.2304368
-0.006072054 0.99998105 -0.000672469 -0.034227654
0.0007985749 0.000677294 0.9999993 0.015220698
0 0 0 1
0 0 0 0 0 0 0
0.999999 0.001326435 -0.0006018789 2.1829166
-0.0013263775 0.99999905 0.00095837424 0.0440265
0.00060316507 -0.0009575632 0.9999989 0.015351235
0 0 0 1
0 0 0 0 0 0 0
0.9999776 0.006588022 -2.2274602e-05 2.2654457
-0.0065878215 0.9999777 -0.0002768976 -0.042116128
2.0309284e-05 0.0002775435 1.0000005 0.010556922
0 0 0 1
0 0 0 0 0 0 0
0.999999 0.0019483519 -0.0003190799 2.2383351
-0.001948283 0.99999803 -0.00076707115 0.047369577
0.00031783266 0.0007669456 0.9999993 0.019959608
0 0 0 1
0 0 0 0 0 0 0
0.9999897 0.0044402764 0.00050528714 2.2503712
-0.00444001 0.9999898 -0.0010635323 -0.024584085
-0.00051021087 0.0010617566 0.99999964 0.016371908
0 0 0 1
0 0 0 0 0 0 0
0.99999416 0.0034360522 0.00042403882 2.2819347
-0.0034350564 0.99999124 -0.00219269 0.024996204
-0.0004316134 0.0021916018 0.99999744 0.018911049
0 0 0 1
0 0 0 0 0 0 0
0.999995 0.002940805 0.0005186198 2.273871
-0.0029403942 0.9999953 -0.0010906436 -0.0017380887
-0.0005215485 0.0010879375 0.9999991 0.011902255
0 0 0 1
0 0 0 0 0 0 0
0.9999883 0.0048556877 0.00051854434 2.3136952
-0.004856859 0.9999886 0.0003417185 -0.0070516975
-0.00051680155 -0.0003438231 1.0000001 0.01996389
0 0 0 1
0 0 0 0 0 0 0
0.9999963 0.002715685 -0.0006423362 2.2506804
-0.0027132302 0.99999523 0.001071256 0.012144567
0.0006449507 -0.0010689723 0.9999985 0.014401688
0 0 0 1
0 0 0 0 0 0 0
0.9999906 0.00360716 -0.0021085315 2.2891047
-0.003605185 0.99999255 0.001243142 -0.0046616592
0.0021128568 -0.0012355846 0.99999744 0.016808733
0 0 0 1
0 0 0 0 0 0 0
0.9999994 0.0012626355 -0.0011983562 2.4224193
-0.0012610086 0.99999934 0.0008217043 0.015460976
0.0011995891 -0.00082051166 0.99999875 0.021742353
0 0 0 1
0 0 0 0 0 0 0
0.99998784 0.0046710228 -0.0015557694 2.2992015
-0.0046700155 0.9999886 0.0011488205 0.0028263808
0.0015612373 -0.0011415213 0.9999985 0.008421937
0 0 0 1
0 0 0 0 0 0 0
0.99999166 0.0035860597 -0.0013602849 2.2287931
-0.0035840264 0.99999243 0.0013762567 -0.031522475
0.0013650449 -0.0013714198 0.9999974 0.01908951
0 0 0 1
0 0 0 0 0 0 0
0.9999879 0.005115505 -0.00050605246 2.3841174
-0.0051171305 0.9999865 -0.0010902678 0.03891855
0.0005005384 0.0010928395 0.99999976 0.019395813
0 0 0 1
0 0 0 0 0 0 0
0.99999243 0.0037692762 0.0007641199 2.2556288
-0.0037684573 0.9999926 0.0005624082 -0.0416867
-0.0007619877 -0.00056521175 0.99999976 0.010303024
0 0 0 1
0 0 0 0 0 0 0
0.9999942 0.003300839 0.0010946402 2.4074295
-0.003301136 0.9999943 -4.3580792e-05 0.032062914
-0.0010947094 3.9983042e-05 0.99999946 0.014275932
0 0 0 1
0 0 0 0 0 0 0
0.9999698 0.007690064 0.00035414597 2.3041961
-0.0076905917 0.99997073 -0.00026926122 0.0033403751
-0.00035617838 0.00026645773 0.9999999 0.025996875
0 0 0 1
0 0 0 0 0 0 0
0.99999917 0.0009924432 -0.00093105325 2.3695865
-0.000990495 0.9999983 0.00123438 0.005964958
0.0009322198 -0.0012333725 0.99999905 0.013756138
0 0 0 1
0 0 0 0 0 0 0
0.9999926 0.003715044 -0.0002401116 2.3618329
-0.0037145028 0.99999297 0.0008826295 -0.037730705
0.00024334458 -0.00088177004 0.9999994 0.0124487365
0 0 0 1
0 0 0 0 0 0 0
0.9999921 0.0041671777 -0.0006011701 2.3587904
-0.0041686217 0.9999908 -0.0004970179 0.026522495
0.00059904275 0.0004995595 0.99999905 0.025603991
0 0 0 1
0 0 0 0 0 0 0
0.9999918 0.0038315067 0.00020263107 2.3716052
-0.003830295 0.99999255 -0.0005793373 0.013285303
-0.00020477023 0.0005784583 1.0 0.024635905
0 0 0 1
0 0 0 0 0 0 0
0.9999971 0.002532772 0.00060703675 2.4431758
-0.0025335709 0.9999966 -0.0011485248 0.011515319
-0.00060996483 0.0011471171 0.9999996 0.019101491
0 0 0 1
0 0 0 0 0 0 0
0.99999505 0.0030429766 0.00042604076 2.3173628
-0.0030414388 0.9999937 -0.0016132593 -0.0008637786
-0.00043109545 0.001612222 0.9999981 0.020789796
0 0 0 1
0 0 0 0 0 0 0
0.9999936 0.0035837912 0.00032787715 2.38916
-0.003583557 0.9999925 -0.0012323947 0.00117232
-0.00033221167 0.0012307038 0.99999905 0.016678806
0 0 0 1
0 0 0 0 0 0 0
0.99999523 0.0030261737 -0.0005549076 2.405785
-0.0030257101 0.9999959 0.00024942463 -0.010712438
0.00055586325 -0.0002477601 1.0000004 0.026341693
0 0 0 1
0 0 0 0 0 0 0
0.9999939 0.0032536497 -0.0005701922 2.3864486
-0.0032533319 0.9999943 0.00017053372 0.013050659
0.00057050417 -0.00016831144 0.9999992 0.017843768
0 0 0 1
0 0 0 0 0 0 0
0.9999939 0.003539378 -0.0012974563 2.4120793
-0.0035392346 0.9999945 0.00017918787 0.010215024
0.0012982024 -0.0001748564 0.9999999 0.024939071
0 0 0 1
0 0 0 0 0 0 0
0.99999017 0.004272653 -0.0011559047 2.3609495
-0.0042716647 0.9999898 0.000891151 -0.040293366
0.0011596397 -0.0008860918 0.99999857 0.029155582
0 0 0 1
0 0 0 0 0 0 0
0.9999977 0.0020971291 -0.00089868216 2.4159422
-0.0020963193 0.99999744 0.001309501 0.03673368
0.0009014641 -0.0013077423 0.9999983 0.0155535275
0 0 0 1
0 0 0 0 0 0 0
0.99999624 0.0025327497 -0.00053480593 2.426867
-0.0025320319 0.9999968 -0.00027823276 -0.034726925
0.0005341151 0.0002797192 1.0000005 0.028381651
0 0 0 1
0 0 0 0 0 0 0
0.9999921 0.0039193053 0.0010128304 2.4277673
-0.0039181164 0.99999017 -0.0018782677 0.023316167
-0.0010202486 0.0018742273 0.9999977 0.029824616
0 0 0 1
0 0 0 0 0 0 0
0.9999945 0.0029534057 0.0012487179 2.3359296
-0.0029532637 0.99999547 -0.00044059224 -0.008362874
-0.0012500235 0.00043720263 0.99999875 0.015174129
0 0 0 1
0 0 0 0 0 0 0
0.9999941 0.003416787 -7.6516124e-05 2.4939106
-0.003416066 0.9999941 0.00058723346 0.010297106
7.881104e-05 -0.00058768183 1.0000002 0.02372449
0 0 0 1
0 0 0 0 0 0 0
0.9999926 0.0039333836 -0.00012079058 2.3062677
-0.003932915 0.9999906 0.0018701188 -0.03578979
0.00012789239 -0.0018691645 0.9999982 0.020813556
0 0 0 1
0 0 0 0 0 0 0
0.99999535 0.0030031935 -9.43191e-05 2.4314618
-0.0030042746 0.99999505 0.0009450529 0.036306728
9.7266544e-05 -0.0009448353 0.9999991 0.026149584
0 0 0 1
0 0 0 0 0 0 0
0.9999869 0.004923427 0.0005107969 2.465155
-0.004923222 0.99998766 0.0012621194 -0.0014599452
-0.0005046782 -0.0012647008 0.9999988 0.01663236
0 0 0 1
0 0 0 0 0 0 0
0.9999932 0.0038338157 -0.0002851515 2.3273244
-0.0038344895 0.999992 0.00045949552 -0.005314782
0.00028695972 -0.00045821563 1.0 0.028421354
0 0 0 1
0 0 0 0 0 0 0
0.9999961 0.0026847632 0.00010216942 2.465179
-0.0026836903 0.99999666 0.00076640357 -0.014810157
-0.0001001111 -0.0007667534 1.0000002 0.022037415
0 0 0 1
0 0 0 0 0 0 0
0.99998343 0.005835934 0.00035344067 2.4559603
-0.0058362936 0.9999817 0.0010371368 -0.003946034
-0.0003474539 -0.001039159 0.9999993 0.028026283
0 0 0 1
0 0 0 0 0 0 0
0.9999955 0.0030572768 -0.00029056592 2.352179
-0.0030573625 0.999996 0.0005576026 0.037573405
0.00029237676 -0.0005567112 1.0000001 0.018049248
0 0 0 1
0 0 0 0 0 0 0
0.99998546 0.0053189686 -0.0002035733 2.403023
-0.0053186086 0.9999851 -8.932266e-05 0.0023872422
0.0002029633 9.041814e-05 0.99999934 0.025505096
0 0 0 1
0 0 0 0 0 0 0
0.99998957 0.0044931523 0.00022009123 2.4523177
-0.0044934545 0.9999903 -0.00040666608 0.013201936
-0.00022194457 0.00040564832 1.0000002 0.03218028
0 0 0 1
0 0 0 0 0 0 0
0.9999955 0.0028950628 -0.0004007282 2.4064867
-0.0028949704 0.99999577 0.00010357414 -0.019014006
0.0004010642 -0.00010245341 0.99999994 0.022386312
0 0 0 1
0 0 0 0 0 0 0
0.9999864 0.005305982 -0.00027069473 2.4482832
-0.0053056735 0.99998504 0.0012625309 0.008406852
0.00027732478 -0.0012611678 0.9999986 0.02483028
0 0 0 1
0 0 0 0 0 0 0
0.99999076 0.0042277025 -0.00021675836 2.317352
-0.0042282897 0.99999154 -4.819798e-05 -0.0077418843
0.00021667744 4.9279777e-05 1.0000004 0.016843056
0 0 0 1
0 0 0 0 0 0 0
0.99999774 0.0021608355 -0.00029553537 2.4570735
-0.002159818 0.9999964 -0.0010504314 0.01341197
0.0002932301 0.0010510039 0.99999934 0.016450731
0 0 0 1
0 0 0 0 0 0 0
0.9999708 0.0075933374 -0.00056445494 2.441034
-0.007595587 0.9999704 -0.0015700349 0.014707905
0.0005525709 0.001574245 0.9999984 0.024823094
0 0 0 1
0 0 0 0 0 0 0
0.9999998 0.00024299341 -0.0009068724 2.4594915
-0.00024345172 0.9999982 -0.0016627529 -0.032341965
0.0009064331 0.0016631043 0.99999857 0.02865405
0 0 0 1
0 0 0 0 0 0 0
0.9999956 0.0030838368 -0.00040686384 2.432606
-0.0030852295 0.99999374 -0.0014820962 0.030656714
0.000402287 0.0014832428 0.99999845 0.014595217
0 0 0 1
0 0 0 0 0 0 0
0.9999844 0.005460621 -0.0011806608 2.458352
-0.0054634544 0.99998295 -0.0020846112 -0.026581097
0.001169286 0.0020910285 0.9999967 0.022389075
0 0 0 1
0 0 0 0 0 0 0
0.99999404 0.0029805666 -0.0011723927 2.4412692
-0.0029822353 0.99999416 -0.0017622205 0.010987935
0.0011670672 0.0017654308 0.999998 0.019784883
0 0 0 1
0 0 0 0 0 0 0
0.99998564 0.0054809093 -0.00068606844 2.4185593
-0.005481194 0.9999845 -0.0010184482 -0.0040274505
0.00068058626 0.0010225235 0.99999994 0.013189585
0 0 0 1
0 0 0 0 0 0 0
0.9999971 0.00215427 -0.00020076711 2.4362473
-0.0021544262 0.9999975 -0.00015618243 0.0076486394
0.00020038123 0.00015693763 0.99999905 0.013799918
0 0 0 1
0 0 0 0 0 0 0
0.9999883 0.0047777835 -0.00074430805 2.4853735
-0.0047776992 0.9999886 0.0006695529 -0.008301208
0.00074742903 -0.00066658034 0.9999998 0.0069619166
0 0 0 1
0 0 0 0 0 0 0
0.99998814 0.004843542 -0.00060994545 2.5247266
-0.004843788 0.9999882 -0.00035577602 -0.016158555
0.0006082861 0.00035845462 0.99999964 0.013057852
0 0 0 1
0 0 0 0 0 0 0
0.9999977 0.0019915898 -0.0007072029 2.4899843
-0.001991455 0.99999774 0.0006416581 0.01315813
0.0007084906 -0.00063979055 0.9999997 0.009810075
0 0 0 1
0 0 0 0 0 0 0
0.99998456 0.005540539 -0.0007576386 2.47333
-0.0055386764 0.99998444 0.0011099062 0.018112164
0.0007637873 -0.0011056524 0.9999994 0.010470425
0 0 0 1
0 0 0 0 0 0 0
0.99999523 0.0029615161 0.00076872535 2.5465508
-0.0029610777 0.9999943 -0.0011697246 0.023107685
-0.0007722495 0.0011675172 0.99999875 0.01063394
0 0 0 1
0 0 0 0 0 0 0
0.9999946 0.003314292 0.00089380227 2.4804113
-0.0033128513 0.99999416 -0.0013168782 -0.034080803
-0.00089812186 0.0013135377 0.99999875 0.015725724
0 0 0 1
0 0 0 0 0 0 0
0.9999973 0.0021212397 0.0007854952 2.5195892
-0.0021205286 0.99999696 -0.00076175167 -0.013921264
-0.00078702765 0.0007604644 1.0 0.012076586
0 0 0 1
0 0 0 0 0 0 0
0.99999464 0.0031263982 0.00062805106 2.6238527
-0.0031264075 0.999995 -5.372837e-05 0.039564595
-0.0006281642 5.1212523e-05 0.9999996 0.010629535
0 0 0 1
0 0 0 0 0 0 0
0.99999875 0.0015899022 0.00020508002 2.5117345
-0.0015898158 0.99999934 0.00046113218 -0.013471978
-0.00020444591 -0.00046169022 0.99999946 0.0064708004
0 0 0 1
0 0 0 0 0 0 0
0.9999867 0.004960239 0.0008617286 2.6066039
-0.004960128 0.99998677 -0.0007055973 0.024747843
-0.00086507585 0.00070168386 0.9999997 0.013917592
0 0 0 1
0 0 0 0 0 0 0
1.0000001 0.00035585242 0.0007428169 2.5521042
-0.00035576918 1.0000004 -0.0002588573 -0.003586302
-0.0007433027 0.00025890267 1.0 0.011604154
0 0 0 1
0 0 0 0 0 0 0
0.99999714 0.0018266989 -0.0014356067 2.633446
-0.0018265751 0.9999981 -6.487993e-05 0.012646958
0.0014356198 6.790449e-05 0.999999 0.016155388
0 0 0 1
0 0 0 0 0 0 0
0.9999789 0.006228875 -0.001891971 2.6010787
-0.006225715 0.9999801 0.0012632768 0.020112526
0.0018998492 -0.0012515043 0.9999974 0.017319191
0 0 0 1
0 0 0 0 0 0 0
1.0000002 0.0005266716 -0.0004852972 2.612469
-0.00052691135 0.9999984 0.0016632472 0.014203954
0.0004862489 -0.0016632362 0.9999985 0.008981687
0 0 0 1
0 0 0 0 0 0 0
0.99997777 0.0065139555 0.0011848826 2.652644
-0.006516392 0.99997693 0.002085465 -0.008712054
-0.0011713038 -0.0020932236 0.99999696 0.0076811207
0 0 0 1
0 0 0 0 0 0 0
0.99998575 0.0052103144 0.0012046753 2.6570625
-0.005213372 0.9999828 0.0025315552 0.07001265
-0.0011915233 -0.0025377693 0.99999624 0.010110253
0 0 0 1
0 0 0 0 0 0 0
0.99998343 0.0056279586 0.0008735257 2.6336043
-0.0056285625 0.9999839 0.0007636696 -0.029867966
-0.00086907484 -0.0007686006 0.9999986 0.012884789
0 0 0 1
0 0 0 0 0 0 0
0.99998593 0.0053682965 0.0006492822 2.6310914
-0.0053686197 0.99998575 1.6913928e-05 0.030650495
-0.00064932986 -2.037933e-05 1.0 0.010323281
0 0 0 1
0 0 0 0 0 0 0
0.9999859 0.005361545 -0.00028889131 2.7490244
-0.0053617246 0.9999826 -0.00226481 0.016799476
0.00027677615 0.0022663644 0.999998 0.018963775
0 0 0 1
0 0 0 0 0 0 0
0.99998975 0.0043928106 -0.0001605421 2.6307187
-0.004392406 0.9999906 -0.0009439802 -0.008115162
0.00015639068 0.0009445537 0.9999986 0.013163542
0 0 0 1
0 0 0 0 0 0 0
0.99998116 0.006152417 0.00071454333 2.690449
-0.0061531975 0.9999807 -0.00072731957 0.035806645
-0.0007189497 0.0007229644 1.0000001 0.020496264
0 0 0 1
0 0 0 0 0 0 0
0.99999005 0.0042332225 0.0013375923 2.694816
-0.004231109 0.99999064 -0.0004530149 -0.027933318
-0.0013395164 0.00044741214 0.9999993 0.014986899
0 0 0 1
0 0 0 0 0 0 0
0.99998575 0.0050064162 0.0014496245 2.6304958
-0.0050088107 0.99998665 0.0013486091 0.04006186
-0.001442917 -0.0013560214 0.9999971 0.017642632
0 0 0 1
0 0 0 0 0 0 0
0.99998605 0.005341023 0.00028555348 2.7964613
-0.0053415657 0.9999848 0.0013604139 -0.041421678
-0.00027818859 -0.0013617332 0.99999976 0.025153322
0 0 0 1
0 0 0 0 0 0 0
0.99998724 0.005109486 0.00049220986 2.6101131
-0.005109947 0.99998724 0.00028388968 0.030998336
-0.0004908234 -0.0002866104 0.9999991 0.021785246
0 0 0 1
0 0 0 0 0 0 0
0.9999883 0.0047690915 0.00045594486 2.7099566
-0.0047685695 0.9999873 -0.0013983785 0.0074113924
-0.0004627084 0.0013965206 0.9999996 0.026574498
0 0 0 1
0 0 0 0 0 0 0
0.99998593 0.005113757 0.0012247005 2.7816741
-0.0051142327 0.9999872 -0.00023830267 0.008392473
-0.0012258008 0.0002319044 0.99999875 0.031277
0 0 0 1
0 0 0 0 0 0 0
0.99999356 0.0035404675 0.0008268469 2.6323214
-0.0035416957 0.9999915 0.0021588055 -0.0028172692
-0.0008192674 -0.0021616223 0.99999803 0.019859124
0 0 0 1
0 0 0 0 0 0 0
0.99998593 0.005240062 0.00051100197 2.7352118
-0.0052392473 0.9999859 -0.00027879054 0.0053113424
-0.0005126186 0.0002763829 0.9999995 0.02398892
0 0 0 1
0 0 0 0 0 0 0
0.9999901 0.004239571 0.001378837 2.7704134
-0.0042405613 0.99999106 0.0001835492 0.015583332
-0.0013780481 -0.0001896379 0.999999 0.026719011
0 0 0 1
0 0 0 0 0 0 0
0.999997 0.0026570004 0.00032806388 2.709964
-0.0026575876 0.99999326 0.0024394197 0.018846728
-0.00032128437 -0.0024404936 0.9999965 0.02540663
0 0 0 1
0 0 0 0 0 0 0
0.9999846 0.005168449 -0.0018171282 2.7175772
-0.005161964 0.9999802 0.003611944 -0.0018700295
0.0018356985 -0.0036024542 0.9999927 0.024186336
0 0 0 1
0 0 0 0 0 0 0
0.9999941 0.0031501276 -0.001345074 2.7193656
-0.0031436058 0.9999874 0.0039040523 0.020963028
0.0013573734 -0.0038998153 0.9999914 0.026628328
0 0 0 1
0 0 0 0 0 0 0
0.9999868 0.0047157295 0.0018727394 2.7006757
-0.0047211503 0.99998593 0.002527165 -0.0065209526
-0.0018607429 -0.0025359502 0.99999475 0.02077757
0 0 0 1
0 0 0 0 0 0 0
0.9999953 0.0028723557 0.0014477435 2.832196
-0.0028694265 0.9999938 -0.0018228173 0.023137202
-0.0014529128 0.0018186064 0.9999968 0.020705432
0 0 0 1
0 0 0 0 0 0 0
0.99998796 0.0048584864 -0.00046947136 2.5857441
-0.004857638 0.999988 0.0012142716 -0.008024542
0.000475181 -0.0012120405 0.99999917 0.029778257
0 0 0 1
0 0 0 0 0 0 0
0.999987 0.0050029084 0.0004003952 2.7494576
-0.0050038625 0.99998456 0.0024132945 0.0067817164
-0.00038828445 -0.0024151923 0.99999774 0.025853772
0 0 0 1
0 0 0 0 0 0 0
0.99999386 0.0030218684 0.001957422 2.8384898
-0.0030236654 0.99999565 0.00035551842 0.0731606
-0.0019562172 -0.00036155674 0.9999976 0.019473199
0 0 0 1
0 0 0 0 0 0 0
0.99998695 0.0046744784 0.0019369287 2.6412685
-0.004679734 0.999985 0.0026961488 0.008463866
-0.0019244362 -0.0027050604 0.99999493 0.02756993
0 0 0 1
0 0 0 0 0 0 0
0.9999889 0.0048831683 7.1829054e-05 2.7827642
-0.0048823706 0.9999857 0.0019745298 0.010691898
-6.212449e-05 -0.0019748127 0.99999785 0.024937443
0 0 0 1
0 0 0 0 0 0 0
0.99999523 0.0027607323 0.0001993464 2.7820983
-0.0027617724 0.9999961 0.0009101362 0.014801188
-0.0001968498 -0.00091080286 0.99999976 0.03285872
0 0 0 1
0 0 0 0 0 0 0
0.99999505 0.0031700057 0.0006250681 2.863963
-0.0031691447 0.9999944 -0.00040968362 0.02037226
-0.00062639156 0.0004078709 0.99999946 0.028182056
0 0 0 1
0 0 0 0 0 0 0
0.9999962 0.002756617 0.0007738105 3.2396872
-0.0027566832 0.999997 0.00024574288 0.00921102
-0.00077307783 -0.00024799316 0.9999998 0.04238952
0 0 0 1
0 0 0 0 0 0 0
0.9999951 0.0030486232 0.00034675348 2.68042
-0.0030500488 0.99999255 0.0023542535 0.020337008
-0.0003395873 -0.0023553048 0.9999968 0.026805097
0 0 0 1
0 0 0 0 0 0 0
0.99998915 0.0030205366 -0.0036064766 2.3715496
-0.0029869557 0.99995273 0.009264794 0.011461822
0.0036343087 -0.0092539685 0.99995077 0.038384512
0 0 0 1
0 0 0 0 0 0 0
0.99994546 0.004626677 -0.009340742 2.7555223
-0.0045388667 0.9999448 0.009386946 0.03095899
0.009383639 -0.00934396 0.9999118 0.011341009
0 0 0 1
0 0 0 0 0 0 0
0.99998933 0.002081979 -0.003968125 2.7892838
-0.0021164948 0.9999593 -0.008814357 -0.02113768
0.003949622 0.008822623 0.9999537 0.048347108
0 0 0 1
0 0 0 0 0 0 0
0.99999124 0.0027888129 0.0033688857 2.7692363
-0.0027549916 0.99994624 -0.010065253 0.015571591
-0.0033968003 0.010055794 0.9999437 0.030255651
0 0 0 1
0 0 0 0 0 0 0
0.9999332 0.0025422503 0.011305976 2.906911
-0.00254469 0.9999961 0.00023756362 -0.017056553
-0.011305294 -0.00026620668 0.99993634 0.0066510444
0 0 0 1
0 0 0 0 0 0 0
0.9999646 0.00035608362 0.008371661 2.5916424
-0.00040792782 0.9999813 0.006107646 0.027802505
-0.008369363 -0.0061108875 0.9999457 0.017030954
0 0 0 1
0 0 0 0 0 0 0
0.9999599 0.007835176 0.0043134927 2.942685
-0.007862556 0.9999485 0.006420825 0.032140907
-0.004262901 -0.0064544426 0.9999707 0.018327622
0 0 0 1
0 0 0 0 0 0 0
0.99999887 0.0012110398 -0.00045398428 2.5470793
-0.0012105402 0.9999985 0.0014611183 0.019668141
0.00045574896 -0.0014605689 0.99999905 0.029465558
0 0 0 1
0 0 0 0 0 0 0
0.9999817 0.0058458317 -0.0013244989 2.8030682
-0.0058523845 0.9999692 -0.005095628 -0.003043931
0.001294549 0.0051032733 0.9999861 0.039438162
0 0 0 1
0 0 0 0 0 0 0
0.9999877 0.0018929956 -0.0047655944 2.76777
-0.0019186654 0.9999832 -0.0054392475 0.027484218
0.004755325 0.0054483493 0.99997324 0.054153755
0 0 0 1
0 0 0 0 0 0 0
0.99998415 0.004727162 -0.0029297743 2.6741185
-0.0047284947 0.9999885 -0.000566693 0.0058555477
0.0029269976 0.00058054295 0.99999607 0.031431027
0 0 0 1
0 0 0 0 0 0 0
0.99999857 0.0019705715 0.00019105883 2.8313954
-0.001971085 0.99999887 -0.0005424307 0.017972235
-0.00019210084 0.0005420542 0.99999934 0.030537898
0 0 0 1
0 0 0 0 0 0 0
0.99997246 0.0070970403 0.0019370207 2.7468698
-0.007094233 0.99997395 -0.0011359359 0.026275814
-0.0019450618 0.0011221899 0.999998 0.024644298
0 0 0 1
0 0 0 0 0 0 0
0.9999988 0.00061318383 0.0010504796 2.63902
-0.0006133444 0.9999995 -8.7672626e-05 0.0028319648
-0.0010504951 8.705497e-05 0.99999887 0.03065688
0 0 0 1
0 0 0 0 0 0 0
0.9999914 0.0040302267 0.0010750472 2.785716
-0.004029896 0.9999922 -0.0005832562 0.030425139
-0.0010773949 0.00057886913 0.9999993 0.027949741
0 0 0 1
0 0 0 0 0 0 0
0.99999905 0.0016125652 -0.0004258168 2.7709227
-0.0016134321 0.9999976 -0.00097071374 0.019787017
0.00042429488 0.0009713985 0.99999964 0.034566112
0 0 0 1
0 0 0 0 0 0 0
1.0 0.00033718982 0.00065493677 2.7959177
-0.00033745926 1.0000002 0.00018350579 0.010290023
-0.00065482577 -0.00018378136 0.9999994 0.034528702
0 0 0 1
0 0 0 0 0 0 0
0.9999966 0.002168323 0.0014351563 2.7505229
-0.0021647054 0.9999952 -0.0021473658 0.01651382
-0.0014398921 0.0021442447 0.9999969 0.028764201
0 0 0 1
0 0 0 0 0 0 0
0.9999951 7.983831e-06 0.0029305783 2.6164448
-3.1586005e-06 0.9999989 -0.0013550441 -0.010210061
-0.0029306228 0.0013550854 0.9999951 0.02850029
0 0 0 1
0 0 0 0 0 0 0
0.9999968 0.0015005815 0.0022499487 2.8317618
-0.0014968865 0.9999977 -0.0018334887 0.006998445
-0.0022526185 0.0018300025 0.9999957 0.034956045
0 0 0 1
0 0 0 0 0 0 0
0.9999952 0.0027462058 -0.0013531372 2.6690633
-0.0027460395 0.99999565 0.0007007444 0.025947861
0.0013550487 -0.00069695164 0.9999988 0.0370887
0 0 0 1
0 0 0 0 0 0 0
0.99999416 0.0014422975 -0.0030579304 2.80757
-0.0014281324 0.99999005 0.0043248152 0.021369878
0.0030640648 -0.004320402 0.99998635 0.03218775
0 0 0 1
0 0 0 0 0 0 0
0.9999916 0.0033056277 -0.002309985 2.7774668
-0.0032997306 0.99999005 0.0028579712 0.03876528
0.0023194973 -0.0028503237 0.99999267 0.037351824
0 0 0 1
0 0 0 0 0 0 0
0.99999624 0.0026276708 0.0007687939 2.6857042
