0 0 0 0 0 0 0
0.999996 -0.00129731 0.0026468246 1.5292976
0.0013032005 0.99999696 -0.0022247008 -0.005553778
-0.0026439389 0.002228148 0.999994 0.020209622
0 0 0 1
0 0 0 0 0 0 0
0.9999983 -0.001515514 0.00086265436 1.52358
0.0015161993 0.9999987 -0.000794901 -0.0020549037
-0.0008614383 0.00079621124 0.99999905 0.02297432
0 0 0 1
0 0 0 0 0 0 0
0.99999845 -0.001379953 -0.00041017964 1.5139668
0.0013803088 0.9999982 0.0008730507 -0.001671303
0.0004089807 -0.00087362836 0.99999994 0.022556478
0 0 0 1
0 0 0 0 0 0 0
0.99999917 -0.0014397801 3.3023614e-05 1.5131915
0.0014397664 0.99999875 0.0005971044 0.003738119
-3.3891833e-05 -0.00059705647 0.9999999 0.016204454
0 0 0 1
0 0 0 0 0 0 0
0.99999964 -0.0012827559 0.00043954814 1.5360023
0.0012827936 0.99999934 -0.00010919926 0.003311203
-0.0004394105 0.000109773464 0.9999996 0.014698265
0 0 0 1
0 0 0 0 0 0 0
0.9999986 -0.0015894397 0.00016275403 1.4839336
0.0015894588 0.99999917 -0.00012278002 0.0030825315
-0.00016256995 0.00012304645 0.9999998 0.01630147
0 0 0 1
0 0 0 0 0 0 0
0.99999785 -0.0017547489 -0.0008604461 1.5002332
0.0017532007 0.9999961 -0.0017985146 0.00026156753
0.0008636276 0.0017969867 0.99999887 0.016101094
0 0 0 1
0 0 0 0 0 0 0
0.99999976 -0.0013454782 0.00028145665 1.4950458
0.0013457524 0.999999 -0.001186062 0.0019303189
-0.00027988263 0.0011864441 0.999999 0.008437348
0 0 0 1
0 0 0 0 0 0 0
0.99999917 -0.0012734949 0.000101230195 1.4933758
0.0012735662 0.9999989 -4.3475615e-05 0.0029107737
-0.00010117803 4.3605596e-05 0.9999995 0.010903567
0 0 0 1
0 0 0 0 0 0 0
0.99999887 -0.0011732217 -0.00037390355 1.4887341
0.0011734476 0.99999964 0.0005209164 0.006941095
0.00037331262 -0.00052135484 1.0000002 0.013319234
0 0 0 1
0 0 0 0 0 0 0
0.99999964 -0.0004977677 0.0006271625 1.4848981
0.0004967261 0.99999803 0.0015972728 0.010224039
-0.00062797504 -0.0015969635 0.9999981 0.018306235
0 0 0 1
0 0 0 0 0 0 0
1.0000001 -0.00046642986 0.00071056094 1.4828463
0.00046532866 0.9999985 0.0015607283 0.013348065
-0.0007112941 -0.0015603969 0.99999845 0.018054236
0 0 0 1
0 0 0 0 0 0 0
0.99999917 -0.00059434335 0.00080515846 1.4740257
0.00059353607 0.99999964 0.0010166317 0.011376941
-0.0008057557 -0.0010161526 0.9999994 0.019568967
0 0 0 1
0 0 0 0 0 0 0
0.99999994 -0.00044546425 0.00019753964 1.4736679
0.00044547158 0.99999994 -1.4148782e-06 0.010276494
-0.00019753283 1.5016251e-06 1.0 0.014650503
0 0 0 1
0 0 0 0 0 0 0
0.9999997 -0.0005139203 9.196391e-05 1.4622021
0.0005138919 0.99999917 0.00046366826 0.0061875223
-9.219628e-05 -0.00046364195 1.0000005 0.012139654
0 0 0 1
0 0 0 0 0 0 0
0.9999999 -5.722973e-05 0.00056965504 1.4574467
5.6748664e-05 1.0000001 0.00067251496 0.00641346
-0.0005696953 -0.00067247945 0.99999934 0.011161634
0 0 0 1
0 0 0 0 0 0 0
0.99999946 2.2167096e-06 0.001142329 1.4526922
-3.2087398e-06 0.99999976 0.00091628457 0.0073970594
-0.0011423305 -0.00091627607 0.9999988 0.013841976
0 0 0 1
0 0 0 0 0 0 0
0.9999993 5.647383e-05 -0.0008300498 1.4412477
-5.6173667e-05 0.9999999 0.00034503796 0.0064042984
0.0008300706 -0.00034498144 0.99999875 0.01338925
0 0 0 1
0 0 0 0 0 0 0
0.99999636 8.333045e-05 -0.0026523606 1.4332658
-8.221165e-05 1.0 0.00043883445 0.0066238036
0.002652398 -0.00043860453 0.99999636 0.018300138
0 0 0 1
0 0 0 0 0 0 0
1.0000001 0.00029184096 -6.75411e-05 1.4258307
-0.0002919774 0.99999887 -0.0015918722 0.0045583765
6.7077664e-05 0.0015918892 0.9999993 0.017455103
0 0 0 1
0 0 0 0 0 0 0
0.9999967 0.00023810599 0.0027548445 1.4218836
-0.00023529308 0.9999987 -0.0009974363 0.004696152
-0.002755085 0.0009967688 0.99999565 0.018132
0 0 0 1
0 0 0 0 0 0 0
0.9999986 0.00015540268 0.0015985089 1.4117287
-0.00015271622 0.99999905 -0.0016908438 0.0031360618
-0.001598766 0.0016905925 0.9999978 0.01830302
0 0 0 1
0 0 0 0 0 0 0
0.99999917 0.0002410467 -0.0007816183 1.394683
-0.00024185567 0.99999976 -0.00096945337 0.0045554074
0.000781388 0.00096964557 0.9999993 0.0147876665
0 0 0 1
0 0 0 0 0 0 0
0.99999875 0.00040311055 -0.0017022502 1.384298
-0.00040285225 0.99999964 0.00012917019 0.008635342
0.0017023048 -0.00012848208 0.9999985 0.016299991
0 0 0 1
0 0 0 0 0 0 0
0.9999994 0.0006186348 -0.0011475511 1.3679962
-0.00061767054 0.9999998 0.00081850827 0.012090592
0.0011480546 -0.00081778876 0.99999887 0.015633635
0 0 0 1
0 0 0 0 0 0 0
0.999999 0.0008799317 -0.00051767105 1.356504
-0.00087963516 0.99999917 0.0007093997 0.009607909
0.00051829737 -0.0007089494 0.9999997 0.017069211
0 0 0 1
0 0 0 0 0 0 0
0.9999992 0.0011133521 0.0006887281 1.3345715
-0.0011137138 0.9999993 0.0005555172 0.0107131945
-0.00068812806 -0.00055627717 0.9999991 0.01679444
0 0 0 1
0 0 0 0 0 0 0
0.99999624 0.001560471 0.0022894104 1.3241981
-0.0015619608 0.9999981 0.0006371849 0.008789424
-0.0022884042 -0.0006407757 0.9999979 0.017616645
0 0 0 1
0 0 0 0 0 0 0
0.99999785 0.0016318094 0.0011667374 1.3034439
-0.0016310383 0.99999887 -0.0006012057 0.007714507
-0.0011677099 0.0005993158 0.9999985 0.018601574
0 0 0 1
0 0 0 0 0 0 0
0.9999978 0.00225598 0.00050297513 1.282548
-0.0022561643 0.9999969 0.0003553646 0.006703829
-0.00050217897 -0.0003565014 0.9999997 0.018643642
0 0 0 1
0 0 0 0 0 0 0
0.9999942 0.003370475 -0.000103031925 1.2633768
-0.003370469 0.9999943 1.6484208e-05 0.006198195
0.000103093065 -1.6141325e-05 0.99999994 0.018212004
0 0 0 1
0 0 0 0 0 0 0
0.99999076 0.0036833312 -0.0021363634 1.2412235
-0.0036850553 0.9999934 -0.0008025918 0.004285327
0.002133406 0.00081045704 0.99999815 0.018033514
0 0 0 1
0 0 0 0 0 0 0
0.9999931 0.0034686516 -0.001608159 1.2332693
-0.0034691188 0.99999416 -0.00028755658 0.0041828156
0.0016071342 0.00029314173 0.99999833 0.015947348
0 0 0 1
0 0 0 0 0 0 0
0.99999154 0.004023323 0.00061692495 1.2203838
-0.004023598 0.99999154 0.0004585276 0.010561597
-0.00061507587 -0.00046100226 0.99999917 0.008879635
0 0 0 1
0 0 0 0 0 0 0
0.99998564 0.005264968 8.200423e-05 1.2096754
-0.0052650794 0.9999862 0.00045772287 0.008842461
-7.959257e-05 -0.0004581481 0.99999994 0.011224167
0 0 0 1
0 0 0 0 0 0 0
0.99997836 0.0065580374 -0.0010005799 1.1982318
-0.0065565184 0.9999774 0.0014845455 0.011049161
0.0010102934 -0.0014779535 0.99999857 0.009151611
0 0 0 1
0 0 0 0 0 0 0
0.99997205 0.007399377 -0.00019286989 1.1858574
-0.0073989662 0.9999711 0.0015943544 0.011697039
0.00020466618 -0.0015929007 0.9999991 0.008432173
0 0 0 1
0 0 0 0 0 0 0
0.9999641 0.008360948 0.0014605173 1.1780459
-0.008362603 0.999964 0.0011048481 0.006338956
-0.0014512272 -0.0011170253 0.9999981 0.0070504746
0 0 0 1
0 0 0 0 0 0 0
0.9999487 0.010158618 0.0005728538 1.1649746
-0.010159942 0.999946 0.0023234817 0.0070189917
-0.0005492261 -0.002329173 0.99999744 0.008359263
0 0 0 1
0 0 0 0 0 0 0
0.99991703 0.012907445 0.00032789307 1.1494296
-0.012908105 0.9999143 0.0024024316 0.0075160577
-0.0002968588 -0.0024064537 0.99999666 0.0049950588
0 0 0 1
0 0 0 0 0 0 0
0.9998916 0.014696078 0.00079132005 1.133281
-0.01469786 0.99988896 0.0022101963 0.00461197
-0.00075874274 -0.0022215582 0.99999785 0.007864707
0 0 0 1
0 0 0 0 0 0 0
0.999867 0.016235864 0.0014303548 1.1221849
-0.016239513 0.99986494 0.002564108 0.005278986
-0.0013885263 -0.0025870646 0.9999953 0.0071711764
0 0 0 1
0 0 0 0 0 0 0
0.99984205 0.017663345 0.0018192108 1.1145873
-0.01766427 0.9998444 0.0005154425 -0.0014049972
-0.0018098324 -0.00054741063 0.999998 0.0088675525
0 0 0 1
0 0 0 0 0 0 0
0.99981755 0.019124003 -0.00018303904 1.0990043
-0.019123819 0.9998165 -0.00022865171 -0.0034714187
0.00017863934 0.00023199948 1.0 0.010027257
0 0 0 1
0 0 0 0 0 0 0
0.9997923 0.02036104 -0.0009171475 1.085983
-0.020362386 0.9997926 -0.0008669986 -0.003739573
0.00089929573 0.0008855804 0.9999996 0.0078315465
0 0 0 1
0 0 0 0 0 0 0
0.99977934 0.021011505 -0.000282944 1.0749769
-0.021011975 0.99977624 -0.0025087984 -0.0081497915
0.00023017041 0.002514132 0.9999969 0.008532462
0 0 0 1
0 0 0 0 0 0 0
0.99975467 0.022006072 0.0024560073 1.0640146
-0.021994095 0.9997459 -0.0048437463 -0.0175107
-0.002561981 0.0047885613 0.9999848 0.0096594095
0 0 0 1
0 0 0 0 0 0 0
0.9997273 0.023266112 0.0021016344 1.0524566
-0.023255527 0.9997171 -0.0050653727 -0.020782044
-0.0022188593 0.0050151083 0.99998564 0.010118935
0 0 0 1
0 0 0 0 0 0 0
0.9997063 0.024199855 -0.00034821726 1.0394957
-0.024201054 0.99969363 -0.0052343546 -0.027237495
0.00022141982 0.0052412534 0.9999861 0.0063794698
0 0 0 1
0 0 0 0 0 0 0
0.99967206 0.025565894 -0.0020499164 1.0233972
-0.025580008 0.9996486 -0.0069798953 -0.028602654
0.0018707282 0.0070299837 0.99997354 0.0050590755
0 0 0 1
0 0 0 0 0 0 0
0.99964 0.02682362 2.8892612e-06 1.0146472
-0.026822887 0.9996316 -0.003980207 -0.03131904
-0.000109672466 0.003978773 0.9999912 0.00013556339
0 0 0 1
0 0 0 0 0 0 0
0.999598 0.028234102 0.0022483657 1.0043812
-0.028228803 0.9995994 -0.002083862 -0.024428744
-0.0023062602 0.0020195653 0.9999962 0.0068645165
0 0 0 1
0 0 0 0 0 0 0
0.99957263 0.029106054 0.002906091 0.9989701
-0.02909719 0.99957097 -0.0033867927 -0.032135222
-0.0030034643 0.0033007646 0.9999895 0.006385547
0 0 0 1
0 0 0 0 0 0 0
0.9995467 0.030100726 -0.0007480601 0.98424613
-0.030103201 0.99953884 -0.0040750764 -0.03260646
0.0006251306 0.0040957876 0.9999922 0.008459588
0 0 0 1
0 0 0 0 0 0 0
0.9995073 0.03112699 -0.0041263103 0.96815675
-0.031130346 0.9995153 -0.0008087203 -0.027588509
0.0040990734 0.0009367399 0.9999909 0.006437398
0 0 0 1
0 0 0 0 0 0 0
0.9994871 0.031428713 -0.0060883774 0.95903885
-0.031453658 0.9994974 -0.003908375 -0.029448621
0.0059625027 0.00409783 0.9999738 0.0044569205
0 0 0 1
0 0 0 0 0 0 0
0.9994915 0.03169672 -0.0036711916 0.9559358
-0.03170991 0.99948895 -0.0039037075 -0.030326748
0.0035455828 0.004018151 0.99998564 0.002490115
0 0 0 1
0 0 0 0 0 0 0
0.99945116 0.033032864 0.0022648342 0.9548937
-0.033032626 0.99945503 -0.00023337205 -0.028602822
-0.0022712927 0.00015839121 0.99999714 0.0012735364
0 0 0 1
0 0 0 0 0 0 0
0.9993641 0.035268325 0.0051772236 0.9552073
-0.03528875 0.9993695 0.0038427112 -0.02165408
-0.005038455 -0.0040229834 0.999979 0.006123688
0 0 0 1
0 0 0 0 0 0 0
0.99931735 0.036715873 0.004199557 0.94266963
-0.036726296 0.9993226 0.0024543416 -0.024501123
-0.004106639 -0.0026068317 0.999989 0.0106261065
0 0 0 1
0 0 0 0 0 0 0
0.99927825 0.03757287 -0.0055868872 0.9301911
-0.037557185 0.99928945 0.0028836334 -0.021720724
0.0056913258 -0.0026717738 0.9999799 0.008691067
0 0 0 1
0 0 0 0 0 0 0
0.9992848 0.037014995 -0.007744649 0.92320734
-0.036993973 0.99931204 0.0028779716 -0.022178458
0.0078458665 -0.0025893718 0.99996525 0.0020627824
0 0 0 1
0 0 0 0 0 0 0
0.99934393 0.036069613 -0.0031083308 0.9169102
-0.03606668 0.99934864 0.0011107996 -0.025981443
0.0031463152 -0.000997997 0.9999954 -0.0004386146
0 0 0 1
0 0 0 0 0 0 0
0.9993612 0.03563878 0.0029475854 0.92185503
-0.03563504 0.999364 -0.0012870857 -0.03029923
-0.0029915986 0.0011812497 0.9999946 0.0026159144
0 0 0 1
0 0 0 0 0 0 0
0.99935293 0.035944134 0.00131766 0.9122088
-0.035944745 0.99935365 0.00084683014 -0.02813153
-0.0012863681 -0.0008935888 0.9999986 0.009624507
0 0 0 1
0 0 0 0 0 0 0
0.99934787 0.03595408 -0.003279527 0.89758164
-0.03595898 0.99935174 -0.0013832607 -0.03039732
0.0032277335 0.0015002412 0.9999942 0.00677252
0 0 0 1
0 0 0 0 0 0 0
0.99934965 0.035901118 -0.003340229 0.8994078
-0.035901606 0.9993556 4.0640494e-05 -0.028826302
0.0033395449 7.931881e-05 0.9999938 0.0021049615
0 0 0 1
0 0 0 0 0 0 0
0.9993567 0.035844672 -0.0010612003 0.8968841
-0.03584173 0.9993553 0.002324066 -0.027305512
0.001143814 -0.0022845392 0.99999714 0.0024697375
0 0 0 1
0 0 0 0 0 0 0
0.99935687 0.035832293 -0.0013057103 0.9027364
-0.0358322 0.9993577 -4.1897714e-05 -0.02893089
0.0013033745 8.864158e-05 0.9999992 0.005397378
0 0 0 1
0 0 0 0 0 0 0
0.99933755 0.03581095 -0.0064860173 0.9005183
-0.035801414 0.9993575 0.0014764124 -0.026628144
0.0065346914 -0.001243216 0.999978 0.00534414
0 0 0 1
0 0 0 0 0 0 0
0.9992859 0.03652518 -0.009630964 0.9044999
-0.03650566 0.9993316 0.0021753225 -0.012877849
0.009703932 -0.0018222419 0.999951 0.018300502
0 0 0 1
0 0 0 0 0 0 0
0.99929214 0.036558293 -0.008883863 0.91891825
-0.03654526 0.9993305 0.0017387286 -0.0018228776
0.008941501 -0.0014127642 0.9999591 0.021893926
0 0 0 1
0 0 0 0 0 0 0
0.9993199 0.036723997 -0.003604444 0.92723805
-0.03671073 0.99931955 0.0035371634 0.0024831656
0.0037318708 -0.0034024233 0.99998695 0.023683878
0 0 0 1
0 0 0 0 0 0 0
0.9993198 0.03676833 0.0027289197 0.9283883
-0.036777567 0.99931693 0.0035081233 -0.010266509
-0.002598097 -0.0036061988 0.99999 0.015063786
0 0 0 1
0 0 0 0 0 0 0
0.99931765 0.036608305 0.0048785633 0.93743646
-0.0366351 0.99931425 0.0054413676 -0.0016188674
-0.0046760454 -0.0056162914 0.99997383 0.02167402
0 0 0 1
0 0 0 0 0 0 0
0.999299 0.0374101 0.0015911186 0.92939335
-0.0374169 0.99928737 0.0049903383 -0.012440817
-0.0014032737 -0.0050464235 0.99998635 0.016054442
0 0 0 1
0 0 0 0 0 0 0
0.99928725 0.037757427 0.0003055759 0.9401438
-0.03775964 0.9992574 0.007675152 -0.0031989734
-1.5512227e-05 -0.0076812026 0.9999699 0.016540512
0 0 0 1
0 0 0 0 0 0 0
0.99928135 0.037877765 0.00036435857 0.94056225
-0.037879933 0.9992614 0.006407307 -0.008478537
-0.000121355064 -0.0064164954 0.99998003 0.0098044975
0 0 0 1
0 0 0 0 0 0 0
0.9992822 0.037800066 0.002438206 0.94702303
-0.037808444 0.99927795 0.003821235 -0.01520257
-0.0022919222 -0.0039107124 0.9999898 0.009853572
0 0 0 1
0 0 0 0 0 0 0
0.9992967 0.037504423 0.0011186703 0.9511265
-0.037506685 0.99929494 0.0017062343 -0.01804611
-0.0010540435 -0.0017469988 0.9999978 0.017422158
0 0 0 1
0 0 0 0 0 0 0
0.9993206 0.03682204 0.0011438158 0.95893556
-0.036821682 0.99932176 0.00025212602 -0.018571114
-0.001133716 -0.00029405515 0.9999991 0.03219903
0 0 0 1
0 0 0 0 0 0 0
0.9993493 0.036052193 0.0009147975 0.96050197
-0.036051247 0.99934936 -0.0010850291 -0.024827326
-0.0009532327 0.0010513467 0.9999986 0.029574294
0 0 0 1
0 0 0 0 0 0 0
0.9993817 0.03515779 0.00080505904 0.9641058
-0.035152026 0.99935913 -0.0066811475 -0.030213384
-0.0010395236 0.0066487165 0.99997777 0.022826392
0 0 0 1
0 0 0 0 0 0 0
0.9994182 0.03394664 -0.0034352066 0.9602865
-0.033955634 0.9994196 -0.0027678069 -0.030444985
0.003339147 0.0028828513 0.9999898 0.025873475
0 0 0 1
0 0 0 0 0 0 0
0.9994464 0.03279411 -0.005521519 0.96327204
-0.032791402 0.9994622 0.0006439523 -0.020818887
0.00553976 -0.00046253513 0.9999851 0.015205598
0 0 0 1
0 0 0 0 0 0 0
0.99955404 0.029602224 -0.003875458 0.9649057
-0.029623754 0.9995453 -0.005636391 -0.026550429
0.0037068306 0.0057486347 0.9999759 0.026441775
0 0 0 1
0 0 0 0 0 0 0
0.9996689 0.02571933 0.00051316945 0.9716929
-0.025718266 0.99966663 -0.0019587444 -0.024864882
-0.00056333246 0.0019449521 0.99999887 0.0147348335
0 0 0 1
0 0 0 0 0 0 0
0.99973947 0.02249128 0.004103493 0.982623
-0.022490636 0.999748 -0.00021340036 -0.015682448
-0.0041073146 0.000120969475 0.999991 0.019974204
0 0 0 1
0 0 0 0 0 0 0
0.99981284 0.019049754 0.0033647616 0.9841808
-0.019050706 0.99981767 0.00024396778 -0.015425952
-0.0033594377 -0.00030793654 0.9999944 0.016093768
0 0 0 1
0 0 0 0 0 0 0
0.99985904 0.016538784 -0.0027320804 0.98037905
-0.016542647 0.9998623 -0.0014286475 -0.013234618
0.0027080178 0.0014736353 0.99999535 0.037127804
0 0 0 1
0 0 0 0 0 0 0
0.9998744 0.014852765 -0.0055513517 0.98371345
-0.014864972 0.9998875 -0.0021548253 -0.015848724
0.0055187396 0.0022370159 0.9999822 0.028585251
0 0 0 1
0 0 0 0 0 0 0
0.9999206 0.012085623 -0.0036932996 0.98882306
-0.0121001545 0.99991965 -0.003914389 -0.014893718
0.0036457148 0.0039588097 0.99998605 0.022585183
0 0 0 1
0 0 0 0 0 0 0
0.9999498 0.009375485 -0.0034414546 0.99400043
-0.009394665 0.9999394 -0.005618771 -0.016184088
0.003388557 0.0056508533 0.99997765 0.026270863
0 0 0 1
0 0 0 0 0 0 0
0.9999712 0.005904128 -0.00479085 0.99452
-0.005920052 0.99997675 -0.003311551 -0.013442441
0.0047711306 0.00333985 0.99998283 0.01913806
0 0 0 1
0 0 0 0 0 0 0
0.99997926 0.0037438814 -0.00521859 0.9956859
-0.0037527978 0.9999921 -0.0017171269 -0.0072281025
0.005212148 0.0017365773 0.9999852 0.020653661
0 0 0 1
0 0 0 0 0 0 0
0.99998933 0.0028506934 -0.0034665714 1.003744
-0.00285802 0.9999927 -0.0021029462 -0.008163533
0.0034606028 0.0021128985 0.99999213 0.012157582
0 0 0 1
0 0 0 0 0 0 0
0.9999902 0.0027037712 -0.0035239458 1.0061592
-0.0027049524 0.99999696 -0.0002955889 -0.004561457
0.0035230666 0.00030508076 0.99999297 0.015540168
0 0 0 1
0 0 0 0 0 0 0
0.99999434 0.002392989 -0.0025051737 1.0083685
-0.002394801 0.999997 -0.0007415515 -0.0047485153
0.002503431 0.00074758497 0.99999696 0.010092623
0 0 0 1
0 0 0 0 0 0 0
0.99998957 0.0019572878 -0.004059353 1.0098255
-0.0019611765 0.9999974 -0.00094469235 -0.005445451
0.004057544 0.00095272035 0.99999183 0.011286417
0 0 0 1
0 0 0 0 0 0 0
0.9999968 0.0021747178 -0.0014646241 1.0171741
-0.002178316 0.9999936 -0.0025805926 -0.013832632
0.0014589364 0.002583679 0.9999947 0.019086963
0 0 0 1
0 0 0 0 0 0 0
0.99999774 0.0019928233 0.0009344637 1.0259178
-0.0019927155 0.9999985 -0.0001697493 -0.010569988
-0.00093486405 0.00016787798 0.9999999 0.020908123
0 0 0 1
0 0 0 0 0 0 0
0.99999624 0.0023625046 0.0011825413 1.0267311
-0.0023641433 0.99999666 0.0013110245 -0.0078107733
-0.0011793467 -0.0013137677 0.9999983 0.016607804
0 0 0 1
0 0 0 0 0 0 0
0.9999964 0.001991608 -0.0015380232 1.0267757
-0.0019922303 0.9999981 -0.0003945415 -0.009135118
0.0015372594 0.00039759732 0.99999845 0.012439992
0 0 0 1
0 0 0 0 0 0 0
0.999996 0.0023671424 -0.0020122905 1.0302052
-0.002364255 0.99999535 0.0013679069 -0.006715785
0.0020154368 -0.0013631807 0.99999696 0.012267561
0 0 0 1
0 0 0 0 0 0 0
0.9999925 0.0025014482 -0.0026930016 1.0378565
-0.0024973943 0.9999966 0.0015374864 -0.010155292
0.002696891 -0.0015307692 0.9999952 0.013446256
0 0 0 1
0 0 0 0 0 0 0
0.99999046 0.0023854175 -0.0036051858 1.0421033
-0.0023769783 0.999994 0.002358416 -0.009801261
0.0036107355 -0.0023498868 0.9999907 0.013006142
0 0 0 1
0 0 0 0 0 0 0
0.9999873 0.0019589239 -0.004745763 1.0443645
-0.0019419173 0.99999213 0.0034794642 -0.006572731
0.004752635 -0.0034701265 0.9999828 0.0092355255
0 0 0 1
0 0 0 0 0 0 0
0.9999933 0.0023271125 -0.0028511425 1.0508901
-0.002320626 0.9999937 0.0024399573 -0.008433621
0.0028567906 -0.002433339 0.9999933 0.007506743
0 0 0 1
0 0 0 0 0 0 0
0.999996 0.002492507 0.0012766963 1.0548357
-0.0024952844 0.9999957 0.001992858 -0.0066417195
-0.001271693 -0.0019959318 0.9999975 0.0029931117
0 0 0 1
0 0 0 0 0 0 0
0.9999879 0.0027412628 0.004118956 1.067339
-0.0027562487 0.99998903 0.0036062882 -0.0069203177
-0.004109075 -0.0036176716 0.99998426 0.014753474
0 0 0 1
0 0 0 0 0 0 0
0.9999946 0.0025199954 0.001633281 1.0657952
-0.0025193153 0.99999696 0.00033755077 -0.009748203
-0.0016323238 -0.00034176023 0.9999991 0.011588731
0 0 0 1
0 0 0 0 0 0 0
0.999999 0.0018543634 -0.00029119532 1.0679564
-0.0018556722 0.9999985 0.0004293078 -0.009834841
0.0002918985 -0.00042867055 0.9999996 0.01100598
0 0 0 1
0 0 0 0 0 0 0
0.99999535 0.0014198105 -0.0026467433 1.0680479
-0.0014227498 0.99999774 -0.00129234 -0.011004336
0.002644883 0.0012960577 0.9999959 0.007082262
0 0 0 1
0 0 0 0 0 0 0
0.9999956 0.0006488572 -0.0027482668 1.0710119
-0.0006501859 1.0000001 -0.00048101065 -0.010595643
0.0027480086 0.00048281878 0.99999577 0.0068890513
0 0 0 1
0 0 0 0 0 0 0
0.9999996 0.00033624432 -0.0012916422 1.0812255
-0.00033437723 0.9999988 0.00085182727 -0.008888458
0.0012918703 -0.0008514129 0.9999995 0.008372886
0 0 0 1
0 0 0 0 0 0 0
0.9999983 -0.00045850783 0.0013826061 1.0851004
0.0004540761 0.99999434 0.003314239 -0.003571823
-0.0013839437 -0.0033135433 0.9999935 0.006105077
0 0 0 1
0 0 0 0 0 0 0
1.0000002 -0.00011190406 -0.0001223437 1.0868322
0.00011150563 0.99999326 0.0037491794 -0.0029272474
0.00012184639 -0.0037492593 0.9999929 0.00990535
0 0 0 1
0 0 0 0 0 0 0
0.99999934 -0.00022904166 -0.0013171912 1.087773
0.00023373328 0.9999932 0.0036960717 -0.00059712835
0.0013162831 -0.0036963325 0.9999922 0.0068226294
0 0 0 1
0 0 0 0 0 0 0
0.99999934 1.2115946e-05 -0.0008314743 1.0945294
-8.298109e-06 0.9999922 0.0040493836 -0.0022174995
0.0008316008 -0.004049376 0.99999183 0.009000729
0 0 0 1
0 0 0 0 0 0 0
0.9999998 0.00015131423 0.00046297247 1.1024091
-0.00015304209 0.9999934 0.003632531 -0.001609258
-0.00046249726 -0.0036326374 0.9999929 0.0071237464
0 0 0 1
0 0 0 0 0 0 0
0.9999878 0.00030936027 0.004956499 1.1189073
-0.00030964176 0.99999946 0.0001238494 -0.01015983
-0.0049563176 -0.00012539557 0.99998796 0.005112858
0 0 0 1
0 0 0 0 0 0 0
0.99996126 0.00042334097 0.008856265 1.1151817
-0.00039790248 0.9999957 -0.0029789992 -0.009494721
-0.008857679 0.0029754401 0.9999558 -0.0029744497
0 0 0 1
0 0 0 0 0 0 0
0.999973 0.00024482532 0.0072781146 1.1220211
-0.00021016148 0.9999889 -0.0046743844 -0.014462415
-0.007279104 0.0046727266 0.99996305 -0.006076001
0 0 0 1
0 0 0 0 0 0 0
0.9999993 -0.00027408334 -0.0016663423 1.1136631
0.00025907517 0.99996084 -0.008815744 -0.020565894
0.0016686324 0.008815274 0.9999593 -0.0053500813
0 0 0 1
0 0 0 0 0 0 0
0.9999848 -0.0008397155 -0.005266828 1.1155908
0.00080729934 0.99998105 -0.006226378 -0.01907274
0.0052721263 0.0062220213 0.99996775 -0.0089780325
0 0 0 1
0 0 0 0 0 0 0
0.9999857 -0.0006318603 -0.0053199073 1.1202083
0.00061315385 0.99999326 -0.0034381647 -0.013014232
0.005322007 0.0034349181 0.9999796 -0.005809736
0 0 0 1
0 0 0 0 0 0 0
0.99999285 -0.00065238465 -0.0036937832 1.1247627
0.0006474962 0.99999964 -0.0011544572 -0.009540816
0.0036944542 0.0011519963 0.999992 -0.0042249137
0 0 0 1
0 0 0 0 0 0 0
1.0 -0.00023847252 0.0006398823 1.1359137
0.00023788803 0.9999954 0.0027822761 -0.0037320312
-0.0006405367 -0.0027821106 0.9999964 -0.006809951
0 0 0 1
0 0 0 0 0 0 0
0.999988 -0.00048194377 0.004867411 1.1438862
0.00047107285 0.99999833 0.002114113 -0.003555357
-0.004868479 -0.0021118035 0.999986 -0.0020761427
0 0 0 1
0 0 0 0 0 0 0
0.9999965 -0.00036210884 0.0028126193 1.1472996
0.0003574756 0.9999985 0.0015413665 -0.0026942845
-0.0028131853 -0.0015403797 0.9999947 -0.0045343917
0 0 0 1
0 0 0 0 0 0 0
0.99999887 -0.00024298424 -0.0009841279 1.1427172
0.00024510504 0.99999875 0.0013420695 -0.0025707744
0.0009838782 -0.0013422833 0.99999875 -0.0021677427
0 0 0 1
0 0 0 0 0 0 0
0.99999076 -0.00018477823 -0.004465962 1.1471564
0.00018352314 1.0000011 -0.00025483267 -0.006090432
0.004466019 0.00025402865 0.9999902 -0.0023780016
0 0 0 1
0 0 0 0 0 0 0
0.9999919 -0.00067073264 -0.0039338036 1.1499414
0.00066898775 0.99999934 -0.0003937195 -0.0065853926
0.0039340775 0.00039104227 0.99999225 -0.0028735357
0 0 0 1
0 0 0 0 0 0 0
0.99999905 -0.0004107049 0.0010103025 1.1621933
0.00041027163 0.9999995 -8.844745e-05 -0.0059862603
-0.001010353 8.8952365e-05 0.9999988 -0.0044212895
0 0 0 1
0 0 0 0 0 0 0
0.9999664 -0.0005390141 0.008239873 1.1741323
0.00054876046 0.99999964 -0.0011726364 -0.0077966875
-0.008239193 0.0011770672 0.9999658 -0.0026721023
0 0 0 1
0 0 0 0 0 0 0
0.99999887 0.00014071004 0.0008447284 1.1688875
-0.00014001968 0.9999999 0.00020625771 -0.0063195275
-0.00084475556 -0.00020636433 0.999999 0.0022909273
0 0 0 1
0 0 0 0 0 0 0
0.9999946 -0.00026666003 -0.003400457 1.1676399
0.00027335595 0.9999972 0.0021462345 -0.0023094492
0.0033999553 -0.0021471607 0.9999925 -0.0018488613
0 0 0 1
0 0 0 0 0 0 0
0.99999416 -0.00029503618 -0.003273876 1.1715868
0.00029654076 0.99999964 0.0004947432 -0.004366699
0.0032737858 -0.000495796 0.9999949 -0.0039338446
0 0 0 1
0 0 0 0 0 0 0
1.0000002 -0.00019436466 0.00040541813 1.1859367
0.00019474026 1.0000001 0.0008488121 -0.0036164608
-0.00040566496 -0.00084859185 0.9999987 -0.00081982
0 0 0 1
0 0 0 0 0 0 0
0.9999945 -0.0005676368 0.003212656 1.172063
0.000564709 0.9999994 0.0007725122 -0.0034072886
-0.003213031 -0.00077065895 0.99999547 0.0012498447
0 0 0 1
0 0 0 0 0 0 0
0.9999984 -0.0009800235 0.0013937331 1.1741405
0.0009812226 0.9999993 -0.00092012814 -0.0062769023
-0.001392845 0.0009213552 0.99999774 0.002533721
0 0 0 1
0 0 0 0 0 0 0
0.99999875 -0.001390764 -6.366282e-05 1.1811373
0.0013908397 0.99999785 -0.0015594267 -0.007439461
6.5796594e-05 0.0015593481 0.9999987 0.0002322309
0 0 0 1
0 0 0 0 0 0 0
0.99999964 -0.0010201924 -0.00015913452 1.1852297
0.0010198704 0.9999951 -0.0028185635 -0.011258393
0.00016212289 0.0028184417 0.9999969 -0.012000353
0 0 0 1
0 0 0 0 0 0 0
0.9999992 -0.0012256756 0.00041494027 1.1981539
0.0012252723 0.9999994 0.00022584332 -0.007492299
-0.00041524586 -0.00022536553 0.9999993 -0.006169137
0 0 0 1
0 0 0 0 0 0 0
0.9999992 -0.0013276982 -0.0006741699 1.1976997
0.0013268363 0.9999987 -0.0013922693 -0.009180332
0.0006759582 0.0013913808 0.99999875 -0.010065522
0 0 0 1
0 0 0 0 0 0 0
0.99999577 -0.0010779505 0.0025550793 1.2200406
0.0010791349 0.999999 -0.00029780847 -0.008584883
-0.0025547177 0.00030050552 0.9999967 -0.0014506668
0 0 0 1
0 0 0 0 0 0 0
0.9999991 -0.001144744 0.00045527946 1.2242262
0.001143343 0.99999875 0.0012556532 -0.0054555754
-0.00045677123 -0.0012549986 0.9999991 0.0014256196
0 0 0 1
0 0 0 0 0 0 0
0.9999992 -0.0012733518 0.00054781535 1.2243903
0.0012739898 0.99999875 -0.0011234279 -0.007819547
-0.00054634875 0.0011240103 0.99999917 0.0018355347
0 0 0 1
0 0 0 0 0 0 0
0.99999785 -0.0017191202 -0.0007291462 1.2313647
0.0017205602 0.9999967 0.0014607493 -0.0052988403
0.00072665914 -0.0014619583 0.9999985 0.0038027738
0 0 0 1
0 0 0 0 0 0 0
0.9999944 -0.0015539189 -0.0029526793 1.2318965
0.001552351 0.9999989 -0.00048864225 -0.007116799
0.0029534225 0.00048412813 0.9999962 0.002157246
0 0 0 1
0 0 0 0 0 0 0
0.9999993 -0.0013111394 4.0819024e-05 1.2388909
0.001311259 0.9999974 0.0016866575 -0.0038510866
-4.3046788e-05 -0.0016866894 0.9999978 -0.0011197072
0 0 0 1
0 0 0 0 0 0 0
0.99999744 -0.0007679458 0.0022667453 1.239418
0.000758618 0.9999914 0.004091307 0.012013213
-0.0022699165 -0.00408962 0.9999896 -0.0027046844
0 0 0 1
0 0 0 0 0 0 0
0.9999994 -0.00035117113 -0.00137243 1.241092
0.00035448972 0.99999726 0.0024060984 0.007561981
0.0013715026 -0.0024065475 0.99999636 -0.0006988956
0 0 0 1
0 0 0 0 0 0 0
0.9999995 7.945962e-05 -0.00036914586 1.2492808
-7.869679e-05 0.9999974 0.0025917294 0.0077530793
0.000369439 -0.002591669 0.9999958 -0.00044134032
0 0 0 1
0 0 0 0 0 0 0
0.99999577 0.0008282465 0.0027942196 1.2545058
-0.00083624874 0.9999946 0.0029313327 0.0047585755
-0.0027918431 -0.0029337425 0.99999225 -0.00017028168
0 0 0 1
0 0 0 0 0 0 0
0.9999991 0.0010977334 0.0012698232 1.2583898
-0.0011005993 0.9999974 0.0022467172 0.006122251
-0.0012672726 -0.002248096 0.9999971 0.0025208339
0 0 0 1
0 0 0 0 0 0 0
0.99999934 0.0011964518 0.00045547227 1.2566977
-0.0011972785 0.99999803 0.0017547647 0.0021150834
-0.00045345494 -0.0017552375 0.9999983 0.0016547164
0 0 0 1
0 0 0 0 0 0 0
0.9999981 0.0016763224 8.001398e-05 1.2591816
-0.0016764551 0.9999983 0.0004129318 0.00020563159
-7.915473e-05 -0.00041304558 1.0000001 0.0043225144
0 0 0 1
0 0 0 0 0 0 0
0.9999963 0.0022640268 0.0013646843 1.2586844
-0.0022635881 0.9999971 -0.00015430694 -0.0033269299
-0.0013650658 0.00015117518 0.99999887 0.0024905552
0 0 0 1
0 0 0 0 0 0 0
0.9999859 0.002773954 0.004592438 1.2606591
-0.0027918476 0.9999897 0.003683758 0.0015862124
-0.0045821765 -0.0036964824 0.9999822 0.0042096414
0 0 0 1
0 0 0 0 0 0 0
0.99999106 0.00406232 0.00038553315 1.2521057
-0.0040622707 0.9999919 0.0006191269 -0.003337625
-0.0003830072 -0.0006207102 1.0000004 0.006375607
0 0 0 1
0 0 0 0 0 0 0
0.99997085 0.0053354315 -0.005485975 1.237742
-0.0053012506 0.9999668 0.006066992 0.0032644882
0.0055180895 -0.0060377712 0.99996656 0.007492191
0 0 0 1
0 0 0 0 0 0 0
0.99996006 0.0072994963 -0.0052706734 1.2496725
-0.007303088 0.99997294 -0.00067782495 -0.004045782
0.0052656275 0.00071631477 0.9999854 0.003426146
0 0 0 1
0 0 0 0 0 0 0
0.9999529 0.009176257 0.0032007857 1.2384105
-0.00917104 0.99995726 -0.0017068705 -0.0109484205
-0.0032164026 0.001677454 0.99999344 0.0038943654
0 0 0 1
0 0 0 0 0 0 0
0.999924 0.011031959 0.005362557 1.2460961
-0.011040031 0.9999381 0.0014206835 -0.01105418
-0.0053464393 -0.0014797858 0.999985 0.0053595365
0 0 0 1
0 0 0 0 0 0 0
0.99991614 0.012913993 -0.0015030535 1.2392827
-0.0129164355 0.999915 -0.0017582 -0.018105827
0.0014800562 0.001777447 0.9999965 0.002926045
0 0 0 1
0 0 0 0 0 0 0
0.9998934 0.0145500675 -0.00040500777 1.2423344
-0.014549881 0.99989355 -0.00070184766 -0.025622014
0.00039484454 0.0007076696 0.99999976 0.0016540075
0 0 0 1
0 0 0 0 0 0 0
0.9998868 0.014857507 0.0023199855 1.2370492
-0.014860807 0.99988896 0.0008298336 -0.019853333
-0.002307385 -0.00086418435 0.9999976 0.005673474
0 0 0 1
0 0 0 0 0 0 0
0.999875 0.015810482 -0.0009395055 1.2319138
-0.01581279 0.99986655 -0.0041045956 -0.028087873
0.0008744544 0.0041188463 0.9999902 0.008122693
0 0 0 1
0 0 0 0 0 0 0
0.99986935 0.015742423 -0.0035593365 1.2202673
-0.01573938 0.9998754 0.0009953132 -0.020115385
0.003574642 -0.0009390859 0.99999386 0.0069664926
0 0 0 1
0 0 0 0 0 0 0
0.9998654 0.015744442 -0.0047173677 1.2147126
-0.015740415 0.99987674 0.0007608718 -0.020235017
0.0047287126 -0.00068656454 0.99998826 0.0061292564
0 0 0 1
0 0 0 0 0 0 0
0.9998643 0.016454032 0.00089403946 1.2172647
-0.016459318 0.999853 0.00470331 -0.013168729
-0.00081659807 -0.0047173803 0.99998885 0.0024763132
0 0 0 1
0 0 0 0 0 0 0
0.99985164 0.016416008 0.005143126 1.2291312
-0.016451038 0.99984 0.0070277248 -0.00666796
-0.005026791 -0.0071112616 0.9999623 0.0009895065
0 0 0 1
0 0 0 0 0 0 0
0.9998629 0.016265998 0.0032404307 1.2265376
-0.016283838 0.9998534 0.0053011556 -0.009185176
-0.0031536722 -0.005353142 0.99998075 0.0013751178
0 0 0 1
0 0 0 0 0 0 0
0.9998699 0.016009044 -0.0019490246 1.2156073
-0.016003031 0.9998675 0.002749593 -0.010426821
0.0019926156 -0.0027181795 0.99999404 0.002187186
0 0 0 1
0 0 0 0 0 0 0
0.99987876 0.015369136 -0.0024351913 1.2121872
-0.015366689 0.99988174 0.0011632574 -0.014065357
0.002452838 -0.0011255929 0.99999636 -0.00072387763
0 0 0 1
0 0 0 0 0 0 0
0.9998893 0.014814368 -0.0015516522 1.206434
-0.014814739 0.9998903 -0.00037278616 -0.015493317
0.0015459774 0.00039575665 0.999999 0.00084163947
0 0 0 1
0 0 0 0 0 0 0
0.9998838 0.015190103 0.00010235165 1.2093881
-0.015189773 0.9998837 -0.0009892738 -0.017587926
-0.00011734045 0.000987517 0.99999934 0.0007483535
0 0 0 1
0 0 0 0 0 0 0
0.9998848 0.015060503 0.0020385957 1.2049127
-0.015063131 0.9998851 0.0014642839 -0.01520252
-0.0020163576 -0.0014948205 0.9999964 0.002918943
0 0 0 1
0 0 0 0 0 0 0
0.9998782 0.015537343 0.00115787 1.2037841
-0.01554028 0.9998782 0.001275585 -0.0138938995
-0.0011378314 -0.0012933501 0.9999984 0.0031822952
0 0 0 1
0 0 0 0 0 0 0
0.99987096 0.015994275 -0.0017570207 1.1952368
-0.015988583 0.9998688 0.0026448392 -0.011642765
0.0017990597 -0.0026164558 0.9999954 0.0034349037
0 0 0 1
0 0 0 0 0 0 0
0.99986476 0.016142147 -0.0029169386 1.1895331
-0.016142482 0.99986935 -1.4667967e-05 -0.0154467495
0.0029162725 6.1822924e-05 0.9999949 0.0011129901
0 0 0 1
0 0 0 0 0 0 0
0.9998655 0.01634803 -0.0012895333 1.1974288
-0.01634751 0.9998661 0.00043554956 -0.016042566
0.0012964763 -0.00041449408 0.99999917 0.00024443277
0 0 0 1
0 0 0 0 0 0 0
0.9998692 0.016014433 -0.002251386 1.1966327
-0.016017579 0.99987125 -0.0014313807 -0.018570527
0.0022283075 0.0014672775 0.999997 0.0012976043
0 0 0 1
0 0 0 0 0 0 0
0.99985635 0.016574949 -0.003773282 1.200748
-0.016570704 0.9998625 0.001188061 -0.016731836
0.003792331 -0.0011253672 0.999992 -0.00039816645
0 0 0 1
0 0 0 0 0 0 0
0.99985075 0.016953591 -0.0032698486 1.2034826
-0.016950836 0.9998559 0.00070471596 -0.015195788
0.0032813558 -0.0006492264 0.9999938 -0.002781432
0 0 0 1
0 0 0 0 0 0 0
0.99985 0.01719354 0.0019575576 1.2162344
-0.017198902 0.99984914 0.0025010572 -0.01419077
-0.0019142259 -0.0025342933 0.9999954 -0.005070641
0 0 0 1
0 0 0 0 0 0 0
0.99983317 0.018113669 0.0025645709 1.2199723
-0.018124208 0.9998255 0.0044811373 -0.009807878
-0.0024830215 -0.004526914 0.99998695 -0.00044343708
0 0 0 1
0 0 0 0 0 0 0
0.99982935 0.018473033 -0.00037722584 1.2243835
-0.01847325 0.99982667 0.0020481092 -0.01275629
0.00041500013 -0.0020407045 0.99999803 -0.002217103
0 0 0 1
0 0 0 0 0 0 0
0.99982804 0.018498376 -0.0008019393 1.2220328
-0.018496057 0.9998255 0.0027027056 -0.013888783
0.0008517452 -0.0026874477 0.9999951 -0.0041323532
0 0 0 1
0 0 0 0 0 0 0
0.99982744 0.018588722 0.00020115764 1.2310369
-0.018589221 0.9998253 0.002225065 -0.013127405
-0.00015968148 -0.0022283955 0.9999983 -0.0021184576
0 0 0 1
0 0 0 0 0 0 0
0.99982584 0.018626876 -0.0006874947 1.235007
-0.018624382 0.9998213 0.002974106 -0.012937627
0.0007427587 -0.0029608128 0.99999475 -0.00028975226
0 0 0 1
0 0 0 0 0 0 0
0.9998263 0.018655289 -0.0006658719 1.2354535
-0.018653143 0.9998247 0.0019405299 -0.014088664
0.0007018473 -0.0019277653 0.99999756 -0.0012567383
0 0 0 1
0 0 0 0 0 0 0
0.99982494 0.018625814 0.0019438319 1.2462264
-0.018630201 0.9998244 0.001997407 -0.013499519
-0.0019062614 -0.0020333054 0.9999967 -0.0029400424
0 0 0 1
0 0 0 0 0 0 0
0.99981755 0.018687125 0.0038922774 1.2483386
-0.018694095 0.9998238 0.0017284516 -0.015396438
-0.003859218 -0.0018009132 0.9999909 -0.0016310264
0 0 0 1
0 0 0 0 0 0 0
0.99982303 0.018654527 0.0022113286 1.2507062
-0.018656213 0.99982554 0.0004945228 -0.015642088
-0.002201664 -0.0005355658 0.9999972 -0.0007445335
0 0 0 1
0 0 0 0 0 0 0
0.9998212 0.01891316 0.00030240405 1.257901
-0.01891276 0.99981946 0.0019131826 -0.014533396
-0.00026617898 -0.0019187107 0.9999982 0.00036349206
0 0 0 1
0 0 0 0 0 0 0
0.9998123 0.019088335 -0.0032475302 1.2531819
-0.019079575 0.99981415 0.0029243631 -0.015031999
0.0033027385 -0.0028617247 0.99999076 0.0013974964
0 0 0 1
0 0 0 0 0 0 0
0.9997944 0.020023998 -0.003299453 1.2588257
-0.020012446 0.99979305 0.0035933205 -0.011389999
0.0033705751 -0.0035265898 0.9999874 -0.0030466209
0 0 0 1
0 0 0 0 0 0 0
0.99977654 0.02101613 0.0024325058 1.2696697
-0.021024583 0.99977124 0.0039168363 -0.011418455
-0.0023495166 -0.003967188 0.99999034 -0.0042057573
0 0 0 1
0 0 0 0 0 0 0
0.99975073 0.02164842 0.005399484 1.2761354
-0.021677341 0.9997515 0.0051622777 -0.012151564
-0.005286453 -0.0052779536 0.99997145 -0.0014152153
0 0 0 1
0 0 0 0 0 0 0
0.9997268 0.023329644 0.0014950254 1.2776706
-0.023333699 0.9997222 0.003314915 -0.013622244
-0.0014171742 -0.0033489552 0.99999356 0.0010127986
0 0 0 1
0 0 0 0 0 0 0
0.9996919 0.024820132 -0.0003160796 1.2796924
-0.024819626 0.9996873 0.0032399213 -0.013977392
0.00039628195 -0.0032310083 0.9999944 -0.0029331264
0 0 0 1
0 0 0 0 0 0 0
0.9996754 0.025455212 0.0011469347 1.2814751
-0.02546098 0.9996603 0.0054604034 -0.013745776
-0.0010075032 -0.005487845 0.9999847 -0.0013115186
0 0 0 1
0 0 0 0 0 0 0
0.99967927 0.025293164 0.0009747835 1.3040707
-0.025294809 0.99967766 0.002067667 -0.0046178102
-0.00092209206 -0.002091739 0.9999975 -0.0042083426
0 0 0 1
0 0 0 0 0 0 0
0.99968207 0.02516291 -0.001945169 1.3072205
-0.025162924 0.9996834 -0.00010826123 -0.0025845561
0.0019417579 0.00015715719 0.9999982 -0.006800909
0 0 0 1
0 0 0 0 0 0 0
0.999695 0.02467071 0.0013027954 1.3065538
-0.024669023 0.99969435 -0.0018282341 -0.009435019
-0.0013475422 0.0017956725 0.9999972 -0.006758695
0 0 0 1
0 0 0 0 0 0 0
0.99970007 0.024336835 0.002584308 1.3105849
-0.024331862 0.99970233 -0.0019121532 0.018616894
-0.0026300508 0.0018486786 0.9999947 0.003692341
0 0 0 1
0 0 0 0 0 0 0
0.99969137 0.024743667 -0.0021018044 1.3030185
-0.024742723 0.9996939 0.00022289861 0.020801708
0.0021066847 -0.0001709161 0.9999979 0.0059406427
0 0 0 1
0 0 0 0 0 0 0
0.99969006 0.024617089 -0.0039337147 1.2935784
-0.024611564 0.99969614 0.001364532 0.016319359
0.0039660805 -0.0012673483 0.99999166 0.0029289066
0 0 0 1
0 0 0 0 0 0 0
0.99970925 0.02407695 -0.00031122152 1.2988344
-0.024077522 0.99971 -0.0002778105 0.01777145
0.00030446547 0.000285286 0.99999976 0.0019917514
0 0 0 1
0 0 0 0 0 0 0
0.9997362 0.022636747 0.0039936295 1.2954396
-0.022637766 0.9997433 4.3785618e-05 0.00426711
-0.0039916593 -0.0001341755 0.9999921 0.00049114146
0 0 0 1
0 0 0 0 0 0 0
0.9997797 0.020955257 -0.0016167047 1.2993001
-0.020954415 0.99978095 0.00020944989 0.0060893674
0.0016206114 -0.0001754914 0.9999979 0.010646598
0 0 0 1
0 0 0 0 0 0 0
0.99979734 0.019780321 -0.0035519463 1.2896351
-0.019788923 0.9998012 -0.0024753637 -0.0070455666
0.0035024905 0.0025451686 0.99999154 0.0015378812
0 0 0 1
0 0 0 0 0 0 0
0.99981815 0.019027667 -0.00084366376 1.295126
-0.019025397 0.99981445 0.0028676488 0.007921202
0.0008981032 -0.002851065 0.99999535 0.005599406
0 0 0 1
0 0 0 0 0 0 0
0.99983734 0.018063312 6.9221984e-05 1.2966877
-0.018063195 0.99983054 0.0036205645 0.0020653151
-3.9906354e-06 -0.003621321 0.99999356 0.0062460545
0 0 0 1
0 0 0 0 0 0 0
0.99985945 0.016719386 0.001098311 1.2960346
-0.016722282 0.9998575 0.0022171906 0.0039179656
-0.0010610695 -0.002235184 0.99999636 0.0034404162
0 0 0 1
0 0 0 0 0 0 0
0.99987954 0.015536113 6.2811705e-05 1.2943971
-0.015535795 0.9998783 0.001407375 0.0003680791
-4.0833598e-05 -0.0014082235 0.999999 0.0055834735
0 0 0 1
0 0 0 0 0 0 0
0.99988693 0.014986741 0.0008996189 1.2932682
-0.014989185 0.99988425 0.0025869464 0.0020811353
-0.0008607763 -0.0026001027 0.9999964 0.003033907
0 0 0 1
0 0 0 0 0 0 0
0.99989104 0.014190934 0.0040504313 1.298444
-0.014205644 0.9998918 0.0037345535 0.0047672577
-0.0039969473 -0.0037917206 0.99998504 0.0031480445
0 0 0 1
0 0 0 0 0 0 0
0.9999026 0.013314889 0.0042838333 1.3023033
-0.013326874 0.9999078 0.0028514701 0.0047928505
-0.004245472 -0.0029083262 0.99998677 0.0039728708
0 0 0 1
0 0 0 0 0 0 0
0.9999266 0.01181067 0.0025147484 1.3014861
-0.0118063735 0.9999289 -0.0016281562 -1.0893151e-05
-0.0025338372 0.0015983803 0.99999535 0.0052396078
0 0 0 1
0 0 0 0 0 0 0
0.99995595 0.009298172 -0.0007803052 1.2929757
-0.0093017975 0.9999494 -0.0036705115 -0.004862114
0.000746257 0.0036775689 0.9999935 0.0034383663
0 0 0 1
0 0 0 0 0 0 0
0.99997514 0.0067868056 -0.002037257 1.29312
-0.0067967405 0.9999635 -0.005267639 -0.005527985
0.002001386 0.0052813687 0.9999833 0.0019532684
0 0 0 1
0 0 0 0 0 0 0
0.999983 0.0053782836 -0.0024668204 1.2891645
-0.0053871153 0.99997866 -0.003613726 -0.0051085767
0.0024473101 0.003626921 0.9999908 0.0031578254
0 0 0 1
0 0 0 0 0 0 0
0.99998546 0.005249878 0.0005775918 1.2983317
-0.005252145 0.9999832 0.0023803269 0.004168914
-0.0005651107 -0.0023832568 0.9999969 0.0019437468
0 0 0 1
0 0 0 0 0 0 0
0.99997807 0.0051392084 0.0042456044 1.2960509
-0.0051668053 0.9999657 0.006506841 0.0014519903
-0.004212079 -0.0065286583 0.99996954 0.004362988
0 0 0 1
0 0 0 0 0 0 0
0.99998206 0.005229059 0.0028884688 1.2953221
-0.005244835 0.9999704 0.005649238 -0.03743126
-0.0028587948 -0.0056642764 0.99998015 0.008365137
0 0 0 1
0 0 0 0 0 0 0
0.99998516 0.004912738 -0.0021754813 1.2914965
-0.004897933 0.99996084 0.0072743827 -0.03155058
0.0022112338 -0.007263587 0.9999715 0.0075161126
0 0 0 1
0 0 0 0 0 0 0
0.99998975 0.003942538 -0.0021703688 1.2872102
-0.0039338986 0.9999872 0.0033302542 -0.02951657
0.0021834746 -0.003321743 0.99999154 0.0038427701
0 0 0 1
0 0 0 0 0 0 0
0.9999935 0.002625593 -0.0026638396 1.2907047
-0.002624575 0.99999577 0.00050123426 -0.035692558
0.002665127 -0.0004942497 0.9999968 0.005936974
0 0 0 1
0 0 0 0 0 0 0
0.9999982 0.0010306 -0.0015623075 1.2902883
-0.0010302116 0.9999999 0.00043992704 -0.025187882
0.0015626742 -0.00043826745 0.9999989 0.0044431593
0 0 0 1
0 0 0 0 0 0 0
0.9999991 -0.0001457473 -0.0013666477 1.2908216
0.00014206271 0.9999957 -0.0027573933 -0.03194508
0.0013670273 0.0027572212 0.99999464 0.0049835234
0 0 0 1
0 0 0 0 0 0 0
0.999997 -0.0010212144 -0.0022710362 1.280879
0.0010183963 0.99999875 -0.0012966883 -0.03525355
0.0022723423 0.0012942645 0.9999965 0.008244418
0 0 0 1
0 0 0 0 0 0 0
0.9999978 -0.0011540176 -0.001750547 1.2656068
0.0011537882 0.9999992 0.0004742125 -0.05030333
0.0017499927 -0.0004761868 0.99999857 0.004731616
0 0 0 1
0 0 0 0 0 0 0
0.99999803 -0.0016282528 0.0005064396 1.2723068
0.0016295062 0.9999977 -0.001425557 -0.03103497
-0.0005039898 0.0014264283 0.99999887 0.0016948655
0 0 0 1
0 0 0 0 0 0 0
0.999997 -0.0025778583 3.356535e-05 1.264058
0.002578172 0.99999624 -0.0006439943 -0.024159024
-3.200099e-05 0.0006440538 0.99999976 0.0062073767
0 0 0 1
0 0 0 0 0 0 0
0.9999918 -0.0039273812 -0.0006534365 1.2695444
