0 0 0 0 0 0 0
0.99998295 0.0021500774 -0.005399908 0.9533078
-0.002143738 0.9999969 0.0011800636 -0.0016055949
0.0054024197 -0.0011684853 0.99998516 0.02073168
0 0 0 1
0 0 0 0 0 0 0
0.99999964 0.0007903997 -0.00034964518 0.94949406
-0.0007910762 0.99999833 -0.0019437685 0.0001432292
0.00034811234 0.0019440694 0.9999976 0.015320602
0 0 0 1
0 0 0 0 0 0 0
0.999994 0.0009964615 0.0033048 0.9640029
-0.0009892023 0.99999666 -0.0021973269 0.0034578647
-0.0033069823 0.0021940279 0.99999255 0.008267582
0 0 0 1
0 0 0 0 0 0 0
0.99998087 -0.0010215595 0.006157796 0.9456879
0.0010446386 0.9999924 -0.0037465843 -0.000984862
-0.0061539137 0.0037529385 0.99997383 0.014245394
0 0 0 1
0 0 0 0 0 0 0
0.9999979 -0.0016389039 0.0004775633 0.9408303
0.0016402276 0.9999949 -0.0027644641 -0.0023775012
-0.00047302584 0.0027652644 0.9999955 0.017476788
0 0 0 1
0 0 0 0 0 0 0
0.9999979 -0.000100150086 -0.0024060162 0.94985676
9.3702394e-05 0.9999963 -0.0026809082 0.0012339485
0.0024062884 0.0026806337 0.99999344 0.016487084
0 0 0 1
0 0 0 0 0 0 0
0.9999928 -0.0016910997 -0.003441529 0.9246096
0.0016933144 0.99999815 0.00064180774 0.00090726087
0.0034404339 -0.00064759754 0.99999434 0.011992333
0 0 0 1
0 0 0 0 0 0 0
0.99999845 -0.00091312325 -0.0006477067 0.9358974
0.0009129316 0.99999994 -0.00030101906 0.000742929
0.00064797414 0.00030043258 0.99999964 0.013536635
0 0 0 1
0 0 0 0 0 0 0
0.9999991 -0.00041975087 0.0014828279 0.94003534
0.00041928038 0.9999998 0.00031994862 0.0042397366
-0.0014829601 -0.00031934367 0.9999988 0.010063707
0 0 0 1
0 0 0 0 0 0 0
0.9999951 -0.0014179178 0.002695956 0.92272735
0.0014185619 0.99999934 -0.00023929158 -0.00038629796
-0.0026956229 0.00024310748 0.99999666 0.013229512
0 0 0 1
0 0 0 0 0 0 0
0.9999989 -0.0008170372 0.0018220034 0.91072166
0.0008162133 0.99999934 0.0004501259 0.002787804
-0.00182235 -0.00044867158 0.99999815 0.014412657
0 0 0 1
0 0 0 0 0 0 0
0.99999917 -2.4804927e-05 0.0005666735 0.9321922
2.5266876e-05 0.9999992 -0.0008085323 0.009940313
-0.0005666621 0.0008086425 0.9999992 0.020470435
0 0 0 1
0 0 0 0 0 0 0
0.99999845 -0.0015577701 0.000293595 0.9006151
0.001557808 0.99999875 -0.000108651504 -0.0048096473
-0.00029343553 0.00010904727 0.9999998 0.0130509725
0 0 0 1
0 0 0 0 0 0 0
0.9999999 -0.00015497561 -0.0013119684 0.90346396
0.00015443531 0.9999999 -0.00040263272 0.010749756
0.0013120541 0.0004024678 0.99999905 0.013971779
0 0 0 1
0 0 0 0 0 0 0
0.99999636 -0.0014923596 -0.0021951003 0.91453034
0.0014907527 0.9999991 -0.00073649286 -0.0024244925
0.0021961941 0.0007331853 0.99999756 0.01384571
0 0 0 1
0 0 0 0 0 0 0
0.99999774 -0.0019422005 -0.001082684 0.89052355
0.0019414127 0.9999981 -0.000732067 0.004655384
0.0010841087 0.00073001557 0.99999905 0.009507086
0 0 0 1
0 0 0 0 0 0 0
0.999998 -0.0015179478 -0.0011878666 0.88640195
0.0015188528 0.99999845 0.0007597294 0.0048162895
0.001186697 -0.00076158403 0.9999995 0.013097005
0 0 0 1
0 0 0 0 0 0 0
0.999999 -0.0013027408 -0.0007738595 0.8972889
0.0013036915 0.9999985 0.0012452363 -0.00189441
0.00077225565 -0.0012462803 0.9999984 0.013150318
0 0 0 1
0 0 0 0 0 0 0
0.9999973 -0.0018266841 -0.00016352447 0.88371044
0.0018269494 0.99999744 0.0012904214 0.010058783
0.00016113692 -0.0012906417 0.9999997 0.010803048
0 0 0 1
0 0 0 0 0 0 0
0.99999857 -0.0014463151 0.0010720782 0.8774103
0.00144631 0.99999905 -1.1256945e-05 0.0010288829
-0.0010720502 1.27538915e-05 0.99999887 0.0119842235
0 0 0 1
0 0 0 0 0 0 0
0.9999995 -0.0011704835 0.0010546768 0.91138715
0.0011710067 0.9999991 -0.00049270806 0.0061685396
-0.0010540843 0.00049392943 0.99999934 0.014178422
0 0 0 1
0 0 0 0 0 0 0
0.999998 -0.0018197835 0.0005304391 0.86182326
0.0018192535 0.9999972 0.00095096993 0.009659745
-0.000532169 -0.00095001055 0.9999992 0.013286639
0 0 0 1
0 0 0 0 0 0 0
0.99999857 -0.0013026841 0.00016210039 0.8704706
0.0013028679 0.999999 -0.001172302 0.0013431642
-0.0001605923 0.001172642 0.9999996 0.015228019
0 0 0 1
0 0 0 0 0 0 0
0.99999833 -0.0016715234 -0.0005461176 0.8695988
0.0016715792 0.99999815 6.661353e-05 -0.0023281956
0.0005459963 -6.760372e-05 1.0000001 0.012463948
0 0 0 1
0 0 0 0 0 0 0
1.0000004 -0.0010559228 0.00029827422 0.82433367
0.0010560517 1.0 -0.000401523 0.004943589
-0.00029782648 0.000401831 0.9999998 0.0120113315
0 0 0 1
0 0 0 0 0 0 0
0.9999967 -0.0013059573 0.0017627766 0.8898101
0.0013060444 0.9999987 -7.299247e-05 0.00048443896
-0.0017626998 7.531809e-05 0.9999987 0.010067375
0 0 0 1
0 0 0 0 0 0 0
0.99999654 -0.0006707479 0.002801216 0.8233097
0.0006743225 0.9999992 -0.0012651617 0.0067415955
-0.0028003345 0.0012670474 0.99999446 0.012537395
0 0 0 1
0 0 0 0 0 0 0
0.99999815 -0.000539218 0.0018445412 0.8308956
0.0005394886 1.0000001 -0.00018942008 0.0063974275
-0.001844447 0.00019044122 0.9999987 0.015710412
0 0 0 1
0 0 0 0 0 0 0
0.9999983 -0.00022762577 -0.00143293 0.839977
0.00022985006 0.99999857 0.0014711736 -0.0034296485
0.0014325614 -0.00147157 0.9999983 0.017759478
0 0 0 1
0 0 0 0 0 0 0
0.99999666 -0.000962268 -0.0024139385 0.8166349
0.0009659234 0.99999774 0.0015337139 0.006925392
0.002412459 -0.0015360566 0.9999956 0.013292729
0 0 0 1
0 0 0 0 0 0 0
0.9999985 -0.0009569235 -0.0014483556 0.81014854
0.0009564574 1.0000002 -0.0003729921 0.0024930318
0.0014487176 0.00037162835 0.9999989 0.011627167
0 0 0 1
0 0 0 0 0 0 0
1.0000001 -0.0003847831 -0.00054909516 0.79933465
0.0003856139 0.9999984 0.0016935972 0.0017180915
0.00054844236 -0.0016937958 0.9999985 0.009473538
0 0 0 1
0 0 0 0 0 0 0
0.9999986 -0.0016906535 -0.0001679648 0.7834815
0.0016904279 0.9999973 -0.0014237274 0.015646541
0.00017039188 0.0014234661 0.9999984 0.01628068
0 0 0 1
0 0 0 0 0 0 0
0.9999983 -0.0017381358 -0.0008987346 0.7767854
0.0017394017 0.99999803 0.001414578 -0.0029774203
0.0008962619 -0.0014161657 0.9999992 0.012638826
0 0 0 1
0 0 0 0 0 0 0
0.9999986 -0.0017137165 -0.00017844727 0.76908773
0.0017136618 0.99999845 -0.00027959366 0.00054283673
0.00017893231 0.0002792918 0.9999998 0.012554094
0 0 0 1
0 0 0 0 0 0 0
0.9999965 -0.0024317603 0.0011360744 0.76458675
0.0024318765 0.99999696 -0.00012358601 0.022542793
-0.0011357617 0.00012635064 0.9999991 0.00835335
0 0 0 1
0 0 0 0 0 0 0
0.9999951 -0.0019981246 0.0022625877 0.73953164
0.0020008278 0.9999973 -0.0011852031 -0.003761176
-0.0022602219 0.0011896705 0.9999968 0.010773427
0 0 0 1
0 0 0 0 0 0 0
0.99999756 -0.0014027682 0.0014568967 0.7545865
0.0014012408 0.9999981 0.0010628408 0.013305263
-0.0014584174 -0.0010607324 0.9999989 0.014877478
0 0 0 1
0 0 0 0 0 0 0
0.9999968 -0.0026332792 0.0003150937 0.7272937
0.0026328373 0.99999577 0.0012913571 0.0072893067
-0.00031846354 -0.0012905428 0.99999887 0.016040005
0 0 0 1
0 0 0 0 0 0 0
0.99999994 -0.0007085124 -0.00045220007 0.70219386
0.00070952566 0.9999969 0.002376939 0.007950846
0.00045052014 -0.0023772602 0.999997 0.010669066
0 0 0 1
0 0 0 0 0 0 0
0.99999565 -0.002599516 -0.0008970526 0.7049435
0.0026015288 0.9999948 0.0020802189 0.015665611
0.0008916333 -0.0020825216 0.99999696 0.009785154
0 0 0 1
0 0 0 0 0 0 0
0.9999989 -0.0016254756 0.00086102623 0.72555727
0.0016252061 0.9999979 0.00020325117 0.0026685405
-0.00086135935 -0.00020187939 1.0000002 0.0087080775
0 0 0 1
0 0 0 0 0 0 0
0.99999803 -0.00067224726 0.0019178343 0.6865666
0.00067068386 1.0 0.00084889925 0.003930514
-0.0019183991 -0.0008475964 0.9999979 0.01085893
0 0 0 1
0 0 0 0 0 0 0
0.9999998 -0.0002787836 0.00056874973 0.6684412
0.00027694536 0.99999493 0.0030327698 0.00834964
-0.0005695694 -0.0030326098 0.99999446 0.011969855
0 0 0 1
0 0 0 0 0 0 0
0.99999774 0.001252335 -0.0016163578 0.6589936
-0.001246797 0.9999937 0.0033532237 0.004205008
0.0016205144 -0.003351216 0.99999374 0.01610681
0 0 0 1
0 0 0 0 0 0 0
0.99999297 0.0017695961 -0.0033913662 0.6726905
-0.0017609353 0.99999547 0.0025838646 0.009915243
0.0033959493 -0.002577844 0.99999017 0.010299934
0 0 0 1
0 0 0 0 0 0 0
0.9999948 0.0023685691 -0.0017522157 0.6163632
-0.0023683782 0.9999971 7.10036e-05 0.0032470396
0.0017523697 -6.685321e-05 0.99999833 0.005198494
0 0 0 1
0 0 0 0 0 0 0
0.99999547 0.0031300317 0.0006694538 0.64285296
-0.0031305654 0.9999944 0.0007967885 0.007843248
-0.0006669508 -0.00079890044 0.99999976 0.0080165975
0 0 0 1
0 0 0 0 0 0 0
0.9999896 0.0035924092 0.0027087391 0.6467133
-0.0036045252 0.99998325 0.0044830493 0.0042811795
-0.0026925916 -0.0044927085 0.9999865 0.0121419355
0 0 0 1
0 0 0 0 0 0 0
0.9999876 0.0033615865 0.0037463147 0.61176676
-0.003377904 0.99998534 0.004361989 0.008546975
-0.003731597 -0.004374605 0.999983 0.008146631
0 0 0 1
0 0 0 0 0 0 0
0.9999879 0.004623795 0.0013902133 0.59718186
-0.004630377 0.9999778 0.0047396747 0.005825855
-0.0013682678 -0.0047461167 0.99998784 0.015085457
0 0 0 1
0 0 0 0 0 0 0
0.99998754 0.005037647 0.00047990278 0.5963892
-0.0050397743 0.9999768 0.0045771557 0.013000556
-0.00045684876 -0.004579496 0.9999899 0.010044246
0 0 0 1
0 0 0 0 0 0 0
0.99997944 0.0059866 0.001959635 0.5458517
-0.0059930356 0.999977 0.0033288482 0.0014397714
-0.0019396688 -0.0033404855 0.9999921 0.0071622236
0 0 0 1
0 0 0 0 0 0 0
0.999977 0.0065713846 0.0017673337 0.55980617
-0.0065799425 0.99996614 0.0048430874 0.009504572
-0.0017354961 -0.0048546502 0.9999874 0.012710998
0 0 0 1
0 0 0 0 0 0 0
0.9999735 0.0072868536 0.000104440274 0.53421456
-0.0072871866 0.9999665 0.0036745265 0.012194815
-7.758932e-05 -0.0036752343 0.9999931 0.0120789055
0 0 0 1
0 0 0 0 0 0 0
0.999974 0.007235202 0.0003728495 0.5007929
-0.0072362917 0.99996936 0.0030080217 0.00299481
-0.0003510902 -0.0030106148 0.9999956 0.012845725
0 0 0 1
0 0 0 0 0 0 0
0.9999735 0.007335202 -9.4242e-05 0.49082282
-0.007334735 0.99996483 0.0041395836 0.005784973
0.00012467685 -0.0041387286 0.99999094 0.009056403
0 0 0 1
0 0 0 0 0 0 0
0.99996513 0.008002085 -0.0022177354 0.47008115
-0.00799153 0.9999566 0.004759399 0.0061140643
0.0022556554 -0.0047415937 0.9999861 0.007930613
0 0 0 1
0 0 0 0 0 0 0
0.9999625 0.008270202 -0.0026189175 0.42446035
-0.008266651 0.9999654 0.001375021 -0.001100784
0.0026302051 -0.0013532026 0.9999956 0.009977046
0 0 0 1
0 0 0 0 0 0 0
0.99996626 0.00827029 0.0001092742 0.4229007
-0.008270398 0.999965 0.0011534458 -0.0017135615
-9.9720375e-05 -0.0011544137 0.99999964 0.004437717
0 0 0 1
0 0 0 0 0 0 0
0.99996597 0.007949698 0.0018063853 0.3931582
-0.007947084 0.99996674 -0.0014400753 0.0037125645
-0.0018177967 0.0014256551 0.9999967 0.009451552
0 0 0 1
0 0 0 0 0 0 0
0.9999704 0.007661938 0.0012808011 0.38686532
-0.007664521 0.99996936 0.0020549437 -0.002673012
-0.0012649954 -0.0020646 0.9999975 0.006523765
0 0 0 1
0 0 0 0 0 0 0
0.99995977 0.008919968 0.000783328 0.35116425
-0.008922091 0.9999557 0.0027040346 -0.0026217778
-0.0007591566 -0.002710979 0.99999607 0.007038752
0 0 0 1
0 0 0 0 0 0 0
0.99996054 0.008850531 9.629439e-05 0.32588747
-0.008850858 0.99994963 0.0047245575 0.0038717275
-5.4478693e-05 -0.004725153 0.9999891 0.0073046377
0 0 0 1
0 0 0 0 0 0 0
0.99995965 0.009018587 0.00077041826 0.30249554
-0.009021536 0.99995226 0.00391406 0.005299602
-0.00073507853 -0.0039208652 0.9999914 0.005428016
0 0 0 1
0 0 0 0 0 0 0
0.9999517 0.009705986 0.001115039 0.28671777
-0.009705279 0.9999522 -0.00055282045 -0.011829462
-0.0011203687 0.0005419009 1.0000001 0.008309836
0 0 0 1
0 0 0 0 0 0 0
0.999943 0.010682167 -0.0010093886 0.26660478
-0.010683674 0.99994236 -0.0014306225 -0.003927465
0.0009940721 0.0014413333 0.9999978 0.006607266
0 0 0 1
0 0 0 0 0 0 0
0.9999252 0.011683743 -0.0033746103 0.26398385
-0.011689623 0.9999304 -0.0017180231 -0.00563879
0.0033542335 0.0017574265 0.9999929 0.004975531
0 0 0 1
0 0 0 0 0 0 0
0.99990594 0.013398946 -0.0030092008 0.27750948
-0.013397543 0.99990946 0.00034977024 -0.011976305
0.0030136425 -0.00030953193 0.9999958 0.004459976
0 0 0 1
0 0 0 0 0 0 0
0.9998772 0.01562565 -0.0013053973 0.24671294
-0.015624831 0.9998774 0.0015026416 -0.00574599
0.0013286826 -0.0014819696 0.99999785 0.0018338409
0 0 0 1
0 0 0 0 0 0 0
0.99985754 0.01686593 -0.0003219179 0.26649693
-0.01686521 0.99985564 0.0016763892 -0.009522099
0.0003501306 -0.0016708333 0.9999987 0.0036406456
0 0 0 1
0 0 0 0 0 0 0
0.9998535 0.01715258 0.00021099935 0.2403599
-0.017151853 0.9998532 0.0003049287 -0.0064672125
-0.00020569813 -0.00030843887 0.9999997 0.002105323
0 0 0 1
0 0 0 0 0 0 0
0.99983174 0.018321913 0.00013398362 0.26177618
-0.018322356 0.9998315 -0.00077674835 -0.02034232
-0.00014820733 0.00077412155 0.9999998 0.003041433
0 0 0 1
0 0 0 0 0 0 0
0.9998118 0.019355793 0.001061774 0.2640126
-0.019353885 0.9998126 -0.001271652 -0.014793233
-0.0010861402 0.0012508925 0.99999875 0.0029365274
0 0 0 1
0 0 0 0 0 0 0
0.9997825 0.020879732 0.00031922158 0.23931189
-0.020879626 0.99978185 0.00021242272 -0.007517834
-0.00031469623 -0.00021905119 0.99999976 0.0023995514
0 0 0 1
0 0 0 0 0 0 0
0.9997647 0.021668894 -0.00048364594 0.25068486
-0.021669304 0.9997641 0.0016555769 -0.021187501
0.0005193 -0.0016446254 0.9999985 0.00037583377
0 0 0 1
0 0 0 0 0 0 0
0.99971616 0.0238188 -0.00035884802 0.2576958
-0.023817923 0.9997156 0.001130697 -0.02108983
0.00038573507 -0.0011218933 0.9999995 0.0022210472
0 0 0 1
0 0 0 0 0 0 0
0.9996795 0.025290372 0.0007038583 0.24978267
-0.025290206 0.9996794 0.0011782433 -0.011164136
-0.0006737945 -0.0011955582 0.99999815 0.0044220327
0 0 0 1
0 0 0 0 0 0 0
0.99963254 0.027102867 0.0011217407 0.26206642
-0.027106758 0.999628 0.0028226129 -0.014568566
-0.0010448385 -0.0028520415 0.9999958 0.0025240802
0 0 0 1
0 0 0 0 0 0 0
0.9995804 0.028927948 0.0013971978 0.2722939
-0.028931491 0.9995791 0.0024945962 -0.026761236
-0.0013244787 -0.0025339047 0.99999565 0.0048881737
0 0 0 1
0 0 0 0 0 0 0
0.9995378 0.03040519 0.000878403 0.2539071
-0.030405335 0.999537 0.0009660293 -0.0076153376
-0.0008486469 -0.0009924188 0.99999946 0.0034195362
0 0 0 1
0 0 0 0 0 0 0
0.9994722 0.03246817 0.0007052321 0.268155
-0.03246744 0.9994706 -0.0020221286 -0.03210573
-0.0007704923 0.0019981943 0.99999726 0.004479002
0 0 0 1
0 0 0 0 0 0 0
0.9993548 0.03591102 -8.209227e-05 0.27381518
-0.035910767 0.9993492 -0.003455891 -0.032250922
-4.2037133e-05 0.003456701 0.9999942 0.0032973052
0 0 0 1
0 0 0 0 0 0 0
0.9992707 0.03815216 -0.0012944989 0.25536257
-0.038155038 0.99926883 -0.0022436713 -0.040261276
0.0012079432 0.0022912745 0.999997 0.002577733
0 0 0 1
0 0 0 0 0 0 0
0.99920416 0.03982034 -0.0023312422 0.29046726
-0.039819002 0.9992073 0.00062504155 -0.020462614
0.0023542866 -0.000531587 0.99999684 0.00021094679
0 0 0 1
0 0 0 0 0 0 0
0.9991538 0.04112054 -0.0013810112 0.27215183
-0.041119102 0.99915314 0.0008269888 -0.026299085
0.0014137694 -0.0007695974 0.9999991 -0.0014995034
0 0 0 1
0 0 0 0 0 0 0
0.9990629 0.04327794 -0.0007058106 0.30336145
-0.043276448 0.9990604 0.0025485328 -0.03129951
0.0008154952 -0.0025155118 0.99999595 0.00080937165
0 0 0 1
0 0 0 0 0 0 0
0.9989801 0.04514554 0.00050640985 0.32895327
-0.045146372 0.99897027 0.004469446 -0.033231314
-0.00030398872 -0.004487783 0.99999005 0.0011347316
0 0 0 1
0 0 0 0 0 0 0
0.99889916 0.046913367 0.0005202108 0.30790442
-0.046915367 0.9988855 0.005128174 -0.016992943
-0.0002791337 -0.0051470175 0.99998695 -0.0024093722
0 0 0 1
0 0 0 0 0 0 0
0.99880844 0.04878541 0.0012758315 0.34637773
-0.04878918 0.99880683 0.0023514878 -0.041119017
-0.0011597226 -0.002410777 0.9999961 0.0010746347
0 0 0 1
0 0 0 0 0 0 0
0.9986667 0.05153963 0.0027734376 0.3866652
-0.05153584 0.9986698 -0.00123592 -0.036957018
-0.002833335 0.0010912122 0.99999547 0.0024389804
0 0 0 1
0 0 0 0 0 0 0
0.99860305 0.052778587 0.0025790911 0.34736243
-0.05277932 0.9986061 -0.0002853941 -0.04056677
-0.0025905678 0.00014898337 0.9999963 0.0025349353
0 0 0 1
0 0 0 0 0 0 0
0.998521 0.054344166 0.0016733457 0.4085153
-0.054344825 0.9985222 0.000602579 -0.040606808
-0.0016380986 -0.00069266016 0.999999 -0.0040123416
0 0 0 1
0 0 0 0 0 0 0
0.9984036 0.05647077 0.0009485045 0.3904145
-0.056469917 0.9984042 -0.00045672114 -0.04633565
-0.0009727747 0.00040238968 0.9999988 0.0018931638
0 0 0 1
0 0 0 0 0 0 0
0.99837863 0.056895714 0.0019038217 0.42830914
-0.056894485 0.99838066 -0.00058460905 -0.045790497
-0.0019340179 0.00047547382 0.9999981 0.001751995
0 0 0 1
0 0 0 0 0 0 0
0.99843955 0.05572033 0.0036307725 0.4537344
-0.05572402 0.9984448 0.0010173359 -0.03354479
-0.003568374 -0.0012182775 0.99999356 0.0016392234
0 0 0 1
0 0 0 0 0 0 0
0.99848336 0.054838184 0.004817863 0.43360484
-0.05485012 0.99849224 0.0023147191 -0.048989862
-0.004683738 -0.002575419 0.9999851 0.002243079
0 0 0 1
0 0 0 0 0 0 0
0.99851686 0.05434946 0.0033578563 0.4593059
-0.05436648 0.9985094 0.0048655 -0.025032159
-0.0030883912 -0.0050407955 0.99998295 -0.0058816085
0 0 0 1
0 0 0 0 0 0 0
0.99861825 0.052550256 0.00013787752 0.5050502
-0.052549478 0.9986162 0.0016585774 -0.03497944
-5.058215e-05 -0.0016635812 0.9999981 -0.009976016
0 0 0 1
0 0 0 0 0 0 0
0.99877036 0.04953406 0.0019894775 0.4679977
-0.049516816 0.9987417 -0.0079464745 -0.053122897
-0.0023805806 0.007838188 0.9999672 0.011327898
0 0 0 1
0 0 0 0 0 0 0
0.9989141 0.04647095 0.0033289574 0.50314695
-0.04643181 0.9988607 -0.01109147 -0.055937394
-0.0038405436 0.010924954 0.9999327 0.0002269504
0 0 0 1
0 0 0 0 0 0 0
0.99902916 0.04404933 0.0010487154 0.5315212
-0.04404012 0.9990022 -0.007418807 -0.044527076
-0.0013745236 0.0073653795 0.9999714 0.008223542
0 0 0 1
0 0 0 0 0 0 0
0.9992371 0.038974606 -0.0023057442 0.5084725
-0.038978245 0.99923843 -0.0014851072 -0.033363983
0.0022461275 0.0015737842 0.9999965 -0.014263767
0 0 0 1
0 0 0 0 0 0 0
0.99943537 0.03357928 -0.0006040119 0.53167766
-0.03358247 0.9994194 -0.005870844 -0.036475204
0.0004065075 0.0058878455 0.9999825 0.008985886
0 0 0 1
0 0 0 0 0 0 0
0.9995518 0.029949693 0.0010004472 0.56783295
-0.029941928 0.99952835 -0.006832747 -0.033670936
-0.0012045674 0.0067997514 0.99997634 0.007204327
0 0 0 1
0 0 0 0 0 0 0
0.9996793 0.025257925 0.001588988 0.55033493
-0.025250437 0.99967086 -0.004543343 -0.027967693
-0.0017031966 0.004501759 0.9999887 -0.0008406902
0 0 0 1
0 0 0 0 0 0 0
0.99979454 0.02023876 0.0009437426 0.57356095
-0.020234022 0.9997837 -0.004767241 -0.018422073
-0.0010401392 0.0047471304 0.99998754 0.00085396675
0 0 0 1
0 0 0 0 0 0 0
0.99986476 0.016413322 -0.0010915298 0.60185766
-0.016414644 0.99986416 -0.0012605897 -0.015778648
0.0010707645 0.0012782994 0.99999875 0.00069254066
0 0 0 1
0 0 0 0 0 0 0
0.99991125 0.0133346645 -0.00011670744 0.57789576
-0.013334768 0.99991083 -0.00034967109 -0.017508915
0.00011203987 0.00035129822 1.0000002 0.002056359
0 0 0 1
0 0 0 0 0 0 0
0.9999316 0.011697512 -0.00084038236 0.61152506
-0.011697475 0.9999321 0.00011270577 -0.0056782207
0.000841536 -0.00010291241 0.9999992 -0.0034169334
0 0 0 1
0 0 0 0 0 0 0
0.9999507 0.00954803 -0.0025911515 0.5988196
-0.0095586525 0.9999454 -0.0041568684 -0.01491361
0.0025514746 0.0041814307 0.9999889 0.006383844
0 0 0 1
0 0 0 0 0 0 0
0.99997336 0.0070867687 -0.0014785134 0.64437574
-0.0070927874 0.9999672 -0.0040241885 -0.0048342845
0.0014499697 0.004034552 0.9999907 0.0041449186
0 0 0 1
0 0 0 0 0 0 0
0.99998957 0.0045247674 0.00046499443 0.6255341
-0.00452476 0.9999896 6.2265186e-05 -0.008735876
-0.00046479978 -6.433552e-05 0.99999976 -0.002186554
0 0 0 1
0 0 0 0 0 0 0
0.99999005 0.003815736 0.0026792292 0.67075914
-0.003822505 0.9999897 0.0025459304 0.006340061
-0.0026694532 -0.002556187 0.9999932 0.0017570711
0 0 0 1
0 0 0 0 0 0 0
0.99997675 0.0018960112 0.00650807 0.6634233
-0.0019084876 0.9999958 0.0019160799 0.004400501
-0.006504434 -0.0019284409 0.9999765 -0.0020328066
0 0 0 1
0 0 0 0 0 0 0
0.99998033 0.0012860193 0.0060508964 0.6866016
-0.0012824533 0.9999993 -0.00060063164 0.0053073685
-0.0060517373 0.0005929283 0.9999813 0.007049651
0 0 0 1
0 0 0 0 0 0 0
0.99999654 0.0010454332 0.0025790965 0.68547523
-0.00103741 0.9999946 -0.003086736 -0.0067437286
-0.0025821698 0.0030840752 0.9999928 0.0039910455
0 0 0 1
0 0 0 0 0 0 0
0.9999979 -0.00033926129 -0.0017457581 0.7101842
0.00033214703 0.9999917 -0.004023665 0.0021355695
0.001746996 0.004023026 0.99999 0.013860958
0 0 0 1
0 0 0 0 0 0 0
0.9999733 -0.00087988516 -0.007379021 0.681269
0.0008729001 0.999999 -0.00095307076 -0.004329778
0.0073799347 0.0009466093 0.9999724 0.0019373148
0 0 0 1
0 0 0 0 0 0 0
0.999968 -0.0020358695 -0.0077289403 0.70481926
0.0020419385 0.9999978 0.0007764186 0.0039211125
0.007727303 -0.00079219154 0.9999697 0.0051963194
0 0 0 1
0 0 0 0 0 0 0
0.999997 -0.0015711391 -0.0014334784 0.71608955
0.001570082 0.99999833 -0.00074464176 0.009478004
0.0014346385 0.0007424566 0.9999988 -0.0065971906
0 0 0 1
0 0 0 0 0 0 0
0.999989 -0.002354648 0.00425476 0.73365617
0.002356795 0.99999726 -0.0005023061 0.0049406136
-0.0042535486 0.00051228266 0.9999904 0.0001481357
0 0 0 1
0 0 0 0 0 0 0
0.99997526 -0.0029404128 0.006357948 0.7419522
0.002942115 0.9999956 -0.00025217343 0.005662525
-0.006357187 0.0002709405 0.9999796 0.0054568183
0 0 0 1
0 0 0 0 0 0 0
0.9999947 -0.0024998684 0.0019661295 0.74844664
0.002496014 0.9999948 0.0018993781 0.011145852
-0.0019709328 -0.0018945474 0.99999624 0.00777616
0 0 0 1
0 0 0 0 0 0 0
0.99998105 -0.0037328869 -0.004958002 0.74213266
0.003698124 0.9999689 -0.007015322 0.008745336
0.0049840393 0.006996883 0.9999635 0.015135367
0 0 0 1
0 0 0 0 0 0 0
0.99998254 -0.0022327907 -0.0054513765 0.71496874
0.0022171997 0.9999931 -0.0028789546 -0.0020131043
0.0054578194 0.0028667443 0.9999809 0.008034834
0 0 0 1
0 0 0 0 0 0 0
0.9999948 -0.0028133502 -0.0010687674 0.74178094
0.0028196648 0.9999782 0.0060457904 0.010596906
0.0010517437 -0.006048688 0.9999809 -0.001557985
0 0 0 1
0 0 0 0 0 0 0
0.99998885 -0.003814292 0.0028799728 0.74711823
0.0037998527 0.9999801 0.0050196648 0.023767607
-0.0028989678 -0.005008725 0.99998355 -0.0014870221
0 0 0 1
0 0 0 0 0 0 0
0.99998236 -0.0040819584 0.004366031 0.7299378
0.0041024582 0.9999804 -0.00471095 -0.0015896483
-0.004346882 0.0047287964 0.9999797 0.010524542
0 0 0 1
0 0 0 0 0 0 0
0.99999404 -0.0032723723 -0.0011172121 0.74533975
0.003266504 0.99998045 -0.0052589923 -0.0039289566
0.0011344149 0.005255386 0.99998546 0.014618128
0 0 0 1
0 0 0 0 0 0 0
0.99998766 -0.002886025 -0.004164803 0.71979564
0.0028850609 0.99999577 -0.0002397228 0.006754224
0.004165529 0.00022761735 0.9999912 0.010890793
0 0 0 1
0 0 0 0 0 0 0
0.99999106 -0.0039376086 -0.0013072087 0.7388086
0.003942853 0.99998486 0.0040439954 0.013188357
0.0012912371 -0.0040491256 0.9999912 -0.003916641
0 0 0 1
0 0 0 0 0 0 0
0.99999267 -0.003636053 0.000987778 0.7687095
0.0036345453 0.9999921 0.0015271796 0.009865165
-0.0009933513 -0.001523489 0.9999983 0.0092578
0 0 0 1
0 0 0 0 0 0 0
0.99998975 -0.0039443774 0.0021430145 0.7322687
0.003954964 0.99997956 -0.004961356 0.002385155
-0.0021232893 0.0049696555 0.9999855 0.0027617326
0 0 0 1
0 0 0 0 0 0 0
0.99999374 -0.003463869 0.00029019595 0.74091345
0.003465254 0.9999824 -0.0048800833 -0.0070183827
-0.00027337135 0.0048810686 0.99998766 0.012604786
0 0 0 1
0 0 0 0 0 0 0
0.9999956 -0.0029805216 -0.0011063827 0.7544646
0.0029771419 0.99999034 -0.003054764 0.0099168075
0.0011154715 0.0030514526 0.99999505 0.009348601
0 0 0 1
0 0 0 0 0 0 0
0.9999945 -0.0031236298 3.364106e-05 0.73347884
0.0031236303 0.9999948 -0.00056411955 -0.0025850865
-3.1753603e-05 0.00056431856 0.9999994 0.0053377384
0 0 0 1
0 0 0 0 0 0 0
0.99999505 -0.0032263403 0.0010668171 0.7467634
0.0032277822 0.99999434 -0.0013248901 0.0033412196
-0.0010625796 0.0013282265 0.99999875 0.0029258097
0 0 0 1
0 0 0 0 0 0 0
0.9999929 -0.0035823933 0.0011658042 0.75371474
0.0035859966 0.9999882 -0.0031228424 0.0117449835
-0.0011546281 0.0031270348 0.99999464 0.011998205
0 0 0 1
0 0 0 0 0 0 0
0.9999948 -0.0030432937 -0.0003402514 0.74068576
0.0030438306 0.99999475 0.0016920943 0.004313849
0.00033505316 -0.0016931805 0.99999774 0.0021488355
0 0 0 1
0 0 0 0 0 0 0
0.99999416 -0.0033891278 -0.0012521003 0.7434093
0.0033934896 0.9999878 0.0034346862 0.0055172415
0.0012403949 -0.0034388874 0.9999939 0.004657917
0 0 0 1
0 0 0 0 0 0 0
0.99999607 -0.0027346609 -0.00027410634 0.7786292
0.002734121 0.9999948 -0.0019917933 0.0086512985
0.00027956557 0.0019910587 0.99999756 0.008440448
0 0 0 1
0 0 0 0 0 0 0
0.9999948 -0.0029163165 0.00056032 0.73611647
0.0029153803 0.99999404 0.0014663729 0.0061385925
-0.0005644979 -0.0014647382 0.9999993 0.005427311
0 0 0 1
0 0 0 0 0 0 0
0.99999845 -0.0019151082 -0.00035924092 0.774563
0.0019159735 0.9999967 0.0020500894 0.011005818
0.000355248 -0.002050752 0.9999977 0.004792852
0 0 0 1
0 0 0 0 0 0 0
0.999993 -0.003805235 -0.00026790216 0.7345026
0.0038056634 0.9999903 0.002018779 0.008761941
0.00026019546 -0.002019835 0.9999982 0.010042441
0 0 0 1
0 0 0 0 0 0 0
0.9999949 -0.0025542628 -0.0017465763 0.767074
0.002558381 0.9999942 0.0023645873 0.014586975
0.0017405482 -0.0023690609 0.99999493 0.002708709
0 0 0 1
0 0 0 0 0 0 0
0.9999893 -0.0034307253 -0.0032394016 0.76512086
0.0034308985 0.99999434 4.0285595e-05 0.009078954
0.0032392598 -5.135092e-05 0.99999464 0.008542759
0 0 0 1
0 0 0 0 0 0 0
0.9999916 -0.0033512698 -0.002331033 0.76483846
0.0033516055 0.9999935 0.00016199573 0.009979063
0.0023305581 -0.0001696977 0.99999833 0.005179739
0 0 0 1
0 0 0 0 0 0 0
0.9999935 -0.0029543384 -0.0019523505 0.7613649
0.0029649956 0.999981 0.005434324 0.018440811
0.0019362426 -0.0054401364 0.99998325 0.0052652364
0 0 0 1
0 0 0 0 0 0 0
0.9999948 -0.0030867732 0.0005643045 0.7709904
0.003084298 0.999986 0.004351644 0.013836073
-0.0005777686 -0.0043498534 0.9999896 -0.0060596936
0 0 0 1
0 0 0 0 0 0 0
0.9999947 -0.0032831386 -5.7544494e-05 0.7866653
0.003282931 0.999991 -0.0025936668 0.008906072
6.609343e-05 0.0025934044 0.99999684 0.012164401
0 0 0 1
0 0 0 0 0 0 0
0.9999923 -0.0037447093 -0.0012257355 0.80595005
0.0037443032 0.99999285 -0.000360984 0.0055337735
0.0012270332 0.00035633956 0.9999994 0.011928736
0 0 0 1
0 0 0 0 0 0 0
0.9999935 -0.0035051855 -0.00075347064 0.78267014
0.003508306 0.9999852 0.0041486793 0.021442873
0.00073899335 -0.0041512167 0.9999908 0.00045660388
0 0 0 1
0 0 0 0 0 0 0
0.9999876 -0.0049548536 0.0011514369 0.77242
0.0049537513 0.99998814 0.0008758303 0.012092427
-0.001155903 -0.00087007444 0.999999 -0.0038045526
0 0 0 1
0 0 0 0 0 0 0
0.9999872 -0.004911983 0.0011753438 0.80347073
0.004914027 0.9999862 -0.0017010649 0.0055574914
-0.0011669288 0.0017067584 0.9999983 0.020258188
0 0 0 1
0 0 0 0 0 0 0
0.9999796 -0.004621717 -0.004398608 0.8214055
0.0046374192 0.9999826 0.0035797423 0.011105631
0.0043819663 -0.003600029 0.99998355 -0.0017339527
0 0 0 1
0 0 0 0 0 0 0
0.9999521 -0.006124953 -0.007610542 0.8029414
0.006142188 0.99997824 0.002238682 0.020641552
0.0075967447 -0.0022853732 0.999969 0.011611628
0 0 0 1
0 0 0 0 0 0 0
0.999953 -0.0080967825 -0.0053722593 0.79824394
0.0081009595 0.99996763 0.00075045956 0.01053201
0.0053660143 -0.0007939066 0.999985 0.0021590744
0 0 0 1
0 0 0 0 0 0 0
0.9999722 -0.0069749523 -0.0023728437 0.8144243
0.006986087 0.9999654 0.0044152667 0.023129938
0.0023419242 -0.0044318154 0.9999878 0.0018674905
0 0 0 1
0 0 0 0 0 0 0
0.99996704 -0.0080429325 0.0015160034 0.7984007
0.008039971 0.9999658 0.0019733661 0.019373458
-0.0015318491 -0.0019611164 0.9999969 0.00161434
0 0 0 1
0 0 0 0 0 0 0
0.99997157 -0.0072295144 0.002022645 0.83346933
0.007228496 0.9999741 -0.00024183013 0.009655566
-0.0020208263 0.00025655708 0.99999785 0.008821041
0 0 0 1
0 0 0 0 0 0 0
0.9999671 -0.007692351 0.0027836403 0.8214028
0.0076948623 0.99997014 -0.00043564112 0.013277361
-0.0027802219 0.0004570197 0.9999954 0.006201523
0 0 0 1
0 0 0 0 0 0 0
0.99994946 -0.0077436944 0.006401126 0.8298013
0.0077343206 0.9999691 0.0013950418 0.012106347
-0.006411702 -0.0013455172 0.9999794 0.0074996646
0 0 0 1
0 0 0 0 0 0 0
0.99994653 -0.007876868 0.0066011418 0.83242464
0.007863654 0.9999674 0.0020039899 0.013902226
-0.0066166674 -0.0019519237 0.9999753 0.0018976203
0 0 0 1
0 0 0 0 0 0 0
0.99996525 -0.007453894 0.003871374 0.8152689
0.0074584307 0.99997145 -0.00096448243 0.018541282
-0.003864162 0.0009933403 0.99999243 0.015063323
0 0 0 1
0 0 0 0 0 0 0
0.99997073 -0.00728949 -0.002126948 0.8110449
0.007287439 0.99997336 -0.00072862394 0.010698818
0.002132268 0.00071306486 0.99999726 0.013006733
0 0 0 1
0 0 0 0 0 0 0
0.99996126 -0.005832563 -0.006582448 0.8042799
0.0058337916 0.99998236 0.0002649958 0.013075737
0.006580785 -0.00030333406 0.9999786 0.010593574
0 0 0 1
0 0 0 0 0 0 0
0.999978 -0.0051952978 -0.0041013295 0.78888273
0.0052023903 0.99998546 0.0014189158 0.008665144
0.004093792 -0.0014403138 0.99999017 0.0051098615
0 0 0 1
0 0 0 0 0 0 0
0.99998266 -0.005309229 -0.00249534 0.7943109
0.005310522 0.9999866 0.0006313788 0.022950666
0.0024921657 -0.00064456946 0.9999975 0.011171017
0 0 0 1
0 0 0 0 0 0 0
0.9999847 -0.00556665 -2.5026075e-05 0.77983207
0.0055658687 0.9999834 0.0015203835 0.009218815
1.643806e-05 -0.0015204435 0.9999985 0.004866314
0 0 0 1
0 0 0 0 0 0 0
0.9999855 -0.0047709523 0.0027914017 0.75549066
0.0047798445 0.9999841 -0.0028544152 0.008875475
-0.0027777578 0.0028676412 0.99999183 0.011139725
0 0 0 1
0 0 0 0 0 0 0
0.99997175 -0.0051130215 0.0054470617 0.8027579
0.0051212944 0.9999853 -0.0015725133 0.009211924
-0.0054388833 0.0016002838 0.9999843 0.0041504186
0 0 0 1
0 0 0 0 0 0 0
0.9999617 -0.003948696 0.0078029092 0.75647575
0.003945915 0.999992 0.0004000173 6.203661e-05
-0.0078044534 -0.00036914562 0.9999692 0.014492801
0 0 0 1
0 0 0 0 0 0 0
0.999988 -0.0030919337 0.0036488315 0.7407595
0.0030797324 0.9999906 0.0031353284 0.016172001
-0.0036585173 -0.0031240198 0.9999886 0.008215174
0 0 0 1
0 0 0 0 0 0 0
0.999994 -0.0035535921 0.00057488953 0.7756742
0.0035534876 0.9999925 0.0017317553 0.011968324
-0.000580991 -0.0017297168 0.99999785 0.016708793
0 0 0 1
0 0 0 0 0 0 0
0.9999967 -0.0018546061 -0.001807659 0.7160808
0.0018576033 0.9999965 0.0018273117 0.006556862
0.0018042343 -0.001830681 0.99999744 0.008980219
0 0 0 1
0 0 0 0 0 0 0
0.99999154 -0.0025310493 -0.0032177458 0.7177064
0.0025406945 0.9999924 0.0029658752 0.013303894
0.0032101886 -0.0029740178 0.9999896 0.011023212
0 0 0 1
0 0 0 0 0 0 0
0.9999861 -0.0019884026 -0.0048160604 0.710431
0.0019955768 0.9999969 0.0016235262 0.0146060875
0.0048128855 -0.0016330387 0.9999871 0.00996572
0 0 0 1
0 0 0 0 0 0 0
0.99998546 -0.0015951525 -0.0051875194 0.69794744
0.0016056668 0.9999968 0.0017801715 0.0027050753
0.0051845913 -0.0017885276 0.9999852 0.007832243
0 0 0 1
0 0 0 0 0 0 0
0.9999969 -0.0015816201 -0.002087117 0.6993449
0.0015782446 0.9999979 -0.0011073072 0.013235743
0.0020888671 0.0011040379 0.9999975 0.01004185
0 0 0 1
0 0 0 0 0 0 0
0.99999905 -0.0014799302 0.00048750275 0.68202615
0.0014792518 0.99999726 0.0018463512 0.009444081
-0.00049019 -0.0018457554 0.9999981 -0.00079788774
0 0 0 1
0 0 0 0 0 0 0
0.999996 -0.00078115537 0.0026698816 0.676156
0.0007826824 0.99999976 -0.00065960025 0.0049447697
-0.0026693868 0.0006617945 0.9999959 0.015414678
0 0 0 1
0 0 0 0 0 0 0
0.99999607 -0.0008992199 0.0025382726 0.6831913
0.0009012253 0.9999993 -0.0006913378 0.008232725
-0.0025376286 0.0006936262 0.9999969 0.005749715
0 0 0 1
0 0 0 0 0 0 0
0.9999999 0.0003283323 0.00092938537 0.66067684
-0.00032894022 0.99999946 0.0003310066 0.00022230872
-0.00092939497 -0.00033133468 0.9999991 0.009553771
0 0 0 1
0 0 0 0 0 0 0
0.9999985 0.0009105605 0.0010221248 0.6433018
-0.00090975285 1.0000002 -0.000395605 0.008223603
-0.0010224034 0.0003946719 0.9999999 0.01232007
0 0 0 1
0 0 0 0 0 0 0
0.9999982 0.0019768174 -0.00028687774 0.64335907
-0.0019767897 0.9999974 0.0007470721 -0.0062659997
0.00028827184 -0.00074646156 0.9999991 0.010761034
0 0 0 1
0 0 0 0 0 0 0
0.9999928 0.002636937 -0.002902801 0.63026404
-0.0026320338 0.99999547 0.0014566784 0.0012703814
0.002906703 -0.0014491115 0.9999955 0.0064302725
0 0 0 1
0 0 0 0 0 0 0
0.99998903 0.0022030657 -0.00399583 0.59775996
-0.0022072338 0.99999714 -0.0011302312 -0.0062627825
0.003993292 0.0011390672 0.9999909 0.012458669
0 0 0 1
0 0 0 0 0 0 0
0.99999654 0.002418232 -0.001146686 0.6144548
-0.0024211977 0.9999955 -0.001861172 -0.0040598162
0.001142232 0.0018640318 0.9999977 0.0054756505
0 0 0 1
0 0 0 0 0 0 0
0.9999971 0.0020959824 0.0012542929 0.5885275
-0.0020976851 0.9999972 0.00069654663 -0.0021415767
-0.0012528406 -0.00069925055 0.99999917 0.0045129554
0 0 0 1
0 0 0 0 0 0 0
0.9999931 0.0022175645 0.0030288347 0.6006034
-0.0022173428 0.9999975 0.00030330545 0.0008025059
-0.0030280957 -0.00030999296 0.9999957 0.0025137626
0 0 0 1
0 0 0 0 0 0 0
0.9999904 0.0019376414 0.003838044 0.5727137
-0.0019332266 0.9999972 -0.0013370543 -0.0070445333
-0.0038406795 0.0013295909 0.99999076 0.009943586
0 0 0 1
0 0 0 0 0 0 0
0.9999974 0.002212686 0.0009424592 0.5719326
-0.0022094434 0.9999915 -0.0034800314 0.00020943284
-0.00095018564 0.003477978 0.9999943 0.012370385
0 0 0 1
0 0 0 0 0 0 0
0.9999936 0.0027095163 -0.0022341413 0.54766977
-0.002717349 0.9999907 -0.0034187199 -0.00717733
0.0022249105 0.0034247448 0.9999917 0.0072693094
0 0 0 1
0 0 0 0 0 0 0
0.9999946 0.00226651 -0.00260901 0.5519168
-0.0022763805 0.99998903 -0.004010662 -0.011433692
0.00259979 0.004016597 0.99998814 0.007404389
0 0 0 1
0 0 0 0 0 0 0
0.9999955 0.0019638033 -0.0021727297 0.55432445
-0.0019626245 0.99999803 0.0005557407 0.0069508534
0.0021738186 -0.00055145763 0.9999973 0.0001841976
0 0 0 1
0 0 0 0 0 0 0
0.9999965 0.0016202936 -0.0017336693 0.536774
-0.0016196832 0.99999815 0.0008523805 0.005976113
0.0017350711 -0.0008496013 0.99999803 0.010112813
0 0 0 1
0 0 0 0 0 0 0
1.0000005 0.00070254685 0.00035289166 0.5658083
-0.00070136826 0.9999983 -0.0016784426 0.005208661
-0.0003540182 0.0016782233 0.99999905 0.0011726749
0 0 0 1
0 0 0 0 0 0 0
0.9999988 -0.00036590078 0.0010267941 0.55027044
0.00037154285 0.99998397 -0.005711281 -0.0007278705
-0.0010246219 0.0057116174 0.99998313 0.007564905
0 0 0 1
0 0 0 0 0 0 0
0.99999917 -0.001290322 0.0006766803 0.55753314
0.0012948082 0.9999853 -0.0052376613 0.0010598117
-0.0006699629 0.005238504 0.9999856 0.0022542276
0 0 0 1
0 0 0 0 0 0 0
0.9999977 -0.0020617936 0.00042294414 0.5578911
0.0020634532 0.9999937 -0.0029662831 -0.0033041409
-0.000416819 0.0029670713 0.9999956 0.00433898
0 0 0 1
0 0 0 0 0 0 0
0.99999475 -0.003251308 0.00031612505 0.56241876
0.003250163 0.9999929 0.0016092429 0.015812075
-0.0003213873 -0.0016080963 0.9999989 0.0070141945
0 0 0 1
0 0 0 0 0 0 0
0.9999818 -0.0059782513 -0.00012136824 0.56772506
0.0059780697 0.9999826 0.0010429065 0.0068165003
0.00011514988 -0.0010436038 0.99999946 0.0028561112
0 0 0 1
0 0 0 0 0 0 0
0.9999812 -0.0060829287 0.000431288 0.5738558
0.006083536 0.9999781 -0.0021953906 0.013098872
-0.000417859 0.0021979187 0.9999971 0.0053444025
0 0 0 1
0 0 0 0 0 0 0
0.99996877 -0.007985358 0.0004802293 0.5812203
0.007984541 0.9999671 0.0015197549 0.00670448
-0.0004924687 -0.0015157535 0.99999875 0.002167321
0 0 0 1
0 0 0 0 0 0 0
0.9999637 -0.008467745 0.0010240492 0.58397585
0.008467644 0.99996436 -0.0004715584 0.01885868
-0.0010199834 0.00048015412 0.9999993 -0.001041982
0 0 0 1
0 0 0 0 0 0 0
0.9999541 -0.009498326 0.0012004917 0.60498846
0.009496305 0.99995345 0.0017189847 0.015112832
-0.0012167436 -0.0017075207 0.99999803 0.007928318
0 0 0 1
0 0 0 0 0 0 0
0.9999541 -0.009495555 0.00030761704 0.5897166
0.009496142 0.9999539 0.0015865054 0.0059559452
-0.00032266785 -0.0015835282 0.99999857 0.0023589474
0 0 0 1
0 0 0 0 0 0 0
0.9999391 -0.010810665 -0.002390438 0.6149884
0.010819767 0.9999338 0.003919007 0.029421512
0.0023479343 -0.003944664 0.99998945 0.0038414868
0 0 0 1
0 0 0 0 0 0 0
0.9999505 -0.009684879 -0.002512563 0.6098986
0.009692656 0.9999485 0.0030276089 0.017741552
0.0024830229 -0.0030518107 0.9999924 -0.0006134535
0 0 0 1
0 0 0 0 0 0 0
0.9999287 -0.011794282 -0.0017652914 0.634598
0.011798093 0.9999267 0.0025859475 0.021110283
0.001734676 -0.0026065211 0.99999493 -0.00088023907
0 0 0 1
0 0 0 0 0 0 0
0.99993515 -0.011210613 -0.001672962 0.6281485
0.011213494 0.9999365 0.0011040429 0.0097344415
0.0016605656 -0.0011227626 0.9999984 0.007036253
0 0 0 1
0 0 0 0 0 0 0
0.999942 -0.010742337 -0.00049376686 0.66007566
0.010743159 0.9999384 0.0028134875 0.020413186
0.00046343124 -0.002818556 0.9999954 0.0007927463
0 0 0 1
0 0 0 0 0 0 0
0.9999445 -0.01058519 -0.0005630751 0.6478169
0.010584913 0.99994373 -0.0001767084 0.014799939
0.0005649035 0.0001706896 1.0000001 0.0008614693
0 0 0 1
0 0 0 0 0 0 0
0.9999404 -0.010853055 -0.00010295541 0.657263
0.0108541595 0.99993765 0.0027179832 0.015560473
7.3650415e-05 -0.0027190691 0.9999966 -0.0006860225
0 0 0 1
0 0 0 0 0 0 0
0.99992335 -0.011806986 0.0038947244 0.75086725
0.011809391 0.99992955 -0.0008811334 0.022844642
-0.0038842356 0.00092715584 0.9999918 -0.0028098025
0 0 0 1
0 0 0 0 0 0 0
0.9999245 -0.010184283 0.0068439175 0.65964895
0.010214797 0.99993813 -0.0044375947 0.0022974021
-0.0067983344 0.0045072343 0.99996644 0.0051643723
0 0 0 1
0 0 0 0 0 0 0
0.999925 -0.0116348835 0.003763242 0.73869115
0.011645425 0.9999287 -0.0026740439 0.0075369608
-0.003731796 0.0027177457 0.99998933 0.008501449
0 0 0 1
0 0 0 0 0 0 0
0.9999374 -0.0108425515 0.0029279846 0.7252509
0.010848697 0.9999393 -0.0019386475 0.023446329
-0.0029069 0.0019701482 0.9999938 -0.00072686165
0 0 0 1
0 0 0 0 0 0 0
0.9999552 -0.009406716 0.0010417424 0.7288339
0.009410276 0.9999471 -0.004109793 0.0019211483
-0.001002884 0.0041194484 0.99999166 0.0070275064
0 0 0 1
0 0 0 0 0 0 0
0.9999568 -0.009137992 0.0015246406 0.74730206
0.009148569 0.99993473 -0.0068479152 0.002618378
-0.0014619484 0.006861547 0.99997544 -0.004541542
0 0 0 1
0 0 0 0 0 0 0
0.9999503 -0.0076477136 0.0065134387 0.80096585
0.007712346 0.99992055 -0.009961791 -0.0060426057
-0.006436796 0.010011553 0.99992937 0.0025533652
0 0 0 1
0 0 0 0 0 0 0
0.9999686 -0.0072199153 0.0031866767 0.7413859
0.0072405892 0.99995285 -0.006473149 0.0036363548
-0.003139835 0.0064959386 0.9999732 0.012151944
0 0 0 1
0 0 0 0 0 0 0
0.9999685 -0.0077319588 -0.0014445067 0.7926299
0.007725018 0.9999609 -0.0043970896 0.008683129
0.0014784932 0.004385771 0.9999898 0.0038566561
0 0 0 1
0 0 0 0 0 0 0
0.99994224 -0.007825926 -0.0073947175 0.7741054
0.0078121694 0.9999677 -0.0019106277 0.0066656293
0.007409496 0.0018528593 0.99997085 0.011448411
0 0 0 1
0 0 0 0 0 0 0
0.9999399 -0.008177012 -0.007246743 0.782022
0.0081563275 0.999962 -0.0029797526 -0.0014130942
0.0072708535 0.0029204844 0.99996936 0.0011649955
0 0 0 1
0 0 0 0 0 0 0
0.9999804 -0.006064105 -0.001525313 0.7653645
0.0060647903 0.9999813 0.00090447854 0.0144580025
0.0015197304 -0.00091384415 0.9999984 0.0058420147
0 0 0 1
0 0 0 0 0 0 0
0.99998677 -0.005201411 0.00077961874 0.7721192
0.005195454 0.99996424 0.00671966 0.020082342
-0.00081453944 -0.006715464 0.9999766 0.0031261956
0 0 0 1
0 0 0 0 0 0 0
0.9999861 -0.0051184716 -0.0012848726 0.774565
0.0051241345 0.9999759 0.0045620636 0.016987417
0.0012614895 -0.0045685098 0.99998903 0.007139877
0 0 0 1
0 0 0 0 0 0 0
0.99998707 -0.004196287 -0.0027286138 0.75408673
0.004202589 0.99998945 0.0019607048 0.0136077665
0.0027202847 -0.0019722078 0.99999404 0.01591257
0 0 0 1
0 0 0 0 0 0 0
0.9999859 -0.004189422 -0.003500613 0.74921304
0.0041942373 0.99998987 0.0013889507 0.017305847
0.0034948443 -0.0014036278 0.99999356 0.0063881157
0 0 0 1
0 0 0 0 0 0 0
0.99998724 -0.0045090206 -0.0019772758 0.73012656
0.0045165946 0.99998397 0.00365094 0.008189835
0.0019607684 -0.0036597396 0.99999106 0.009605228
0 0 0 1
0 0 0 0 0 0 0
0.9999884 -0.0046259747 0.001483281 0.748802
0.004625865 0.9999888 -2.7441103e-05 0.018075848
-0.0014832101 3.424042e-05 0.99999857 0.004072977
0 0 0 1
0 0 0 0 0 0 0
0.999989 -0.003199074 0.003480287 0.71677464
0.0032020472 0.9999943 -0.0010675039 0.007757968
-0.003476733 0.0010786254 0.9999941 0.013365904
0 0 0 1
0 0 0 0 0 0 0
0.99998575 -0.004508394 0.002607895 0.72559285
0.004510101 0.9999903 -0.0005315279 0.0053365035
-0.002605492 0.00054331106 0.9999957 0.008353994
0 0 0 1
0 0 0 0 0 0 0
0.9999907 -0.0041504162 0.0015955555 0.7030221
0.004150048 0.9999904 0.00047704746 0.013273045
-0.0015975903 -0.00047047483 0.9999985 0.014550514
0 0 0 1
0 0 0 0 0 0 0
0.99999213 -0.0037655742 -0.0010917117 0.69183266
0.0037670808 0.999991 0.0021429355 0.01017812
0.0010836389 -0.0021469933 0.9999971 0.0074049346
0 0 0 1
0 0 0 0 0 0 0
0.9999931 -0.0036401635 -0.0009719558 0.6829923
