0 0 0 0 0 0 0
0.999999 -0.00075825123 0.0015334148 1.2470055
0.00075910287 1.0 -0.00055495655 -0.0005532978
-0.001532996 0.0005561223 0.999999 0.03207226
0 0 0 1
0 0 0 0 0 0 0
0.9999995 0.00040691605 0.00055232283 1.3274784
-0.0004060507 0.99999857 -0.0015662292 0.006123208
-0.00055296137 0.0015660005 0.9999987 0.020101463
0 0 0 1
0 0 0 0 0 0 0
1.0000001 -0.00049034663 -0.00051997026 1.3388408
0.00048980355 0.9999994 -0.0010416786 0.014419713
0.00052047713 0.0010414277 0.9999991 0.025943933
0 0 0 1
0 0 0 0 0 0 0
0.99999887 0.00052633276 0.00020081087 1.2824302
-0.0005262449 0.9999989 -0.00043704093 -0.0017541212
-0.00020102701 0.00043692178 0.9999997 0.019961238
0 0 0 1
0 0 0 0 0 0 0
1.0000002 -0.0004694169 0.0006340081 1.3439771
0.0004697931 1.0000002 -0.0005910267 0.0059243445
-0.0006337414 0.0005913374 0.9999992 0.017145643
0 0 0 1
0 0 0 0 0 0 0
0.99999845 0.00054004084 0.0015966449 1.3228765
-0.0005386545 0.9999992 -0.000869801 0.00244602
-0.0015971103 0.00086893537 0.9999985 0.022906758
0 0 0 1
0 0 0 0 0 0 0
0.99999934 7.406611e-05 0.00034423065 1.3109394
-7.391564e-05 1.0000001 -0.00042718567 0.003404195
-0.00034425128 0.00042716216 1.0000006 0.01986013
0 0 0 1
0 0 0 0 0 0 0
0.99999917 -0.00059589284 -0.0013660038 1.3456726
0.00059756084 0.9999994 0.0012210223 0.0051617958
0.001365275 -0.0012218377 0.9999984 0.023580689
0 0 0 1
0 0 0 0 0 0 0
0.99999756 5.0641407e-05 -0.00213334 1.3012431
-4.4832705e-05 0.99999636 0.002721881 0.0109562995
0.002133455 -0.002721773 0.999993 0.017154222
0 0 0 1
0 0 0 0 0 0 0
0.9999996 -0.0004236823 -0.0008461585 1.376018
0.0004265414 0.9999941 0.003392973 0.0057361247
0.0008447172 -0.0033933348 0.99999404 0.024978101
0 0 0 1
0 0 0 0 0 0 0
1.0000005 -0.0004605181 -0.00015571965 1.323404
0.00046089725 0.9999961 0.0024737383 0.022954546
0.00015458147 -0.0024738389 0.9999976 0.017862255
0 0 0 1
0 0 0 0 0 0 0
0.9999992 0.0010192863 0.0010200222 1.3437614
-0.0010198588 0.9999998 0.000567813 0.008935037
-0.0010194462 -0.00056883274 0.9999993 0.017300522
0 0 0 1
0 0 0 0 0 0 0
0.9999954 -0.00023710122 0.0026902219 1.3646286
0.0002428304 0.99999774 -0.002128125 -0.0047881715
-0.0026897055 0.0021287745 0.9999939 0.020517755
0 0 0 1
0 0 0 0 0 0 0
0.9999987 0.0008641252 0.0017875411 1.349925
-0.0008565556 0.9999906 -0.0042326194 0.0031003891
-0.0017911876 0.004231062 0.9999896 0.02300678
0 0 0 1
0 0 0 0 0 0 0
0.99999803 -0.0008978456 -0.0014908871 1.3473111
0.00089451025 0.9999972 -0.0022380832 -0.0033440131
0.0014929064 0.002236757 0.9999963 0.025394542
0 0 0 1
0 0 0 0 0 0 0
0.9999974 0.00042020145 -0.002405005 1.3419981
-0.00042308014 0.9999991 -0.0011953935 0.007853723
0.002404492 0.0011964056 0.9999962 0.01683627
0 0 0 1
0 0 0 0 0 0 0
0.9999997 9.444842e-05 -0.0008515328 1.3651068
-9.2120266e-05 0.9999966 0.0027322676 -0.0013620849
0.00085177465 -0.0027321696 0.9999954 0.030163027
0 0 0 1
0 0 0 0 0 0 0
0.99999946 0.00061568076 0.0011048898 1.3825759
-0.0006179281 0.9999974 0.0020335997 0.005152951
-0.001103634 -0.0020343037 0.9999982 0.009188538
0 0 0 1
0 0 0 0 0 0 0
0.9999911 0.0014196113 0.0039343364 1.3657848
-0.0014208071 0.99999946 0.00030235553 -0.0024558753
-0.0039339084 -0.0003079261 0.99999154 0.014955103
0 0 0 1
0 0 0 0 0 0 0
0.99999833 -5.4563854e-05 0.0013239791 1.3742185
5.7360685e-05 0.99999756 -0.0021112787 0.013613886
-0.0013238498 0.0021113504 0.9999971 0.019927062
0 0 0 1
0 0 0 0 0 0 0
1.0000002 0.00032779647 -0.00062597217 1.3743408
-0.0003300621 0.99999255 -0.0036238718 -0.00265534
0.0006247893 0.0036240616 0.99999374 0.030063406
0 0 0 1
0 0 0 0 0 0 0
0.99999577 -0.00037952056 -0.0027606077 1.3595941
0.0003782379 1.0000007 -0.000460696 -0.0028244788
0.0027607777 0.00045966194 0.9999961 0.014552155
0 0 0 1
0 0 0 0 0 0 0
0.99999803 0.0010004297 -0.0018405941 1.3783604
-0.0010000253 0.99999934 0.00021702841 0.012627608
0.0018407954 -0.00021519301 0.99999815 0.02853083
0 0 0 1
0 0 0 0 0 0 0
0.9999988 9.620891e-05 -0.0014286544 1.3803723
-9.258354e-05 0.9999965 0.0025390442 -0.003369961
0.001428904 -0.0025389083 0.99999577 0.01213729
0 0 0 1
0 0 0 0 0 0 0
0.9999995 0.00070261094 -0.0014141047 1.3881803
-0.0006999719 0.9999978 0.0018650801 0.01663961
0.0014153984 -0.0018640829 0.9999965 0.027120136
0 0 0 1
0 0 0 0 0 0 0
0.9999995 0.00041113116 -8.982505e-05 1.3836601
-0.0004110237 0.99999976 0.0011808282 0.0069998847
9.030981e-05 -0.0011807912 0.9999994 0.017654601
0 0 0 1
0 0 0 0 0 0 0
0.9999978 -0.0010443749 0.0017751692 1.3937554
0.0010470317 0.99999833 -0.0015002538 -0.008558878
-0.0017735986 0.001502119 0.9999972 0.02202963
0 0 0 1
0 0 0 0 0 0 0
0.9999987 0.00029371688 0.0014591168 1.3869288
-0.0002966768 0.9999974 0.0020331808 0.020232094
-0.0014585102 -0.0020336304 0.99999726 0.019339766
0 0 0 1
0 0 0 0 0 0 0
0.99999964 -0.00025085916 0.0001822134 1.3746217
0.00025045522 0.9999979 0.0022110473 -0.0009688962
-0.00018276821 -0.0022109828 0.999997 0.020825373
0 0 0 1
0 0 0 0 0 0 0
1.0000007 0.00031267363 -7.712661e-05 1.4149065
-0.00031245692 0.9999957 0.0027109864 0.0013992834
7.797279e-05 -0.0027109769 0.9999966 0.022846028
0 0 0 1
0 0 0 0 0 0 0
1.0 0.000413528 0.00029574026 1.4143897
-0.00041413296 0.999998 0.002032958 0.024840182
-0.00029490533 -0.0020330842 0.9999982 0.019662743
0 0 0 1
0 0 0 0 0 0 0
0.99999887 -0.0010173109 0.0002129668 1.417024
0.0010170245 0.99999887 0.0013132853 -0.0056155897
-0.00021429748 -0.0013130645 0.9999991 0.022142796
0 0 0 1
0 0 0 0 0 0 0
0.99999994 0.00013187478 -0.00014271586 1.3962778
-0.00013202528 0.9999989 -0.0010971242 0.019573065
0.00014257192 0.001097126 0.9999992 0.024096705
0 0 0 1
0 0 0 0 0 0 0
0.99999905 -0.0011278057 -0.00035561985 1.4087732
0.0011275647 0.9999999 -0.0006770487 -0.008162553
0.0003563879 0.00067667227 1.0000001 0.021505686
0 0 0 1
0 0 0 0 0 0 0
1.0000006 -0.00023814886 0.0004589289 1.4126389
0.00023832239 0.999999 -0.00038634092 0.012642872
-0.0004588479 0.00038642884 0.9999994 0.020693293
0 0 0 1
0 0 0 0 0 0 0
0.99999726 -0.0019145211 0.00070672506 1.4243305
0.0019146687 0.9999991 -0.00020259614 -0.017616002
-0.0007063291 0.00020396366 0.9999997 0.021506174
0 0 0 1
0 0 0 0 0 0 0
1.0000001 -0.00065997645 0.0002203792 1.4012431
0.0006597038 0.9999989 0.0012134245 0.018508747
-0.00022118574 -0.0012132769 0.99999934 0.023450516
0 0 0 1
0 0 0 0 0 0 0
0.9999992 -0.0011451201 0.00023660743 1.4493961
0.001145048 0.99999887 0.00033168215 0.0014983825
-0.00023697944 -0.00033142327 1.0000004 0.022062197
0 0 0 1
0 0 0 0 0 0 0
0.99999917 -0.001138598 0.000914632 1.401352
0.0011387422 0.99999934 -0.00016465408 0.0022598691
-0.00091443653 0.00016568645 0.99999934 0.02223054
0 0 0 1
0 0 0 0 0 0 0
0.999999 -0.0011064638 0.0010800366 1.4570287
0.0011080344 0.99999875 -0.0014519684 -0.0024316697
-0.0010784368 0.0014531878 0.9999982 0.022389336
0 0 0 1
0 0 0 0 0 0 0
0.9999996 -0.00029671073 0.00019284023 1.4101639
0.00029712095 0.9999973 -0.0021148536 0.0006602442
-0.00019221286 0.0021148908 0.99999815 0.022135692
0 0 0 1
0 0 0 0 0 0 0
0.99999964 -0.00012995086 -0.0005067479 1.4072876
0.00012913873 0.99999917 -0.0016077929 0.011868331
0.0005069565 0.0016077362 0.99999845 0.026850397
0 0 0 1
0 0 0 0 0 0 0
1.0000006 -0.00018542203 0.00028033857 1.4617399
0.00018581991 0.9999984 -0.0014520868 -0.0057382686
-0.0002800696 0.001452131 0.99999905 0.022575604
0 0 0 1
0 0 0 0 0 0 0
0.99999845 0.0010753588 0.00069641654 1.3916123
-0.0010747456 0.9999996 -0.0008637699 0.014826595
-0.0006973457 0.00086302735 0.99999917 0.024939282
0 0 0 1
0 0 0 0 0 0 0
1.0000002 0.00026355844 0.00081157486 1.4679846
-0.00026179577 0.9999976 -0.0021884223 -0.0008773232
-0.0008121447 0.0021882216 0.999997 0.021755228
0 0 0 1
0 0 0 0 0 0 0
0.99999964 0.00066792563 -0.0002517027 1.415185
-0.0006683627 0.9999981 -0.001769184 -6.610334e-05
0.00025051314 0.0017693448 0.9999988 0.02634881
0 0 0 1
0 0 0 0 0 0 0
0.99999934 1.38696205e-05 -0.00079856446 1.4269345
-1.4544747e-05 0.9999992 -0.0008507065 -0.0013555553
0.00079855684 0.00085071614 0.9999986 0.02952365
0 0 0 1
0 0 0 0 0 0 0
0.99999964 0.000865981 -0.0002570002 1.4236457
-0.0008659656 1.0 4.781022e-05 0.0076231714
0.00025703662 -4.7585163e-05 1.0000001 0.026541082
0 0 0 1
0 0 0 0 0 0 0
0.99999976 0.0003635623 -0.00021987002 1.3955088
-0.00036303577 0.99999714 0.0023721906 -0.00017567574
0.00022074043 -0.0023721228 0.9999976 0.027268777
0 0 0 1
0 0 0 0 0 0 0
0.9999989 0.0010346434 0.0013875272 1.4186897
-0.0010382159 0.9999962 0.0025694827 0.014300712
-0.0013848703 -0.0025709057 0.9999951 0.023928702
0 0 0 1
0 0 0 0 0 0 0
0.9999991 9.7291675e-05 0.0012945919 1.4318937
-0.0001016432 0.9999939 0.0033612605 0.0023538843
-0.001294258 -0.003361414 0.9999943 0.024567982
0 0 0 1
0 0 0 0 0 0 0
0.99999917 0.0011840158 0.00062366936 1.4474447
-0.0011864889 0.9999917 0.003979523 0.01573215
-0.0006189416 -0.00398024 0.99999166 0.028792238
0 0 0 1
0 0 0 0 0 0 0
0.99999917 0.0010429563 -0.00023190398 1.373162
-0.0010418909 0.99998903 0.004521451 0.020902783
0.00023661548 -0.0045212368 0.9999893 0.023729982
0 0 0 1
0 0 0 0 0 0 0
1.0000004 0.000105880725 -0.0007634479 1.3646832
-0.00010379878 0.9999965 0.0027420693 -0.0031713513
0.0007637282 -0.002741949 0.9999966 0.026412714
0 0 0 1
0 0 0 0 0 0 0
0.99999905 0.0009590884 8.224684e-05 1.4841775
-0.0009592509 0.9999971 0.0020510196 0.013958169
-8.0281774e-05 -0.0020511637 0.9999971 0.025109373
0 0 0 1
0 0 0 0 0 0 0
0.99999994 0.00020566935 0.00054395496 1.3459008
-0.00020552077 0.99999994 -0.00027298543 0.006967658
-0.0005439969 0.00027287437 1.0000007 0.023961423
0 0 0 1
0 0 0 0 0 0 0
0.99999994 9.7686236e-05 -0.00015022127 1.3943256
-9.784743e-05 0.9999997 -0.0010532729 0.0053183367
0.00015010596 0.0010532752 0.9999991 0.028624501
0 0 0 1
0 0 0 0 0 0 0
0.9999998 -0.00025308775 -0.0009954149 1.3885733
0.00025194173 0.99999917 -0.0011538917 0.0024165232
0.0009957133 0.0011536742 0.99999857 0.02481573
0 0 0 1
0 0 0 0 0 0 0
0.99999994 -0.00033240631 9.986522e-05 1.3667781
0.00033244994 1.0000001 -0.00041811407 0.0014566592
-9.9734985e-05 0.00041820912 0.99999976 0.026175534
0 0 0 1
0 0 0 0 0 0 0
0.99999946 -0.00021005655 0.00038201362 1.4372979
0.00021005858 0.99999917 -2.6286923e-05 0.0050872117
-0.00038200663 2.6364201e-05 1.0000006 0.025341587
0 0 0 1
0 0 0 0 0 0 0
0.99999946 -0.0004821988 -0.0006983547 1.3900996
0.00048216138 1.0000001 -6.323897e-05 0.0070830337
0.00069839 6.289502e-05 0.9999996 0.030062735
0 0 0 1
0 0 0 0 0 0 0
1.0000004 -0.0005782654 0.00043796812 1.381415
0.00057806564 0.99999964 0.00046692786 0.0040886807
-0.0004382411 -0.00046669118 0.9999998 0.021307342
0 0 0 1
0 0 0 0 0 0 0
0.9999989 -0.0011623519 0.00076660694 1.3538314
0.0011629986 0.9999986 -0.00084841345 0.0109255025
-0.00076562003 0.00084926 0.99999887 0.026334036
0 0 0 1
0 0 0 0 0 0 0
0.99999887 -0.00082531 0.001127491 1.3516427
0.00082749 0.9999979 -0.0019298088 0.0025617466
-0.0011258955 0.0019307947 0.99999756 0.0251943
0 0 0 1
0 0 0 0 0 0 0
0.9999988 -0.0013449631 0.0007514416 1.4382985
0.0013464852 0.9999976 -0.002033005 0.0055711
-0.0007486553 0.0020339987 0.9999978 0.026599692
0 0 0 1
0 0 0 0 0 0 0
0.9999994 -0.00065197516 -0.00021478551 1.3948073
0.0006515 0.9999969 -0.0022411789 0.0007511634
0.00021624015 0.0022410343 0.9999973 0.025817757
0 0 0 1
0 0 0 0 0 0 0
0.99999964 -0.00075642986 -0.00026527312 1.4005072
0.0007561375 0.9999992 -0.0010895462 0.0009749768
0.0002660799 0.0010893487 0.99999934 0.027471164
0 0 0 1
0 0 0 0 0 0 0
1.0000004 3.4734403e-05 -0.00035478178 1.3075261
-3.506925e-05 0.99999994 -0.0009429872 0.0022626256
0.00035472072 0.00094301184 0.9999995 0.025688779
0 0 0 1
0 0 0 0 0 0 0
0.99999917 -5.737887e-06 -0.00061063905 1.5256096
5.8010637e-06 0.9999995 9.454218e-05 0.0012713613
0.0006106379 -9.456297e-05 0.9999996 0.026359996
0 0 0 1
0 0 0 0 0 0 0
1.0000005 -0.00015464294 -0.0005743867 1.2093438
0.00015446827 1.0 -0.0002884634 0.004925343
0.0005744282 0.0002883723 1.0000002 0.02518163
0 0 0 1
0 0 0 0 0 0 0
0.9999996 0.0005166951 -0.00063253485 1.51403
-0.00051600387 0.99999964 0.0010963771 0.00090793596
0.0006331127 -0.0010960358 0.9999992 0.029081805
0 0 0 1
0 0 0 0 0 0 0
1.0000004 9.4840754e-05 0.00034807317 1.4413507
-9.555285e-05 0.9999973 0.0020220205 0.006640409
-0.00034789718 -0.0020220655 0.9999973 0.024090653
0 0 0 1
0 0 0 0 0 0 0
0.99999815 0.00024485844 0.0013560118 1.2790071
-0.00024507762 1.0000006 0.0001749598 0.0047881673
-0.0013559576 -0.00017528643 0.9999995 0.024814408
0 0 0 1
0 0 0 0 0 0 0
0.99999905 -5.3516353e-05 0.0016834073 1.3131121
5.206662e-05 0.9999994 0.00085794536 0.0063593495
-0.0016834642 -0.00085786544 0.9999983 0.023530493
0 0 0 1
0 0 0 0 0 0 0
0.99999887 0.00022493894 -0.0012928135 1.262831
-0.00022533887 1.0000004 -0.00031499294 0.0061929007
0.0012927484 0.00031531352 0.99999857 0.02803153
0 0 0 1
0 0 0 0 0 0 0
0.9999965 0.00021549343 -0.0025254341 1.4287775
-0.00021458339 0.99999964 0.0003600328 0.0063210703
0.0025255217 -0.00035951735 0.99999714 0.025249485
0 0 0 1
0 0 0 0 0 0 0
1.0 -0.0001268094 -0.0011414856 1.3959203
0.00012664717 1.0 -0.00013915954 0.0026696185
0.0011415001 0.00013902297 0.9999993 0.024401242
0 0 0 1
0 0 0 0 0 0 0
0.99999946 0.00019771798 0.0012809219 1.230127
-0.00019420298 0.9999962 -0.00274515 0.0018364886
-0.0012814723 0.0027448959 0.99999577 0.022125639
0 0 0 1
0 0 0 0 0 0 0
0.9999969 0.00061228743 0.0021916765 1.3431815
-0.00060667284 0.9999958 -0.0025649464 0.0038427638
-0.0021932395 0.0025636053 0.99999386 0.019559318
0 0 0 1
0 0 0 0 0 0 0
0.999999 0.0009622483 0.0008141517 1.3920165
-0.0009605404 0.999998 -0.002089255 0.006718234
-0.00081616937 0.0020884816 0.9999977 0.029292606
0 0 0 1
0 0 0 0 0 0 0
0.9999989 0.0010075455 -0.0012398968 1.2328264
-0.0010080909 0.9999992 -0.00043887642 -0.0021881072
0.0012394704 0.0004401114 0.9999991 0.022843393
0 0 0 1
0 0 0 0 0 0 0
0.99999714 0.0003152454 -0.0025682035 1.4017512
-0.00030984462 0.9999979 0.0021037592 0.0025202793
0.0025688533 -0.00210295 0.99999505 0.0241142
0 0 0 1
0 0 0 0 0 0 0
0.9999969 0.0012740085 -0.0020004215 1.410852
-0.0012685687 0.99999577 0.0027166186 0.00085967744
0.0020038784 -0.0027140665 0.9999939 0.026598241
0 0 0 1
0 0 0 0 0 0 0
0.999999 0.0014091874 -3.2213648e-05 1.3800449
-0.001409073 0.9999932 0.0033879979 0.00953854
3.6994632e-05 -0.0033879648 0.9999947 0.019761944
0 0 0 1
0 0 0 0 0 0 0
0.9999967 0.0013448924 0.0020972805 1.2731956
-0.0013472132 0.99999774 0.0011055415 0.0067229867
-0.002095797 -0.001108374 0.9999971 0.019089002
0 0 0 1
0 0 0 0 0 0 0
0.99999726 0.00070968916 0.0024012048 1.2481704
-0.00070795714 0.9999995 -0.0007215837 0.006012222
-0.0024017147 0.0007198945 0.99999624 0.019192228
0 0 0 1
0 0 0 0 0 0 0
0.99999934 0.00076565007 0.0007159468 1.4119939
-0.0007653326 1.0000005 -0.00045015852 0.0019357643
-0.00071628107 0.00044962487 0.99999994 0.0266786
0 0 0 1
0 0 0 0 0 0 0
0.9999982 0.0014274361 -0.0007126543 1.3608767
-0.0014271648 0.999999 0.0003827795 0.005896104
0.0007131923 -0.00038175908 0.99999946 0.021563943
0 0 0 1
0 0 0 0 0 0 0
0.9999995 0.0013500828 -0.00013217585 1.3049392
-0.0013498968 0.9999982 0.001350473 0.0054843407
0.00013399113 -0.0013503011 0.999999 0.020508014
0 0 0 1
0 0 0 0 0 0 0
0.99999875 0.0011674869 -0.00047159896 1.3909051
-0.0011665032 0.9999964 0.0020814713 0.0070585385
0.00047403545 -0.0020809164 0.99999803 0.022279616
0 0 0 1
0 0 0 0 0 0 0
0.9999995 0.0011748667 -0.0010409656 1.2699103
-0.0011733536 0.9999981 0.0014045342 0.0016365511
0.0010426149 -0.0014033155 0.9999988 0.023831662
0 0 0 1
0 0 0 0 0 0 0
0.99999803 0.0012577071 -0.000617608 1.2599287
-0.0012572194 0.999999 0.0008345195 0.0073197666
0.0006186558 -0.00083375006 0.99999857 0.019882768
0 0 0 1
0 0 0 0 0 0 0
1.0000004 0.00088506273 -3.8784186e-05 1.4470176
-0.0008851203 0.999999 -0.0012716978 0.0052571488
3.7660757e-05 0.0012716987 0.9999998 0.020872263
0 0 0 1
0 0 0 0 0 0 0
0.99999905 0.0008063293 0.000951741 1.2761341
-0.00080621627 0.99999976 -6.523905e-05 0.0013837218
-0.0009518004 6.455299e-05 0.9999992 0.023833783
0 0 0 1
0 0 0 0 0 0 0
0.99999875 0.000712772 0.0012808603 1.3741459
-0.000710509 0.99999833 -0.0018110789 0.0026209666
-0.0012821407 0.0018101943 0.9999978 0.018848268
0 0 0 1
0 0 0 0 0 0 0
1.0000001 0.0005197043 7.355143e-05 1.3809998
-0.0005196111 0.99999976 -0.0008741898 0.0046133474
-7.400926e-05 0.0008741025 0.9999997 0.025963774
0 0 0 1
0 0 0 0 0 0 0
0.9999995 4.856424e-05 0.00032109037 1.2940496
-4.8072845e-05 0.99999785 -0.0016419467 0.0023348483
-0.00032117302 0.0016418813 0.99999887 0.022843115
0 0 0 1
0 0 0 0 0 0 0
0.9999994 -0.00010802157 0.00076855335 1.3301182
0.000109822526 0.9999973 -0.0023372278 0.00020383798
-0.0007682834 0.0023373174 0.9999969 0.019766124
0 0 0 1
0 0 0 0 0 0 0
1.0 -0.0005810452 -0.000112719536 1.3139722
0.0005808623 0.9999996 -0.0014113482 0.003519617
0.00011353076 0.001411313 0.9999983 0.024328005
0 0 0 1
0 0 0 0 0 0 0
0.9999996 -0.0010656811 -9.788807e-05 1.3999928
0.0010656305 0.9999982 -0.001021281 0.002391869
9.897457e-05 0.0010211568 0.9999999 0.02238489
0 0 0 1
0 0 0 0 0 0 0
0.9999996 -0.0009474945 0.0008453491 1.3050659
0.0009488419 0.999999 -0.0016336447 0.00038167278
-0.000843788 0.0016344704 0.999998 0.02324146
0 0 0 1
0 0 0 0 0 0 0
0.9999988 -0.0011167165 0.00025947814 1.3650159
0.0011171198 0.9999973 -0.0016515453 -0.00101774
-0.00025762306 0.0016518115 0.9999991 0.021915684
0 0 0 1
0 0 0 0 0 0 0
0.999999 -0.0014047468 8.5692904e-05 1.3379488
0.0014048155 0.9999992 -0.0009707749 0.0015249585
-8.438953e-05 0.000970906 0.9999993 0.023480272
0 0 0 1
0 0 0 0 0 0 0
0.9999992 -0.0010583169 -0.00038983618 1.3828782
0.0010585816 0.9999989 0.00062816666 0.0034171033
0.0003892111 -0.00062858406 0.99999934 0.025482373
0 0 0 1
0 0 0 0 0 0 0
0.9999997 -0.0011240846 -0.0004955997 1.3168952
0.0011236862 0.9999987 -0.00084079884 0.0038037295
0.00049654854 0.0008402407 0.9999996 0.018111838
0 0 0 1
0 0 0 0 0 0 0
0.9999968 -0.0009677927 -0.0024173327 1.3667554
0.0009645938 0.99999845 -0.0013224506 -0.0027120872
0.0024185926 0.0013201048 0.99999666 0.02755611
0 0 0 1
0 0 0 0 0 0 0
0.9999996 -0.00059463567 -0.0006702908 1.35093
0.00059105956 0.99998647 -0.005318103 -0.00013555429
0.0006734505 0.005317714 0.99998546 0.024444755
0 0 0 1
0 0 0 0 0 0 0
0.9999952 -0.0010402526 0.0028084547 1.3472656
0.0010625593 0.99996716 -0.007951529 -0.013141382
-0.00280009 0.007954519 0.9999645 0.016798943
0 0 0 1
0 0 0 0 0 0 0
0.99999756 -0.0016811087 0.0014621123 1.3411034
0.00169303 0.9999656 -0.008192824 -0.017743725
-0.0014482348 0.008195158 0.9999656 0.021436831
0 0 0 1
0 0 0 0 0 0 0
0.9999958 -0.0013065931 -0.0027965624 1.3316759
0.0012988894 0.99999547 -0.0027558606 -0.0027429143
0.002800096 0.0027522913 0.9999923 0.025895042
0 0 0 1
0 0 0 0 0 0 0
0.99999326 0.00062014465 -0.0035436447 1.3676854
-0.00061605545 0.99999875 0.0011556523 0.0021734212
0.003544356 -0.0011534641 0.9999932 0.025506558
0 0 0 1
0 0 0 0 0 0 0
0.9999962 0.00093483756 -0.0023138553 1.3588653
-0.00092742586 0.99999475 0.0032024346 -0.00038175596
0.0023168428 -0.003200337 0.9999916 0.019631062
0 0 0 1
0 0 0 0 0 0 0
1.0000005 0.00090804946 3.287371e-05 1.3061166
-0.0009080835 0.9999984 0.0010285618 -0.00029465326
-3.1946627e-05 -0.0010285055 1.0 0.024863094
0 0 0 1
0 0 0 0 0 0 0
0.99999434 0.00044150435 0.0031313682 1.3853102
-0.00043000182 0.9999938 -0.0036759265 0.0019663624
-0.003132958 0.0036744587 0.99998826 0.016872928
0 0 0 1
0 0 0 0 0 0 0
0.9999945 0.00096757006 0.003240066 1.336295
-0.00094831444 0.99998164 -0.005938051 -0.0059148474
-0.0032457577 0.005934982 0.9999768 0.025151642
0 0 0 1
0 0 0 0 0 0 0
0.9999997 -0.00038296037 0.0011220145 1.3500804
0.0003869781 0.99999386 -0.00357505 -0.009244367
-0.001120647 0.0035755092 0.9999933 0.022905681
0 0 0 1
0 0 0 0 0 0 0
0.9999996 0.0002352197 0.00052178605 1.328006
-0.00023407108 0.9999975 -0.0022057206 -0.0055816732
-0.00052230526 0.0022056522 0.9999975 0.020629592
0 0 0 1
0 0 0 0 0 0 0
0.9999994 0.0005503184 0.00029237362 1.3449603
-0.00055097876 0.99999714 0.0022642221 -0.0017353495
-0.0002911354 -0.0022644866 0.99999714 0.023247091
0 0 0 1
0 0 0 0 0 0 0
0.99999887 0.0016731352 -0.0006424593 1.3788146
-0.0016710951 0.9999939 0.00317905 0.016433854
0.000647766 -0.0031778635 0.9999943 0.022542924
0 0 0 1
0 0 0 0 0 0 0
0.99999714 0.0006955392 -0.0022872544 1.3867391
-0.0006840338 0.9999866 0.0050215996 0.005485128
0.0022907401 -0.0050200745 0.9999852 0.025140326
0 0 0 1
0 0 0 0 0 0 0
0.99999964 0.0008562596 -0.000740347 1.3508431
-0.00085432816 0.99999684 0.002605116 0.01586901
0.0007425823 -0.0026045346 0.99999636 0.020161575
0 0 0 1
0 0 0 0 0 0 0
0.9999989 9.1694434e-05 0.0013622459 1.3361297
-9.35091e-05 0.999999 0.0013266107 -1.5222757e-05
-0.0013621291 -0.00132666 0.99999815 0.019645005
0 0 0 1
0 0 0 0 0 0 0
0.9999992 -0.00023546397 -0.00017679716 1.3569195
0.00023567167 0.99999875 0.0011664928 0.007931125
0.00017651771 -0.001166511 0.9999995 0.022041572
0 0 0 1
0 0 0 0 0 0 0
0.9999977 -0.00011997486 -0.0022578468 1.4167352
0.00012606545 0.99999654 0.0026960503 0.011861338
0.002257519 -0.0026964124 0.9999934 0.023520337
0 0 0 1
0 0 0 0 0 0 0
0.99999624 -0.0006316302 -0.0028447607 1.3987828
0.0006440278 0.99999034 0.0043573803 0.0061237994
0.0028419823 -0.0043591238 0.99998635 0.024418557
0 0 0 1
0 0 0 0 0 0 0
0.99999833 -0.00025126868 -0.0013347053 1.3558891
0.00025838063 0.9999853 0.005337043 0.016194107
0.0013333508 -0.0053374204 0.9999847 0.020405034
0 0 0 1
0 0 0 0 0 0 0
0.99999994 0.00038888276 0.0010874628 1.3561298
-0.00039346042 0.99999124 0.0042186794 0.012226007
-0.001085819 -0.004219105 0.999991 0.01923815
0 0 0 1
0 0 0 0 0 0 0
0.9999975 0.00038650478 0.0020778866 1.4162191
-0.00039207083 0.99999636 0.0026794453 0.005807603
-0.002076834 -0.0026802549 0.9999944 0.018180856
0 0 0 1
0 0 0 0 0 0 0
0.9999972 6.343944e-05 0.0021403262 1.3701854
-6.5299784e-05 0.9999997 0.00086895615 0.005525326
-0.002140272 -0.0008690917 0.9999974 0.022606585
0 0 0 1
0 0 0 0 0 0 0
0.9999989 -0.0007636961 0.0012180412 1.3680815
0.00076646666 0.999997 -0.0022818663 0.003285137
-0.0012162938 0.0022828022 0.9999963 0.019192358
0 0 0 1
0 0 0 0 0 0 0
0.9999997 -0.0012953426 0.000113194044 1.378987
0.0012956788 0.9999952 -0.0029759528 0.00041453016
-0.00010934072 0.002976107 0.9999954 0.01971774
0 0 0 1
0 0 0 0 0 0 0
0.9999911 -0.0021735681 -0.0037195664 1.4646227
0.0021726561 0.9999969 -0.0002490481 0.008272266
0.0037200982 0.00024094614 0.9999934 0.026495192
0 0 0 1
0 0 0 0 0 0 0
0.9999901 -0.0012811741 -0.0041540773 1.4507023
0.0012938402 0.99999493 0.0030474185 0.007306873
0.004150155 -0.003052754 0.99998647 0.024539154
0 0 0 1
0 0 0 0 0 0 0
0.9999987 -0.0005435021 -0.0012672744 1.389985
0.00054807164 0.99999297 0.0036075695 0.012417536
0.0012653103 -0.0036082673 0.99999285 0.014884556
0 0 0 1
0 0 0 0 0 0 0
1.0 -0.00022770438 0.0011218062 1.3732545
0.00022271239 0.9999901 0.004451509 0.006899355
-0.0011228169 -0.004451248 0.9999894 0.02214617
0 0 0 1
0 0 0 0 0 0 0
0.99999434 -0.0001230188 0.0031592648 1.4493582
0.00011724314 0.9999985 0.0018249387 0.0062761214
-0.003159477 -0.0018245532 0.9999933 0.019246299
0 0 0 1
0 0 0 0 0 0 0
0.99999684 0.00041753295 0.0026355733 1.4182484
-0.00041734183 0.9999998 -7.009533e-05 0.0046319677
-0.0026356045 6.896919e-05 0.99999684 0.019383391
0 0 0 1
0 0 0 0 0 0 0
0.99999994 0.00018862411 0.00079607253 1.4380437
-0.00018821469 1.0000004 -0.0005263913 0.009529666
-0.0007961784 0.0005262807 0.9999989 0.022673398
0 0 0 1
0 0 0 0 0 0 0
0.99999976 3.662518e-05 0.00089402543 1.419054
-3.5287445e-05 0.99999875 -0.0014955756 -0.000801101
-0.00089407375 0.0014955141 0.99999917 0.018867776
0 0 0 1
0 0 0 0 0 0 0
0.999999 -1.108512e-05 0.00036548072 1.4179771
1.2076937e-05 0.99999636 -0.002692525 0.0031321642
-0.00036545368 0.0026925409 0.9999965 0.02656169
0 0 0 1
0 0 0 0 0 0 0
1.0000004 0.00037326524 0.00034389776 1.4799879
-0.00037250767 0.99999774 -0.0022225697 -0.002427067
-0.00034472372 0.0022224477 0.99999726 0.023369914
0 0 0 1
0 0 0 0 0 0 0
0.9999995 0.0005665401 0.0009108121 1.2760358
-0.0005632692 0.9999929 -0.0035783176 -0.00070288044
-0.0009128253 0.003577802 0.9999927 0.0178969
0 0 0 1
0 0 0 0 0 0 0
0.9999991 0.00011483625 0.0014714564 1.4240845
-0.00010866455 0.99999136 -0.004195 -0.011556222
-0.0014719567 0.004194829 0.9999904 0.021841943
0 0 0 1
0 0 0 0 0 0 0
0.9999996 0.00024240815 0.00039149844 1.4949446
-0.00024081407 0.99999183 -0.0040767915 -0.00090001954
-0.00039244705 0.004076704 0.9999921 0.023067063
0 0 0 1
0 0 0 0 0 0 0
0.9999908 0.00062843034 -0.0042723296 1.3525683
-0.0006184736 0.9999973 0.0023309698 0.0049621416
0.0042737694 -0.0023283083 0.99998796 0.022424405
0 0 0 1
0 0 0 0 0 0 0
0.99998647 0.0003924557 -0.005161641 1.4475529
-0.00035349716 0.9999706 0.00754669 0.012135524
0.0051644524 -0.0075447736 0.99995786 0.02829554
0 0 0 1
0 0 0 0 0 0 0
0.99999917 0.0011560611 -0.00049781514 1.4530073
-0.0011509205 0.9999478 0.0102058025 0.015572204
0.0005095883 -0.010205217 0.99994826 0.017984353
0 0 0 1
0 0 0 0 0 0 0
0.99999297 0.0010261629 0.0036795002 1.43127
-0.0010502156 0.99997795 0.0065398347 0.022368664
-0.003672713 -0.0065436102 0.99997145 0.015532021
0 0 0 1
0 0 0 0 0 0 0
0.9999967 0.0006935727 0.002449128 1.4332414
-0.0006992802 0.99999744 0.0023312096 -4.058502e-05
-0.0024475069 -0.0023329319 0.9999946 0.022587758
0 0 0 1
0 0 0 0 0 0 0
0.9999995 -0.00020748096 0.0003052512 1.4629669
0.00020813763 0.9999976 -0.0021569808 0.008715413
-0.00030479112 0.0021570155 0.9999969 0.018946689
0 0 0 1
0 0 0 0 0 0 0
0.9999994 -0.0013397337 0.00039429773 1.445051
0.0013409153 0.9999939 -0.0029776657 -0.005511702
-0.0003903134 0.0029781621 0.99999624 0.023588907
0 0 0 1
0 0 0 0 0 0 0
0.9999993 -0.0011877988 -0.0006615234 1.4469134
0.0011864878 0.99999803 -0.0019663966 -0.001578947
0.00066385674 0.0019657065 0.9999975 0.027752265
0 0 0 1
0 0 0 0 0 0 0
0.9999995 -0.000402792 -0.00061541144 1.5049143
0.00040319026 0.9999997 0.0006473319 0.004516353
0.0006151465 -0.0006475884 0.9999994 0.020548109
0 0 0 1
0 0 0 0 0 0 0
0.99999976 -1.0085261e-05 0.00037099543 1.4510139
9.683568e-06 0.99999875 0.0010732037 0.0011302968
-0.00037100128 -0.0010732166 0.99999946 0.022725139
0 0 0 1
0 0 0 0 0 0 0
0.99999964 -0.00013374515 0.0009386835 1.4300135
0.00013284187 0.99999994 0.0009758259 0.010296547
-0.0009388183 -0.0009756896 0.9999989 0.021211399
0 0 0 1
0 0 0 0 0 0 0
1.0000005 -9.959491e-05 -0.000106424595 1.4849323
9.9527686e-05 0.99999946 -0.00057075743 0.0049580694
0.00010649155 0.0005707286 1.0000001 0.023614472
0 0 0 1
0 0 0 0 0 0 0
0.9999983 -0.00038690955 -0.0012165587 1.4468634
0.00038687733 1.0000004 -2.2640244e-05 0.0004526159
0.0012165642 2.2134525e-05 0.9999993 0.024348287
0 0 0 1
0 0 0 0 0 0 0
1.0000007 -0.0002793977 -0.00023529393 1.5079578
0.00027929308 1.0000002 -0.0004669985 0.003167952
0.00023543272 0.0004669673 1.0000001 0.02205226
0 0 0 1
0 0 0 0 0 0 0
0.99999917 -0.0005004756 -4.5785873e-05 1.4449763
0.0005004808 0.9999999 0.0001073267 0.0028939585
4.5722583e-05 -0.000107416054 1.0000001 0.020637168
0 0 0 1
0 0 0 0 0 0 0
0.99999994 -0.00036736048 -0.00020130842 1.4959565
0.0003674276 0.9999992 0.0003783091 0.005331371
0.00020117764 -0.00037833973 0.9999995 0.025907075
0 0 0 1
0 0 0 0 0 0 0
1.0 -0.00037263925 -0.00035414848 1.4969664
0.0003727733 1.0000002 0.00035588787 -0.0012563275
0.00035400267 -0.00035593312 0.99999934 0.024238294
0 0 0 1
0 0 0 0 0 0 0
1.0000002 -0.00010130094 9.125722e-05 1.482001
0.00010121982 0.9999992 0.00091822894 0.0028455805
-9.1347516e-05 -0.00091834314 1.0000002 0.01962983
0 0 0 1
0 0 0 0 0 0 0
0.9999994 -0.0005786006 -0.00022709582 1.4779646
0.00057852 0.9999999 -0.00034271975 0.0065129856
0.00022729888 0.0003426274 0.9999996 0.024200497
0 0 0 1
0 0 0 0 0 0 0
0.9999999 -0.0005019673 5.6802197e-05 1.545996
0.0005019173 0.9999996 0.0008463421 0.005915191
-5.7229172e-05 -0.0008462567 0.9999995 0.022412922
0 0 0 1
0 0 0 0 0 0 0
1.0000005 0.00015669361 1.7826154e-05 1.4689959
-0.00015667298 0.9999999 -0.0011568186 0.0070598833
-1.8007353e-05 0.0011567697 0.9999996 0.024372574
0 0 0 1
0 0 0 0 0 0 0
0.9999997 -7.9271624e-05 -0.0003145495 1.5289744
7.9068144e-05 0.99999964 -0.0006530102 -0.0003932462
0.00031460595 0.00065297214 0.9999998 0.024091937
0 0 0 1
0 0 0 0 0 0 0
0.9999997 0.0002309942 0.00049229205 1.3880415
-0.0002304627 0.99999905 -0.0010944649 0.002557757
-0.0004925438 0.0010944296 0.99999946 0.020470863
0 0 0 1
0 0 0 0 0 0 0
1.0000002 0.0002825394 0.0008012329 1.5270557
-0.00028102618 0.99999774 -0.0018903904 0.00088247703
-0.0008017694 0.0018900672 0.99999726 0.024481645
0 0 0 1
0 0 0 0 0 0 0
1.0 -0.0002364406 0.00023537078 1.5889887
0.00023650874 1.0000005 -0.00026660538 0.0027987852
-0.00023531416 0.0002667267 1.0 0.02446807
0 0 0 1
0 0 0 0 0 0 0
0.99999934 0.000119739496 -0.00025748683 1.4559451
-0.00011958594 0.99999917 0.0005792987 0.003141429
0.0002575575 -0.0005792771 0.9999998 0.02641351
0 0 0 1
0 0 0 0 0 0 0
0.9999995 0.0005805134 -0.00056100095 1.5089378
-0.00057970145 0.99999917 0.0014437251 -0.00014913936
0.00056184654 -0.0014434747 0.9999991 0.024229478
0 0 0 1
0 0 0 0 0 0 0
1.0000005 0.0003903058 0.0007229841 1.540029
-0.00039104166 0.9999996 0.0010021245 0.0107614
-0.0007225987 -0.0010023741 0.99999905 0.024471268
0 0 0 1
0 0 0 0 0 0 0
0.9999969 0.00038820843 0.002129133 1.5231411
-0.00038754885 0.9999997 -0.0003053386 0.0027589619
-0.0021292514 0.00030454254 0.9999982 0.017989835
0 0 0 1
0 0 0 0 0 0 0
0.99999994 0.00072366104 0.0005886189 1.4649698
-0.00072350417 0.99999976 -0.0002741164 0.0023944816
-0.0005887846 0.00027367775 0.9999991 0.025996517
0 0 0 1
0 0 0 0 0 0 0
0.9999984 0.00032375677 -0.001560325 1.5067993
-0.0003221659 0.99999934 0.0010186619 -0.001297788
0.0015606282 -0.0010181051 0.99999857 0.027319882
0 0 0 1
0 0 0 0 0 0 0
0.9999991 0.001216112 -0.0012957309 1.565835
-0.001216024 0.9999995 6.835337e-05 0.008458541
0.0012958099 -6.681651e-05 0.9999994 0.02454028
0 0 0 1
0 0 0 0 0 0 0
0.9999991 -0.00021765922 0.0003341311 1.4979961
0.00021733817 0.99999934 0.00093939033 0.005329463
-0.00033433372 -0.0009393738 0.9999993 0.01906501
0 0 0 1
0 0 0 0 0 0 0
0.9999998 4.565028e-05 0.0012088147 1.4640573
-4.4948447e-05 1.0 -0.0005759988 0.0036972978
-0.0012088455 0.0005759857 0.99999905 0.024988068
0 0 0 1
0 0 0 0 0 0 0
0.9999992 -0.00028777952 0.00066692574 1.5279937
0.00028764078 1.0000001 0.00020800397 0.0019677489
-0.0006669813 -0.00020777671 0.99999994 0.026032748
0 0 0 1
0 0 0 0 0 0 0
1.0000007 0.00025293784 0.00011896695 1.5229157
-0.00025297867 1.0000002 0.00032732423 0.009628013
-0.00011888762 -0.0003274101 0.99999976 0.023167867
0 0 0 1
0 0 0 0 0 0 0
0.99999946 2.1984604e-05 0.00022938586 1.5419734
-2.2399334e-05 0.9999974 0.0018071118 -0.002484374
-0.00022931366 -0.0018071467 0.99999845 0.023862144
0 0 0 1
0 0 0 0 0 0 0
0.99999976 0.00015397473 0.00017545803 1.5169262
-0.00015407568 1.0000001 0.0005601435 0.005763287
-0.00017536727 -0.0005601081 0.9999999 0.024223326
0 0 0 1
0 0 0 0 0 0 0
1.0000006 0.00011387203 7.739393e-05 1.5469313
-0.00011393317 0.99999994 0.0008390711 0.004435324
-7.731733e-05 -0.00083906675 0.99999994 0.021899886
0 0 0 1
0 0 0 0 0 0 0
1.0 -0.00033116076 0.00041489227 1.5489243
0.00033192075 0.9999983 -0.0018353069 0.0065338532
-0.00041430045 0.001835327 0.9999978 0.026306191
0 0 0 1
0 0 0 0 0 0 0
0.99999887 -8.538981e-05 0.0008767539 1.5270115
8.6771404e-05 0.9999985 -0.0015762573 -0.00072813354
-0.00087655056 0.0015763963 0.99999833 0.020400343
0 0 0 1
0 0 0 0 0 0 0
0.9999994 0.00016385876 0.0009828672 1.6009705
-0.00016043555 0.9999935 -0.0034710823 -0.0001979881
-0.000983475 0.0034709028 0.9999937 0.027896214
0 0 0 1
0 0 0 0 0 0 0
0.9999998 -0.00014802243 -0.0008871788 1.5207999
0.00014676483 0.99999976 -0.0014043581 0.0069136135
0.0008873998 0.0014042651 0.9999987 0.02332761
0 0 0 1
0 0 0 0 0 0 0
0.9999994 0.00037094014 -0.00084591523 1.5278927
-0.00037093592 0.9999994 5.861492e-06 -0.015030703
0.0008458824 -5.5469814e-06 0.99999917 0.028427968
0 0 0 1
0 0 0 0 0 0 0
0.9999982 -0.00019409375 0.0017985913 1.5730102
0.00019841809 0.99999714 -0.0024025615 0.009712382
-0.001798137 0.0024029103 0.99999577 0.025840929
0 0 0 1
0 0 0 0 0 0 0
0.99999815 0.0008115168 0.0019652224 1.5911351
-0.00080557994 0.9999954 -0.0030180505 -0.008114407
-0.001967654 0.0030164688 0.99999344 0.017635157
0 0 0 1
0 0 0 0 0 0 0
0.9999991 0.0005070843 -0.000792662 1.4837989
-0.00050797913 0.9999992 -0.001131665 -0.0076964693
0.0007920223 0.0011320752 0.99999887 0.03156277
0 0 0 1
0 0 0 0 0 0 0
1.0000001 0.00030036672 -0.0011032593 1.5647869
-0.00030083183 1.0000001 -0.00042016635 0.0012420588
0.0011031639 0.00042049226 0.9999996 0.026276095
0 0 0 1
0 0 0 0 0 0 0
0.9999993 0.0010628296 0.00012668669 1.5609623
-0.0010629295 0.9999987 0.000754986 -0.0044105276
-0.00012583873 -0.0007551266 0.99999934 0.023230668
0 0 0 1
0 0 0 0 0 0 0
0.99999905 0.0012545872 -0.00020146821 1.5518334
-0.0012542971 0.99999785 0.0016079256 0.008065569
0.0002035304 -0.0016076813 0.99999946 0.02753479
0 0 0 1
0 0 0 0 0 0 0
0.99999875 0.0012607649 -0.0001966053 1.5249102
-0.0012603994 0.9999984 0.00167746 0.003407001
0.0001986726 -0.001677199 0.9999985 0.023057017
0 0 0 1
0 0 0 0 0 0 0
1.0000004 0.00084587204 2.7721715e-05 1.5809755
-0.000845946 0.9999988 0.0013503417 -0.0018615476
-2.6522432e-05 -0.0013503514 0.99999905 0.026604943
0 0 0 1
0 0 0 0 0 0 0
0.9999987 0.0010436652 -0.00035229564 1.5368891
-0.0010438719 0.9999994 -0.0004886767 0.0056758937
0.0003517445 0.0004890422 0.99999964 0.024470428
0 0 0 1
0 0 0 0 0 0 0
0.9999999 0.00086818374 -0.0004930586 1.5388049
-0.00086776365 0.99999875 0.0008046382 0.012587733
0.0004937391 -0.00080424 0.99999994 0.026285036
0 0 0 1
0 0 0 0 0 0 0
0.9999996 0.0009908238 -0.0005771015 1.5441664
-0.0009910896 0.9999998 -0.0005620558 -0.016481062
0.000576555 0.0005626511 0.99999964 0.029049087
0 0 0 1
0 0 0 0 0 0 0
0.9999995 0.0010471736 0.0003878032 1.5589898
-0.0010471706 0.9999987 4.3726937e-05 0.0077621196
-0.00038771972 -4.414493e-05 0.9999994 0.022965435
0 0 0 1
0 0 0 0 0 0 0
0.99999875 0.000851493 0.001117046 1.5893079
-0.00084956316 0.9999983 -0.0017069851 -0.010404932
-0.0011184686 0.001706031 0.9999983 0.025877953
0 0 0 1
0 0 0 0 0 0 0
0.99999994 3.9926355e-05 0.00034834348 1.5048299
-3.9554332e-05 0.9999999 -0.0011552356 0.015588615
-0.00034853123 0.0011552233 0.99999934 0.026895408
0 0 0 1
0 0 0 0 0 0 0
0.9999971 0.0005829353 -0.0024050511 1.6681329
-0.000585196 0.99999946 -0.0009210089 -0.017535325
0.0024045391 0.0009224385 0.99999595 0.030727936
0 0 0 1
0 0 0 0 0 0 0
0.99999696 -0.00049349485 -0.0022100643 1.464974
0.0004944348 0.9999993 0.0003965141 -0.0023919833
0.0022099041 -0.00039762745 0.99999785 0.023719553
0 0 0 1
0 0 0 0 0 0 0
1.0000001 1.094612e-05 0.000120984296 1.5981674
-1.0895337e-05 1.0000005 -0.0006454072 0.0001605321
-0.000120989826 0.0006454054 1.0000002 0.021555396
0 0 0 1
0 0 0 0 0 0 0
1.0 -0.0006889896 0.0002657152 1.5733622
0.00068929227 0.99999785 -0.0013814328 -0.012733342
-0.0002647603 0.0013816275 0.99999815 0.024629159
0 0 0 1
0 0 0 0 0 0 0
0.99999875 -0.0013621709 -0.00061620766 1.5699583
0.0013620185 0.99999946 -0.00019389148 0.007621525
0.00061647024 0.00019303698 1.0000005 0.022181097
0 0 0 1
0 0 0 0 0 0 0
1.0000001 -9.03085e-05 -0.00044839943 1.599037
9.081587e-05 0.99999946 0.00091122574 0.0025421784
0.00044832093 -0.00091126683 0.9999994 0.029718557
0 0 0 1
0 0 0 0 0 0 0
0.99999917 -0.0005885842 0.0005562386 1.5343935
0.00058874127 0.9999996 -0.0001331311 -0.017288104
-0.00055615633 0.00013346165 0.99999976 0.01842721
0 0 0 1
0 0 0 0 0 0 0
1.0000005 -0.00065671065 0.00014989644 1.5829157
0.00065673055 1.0000004 -0.00032772438 0.014036446
-0.00014969539 0.00032781687 1.0000004 0.02618467
0 0 0 1
0 0 0 0 0 0 0
0.99999887 -0.0008833533 0.0010055545 1.6501818
0.0008829576 0.99999934 0.00031714764 -0.0025872285
-0.0010058276 -0.00031625153 0.9999991 0.026226355
0 0 0 1
0 0 0 0 0 0 0
0.9999975 -0.0008980291 0.0018684486 1.5172839
0.00089737924 0.9999992 0.00036351706 -0.008132197
-0.0018687587 -0.00036185322 0.9999983 0.018101102
0 0 0 1
0 0 0 0 0 0 0
0.9999997 0.0010517827 -0.00020794285 1.602037
-0.0010516507 0.9999996 0.0007801675 -0.006618261
0.00020868609 -0.0007799251 0.9999991 0.02850068
0 0 0 1
0 0 0 0 0 0 0
0.9999995 0.0011744677 6.667306e-05 1.5559174
-0.0011744144 0.9999995 0.00041989604 0.011699926
-6.617465e-05 -0.00041997366 1.0000002 0.018515436
0 0 0 1
0 0 0 0 0 0 0
1.0000001 0.0005343621 -0.00032660898 1.5989611
-0.0005345877 0.9999988 -0.00068725407 0.0035240613
0.0003263592 0.0006874298 0.99999934 0.02624693
0 0 0 1
0 0 0 0 0 0 0
0.9999992 0.00012557472 -0.00088613154 1.6369284
-0.00012792264 0.9999973 -0.0025569922 0.0052986895
0.0008857428 0.0025570889 0.9999971 0.021432143
0 0 0 1
0 0 0 0 0 0 0
0.9999976 0.00062106916 -0.0022245538 1.5921928
-0.00062376994 0.99999887 -0.0011971208 -0.022714926
0.0022238044 0.0011985177 0.99999607 0.030229907
0 0 0 1
0 0 0 0 0 0 0
0.999999 -7.7887446e-05 -0.00088508 1.6826129
7.708961e-05 0.99999964 -0.0009533674 0.03312572
0.000885172 0.00095329643 0.99999946 0.018147785
0 0 0 1
0 0 0 0 0 0 0
0.99999815 -0.0018641474 -0.0006769952 1.520023
0.0018651779 0.999997 0.0014364376 0.0039385804
0.0006743101 -0.0014377083 0.9999993 0.026583612
0 0 0 1
0 0 0 0 0 0 0
0.99999636 -0.0025872942 0.00038273452 1.6410414
0.0025866958 0.9999956 0.0014009887 0.008337719
-0.00038635146 -0.001399992 0.9999991 0.026345601
0 0 0 1
0 0 0 0 0 0 0
0.99999446 -0.0007115507 0.0031993496 1.6574236
0.00070837414 0.99999905 0.0009936921 -0.011257587
-0.0032000598 -0.0009914108 0.99999404 0.01927468
0 0 0 1
0 0 0 0 0 0 0
0.99999505 0.00067120924 0.0033377602 1.5942037
-0.00066678715 0.99999976 -0.001304096 0.0063708713
-0.0033386454 0.0013018589 0.99999386 0.02319511
0 0 0 1
0 0 0 0 0 0 0
0.9999981 -0.0008297925 0.001126485 1.7140144
0.00083108264 0.99999887 -0.0011425344 0.0006373091
-0.0011255211 0.0011434695 0.99999875 0.026778715
0 0 0 1
0 0 0 0 0 0 0
0.99999845 0.00080243906 -0.0015631943 1.5797392
-0.000803988 0.999999 -0.000976593 0.0038963824
0.0015623766 0.0009778558 0.9999977 0.028633846
0 0 0 1
0 0 0 0 0 0 0
0.9999998 0.00053539744 -1.582014e-05 1.6628706
-0.00053545 0.99999946 -0.0006435613 0.011574829
1.5570067e-05 0.0006435607 1.0000001 0.02131315
0 0 0 1
0 0 0 0 0 0 0
1.0000005 -6.348139e-05 0.00041881975 1.6099682
6.360571e-05 1.0000005 -0.00020514803 0.0010830987
-0.0004188267 0.00020519737 0.9999994 0.027353713
0 0 0 1
0 0 0 0 0 0 0
0.99999946 -0.0006221973 0.00021748085 1.6487973
0.00062212854 0.99999946 0.00013020464 0.013144698
-0.00021751235 -0.00013009143 1.0000007 0.031236298
0 0 0 1
0 0 0 0 0 0 0
0.99999964 0.0011576846 -0.0008652727 1.6347638
-0.0011565533 0.99999815 0.0013344534 0.013192698
0.0008667507 -0.001333441 0.9999979 0.024730202
0 0 0 1
0 0 0 0 0 0 0
0.99999833 0.0014568418 -0.0007033005 1.6489309
-0.0014563064 0.999999 0.0006380187 -0.0026694927
0.00070423615 -0.0006370036 1.0000004 0.030126294
0 0 0 1
0 0 0 0 0 0 0
0.9999978 -0.0008592864 0.0017082759 1.6066747
0.0008610849 0.9999985 -0.0011050401 0.03855959
-0.001707383 0.001106502 0.9999978 0.024555853
0 0 0 1
0 0 0 0 0 0 0
0.9999991 0.0008544222 0.0010706213 1.6232808
-0.0008531991 0.99999976 -0.0011457007 -0.023302063
-0.0010715645 0.001144806 0.9999984 0.030408502
0 0 0 1
0 0 0 0 0 0 0
0.9999974 -0.0020352427 -0.0010933687 1.6567572
0.002035292 0.99999774 -3.1713953e-05 0.0065283775
0.0010934707 2.9472516e-05 0.9999997 0.029676547
0 0 0 1
0 0 0 0 0 0 0
0.99999875 0.0017187533 0.00011845003 1.6149538
-0.0017189386 0.9999987 0.00040392732 -0.0039115925
-0.000117823474 -0.00040411885 0.99999976 0.033574328
0 0 0 1
0 0 0 0 0 0 0
0.9999977 -0.0007624457 -0.002037453 1.6165849
0.0007648668 0.9999991 0.001112852 0.024059124
0.002036713 -0.0011144023 0.99999684 0.01738226
0 0 0 1
0 0 0 0 0 0 0
0.9999965 -0.00012696878 -0.0025720147 1.6207356
0.00013547395 0.9999938 0.0033584642 0.00030078375
0.0025714906 -0.0033588128 0.99999106 0.0374328
0 0 0 1
0 0 0 0 0 0 0
1.0 -0.00082097756 0.0007179598 1.5639809
0.00082064775 0.99999964 0.00058979593 0.010823939
-0.000718445 -0.00058921374 1.0000002 0.02014022
