0 0 0 0 0 0 0
0.99999803 -0.0019096677 -0.00087889336 0.5667295
0.001907685 0.999996 -0.0022436348 -0.008381438
0.0008831691 0.002241963 0.99999696 0.022837093
0 0 0 1
0 0 0 0 0 0 0
0.9999987 -0.0008018181 -0.0013200731 0.5629667
0.0008007094 0.99999845 -0.0008447362 0.0033158641
0.0013207616 0.00084366114 0.999999 0.01479067
0 0 0 1
0 0 0 0 0 0 0
0.99999607 -0.0021696205 -0.0014223742 0.5508981
0.0021688738 0.9999976 -0.00052722945 0.0018310751
0.0014235086 0.0005241366 0.9999986 0.011787524
0 0 0 1
0 0 0 0 0 0 0
0.9999974 -0.0017752626 -0.0015522165 0.55195194
0.0017724438 0.9999974 -0.0018182417 -0.0016080027
0.0015554427 0.0018155011 0.99999696 0.01056292
0 0 0 1
0 0 0 0 0 0 0
0.99999726 -0.001582054 -0.0018562274 0.5624805
0.0015771278 0.9999952 -0.0026563546 -0.00015742567
0.0018604152 0.0026534295 0.99999464 0.009179119
0 0 0 1
0 0 0 0 0 0 0
0.9999982 -0.0016358559 -0.0007945467 0.5606106
0.0016345279 0.99999696 -0.0016478156 -0.0050749993
0.0007972456 0.0016465053 0.99999857 0.0073668547
0 0 0 1
0 0 0 0 0 0 0
0.99999934 -0.0012740471 0.0006923421 0.5795572
0.0012744084 0.99999934 -0.00049172674 0.0011147272
-0.0006917116 0.0004925758 1.0000002 0.008860031
0 0 0 1
0 0 0 0 0 0 0
0.9999985 -0.0014622795 -0.00028787996 0.5829769
0.001462123 0.99999833 -0.00048286546 0.008864816
0.00028858555 0.00048243496 0.99999976 0.009452414
0 0 0 1
0 0 0 0 0 0 0
0.99999654 -0.00087094266 -0.0026533164 0.5888712
0.00087290234 0.9999997 0.0007087674 0.0006006654
0.002652718 -0.0007110333 0.999996 0.012400321
0 0 0 1
0 0 0 0 0 0 0
0.99999166 -0.0014380182 -0.0038145678 0.6005907
0.0014433754 0.9999976 0.0014108103 0.013129278
0.003812423 -0.0014163101 0.99999225 0.01038809
0 0 0 1
0 0 0 0 0 0 0
0.99999195 -0.0016579679 -0.0034794302 0.6013863
0.0016633336 0.99999785 0.0015314831 0.0018989976
0.003477033 -0.0015372523 0.9999921 0.002571207
0 0 0 1
0 0 0 0 0 0 0
1.0000004 -0.0006250098 -0.00035495198 0.62095743
0.0006256074 0.9999984 0.001791858 0.012597182
0.00035372382 -0.0017920828 0.9999988 0.0028810718
0 0 0 1
0 0 0 0 0 0 0
0.9999759 -0.0023565532 0.006435205 0.6455802
0.002345588 0.99999523 0.0017131894 0.0114628645
-0.0064392164 -0.0016980525 0.99997723 -0.001122314
0 0 0 1
0 0 0 0 0 0 0
0.9999434 -0.00024371686 0.01061631 0.66235167
0.0002444783 1.0000002 -7.362692e-05 0.0049512214
-0.010616249 7.621716e-05 0.9999438 0.009055247
0 0 0 1
0 0 0 0 0 0 0
0.9999754 0.0005284676 0.0070377747 0.67726547
-0.00053072505 0.99999934 0.00031316676 -0.002021843
-0.007037604 -0.0003169109 0.99997544 0.015571378
0 0 0 1
0 0 0 0 0 0 0
0.9999958 -0.0028398514 -0.00058975175 0.68149906
0.0028403222 0.99999654 0.0006705132 0.01297001
0.00058784295 -0.00067216775 0.9999993 0.017005544
0 0 0 1
0 0 0 0 0 0 0
0.99997437 -0.0013735886 -0.0070099747 0.6865062
0.001393249 0.99999493 0.0028089997 0.01067144
0.0070060766 -0.0028186932 0.9999715 0.006635629
0 0 0 1
0 0 0 0 0 0 0
0.999978 -0.002586951 -0.00608682 0.72319984
0.002585748 0.9999969 -0.00020535428 0.0033570463
0.006087338 0.00018960793 0.9999819 -0.0014192448
0 0 0 1
0 0 0 0 0 0 0
0.99999833 -0.0014871309 0.001185912 0.72028947
0.0014897529 0.9999957 -0.0022531732 0.009359049
-0.0011825563 0.002254925 0.99999666 -0.0011757257
0 0 0 1
0 0 0 0 0 0 0
0.99995756 -0.0014289555 0.009116562 0.770489
0.0014446491 0.99999815 -0.001703954 -0.004413404
-0.009114104 0.0017170582 0.9999572 0.003858861
0 0 0 1
0 0 0 0 0 0 0
0.9999701 -0.000403616 0.0077472604 0.76918554
0.00041220637 0.9999989 -0.0011083457 0.003074091
-0.0077467784 0.0011115061 0.99996895 0.008505186
0 0 0 1
0 0 0 0 0 0 0
0.9999921 -0.0027147694 0.0027878876 0.79501486
0.0027175976 0.9999957 -0.001035982 0.00088627555
-0.0027851525 0.001043553 0.9999953 0.009921315
0 0 0 1
0 0 0 0 0 0 0
0.9999998 -0.001170944 -0.0006055621 0.7995537
0.0011695765 0.9999966 -0.0021437712 0.0023994318
0.00060818787 0.0021430494 0.9999983 0.010475695
0 0 0 1
0 0 0 0 0 0 0
0.99999624 0.0005746829 -0.002354283 0.81881845
-0.00057472836 1.0 -5.13781e-05 0.0068923007
0.0023541918 5.2727817e-05 0.9999967 0.008980677
0 0 0 1
0 0 0 0 0 0 0
0.99999213 -0.0012233043 -0.0039979373 0.836716
0.0012321522 0.9999968 0.0021952565 -0.0053030304
0.003995237 -0.0022001637 0.9999898 0.0010513203
0 0 0 1
0 0 0 0 0 0 0
0.9999825 0.002691961 -0.0051981 0.8502695
-0.0027056327 0.99999344 -0.0026146376 0.006365041
0.0051910244 0.002628673 0.99998266 0.011155542
0 0 0 1
0 0 0 0 0 0 0
0.999981 -0.00083946955 -0.006161324 0.866502
0.0008234044 0.99999624 -0.0026065467 -0.005569831
0.0061634933 0.0026014135 0.9999778 0.007904489
0 0 0 1
0 0 0 0 0 0 0
0.9999844 0.0022664168 -0.005056691 0.8839825
-0.0022592058 0.9999966 0.0014296947 0.0119600855
0.0050599203 -0.0014182435 0.9999863 0.008295414
0 0 0 1
0 0 0 0 0 0 0
0.9999974 -0.0015098477 -0.0015096988 0.9025577
0.0015119975 0.999998 0.0014084002 -0.0033978105
0.0015075796 -0.0014106722 0.9999979 -0.00026441098
0 0 0 1
0 0 0 0 0 0 0
0.99999964 0.0002599829 0.00056574534 0.9210578
-0.0002595767 0.9999992 -0.000624416 0.010188403
-0.00056595594 0.0006242516 0.9999998 0.0074337283
0 0 0 1
0 0 0 0 0 0 0
0.9999998 0.00076832046 -0.0009190975 0.9421508
-0.0007675919 0.999999 0.0008997699 0.0060559227
0.00091986003 -0.0008990626 0.999999 0.010254498
0 0 0 1
0 0 0 0 0 0 0
0.99999756 0.00040734955 -0.002173903 0.93679816
-0.00039985526 0.9999949 0.003445252 0.006928935
0.0021751956 -0.0034443561 0.9999919 0.011160727
0 0 0 1
0 0 0 0 0 0 0
0.9999992 0.00088201783 -0.0012220126 0.9581544
-0.0008768222 0.9999904 0.0042048353 0.010617894
0.0012257244 -0.0042037666 0.99999 0.006885912
0 0 0 1
0 0 0 0 0 0 0
0.99999964 0.00046239072 0.00031679435 0.9447277
-0.00046292428 0.9999991 0.001464021 0.003536247
-0.00031611713 -0.0014641555 0.9999988 0.010944875
0 0 0 1
0 0 0 0 0 0 0
0.9999996 0.00013423791 3.135487e-05 0.9821928
-0.00013422394 0.9999996 0.00085761346 0.0046668774
-3.1124753e-05 -0.0008576274 0.9999995 0.01308717
0 0 0 1
0 0 0 0 0 0 0
0.99999976 6.140643e-05 9.800844e-05 0.99091494
-6.14785e-05 0.99999964 0.00029394668 0.0030744239
-9.807346e-05 -0.00029395623 1.0000001 0.011354442
0 0 0 1
0 0 0 0 0 0 0
0.9999992 -0.0012604012 0.0008827057 0.98818207
0.0012599624 0.9999993 0.00052829046 0.0055204313
-0.00088336115 -0.0005271601 0.9999992 0.013248312
0 0 0 1
0 0 0 0 0 0 0
0.99999803 -0.0007171998 0.001989166 1.0127794
0.0007157229 0.99999934 0.00075968367 0.0063862368
-0.001989747 -0.00075827475 0.9999979 0.011533327
0 0 0 1
0 0 0 0 0 0 0
0.9999979 0.001579702 0.0010454686 0.99129975
-0.0015799436 0.999999 0.00031954402 -0.0015671027
-0.0010449595 -0.00032120018 1.0 0.011512397
0 0 0 1
0 0 0 0 0 0 0
0.9999989 0.0014863067 -0.00084054295 1.0168805
-0.0014862758 0.9999982 0.00016930189 0.010191924
0.00084080955 -0.0001680691 0.9999997 0.018101469
0 0 0 1
0 0 0 0 0 0 0
0.9999987 -0.00080046616 -0.0007044196 1.0241121
0.0008018963 0.9999977 0.0019238045 -0.0020676355
0.00070294645 -0.0019243746 0.9999978 0.012210658
0 0 0 1
0 0 0 0 0 0 0
1.0 -9.288063e-05 0.00067683886 1.0229155
9.267851e-05 1.0000004 0.00016837537 0.016676286
-0.0006769426 -0.00016830202 0.99999976 0.0126690185
0 0 0 1
0 0 0 0 0 0 0
0.99999666 -3.6440062e-05 0.0025703118 1.0384649
3.9970848e-05 0.999999 -0.0013333798 0.016859928
-0.002570208 0.0013334963 0.9999952 0.013550199
0 0 0 1
0 0 0 0 0 0 0
0.99999344 -0.0012231377 0.0036183964 1.0488725
0.0012235385 0.99999887 -0.000138942 -0.0022942144
-0.0036182306 0.00014335528 0.9999939 0.0115967
0 0 0 1
0 0 0 0 0 0 0
0.9999957 -0.00050547026 0.0026337244 1.0687689
0.0005052072 1.0000006 0.00011082527 0.011976975
-0.002633771 -0.00010948226 0.9999965 0.017709693
0 0 0 1
0 0 0 0 0 0 0
0.99999964 -0.0013736219 0.0003501788 1.0626309
0.0013737238 0.999999 -0.00015388109 -0.010107252
-0.0003499756 0.00015435724 1.0000004 0.014750983
0 0 0 1
0 0 0 0 0 0 0
0.9999968 0.0022349753 -0.001155207 1.0627992
-0.002234514 0.9999968 0.00044573788 0.013516865
0.0011562022 -0.0004431703 0.99999875 0.014824648
0 0 0 1
0 0 0 0 0 0 0
0.9999991 0.0011810289 -0.0005801822 1.0560473
-0.0011804709 0.99999875 0.0009873832 0.006574062
0.0005813326 -0.0009866809 0.99999905 0.014107091
0 0 0 1
0 0 0 0 0 0 0
0.9999977 -0.0009869123 0.0014748215 1.0719924
0.0009875958 0.99999976 -0.00038328776 0.006859823
-0.0014744082 0.00038472677 0.99999964 0.013766745
0 0 0 1
0 0 0 0 0 0 0
0.99999595 -0.002270889 0.0020556883 1.0963904
0.002272915 0.9999969 -0.0010378709 0.0032822567
-0.0020533425 0.0010425565 0.9999968 0.017928462
0 0 0 1
0 0 0 0 0 0 0
0.9999934 -0.0028452442 0.0023409913 1.0674875
0.0028437471 0.99999607 0.0006452428 -0.007386603
-0.0023428143 -0.0006385708 0.9999969 0.01908106
0 0 0 1
0 0 0 0 0 0 0
0.99999803 0.0017204906 5.2564345e-05 1.0881091
-0.0017204713 0.99999833 0.0004533251 0.00901267
-5.1775205e-05 -0.0004534349 1.0000004 0.019435752
0 0 0 1
0 0 0 0 0 0 0
0.99999404 9.545018e-05 -0.0033573206 1.0619093
-9.15601e-05 0.99999934 0.0011694126 0.0038326334
0.0033574258 -0.0011690932 0.9999934 0.021774774
0 0 0 1
0 0 0 0 0 0 0
0.99999094 0.0002911729 -0.0042742183 1.0704995
-0.0002777429 0.9999947 0.0031462424 0.009108694
0.0042751124 -0.0031450395 0.9999861 0.01948356
0 0 0 1
0 0 0 0 0 0 0
1.0000006 -5.7278754e-05 -0.0004691021 1.0635836
5.776004e-05 1.0 0.001044448 -0.004632924
0.00046903032 -0.0010444483 0.9999992 0.015154539
0 0 0 1
0 0 0 0 0 0 0
0.99999565 0.0011085694 0.002740586 1.0478885
-0.0011043365 0.999998 -0.0015129455 0.007404155
-0.0027422665 0.0015099014 0.9999951 0.012833951
0 0 0 1
0 0 0 0 0 0 0
0.99999785 -6.464265e-05 0.0019253606 1.1073102
6.209897e-05 0.9999992 0.0012615947 -0.004866545
-0.001925437 -0.0012614361 0.9999974 0.018170932
0 0 0 1
0 0 0 0 0 0 0
0.9999987 0.0004267724 0.0012859398 1.04867
-0.00042371475 0.99999666 -0.002357101 0.022918237
-0.0012869353 0.0023565092 0.99999636 0.016540848
0 0 0 1
0 0 0 0 0 0 0
0.9999997 0.00066897925 -0.00013343006 1.1104902
-0.0006687834 0.99999964 0.0011817045 -0.0071389657
0.00013421779 -0.0011815964 0.99999905 0.018883526
0 0 0 1
0 0 0 0 0 0 0
0.99999845 0.00031928945 -0.0017136335 1.0366485
-0.00032138254 0.99999905 -0.0012544356 0.009414372
0.0017132303 0.0012549865 0.9999976 0.018927947
0 0 0 1
0 0 0 0 0 0 0
0.99999666 4.6157227e-05 -0.0026873227 1.0957419
-4.2718766e-05 0.9999986 0.0012779357 0.0005597736
0.0026873695 -0.001277827 0.9999955 0.016377911
0 0 0 1
0 0 0 0 0 0 0
0.99999833 -8.538108e-05 -0.0019821322 1.0787913
8.165238e-05 0.99999905 -0.0018084468 0.003970649
0.0019822884 0.0018082797 0.9999971 0.018022276
0 0 0 1
0 0 0 0 0 0 0
0.9999942 -6.006225e-05 -0.0034731256 1.0806175
5.6168174e-05 0.99999917 -0.0011213963 0.0018464274
0.0034732306 0.0011212014 0.99999285 0.020257102
0 0 0 1
0 0 0 0 0 0 0
0.9999978 -0.00041893072 -0.0015276389 1.0738105
0.00041750123 0.99999934 -0.0010143451 -0.0019276127
0.0015279815 0.0010136969 0.99999887 0.0170435
0 0 0 1
0 0 0 0 0 0 0
0.99999887 -0.00016438644 0.0019823897 1.074624
0.00016617471 0.9999994 -0.00097031845 -0.012352781
-0.0019821995 0.0009706488 0.99999696 0.018656805
0 0 0 1
0 0 0 0 0 0 0
0.9999827 -0.00029312188 0.005752752 1.0648626
0.00030576743 0.9999981 -0.0021783635 0.0071893814
-0.0057520783 0.0021800976 0.999981 0.014106931
0 0 0 1
0 0 0 0 0 0 0
0.9999814 0.0017620317 0.0059183687 1.0862043
-0.0017496768 0.99999547 -0.002101927 1.5017305e-05
-0.0059220605 0.0020915219 0.99998033 0.014232392
0 0 0 1
0 0 0 0 0 0 0
0.9999991 0.00015009819 0.0012151798 1.081993
-0.00014738934 0.9999976 -0.0021781048 0.0061229607
-0.0012155005 0.0021779097 0.9999971 0.021088738
0 0 0 1
0 0 0 0 0 0 0
0.9999964 -8.030897e-05 -0.002779004 1.0834978
7.786066e-05 0.99999946 -0.0008795644 -0.0026962045
0.002779068 0.00087934843 0.999996 0.022627247
0 0 0 1
0 0 0 0 0 0 0
0.9999935 0.0011714357 -0.0032423814 1.0752041
-0.0011789215 0.9999967 -0.0022902752 0.0009958313
0.0032396966 0.0022940922 0.9999921 0.015301315
0 0 0 1
0 0 0 0 0 0 0
0.99999374 -2.1458265e-05 -0.0037104227 1.0917639
3.2815096e-05 0.9999958 0.0030478847 -0.0023362772
0.003710322 -0.0030479825 0.9999883 0.020158384
0 0 0 1
0 0 0 0 0 0 0
0.9999916 0.0004923369 -0.0040904735 1.0636152
-0.000489215 0.99999976 0.00077064254 0.000940708
0.004090776 -0.00076862815 0.99999106 0.017655484
0 0 0 1
0 0 0 0 0 0 0
0.9999973 0.0017383238 -0.0009310849 1.0516956
-0.0017350016 0.99999213 0.0035353373 0.018651495
0.00093733537 -0.0035337282 0.9999935 0.014480134
0 0 0 1
0 0 0 0 0 0 0
0.99998903 0.003479439 0.0032923708 1.0970995
-0.0034902203 0.9999886 0.0032753753 0.012216148
-0.0032809544 -0.003286826 0.9999895 0.00972617
0 0 0 1
0 0 0 0 0 0 0
0.99999714 -0.00030611455 0.002416147 1.0771911
0.0003044397 0.9999999 0.00069008855 0.0062620607
-0.0024163818 -0.0006893418 0.99999636 0.016890038
0 0 0 1
0 0 0 0 0 0 0
0.99999845 0.001354262 0.0007926901 1.0982519
-0.001354739 0.9999987 0.0005571846 0.010867701
-0.00079191756 -0.000558266 0.99999976 0.019342862
0 0 0 1
0 0 0 0 0 0 0
0.9999994 0.0003991104 0.0010227831 1.0720693
-0.0003968656 0.9999971 -0.00218613 -0.0021148168
-0.001023645 0.0021857044 0.99999744 0.0163685
0 0 0 1
0 0 0 0 0 0 0
0.99999857 -0.00067211705 0.0015238321 1.0851117
0.00067253015 1.0000001 -0.0002522319 -0.011333287
-0.0015236755 0.0002532752 0.9999983 0.020186001
0 0 0 1
0 0 0 0 0 0 0
0.9999973 -0.0006158897 0.0019200946 1.092816
0.00062013866 0.9999967 -0.0022614624 0.010913195
-0.0019186885 0.002262643 0.9999956 0.02103159
0 0 0 1
0 0 0 0 0 0 0
0.9999977 -0.00154779 0.0015583418 1.0733371
0.0015505474 0.9999982 -0.0016873826 -0.014307258
-0.0015557164 0.0016897937 0.999998 0.016951788
0 0 0 1
0 0 0 0 0 0 0
0.9999959 0.0029226092 -0.0006507017 1.0942605
-0.0029229627 0.99999505 -0.000498452 0.012686027
0.00064923236 0.0005003515 0.9999992 0.025268031
0 0 0 1
0 0 0 0 0 0 0
0.9999911 -0.0022473487 -0.0037272915 1.069125
0.0022491645 0.99999744 0.0004667289 -0.001384928
0.0037262135 -0.00047510216 0.9999927 0.021961773
0 0 0 1
0 0 0 0 0 0 0
0.9999975 -0.0011387739 -0.0016835865 1.0609101
0.001142081 0.9999972 0.0019819145 0.0033122315
0.0016813494 -0.0019838477 0.99999714 0.018372653
0 0 0 1
0 0 0 0 0 0 0
0.999999 -0.00020262602 0.0015339031 1.065381
0.00020096413 0.99999976 0.0010451733 0.014258479
-0.0015341162 -0.00104486 0.9999985 0.016666934
0 0 0 1
0 0 0 0 0 0 0
0.9999906 -0.001062695 0.0042181616 1.0719248
0.0010581181 0.99999887 0.0010983334 0.008751462
-0.00421933 -0.0010938466 0.99999005 0.018217076
0 0 0 1
0 0 0 0 0 0 0
0.9999896 -0.0019228278 0.00400814 1.1064343
0.0019210024 0.99999744 0.00045393404 0.01162861
-0.0040089977 -0.00044624836 0.9999921 0.018416863
0 0 0 1
0 0 0 0 0 0 0
0.999999 -0.0008131685 0.0009000937 1.0591758
0.0008120795 0.9999995 0.0012206276 0.0010503976
-0.0009010768 -0.0012198744 0.9999984 0.02154273
0 0 0 1
0 0 0 0 0 0 0
0.9999983 -0.00016994431 -0.0018690603 1.046367
0.00017064135 0.99999946 0.0003864062 0.021837542
0.0018689882 -0.00038674078 0.9999984 0.01838083
0 0 0 1
0 0 0 0 0 0 0
1.0000001 0.0007437606 -0.0007838273 1.0469825
-0.00074372755 1.0000001 4.936256e-05 0.00059568
0.00078385393 -4.8765818e-05 0.9999995 0.021580506
0 0 0 1
0 0 0 0 0 0 0
0.9999992 -0.0007882013 8.008754e-05 1.0536811
0.00078828266 1.0000001 1.2753735e-05 0.0051647206
-8.009247e-05 -1.2684454e-05 1.0000004 0.020907247
0 0 0 1
0 0 0 0 0 0 0
0.9999999 -0.0007567036 0.00032822377 1.0293707
0.00075708295 0.9999976 -0.0015129223 0.006701839
-0.00032708302 0.001513153 0.9999987 0.022616955
0 0 0 1
0 0 0 0 0 0 0
0.999998 -0.00077087677 0.0018430179 1.0017805
0.0007715413 1.0000006 -0.0003331685 -0.006673715
-0.0018427637 0.0003346063 0.99999815 0.021345848
0 0 0 1
0 0 0 0 0 0 0
0.99999785 -1.7801352e-05 0.002162181 0.9999381
2.0499912e-05 0.99999887 -0.0012543901 0.01805419
-0.0021621555 0.0012544286 0.99999666 0.020846445
0 0 0 1
0 0 0 0 0 0 0
0.999999 -0.00015112243 0.0013717709 0.98924506
0.0001523533 0.99999976 -0.00089154125 -0.00079302053
-0.0013716345 0.00089175935 0.99999857 0.023941347
0 0 0 1
0 0 0 0 0 0 0
0.99999464 -0.0032795654 8.4672676e-05 0.96657944
0.0032796748 0.999994 -0.0008577164 0.0008670996
-8.1858e-05 0.00085798354 0.9999996 0.02396245
0 0 0 1
0 0 0 0 0 0 0
0.9999915 -0.004008766 -0.0003374426 0.91441566
0.0040085255 0.9999915 -0.00073353725 0.015007131
0.0003403767 0.00073216937 0.99999994 0.02327185
0 0 0 1
0 0 0 0 0 0 0
0.9999988 -0.0016903204 -0.00097200007 0.8913592
0.0016904334 0.999999 0.00010109148 0.0077695777
0.00097183115 -0.00010273357 1.0000001 0.021101907
0 0 0 1
0 0 0 0 0 0 0
0.99998856 -0.004615612 0.0003134043 0.91668177
0.004615822 0.9999889 -0.00064441346 0.014807124
-0.00031042375 0.00064584654 0.9999998 0.019840635
0 0 0 1
0 0 0 0 0 0 0
0.99998903 -0.004515609 0.0010950594 0.8466383
0.0045148563 0.9999899 0.0006274864 -0.0026176085
-0.001097876 -0.00062252826 0.9999993 0.019187134
0 0 0 1
0 0 0 0 0 0 0
0.9999948 -0.0032793465 0.0009856585 0.85457504
0.003277669 0.99999267 0.0016063923 0.011756966
-0.0009909226 -0.0016031684 0.99999815 0.022017583
0 0 0 1
0 0 0 0 0 0 0
0.99999714 -0.0018816472 0.0015065199 0.8087978
0.0018812988 0.9999982 0.00027575265 0.011504475
-0.0015070882 -0.00027289832 0.999998 0.019694626
0 0 0 1
0 0 0 0 0 0 0
0.9999978 -0.0021214706 0.00067775516 0.7881545
0.0021200406 0.9999959 0.0021024665 0.007473565
-0.00068224024 -0.0021010186 0.9999976 0.020921413
0 0 0 1
0 0 0 0 0 0 0
0.9999962 -0.0025269033 0.00042936648 0.7385018
0.0025262996 0.9999953 0.0016117941 0.009792288
-0.0004333959 -0.0016107096 0.999999 0.019545404
0 0 0 1
0 0 0 0 0 0 0
0.9999983 -0.0016767997 -0.00075517636 0.7370769
0.0016779783 0.99999726 0.0017265271 0.0107678315
0.00075230206 -0.0017277955 0.9999985 0.02034348
0 0 0 1
0 0 0 0 0 0 0
0.9999893 -0.0030702595 -0.00356687 0.6938479
0.0030781513 0.9999931 0.002170063 0.0031457248
0.0035601927 -0.0021810378 0.99999046 0.02064556
0 0 0 1
0 0 0 0 0 0 0
0.9999861 -0.003295442 -0.0039293603 0.6549305
0.003305649 0.99999076 0.0025987132 0.015147987
0.003920772 -0.002611585 0.9999892 0.016297555
0 0 0 1
0 0 0 0 0 0 0
0.9999968 -5.4952223e-05 -0.002642013 0.6398348
6.1038336e-05 0.99999744 0.0023237322 0.020202752
0.0026418674 -0.0023239767 0.9999939 0.014334821
0 0 0 1
0 0 0 0 0 0 0
0.99999976 0.0004795502 -0.0006295644 0.59076095
-0.00047831284 0.999998 0.0019593276 0.00010049955
0.0006305118 -0.0019590654 0.99999833 0.012941052
0 0 0 1
0 0 0 0 0 0 0
1.0000005 3.4657704e-05 0.00023501086 0.57735306
-3.5244975e-05 0.99999696 0.0026348871 0.0023240976
-0.00023492966 -0.002634854 0.9999966 0.01487791
0 0 0 1
0 0 0 0 0 0 0
0.99999726 0.0012760091 0.0016555302 0.58737946
-0.0012811577 0.9999942 0.0031024916 0.01637807
-0.0016515584 -0.0031045212 0.99999297 0.013793882
0 0 0 1
0 0 0 0 0 0 0
0.9999847 0.0053122207 0.0016585168 0.5147624
-0.005317046 0.99998146 0.0029507603 -0.006800762
-0.0016428013 -0.002959612 0.9999948 0.015006927
0 0 0 1
0 0 0 0 0 0 0
0.9999626 0.0083478885 0.0021394964 0.5255323
-0.008348941 0.99996465 0.0004584264 0.008314904
-0.0021355944 -0.00047623814 0.9999979 0.011745965
0 0 0 1
0 0 0 0 0 0 0
0.9999568 0.008819035 0.0028723276 0.48232907
-0.0088199265 0.999961 0.0002760422 -0.008787806
-0.0028697879 -0.0003014496 0.99999565 0.011657581
0 0 0 1
0 0 0 0 0 0 0
0.9999139 0.013082586 0.0016579911 0.4785772
-0.013080343 0.9999142 -0.0013070385 0.0027543237
-0.001674981 0.0012852852 0.9999973 0.012258647
0 0 0 1
0 0 0 0 0 0 0
0.99991137 0.0132665625 0.00046850654 0.44653904
-0.013266443 0.99991155 -0.0004468192 -0.020958874
-0.00047438804 0.0004406125 1.0 0.013383094
0 0 0 1
0 0 0 0 0 0 0
0.9998885 0.014952486 -0.00041266126 0.43597126
-0.014952677 0.9998885 -0.0005972529 -0.0029419593
0.00040372077 0.0006033304 1.0000001 0.011755526
0 0 0 1
0 0 0 0 0 0 0
0.9998582 0.016719162 -0.0021031576 0.4188962
-0.016721167 0.9998596 -0.00097422296 -0.018604264
0.0020865656 0.0010093587 0.9999967 0.0137362275
0 0 0 1
0 0 0 0 0 0 0
0.9997595 0.021550486 -0.0038182256 0.40017673
-0.021553624 0.9997671 -0.00074764254 -0.008629682
0.0038012369 0.0008296643 0.99999297 0.008071716
0 0 0 1
0 0 0 0 0 0 0
0.999672 0.02533296 -0.0038776335 0.4113283
-0.025338586 0.9996777 -0.001440479 -0.020843433
0.0038398877 0.001538303 0.9999912 0.00921514
0 0 0 1
0 0 0 0 0 0 0
0.9996081 0.027918983 -0.0022803512 0.37904486
-0.027924499 0.99960715 -0.002435224 -0.025819747
0.0022114557 0.0024979268 0.9999943 0.0046458715
0 0 0 1
0 0 0 0 0 0 0
0.99952567 0.030768605 -0.00062382885 0.3850478
-0.030770209 0.9995231 -0.002562277 -0.024982233
0.0005446989 0.0025802725 0.9999962 0.0058588223
0 0 0 1
0 0 0 0 0 0 0
0.99946254 0.03275619 -0.0011827273 0.3704349
-0.032758813 0.9994603 -0.0025786033 -0.025832988
0.0010976477 0.0026159259 0.9999962 0.0054631843
0 0 0 1
0 0 0 0 0 0 0
0.99934554 0.036180824 -0.00071072235 0.39296487
-0.03618296 0.99934226 -0.0021530266 -0.03322248
0.00063229643 0.0021773428 0.99999756 0.006070746
0 0 0 1
0 0 0 0 0 0 0
0.99925756 0.03851945 -0.00011721933 0.35829052
-0.03851982 0.99925077 -0.0039314297 -0.036843218
-3.4277444e-05 0.003933028 0.9999923 0.0077255554
0 0 0 1
0 0 0 0 0 0 0
0.9991761 0.040593505 -9.3547795e-05 0.37647468
-0.040592838 0.99917245 -0.0023285474 -0.035743147
-1.0031375e-06 0.0023304038 0.9999977 0.008595612
0 0 0 1
0 0 0 0 0 0 0
0.99907243 0.043046046 -0.0004919263 0.3503909
-0.043046705 0.9990736 0.0005197055 -0.042710926
0.0005138205 -0.00049802806 0.99999917 0.010111843
0 0 0 1
0 0 0 0 0 0 0
0.99889845 0.046934597 -3.3731292e-05 0.36107486
-0.046933785 0.9988942 0.0024661259 -0.02013118
0.00014942538 -0.0024618634 0.99999774 0.0014932763
0 0 0 1
0 0 0 0 0 0 0
0.9988119 0.04868712 0.0016807625 0.36874315
-0.04868713 0.9988145 0.00028288443 -0.044735517
-0.0016649399 -0.00036436302 0.999998 0.0072036553
0 0 0 1
0 0 0 0 0 0 0
0.99882925 0.048351936 0.0015064916 0.341534
-0.048352133 0.9988301 -0.00014275078 -0.036489293
-0.0015116354 6.9731956e-05 0.99999934 0.0014069434
0 0 0 1
0 0 0 0 0 0 0
0.99871546 0.05068039 -0.00011154029 0.3557007
-0.050680373 0.99871385 -0.0016233553 -0.046064798
2.9079449e-05 0.0016269289 0.99999845 0.0078572035
0 0 0 1
0 0 0 0 0 0 0
0.9988353 0.048230384 -0.0014078593 0.32907566
-0.048231192 0.9988362 -0.0007124381 -0.048178647
0.0013718616 0.00077952055 0.9999985 0.00981632
0 0 0 1
0 0 0 0 0 0 0
0.9987597 0.049702518 -0.0030581143 0.34422567
-0.04970202 0.9987633 0.00031623043 -0.03101602
0.0030700793 -0.0001638307 0.9999958 0.007810168
0 0 0 1
0 0 0 0 0 0 0
0.9987592 0.049670406 -0.0035472664 0.33031675
-0.049661074 0.99876326 0.0025211843 -0.03832926
0.0036681083 -0.0023418956 0.9999903 0.0053970492
0 0 0 1
0 0 0 0 0 0 0
0.99855703 0.05360774 -0.0031432335 0.3615521
-0.053592123 0.99854976 0.005156811 -0.0282807
0.003415095 -0.004980986 0.9999813 0.0049652937
0 0 0 1
0 0 0 0 0 0 0
0.9985191 0.05435406 -0.0023682707 0.33790398
-0.05434227 0.99851197 0.004440007 -0.038887568
0.0026060906 -0.004304736 0.999988 -0.006239683
0 0 0 1
0 0 0 0 0 0 0
0.9985348 0.054110337 -0.000258197 0.35546255
-0.05411126 0.9985351 -0.00018603179 -0.044885058
0.00024773504 0.0001998272 0.99999994 0.0010070665
0 0 0 1
0 0 0 0 0 0 0
0.9985587 0.05360131 0.0026181035 0.3699754
-0.053595744 0.9985604 -0.002065141 -0.05294599
-0.0027250051 0.0019218136 0.99999446 0.0092374
0 0 0 1
0 0 0 0 0 0 0
0.9985946 0.052943673 0.0026099691 0.35572153
-0.052943196 0.99859744 -0.00019934872 -0.048782017
-0.0026169037 6.086948e-05 0.99999624 -0.0044883853
0 0 0 1
0 0 0 0 0 0 0
0.9984329 0.055844754 0.0034332261 0.38658515
-0.05584874 0.998439 0.0011178713 -0.04589714
-0.0033653576 -0.0013079178 0.9999937 0.0042198664
0 0 0 1
0 0 0 0 0 0 0
0.99848384 0.05499152 0.0028190508 0.35822544
-0.054992683 0.99848646 0.0002882657 -0.036215156
-0.0027990178 -0.00044278186 0.9999954 -0.0015068763
0 0 0 1
0 0 0 0 0 0 0
0.9983737 0.056774814 0.005165111 0.39412367
-0.05676779 0.99838644 -0.0015833693 -0.050740935
-0.0052466653 0.0012875489 0.99998575 0.017393816
0 0 0 1
0 0 0 0 0 0 0
0.9984028 0.056464963 0.0014361305 0.3820313
-0.056468356 0.99839973 0.0029573534 -0.038414434
-0.001266835 -0.0030337137 0.9999947 0.002468169
0 0 0 1
0 0 0 0 0 0 0
0.9984544 0.055521443 -0.0024708728 0.37261194
-0.05551106 0.99844956 0.0041718087 -0.032559723
0.0026986336 -0.0040282006 0.99998766 0.0068918983
0 0 0 1
0 0 0 0 0 0 0
0.9985622 0.053459592 -0.0039750906 0.41220447
-0.053445794 0.99856347 0.0036973918 -0.038811225
0.0041671046 -0.0034796083 0.9999853 0.0034985703
0 0 0 1
0 0 0 0 0 0 0
0.9988285 0.04833271 -0.0023946278 0.3987662
-0.04833439 0.99883074 -0.0008886963 -0.036741115
0.0023487792 0.0010033883 0.9999977 -0.0017625303
0 0 0 1
0 0 0 0 0 0 0
0.99903905 0.043831713 -0.0007439503 0.42976618
-0.043835644 0.9990222 -0.005747889 -0.03441217
0.0004913222 0.0057749725 0.9999824 0.005424369
0 0 0 1
0 0 0 0 0 0 0
0.99935496 0.035907563 -0.0008366898 0.42074555
-0.03591263 0.9993294 -0.007215589 -0.048694283
0.0005770344 0.00724099 0.9999737 0.003721038
0 0 0 1
0 0 0 0 0 0 0
0.99949104 0.03186975 -0.00074177387 0.44860864
-0.031871136 0.9994886 -0.0026575355 -0.025208732
0.0006567442 0.0026797473 0.9999966 0.0025870532
0 0 0 1
0 0 0 0 0 0 0
0.9996086 0.027909806 0.002057508 0.46078697
-0.027914608 0.99960685 0.0025110312 -0.019608315
-0.001986543 -0.0025674277 0.99999475 0.0042703226
0 0 0 1
0 0 0 0 0 0 0
0.99966925 0.025464714 0.0036762191 0.4859843
-0.02548755 0.9996568 0.006140266 -0.009520384
-0.0035186987 -0.00623194 0.9999742 -0.0026915583
0 0 0 1
0 0 0 0 0 0 0
0.9996926 0.024463706 0.004020876 0.5079535
-0.024482831 0.99968827 0.004793008 -0.0027704805
-0.0039024055 -0.004890013 0.9999801 -0.00034636172
0 0 0 1
0 0 0 0 0 0 0
0.99975944 0.021714697 0.0028935361 0.5193619
-0.021704048 0.9997575 -0.003674549 -0.033888645
-0.0029725793 0.0036109586 0.99998903 0.008944706
0 0 0 1
0 0 0 0 0 0 0
0.99978226 0.020876922 -0.00031850266 0.5298882
-0.020878496 0.99976116 -0.0064942054 -0.025600057
0.0001828475 0.0064994562 0.99997944 0.013669577
0 0 0 1
0 0 0 0 0 0 0
0.9998244 0.018650856 -0.0018539303 0.55776745
-0.018661166 0.99980944 -0.0057067657 -0.022125328
0.0017470613 0.005740319 0.99998134 0.00834393
0 0 0 1
0 0 0 0 0 0 0
0.9998907 0.01373176 -0.0054089953 0.5633564
-0.013731024 0.99990535 0.00018081364 -0.00905025
0.0054110866 -0.000106520565 0.9999858 0.0006522348
0 0 0 1
0 0 0 0 0 0 0
0.9999127 0.012435219 -0.0046464438 0.59861887
-0.012414958 0.99991393 0.004366328 0.00741203
0.004700261 -0.004308372 0.9999791 -0.0077963336
0 0 0 1
0 0 0 0 0 0 0
0.9999854 0.0054145115 -0.00023858863 0.61504716
-0.0054149413 0.9999838 -0.0015781249 -0.014626322
0.00023003021 0.0015794866 0.9999988 -0.0019968972
0 0 0 1
0 0 0 0 0 0 0
0.99998415 0.00407752 0.003792389 0.6476133
-0.0040459894 0.99995804 -0.0082875015 -0.006628232
-0.0038259337 0.008272041 0.99995846 0.006194677
0 0 0 1
0 0 0 0 0 0 0
0.999998 -0.0006624138 0.001677557 0.6668325
0.0006653855 0.99999756 -0.0017586537 -0.0056581926
-0.001676504 0.0017597554 0.999997 0.0068528466
0 0 0 1
0 0 0 0 0 0 0
0.9999985 -0.0017943147 0.0007680659 0.673393
0.0017936471 0.999998 0.0009399083 0.007825395
-0.0007697193 -0.00093854184 0.9999995 0.0056621353
0 0 0 1
0 0 0 0 0 0 0
0.9999976 -0.0017782629 -0.0009339048 0.67516124
0.0017821213 0.99998987 0.0041888114 0.009813585
0.0009264841 -0.0041905246 0.9999905 0.0022494532
0 0 0 1
0 0 0 0 0 0 0
0.99999875 -0.0013772681 -0.0009721852 0.7388559
0.0013789278 0.9999981 0.0017234761 0.0046546566
0.0009697922 -0.0017247888 0.99999803 0.005762729
0 0 0 1
0 0 0 0 0 0 0
0.9999997 -0.0005312446 -0.0007224957 0.6718738
0.00053139555 0.9999998 4.8728107e-05 0.009795452
0.00072250376 -4.9071066e-05 1.0000006 0.004908964
0 0 0 1
0 0 0 0 0 0 0
0.99999887 -0.0010933352 0.0006369221 0.7503587
0.0010929594 0.99999934 0.00038085433 0.0014137899
-0.00063735386 -0.00038011835 0.9999993 0.006445729
0 0 0 1
0 0 0 0 0 0 0
0.9999999 -0.00041824588 0.0011275848 0.742503
0.00041757696 0.9999991 0.000673517 0.00664558
-0.0011278793 -0.000673006 0.99999905 0.0020997047
0 0 0 1
0 0 0 0 0 0 0
0.99999857 -0.00032837698 0.0014379042 0.7984851
0.00032845733 0.9999998 -9.5764895e-05 0.003170352
-0.0014379226 9.623762e-05 0.99999887 0.012060145
0 0 0 1
0 0 0 0 0 0 0
0.99999726 0.0003001936 0.0024719245 0.77058
-0.00029678893 0.9999998 -0.0013741013 0.0055662906
-0.0024722451 0.0013732696 0.9999967 0.0072394023
0 0 0 1
0 0 0 0 0 0 0
0.9999983 0.0005768522 0.0013357988 0.7625276
-0.0005785449 0.999998 0.0012639922 -0.0010352309
-0.0013351132 -0.0012647349 0.9999978 0.0069967066
0 0 0 1
0 0 0 0 0 0 0
0.9999991 0.0013960593 0.0007423347 0.79801905
-0.0013992806 0.99999034 0.004413948 0.008418487
-0.00073613966 -0.004415034 0.99999 0.010224763
0 0 0 1
0 0 0 0 0 0 0
0.9999949 0.0010756103 0.0029053395 0.81167597
-0.0010613793 0.99998724 -0.0048958473 -0.0031839658
-0.0029105602 0.004892837 0.99998397 0.007994441
0 0 0 1
0 0 0 0 0 0 0
0.9999976 0.0015069678 0.0020137643 0.7987516
-0.0015070817 0.9999989 4.9992534e-05 -0.00084472843
-0.0020137124 -5.307576e-05 0.9999975 0.015909407
0 0 0 1
0 0 0 0 0 0 0
0.99999934 0.0009129414 0.00069178455 0.8373417
-0.0009121893 0.9999982 -0.0010564416 -0.0014418364
-0.00069274404 0.001055765 0.99999917 0.007646832
0 0 0 1
0 0 0 0 0 0 0
0.99998873 0.0010936961 -0.004463342 0.7991225
-0.0010708974 0.99998623 0.0051156585 0.010290993
0.004468891 -0.0051107984 0.999977 0.012275785
0 0 0 1
0 0 0 0 0 0 0
0.99998957 0.0009075229 -0.0045971787 0.80169874
-0.0009043868 0.9999994 0.00067149295 0.0027434854
0.0045977766 -0.0006672253 0.9999896 0.008313538
0 0 0 1
0 0 0 0 0 0 0
0.9999981 0.001147007 -0.0014881756 0.8481005
-0.0011498067 0.9999979 -0.0018540359 0.0053857123
0.001486037 0.0018556289 0.9999974 0.013614324
0 0 0 1
0 0 0 0 0 0 0
0.9999963 0.0015147738 0.0020177015 0.86103785
-0.0015215285 0.9999939 0.0033403472 0.0060480363
-0.0020126088 -0.0033433002 0.9999925 0.005629808
0 0 0 1
0 0 0 0 0 0 0
0.99999154 0.0011793571 0.0040168865 0.807469
-0.0011920532 0.99999404 0.0031554438 0.010051653
-0.004013139 -0.003160269 0.99998647 0.012612571
0 0 0 1
0 0 0 0 0 0 0
0.999987 -0.0002382814 0.0051217843 0.87199783
0.00023624358 1.0 0.00039949513 -0.000221043
-0.0051218783 -0.00039825967 0.999987 0.012335754
0 0 0 1
0 0 0 0 0 0 0
0.9999853 0.0004844012 0.0054603578 0.8265478
-0.0005027429 0.9999938 0.0033649225 0.0109353475
-0.005458719 -0.003367631 0.9999789 0.012512062
0 0 0 1
0 0 0 0 0 0 0
0.99999815 -0.00029696384 0.001543414 0.8397728
0.00029214408 0.9999955 0.0031083578 0.010321869
-0.0015443196 -0.003107864 0.9999939 0.012340532
0 0 0 1
0 0 0 0 0 0 0
0.999978 -0.00072547665 -0.0066453516 0.85147893
0.00070185063 0.9999935 -0.0035570927 0.009722158
0.0066478867 0.0035522415 0.9999726 0.025371633
0 0 0 1
0 0 0 0 0 0 0
0.9999476 -0.0009503406 -0.010206036 0.82437134
0.0009336814 0.9999983 -0.00163318 -0.0033538889
0.010207628 0.001623613 0.9999456 0.018514473
0 0 0 1
0 0 0 0 0 0 0
0.99998516 -0.00036298978 -0.00541186 0.8348883
0.0003558207 0.9999989 -0.0013431922 0.0043214504
0.0054123458 0.0013411685 0.99998504 0.009808497
0 0 0 1
0 0 0 0 0 0 0
0.99998903 -0.0013789028 0.0043434007 0.82554954
0.0013862792 0.99999714 -0.0016990756 0.0013866137
-0.0043410715 0.001705165 0.9999891 0.0019680078
0 0 0 1
0 0 0 0 0 0 0
0.9999652 -0.0009191079 0.00829883 0.8414516
0.00094612635 0.99999434 -0.003257459 0.002666341
-0.008295814 0.003265188 0.9999598 0.01366666
0 0 0 1
0 0 0 0 0 0 0
0.9999952 -0.0001058044 0.0032707907 0.8313271
0.00011191877 0.9999985 -0.0018594227 -0.002894873
-0.003270592 0.0018598271 0.9999934 0.017454986
0 0 0 1
0 0 0 0 0 0 0
0.9999994 9.430673e-05 -0.00043275097 0.8248711
-9.373206e-05 0.9999988 0.0012747308 0.008224694
0.00043288214 -0.0012747198 0.9999988 0.018002834
0 0 0 1
0 0 0 0 0 0 0
0.9999988 0.0013601605 -0.0008584768 0.82069755
-0.0013574364 0.999994 0.0032080626 0.010741351
0.0008628384 -0.0032069576 0.9999946 0.015685232
0 0 0 1
0 0 0 0 0 0 0
0.99999905 0.0011873028 -2.6076288e-05 0.8085609
-0.0011871945 0.99999636 0.002579266 0.009406569
2.9135805e-05 -0.0025791517 0.99999636 0.0113965
0 0 0 1
0 0 0 0 0 0 0
0.99999547 0.0031215304 4.737444e-06 0.81066453
-0.0031216003 0.9999954 9.13877e-05 0.0038784866
-4.4452254e-06 -9.1391994e-05 1.0000008 0.01617049
0 0 0 1
0 0 0 0 0 0 0
0.99999946 0.0013241674 -0.00047623177 0.8095976
-0.0013235545 0.99999815 0.0012311037 0.006883024
0.0004778376 -0.0012305104 0.99999845 0.017650131
0 0 0 1
0 0 0 0 0 0 0
0.9999973 0.0022669383 -0.00013244073 0.7933383
-0.0022668208 0.99999624 0.0010860268 0.009781883
0.00013492112 -0.0010857113 1.0 0.013552743
0 0 0 1
0 0 0 0 0 0 0
0.9999963 0.0025645415 0.0010485491 0.8025424
-0.0025668333 0.99999434 0.0021831123 0.002994549
-0.0010429538 -0.0021857983 0.999997 0.012050172
0 0 0 1
0 0 0 0 0 0 0
0.9999973 0.0016611491 0.0008993371 0.7848036
-0.0016608752 0.9999991 -0.00026587586 0.0060104607
-0.00089976593 0.00026436688 0.99999934 0.018109823
0 0 0 1
0 0 0 0 0 0 0
0.99999714 0.0024433637 0.00011798984 0.79056203
-0.002443357 0.9999963 0.00042988468 0.002810893
-0.00011693554 -0.0004302393 0.9999995 0.016188687
0 0 0 1
0 0 0 0 0 0 0
0.9999984 0.0015879062 -0.00063476514 0.7786843
-0.0015878844 0.9999986 0.00025437868 0.0070193764
0.0006351601 -0.00025336098 0.9999996 0.0150871575
0 0 0 1
0 0 0 0 0 0 0
0.9999996 0.0012741234 -0.00044938206 0.77961785
-0.0012739311 0.9999998 0.00019690383 0.0041656313
0.00044962388 -0.00019624464 1.0000001 0.01218317
0 0 0 1
0 0 0 0 0 0 0
0.99999833 0.0009833078 0.001221751 0.76185787
-0.0009816677 0.99999785 -0.001346784 -0.0007383282
-0.0012230468 0.0013455632 0.9999986 0.013667899
0 0 0 1
0 0 0 0 0 0 0
0.9999989 0.0013630523 0.0010080518 0.7691605
-0.0013623436 0.9999987 -0.0006806916 0.0025027026
-0.001008992 0.00067930785 0.99999875 0.016399698
0 0 0 1
0 0 0 0 0 0 0
0.99999857 0.0016586636 0.00052885193 0.76162314
-0.0016593911 0.9999986 0.0013074494 0.005505228
-0.0005266803 -0.0013082983 0.99999946 0.016051235
0 0 0 1
0 0 0 0 0 0 0
0.9999994 0.001151551 0.0005474187 0.75908154
-0.0011522282 0.9999981 0.0012847113 0.009474072
-0.000545951 -0.0012853986 0.9999986 0.01665207
0 0 0 1
0 0 0 0 0 0 0
0.99999845 0.0011244502 0.0014393975 0.7351822
-0.0011254689 0.9999989 0.0006625039 0.005213867
-0.001438661 -0.0006639993 0.9999984 0.0111345155
0 0 0 1
0 0 0 0 0 0 0
0.99999964 0.00012580038 -0.0001296871 0.7305288
-0.0001258536 1.0000007 -9.747025e-05 0.0014432841
0.00012968894 9.740988e-05 1.0000008 0.013710478
0 0 0 1
0 0 0 0 0 0 0
0.9999977 0.00031956314 -0.0019490741 0.6817992
-0.00031965354 0.9999999 -7.211929e-05 0.00545776
0.0019490572 7.268893e-05 0.99999756 0.01750712
0 0 0 1
0 0 0 0 0 0 0
0.99999535 0.00013853311 -0.0031078237 0.71346277
-0.00013626026 0.999999 0.00070853793 0.0060967794
0.0031079124 -0.00070811494 0.9999949 0.016455399
0 0 0 1
0 0 0 0 0 0 0
0.9999992 2.4250476e-05 -0.0014933238 0.67115396
-2.313035e-05 0.99999964 0.0007322245 0.008235852
0.0014933285 -0.00073214556 0.9999985 0.010946667
0 0 0 1
0 0 0 0 0 0 0
0.99999934 0.00027122995 -0.0006808596 0.71453536
-0.00027138874 1.0000008 -0.00015933542 0.0012001931
0.0006808391 0.00015952719 1.0000002 0.013500521
0 0 0 1
0 0 0 0 0 0 0
0.9999999 -0.00020569391 0.00014419302 0.69454384
0.00020598447 0.9999979 -0.0017527065 0.0032089388
-0.00014382483 0.0017527164 0.9999987 0.009814922
0 0 0 1
0 0 0 0 0 0 0
0.9999998 0.0008034343 0.000723624 0.69226784
-0.0008027738 0.99999917 -0.0010591082 0.0073826197
-0.00072448794 0.0010585723 0.9999987 0.014436267
0 0 0 1
0 0 0 0 0 0 0
1.0000002 0.0004415156 -0.00042643392 0.68514514
-0.00044020178 0.9999954 0.0029416878 0.0067904927
0.00042772948 -0.0029415353 0.9999962 0.008553085
0 0 0 1
0 0 0 0 0 0 0
0.99999946 -0.0007986263 -0.00017346577 0.6926177
0.00079912023 0.99999607 0.0027942243 0.008993774
0.00017122866 -0.0027943559 0.9999958 0.013203017
0 0 0 1
0 0 0 0 0 0 0
0.99999833 0.0009932395 0.0016153738 0.6793894
-0.0009917691 0.9999991 -0.0009319649 0.0141202435
-0.0016163139 0.00093037233 0.9999978 0.011964677
0 0 0 1
0 0 0 0 0 0 0
0.99999887 0.00025834405 0.0009055111 0.6722128
-0.00025873183 0.9999995 0.00032837925 -0.0016866426
-0.00090539834 -0.00032861793 0.99999976 0.009341933
0 0 0 1
0 0 0 0 0 0 0
0.9999948 0.0033460308 0.00023776402 0.64090276
-0.0033467447 0.9999883 0.0034835704 0.012298396
-0.00022612452 -0.0034843462 0.9999935 0.015214569
0 0 0 1
0 0 0 0 0 0 0
0.99998736 0.0049609425 -0.00032533472 0.6831184
-0.0049600177 0.99998397 0.0029033674 0.009022274
0.00033974883 -0.0029017227 0.9999964 0.0091300355
0 0 0 1
0 0 0 0 0 0 0
0.9999773 0.005931885 -0.0032238653 0.65321434
-0.005940544 0.99997836 -0.0027152104 -0.01145158
0.0032076845 0.0027343023 0.99999076 0.017141609
0 0 0 1
0 0 0 0 0 0 0
0.9999741 0.0067428118 -0.0025303264 0.6622169
-0.0067441384 0.9999771 -0.0005017102 -0.008483074
0.002526895 0.0005187428 0.9999974 0.0013742545
0 0 0 1
0 0 0 0 0 0 0
0.99997526 0.0069073327 -0.0012151222 0.6808584
-0.006905983 0.9999756 0.0010868196 -0.00063293386
0.0012225878 -0.001078393 0.99999833 0.0101043135
0 0 0 1
0 0 0 0 0 0 0
0.99997604 0.0070118196 0.00035537526 0.6977044
-0.007012419 0.9999743 0.0016124131 0.011398342
-0.00034409497 -0.001614854 0.9999986 0.009975081
0 0 0 1
0 0 0 0 0 0 0
0.9999848 0.005383074 0.0009818883 0.67990893
-0.005382112 0.9999847 -0.00097003905 0.0050271247
-0.0009870573 0.00096473057 0.9999992 0.013924219
0 0 0 1
0 0 0 0 0 0 0
0.9999878 0.0049580853 -3.661366e-06 0.6669812
-0.0049581192 0.9999798 0.0041294587 0.00183725
2.4111969e-05 -0.0041293693 0.9999907 0.009159295
0 0 0 1
0 0 0 0 0 0 0
0.99999315 0.0036608141 0.00010575907 0.71967894
-0.0036609047 0.9999924 0.0012989785 0.008361806
-0.00010098684 -0.0012993717 0.9999998 0.0047982726
0 0 0 1
0 0 0 0 0 0 0
0.9999911 0.0026441375 0.0031612113 0.6721939
-0.0026449137 0.99999607 0.00030649474 0.0019691621
-0.0031603691 -0.00031486235 0.9999948 0.007265078
0 0 0 1
0 0 0 0 0 0 0
0.99999154 0.0025009497 0.003309433 0.7395522
-0.002490631 0.9999921 -0.003194068 0.0030297409
-0.003317408 0.0031858045 0.9999893 0.010009281
0 0 0 1
0 0 0 0 0 0 0
0.9999963 0.0010999183 0.0025423933 0.71019584
-0.0010987278 0.99999964 -0.00036803348 0.0016946776
-0.0025427903 0.0003652362 0.99999714 0.012584836
0 0 0 1
0 0 0 0 0 0 0
0.9999992 0.0013947871 0.00022426047 0.7201888
-0.0013951894 0.9999985 0.000908756 0.005776215
-0.00022300363 -0.0009090599 0.99999917 0.0076232976
0 0 0 1
0 0 0 0 0 0 0
0.99999577 0.00066858565 -0.0026431917 0.7279576
-0.0006700746 0.9999995 -0.0005609987 0.004194877
0.0026428215 0.0005627698 0.99999607 0.011320862
0 0 0 1
0 0 0 0 0 0 0
0.99999285 0.00018567244 -0.00385269 0.7239468
-0.0002114644 0.99997836 -0.0066085355 -0.0043751714
0.0038513727 0.0066093025 0.99997073 0.00881039
0 0 0 1
0 0 0 0 0 0 0
0.9999943 0.0010527957 -0.0032872113 0.76723826
-0.0010692911 0.9999853 -0.0051797996 -0.007325361
0.0032816639 0.0051832837 0.9999815 0.014375554
0 0 0 1
0 0 0 0 0 0 0
0.9999985 0.0009283067 -0.0015127384 0.7234662
-0.00092922605 0.99999994 -9.525454e-05 0.0023111936
0.001512663 9.660754e-05 0.99999917 0.0048758117
0 0 0 1
0 0 0 0 0 0 0
0.9999978 1.6935232e-05 0.001973514 0.7525006
-1.8651835e-05 0.99999964 0.0012295368 0.008869146
-0.0019734872 -0.0012294863 0.9999974 0.007589012
0 0 0 1
0 0 0 0 0 0 0
0.9999919 -0.00063532416 0.0038645987 0.7581459
0.00064027426 0.99999833 -0.0014340775 0.006016259
-0.0038636408 0.0014365811 0.99999094 0.0053070495
0 0 0 1
0 0 0 0 0 0 0
0.9999962 0.0007155296 0.0029479247 0.7520299
-0.00070096046 0.99998873 -0.00475109 -0.001915603
-0.0029512888 0.0047489484 0.999985 0.015495766
0 0 0 1
0 0 0 0 0 0 0
0.9999987 0.0011459328 1.7739607e-05 0.7251958
-0.0011460094 0.99999624 -0.002307926 -0.0018010668
-2.0372025e-05 0.002307942 0.99999726 0.0162389
0 0 0 1
0 0 0 0 0 0 0
0.99999845 0.0015967302 -0.0007161173 0.761615
-0.00159509 0.9999942 0.003016379 0.0035256639
0.0007209159 -0.003015277 0.9999945 0.013730376
0 0 0 1
0 0 0 0 0 0 0
0.9999983 0.0021009673 -0.00038455668 0.7762393
-0.00210062 0.9999983 -0.00040567247 0.009229045
0.00038371093 0.0004065155 1.0000004 0.0139714135
0 0 0 1
0 0 0 0 0 0 0
0.9999976 0.0022113419 -0.00022203651 0.7048437
-0.0022111433 0.99999684 -0.0002481207 0.002927613
0.00022146321 0.00024852657 0.99999934 0.010551765
0 0 0 1
