0 0 0 0 0 0 0
0.999992 0.0038329393 0.00083715364 1.2014605
-0.0038334797 0.999992 0.00063652993 0.0017252667
-0.0008346981 -0.00063975004 0.99999994 0.03693869
0 0 0 1
0 0 0 0 0 0 0
1.0000001 -0.00030779018 0.0003889143 1.2037069
0.0003077285 0.99999994 0.00015548446 -0.005006055
-0.0003889633 -0.00015535639 0.9999994 0.020781385
0 0 0 1
0 0 0 0 0 0 0
1.0000001 0.00013370415 0.0004886735 1.1979296
-0.00013349425 1.0000001 -0.00041468933 0.0074219126
-0.00048873306 0.0004146221 1.0000002 0.02036986
0 0 0 1
0 0 0 0 0 0 0
0.99999976 0.0007149301 -0.00048048506 1.1967965
-0.00071517105 0.9999994 -0.00048431428 0.0016902977
0.00048012717 0.0004846643 0.999999 0.022142297
0 0 0 1
0 0 0 0 0 0 0
0.99999577 0.0026582137 0.00010876413 1.2056183
-0.00265818 0.99999666 -0.0002907474 0.0025063443
-0.00010952887 0.00029045885 1.0000001 0.01709961
0 0 0 1
0 0 0 0 0 0 0
0.999999 0.0011780587 -0.00094282406 1.1931874
-0.0011781615 0.9999993 -0.00011630663 0.0016178845
0.0009426921 0.0001174141 0.9999998 0.024213316
0 0 0 1
0 0 0 0 0 0 0
0.9999997 -0.00042813964 0.00045662213 1.1940321
0.0004279892 1.0000004 0.00032457328 -0.0029941455
-0.00045675738 -0.00032437293 1.0 0.018867703
0 0 0 1
0 0 0 0 0 0 0
0.9999982 -0.0012763334 0.0013654656 1.2057366
0.0012769975 0.9999992 -0.0004890501 0.0060292627
-0.0013648485 0.0004908078 0.9999982 0.0211387
0 0 0 1
0 0 0 0 0 0 0
0.9999975 -0.0023305635 0.00030388686 1.223817
0.0023308 0.99999636 -0.00079812616 0.009487437
-0.00030202695 0.00079880725 1.0000002 0.020609787
0 0 0 1
0 0 0 0 0 0 0
0.9999915 -0.0042690607 -0.0002882 1.1925397
0.0042687086 0.9999899 -0.001230219 0.010599973
0.00029345352 0.0012289895 0.9999991 0.023749957
0 0 0 1
0 0 0 0 0 0 0
0.999998 -0.0016249225 -0.0005269479 1.1978576
0.0016251951 0.99999875 0.0005162884 0.0017586134
0.00052611064 -0.0005171419 0.9999994 0.02036926
0 0 0 1
0 0 0 0 0 0 0
0.9999988 -0.0017978875 0.00042683832 1.1755228
0.0017976406 0.99999875 0.0005854945 -0.006280861
-0.0004279078 -0.00058471604 0.99999946 0.020579815
0 0 0 1
0 0 0 0 0 0 0
0.99999946 0.00059664715 -0.00065206585 1.1909325
-0.0005956166 0.9999984 0.0015873476 0.010840168
0.0006530225 -0.0015869717 0.99999905 0.02151122
0 0 0 1
0 0 0 0 0 0 0
0.99999523 0.002850277 0.00038171213 1.2029155
-0.0028500792 0.9999957 -0.00049649697 0.011351088
-0.00038312128 0.00049540855 0.9999995 0.018785276
0 0 0 1
0 0 0 0 0 0 0
1.0000004 0.00017817615 0.00077119924 1.2039752
-0.0001780913 1.0 -0.000112867914 0.0002265322
-0.0007712298 0.00011273662 0.99999946 0.021863779
0 0 0 1
0 0 0 0 0 0 0
0.9999986 -0.0012488002 0.00028612983 1.1812242
0.0012490089 0.9999993 -0.0007219798 0.012634486
-0.00028521306 0.0007223267 1.0000002 0.019659963
0 0 0 1
0 0 0 0 0 0 0
0.99999976 -0.00014635784 -0.0011687035 1.1996217
0.00014678549 0.9999997 0.0003630866 0.0058039543
0.0011686382 -0.00036325314 0.9999991 0.021995366
0 0 0 1
0 0 0 0 0 0 0
0.99999905 -0.000556836 -0.00036837548 1.1916176
0.0005569657 0.99999934 0.0003685394 0.011787583
0.00036817923 -0.0003687548 1.0 0.019224143
0 0 0 1
0 0 0 0 0 0 0
0.9999999 -0.00076939026 0.00034801045 1.2159417
0.00076935254 0.99999934 8.2691135e-05 -0.002343459
-0.0003480864 -8.2419865e-05 0.99999946 0.020026695
0 0 0 1
0 0 0 0 0 0 0
0.9999997 0.0009232301 -0.00051525177 1.2122182
-0.00092314405 1.0000005 0.00015290374 0.0065067434
0.0005153936 -0.00015241485 1.0 0.02062411
0 0 0 1
0 0 0 0 0 0 0
0.99999946 -0.00093403657 -0.00094324927 1.1834687
0.0009346115 0.99999934 0.0006051765 -0.0004350258
0.0009426875 -0.0006060634 0.99999964 0.022568906
0 0 0 1
0 0 0 0 0 0 0
0.99999946 -0.0004912553 0.0006883953 1.2174468
0.00049072166 0.99999946 0.0007807627 0.0101908315
-0.00068877847 -0.0007804254 0.99999934 0.01885637
0 0 0 1
0 0 0 0 0 0 0
0.9999968 -0.0012560445 0.0019497845 1.1791865
0.001258529 0.99999857 -0.0012728528 0.0024362241
-0.0019481629 0.0012753004 0.9999976 0.018181523
0 0 0 1
0 0 0 0 0 0 0
0.9999998 0.0009964609 0.00040454706 1.1916534
-0.0009962586 0.9999988 -0.0005169324 0.0023335684
-0.00040508568 0.00051652826 0.9999993 0.02085892
0 0 0 1
0 0 0 0 0 0 0
0.9999962 -0.002720626 -0.00091276004 1.2045453
0.0027203315 0.9999964 -0.0003158936 0.0059495904
0.0009136204 0.00031339907 1.0000002 0.021058654
0 0 0 1
0 0 0 0 0 0 0
0.9999966 0.0019747927 -0.0014078052 1.1708403
-0.0019749806 0.9999982 -0.00013964447 0.013958035
0.0014075346 0.0001424259 0.99999875 0.020244451
0 0 0 1
0 0 0 0 0 0 0
0.99999875 0.0014704189 -0.00018986524 1.2052137
-0.0014704001 0.9999988 0.00010769204 -0.002759811
0.00019002098 -0.00010740621 0.9999997 0.018145688
0 0 0 1
0 0 0 0 0 0 0
0.9999983 -0.0017745076 0.00068557006 1.1878165
0.0017745432 0.9999987 -5.107709e-05 0.005913149
-0.000685478 5.2294745e-05 0.99999964 0.019926636
0 0 0 1
0 0 0 0 0 0 0
0.9999999 -0.0010323356 0.00019480004 1.209178
0.0010323256 0.9999995 5.9896333e-06 0.0050862445
-0.00019481714 -5.7834277e-06 1.0000002 0.019114302
0 0 0 1
0 0 0 0 0 0 0
0.9999978 0.0017813717 -0.00030707632 1.2045194
-0.001781679 0.99999756 -0.0010364677 0.009990657
0.0003052553 0.0010370008 0.9999997 0.024589818
0 0 0 1
0 0 0 0 0 0 0
0.99999166 -0.0040262556 0.0006188337 1.2015408
0.0040260605 0.999992 0.00030891848 -0.0006130804
-0.00062008976 -0.00030641255 0.99999917 0.014367344
0 0 0 1
0 0 0 0 0 0 0
1.0000001 -0.00076078903 0.0005844205 1.216977
0.00076113525 0.9999989 -0.0005978448 0.005983838
-0.00058396073 0.0005982742 1.0000004 0.024390347
0 0 0 1
0 0 0 0 0 0 0
0.9999854 0.0053197774 0.00095714815 1.1824745
-0.0053200317 0.9999864 0.00026050638 0.014794834
-0.0009557585 -0.00026557912 0.9999988 0.017430123
0 0 0 1
0 0 0 0 0 0 0
0.99999875 0.0008706215 0.0007064528 1.1851472
-0.000870893 0.9999994 0.0003931942 7.658397e-05
-0.00070610264 -0.00039381022 0.9999996 0.02419769
0 0 0 1
0 0 0 0 0 0 0
1.0000001 0.0004061788 -0.00021508767 1.225234
-0.00040598458 0.9999994 0.00091065967 -0.0015558315
0.00021545328 -0.0009105703 0.9999994 0.018445447
0 0 0 1
0 0 0 0 0 0 0
0.99999917 -0.0016836745 1.4530685e-05 1.1950963
0.0016836463 0.9999978 0.0013614418 0.008845139
-1.681637e-05 -0.0013614265 0.9999998 0.022995912
0 0 0 1
0 0 0 0 0 0 0
0.99999803 -0.0005809077 0.0015117875 1.1994578
0.000576308 0.9999953 0.0030443294 -0.002340089
-0.0015135533 -0.0030434348 0.9999935 0.01595924
0 0 0 1
0 0 0 0 0 0 0
0.9999944 0.0020171483 0.002845103 1.2166075
-0.0020167667 0.99999726 -0.00013639539 0.023918336
-0.0028453758 0.00013064373 0.99999624 0.022396645
0 0 0 1
0 0 0 0 0 0 0
0.9999921 0.0019548084 0.003256107 1.1859984
-0.0019584359 0.9999978 0.0011112562 -0.008977293
-0.003253969 -0.0011176183 0.9999938 0.018358404
0 0 0 1
0 0 0 0 0 0 0
0.9999945 0.0013841818 0.0031603433 1.2213745
-0.0013852353 0.9999985 0.0003294557 -0.0004912562
-0.0031598078 -0.00033384803 0.99999505 0.018562699
0 0 0 1
0 0 0 0 0 0 0
0.99999905 -0.00026875737 0.00151223 1.1900684
0.00027003846 0.9999996 -0.0008481698 -0.00626695
-0.0015120272 0.00084855745 0.9999993 0.02251219
0 0 0 1
0 0 0 0 0 0 0
0.9999955 0.0021176245 -0.0017509499 1.2047387
-0.0021189016 0.99999845 -0.00073026965 0.008741178
0.0017494054 0.00073401275 0.9999973 0.020368785
0 0 0 1
0 0 0 0 0 0 0
0.99999726 0.002281167 -0.001221013 1.190702
-0.00228013 0.99999607 0.0008509368 -0.008488741
0.0012229108 -0.0008481755 0.9999997 0.020662848
0 0 0 1
0 0 0 0 0 0 0
0.9999983 -0.0014798479 -0.0008110144 1.2182848
0.0014804044 0.99999964 0.0006856224 -0.0018930945
0.0008100397 -0.00068679906 0.9999992 0.012658362
0 0 0 1
0 0 0 0 0 0 0
0.9999957 -0.0030502244 0.0002038066 1.1997614
0.0030502977 0.99999505 -0.0003540425 0.0054457006
-0.00020280857 0.0003546693 0.9999992 0.025267007
0 0 0 1
0 0 0 0 0 0 0
0.9999991 -0.0011887661 -0.00078052183 1.1964536
0.0011886194 0.99999905 -0.00018716512 0.020139955
0.00078080024 0.00018621508 1.0000004 0.019880531
0 0 0 1
0 0 0 0 0 0 0
0.9999952 0.003069916 -0.00014163759 1.198515
-0.0030697824 0.9999944 0.00097604026 -0.00825422
0.00014465663 -0.0009755971 0.99999905 0.01657015
0 0 0 1
0 0 0 0 0 0 0
0.9999992 -0.00062727946 0.00092819997 1.2203561
0.0006275283 0.9999999 -0.00026698335 0.020502677
-0.00092802045 0.00026756083 0.99999964 0.021040838
0 0 0 1
0 0 0 0 0 0 0
0.99999803 -0.001795157 0.00092536246 1.2149549
0.0017945886 0.9999981 0.0006192926 -0.008087472
-0.00092650787 -0.00061763055 0.9999991 0.021602215
0 0 0 1
0 0 0 0 0 0 0
0.99999946 9.72431e-05 -0.00026242915 1.230678
-9.710957e-05 1.0000008 0.0004916539 0.0066670734
0.00026249353 -0.00049160933 1.0000001 0.02024134
0 0 0 1
0 0 0 0 0 0 0
0.99999785 -0.0022104676 -0.0004704827 1.2039376
0.0022105852 0.9999973 0.00024460765 0.006732477
0.00046997805 -0.00024564035 0.9999995 0.022729717
0 0 0 1
0 0 0 0 0 0 0
0.9999971 -0.0022897443 -0.00039748626 1.2140837
0.0022894517 0.9999974 -0.0007182904 0.001784297
0.00039912583 0.00071738666 0.99999964 0.018357057
0 0 0 1
0 0 0 0 0 0 0
0.999993 0.0036403185 -0.0011194064 1.1726089
-0.0036413653 0.99999225 -0.0009332915 -0.0003835825
0.0011159066 0.0009373391 0.9999993 0.026063867
0 0 0 1
0 0 0 0 0 0 0
0.99999714 0.0018677779 0.001144475 1.1981776
-0.0018679921 0.9999983 0.00019199407 0.024037799
-0.0011440385 -0.00019414189 0.9999997 0.018597193
0 0 0 1
0 0 0 0 0 0 0
0.9999989 -0.0010049287 0.001618321 1.199828
0.0010061975 0.99999964 -0.00078828906 -0.008676112
-0.0016175213 0.00078991946 0.9999986 0.018508732
0 0 0 1
0 0 0 0 0 0 0
0.99999785 0.0013096966 -0.0009604421 1.1906844
-0.0013085343 0.99999857 0.0012031232 0.0046209525
0.00096205046 -0.0012018426 0.99999803 0.024612624
0 0 0 1
0 0 0 0 0 0 0
0.9999988 -0.00028572054 -0.0017934073 1.182335
0.00029077928 0.9999953 0.002828126 0.007523184
0.0017925899 -0.0028286516 0.9999942 0.02266672
0 0 0 1
0 0 0 0 0 0 0
0.9999892 -0.0046041165 0.0004891817 1.20805
0.00460254 0.99998474 0.0031856068 -0.0008583118
-0.0005039424 -0.0031833628 0.99999505 0.017070368
0 0 0 1
0 0 0 0 0 0 0
0.9999695 -0.007814259 0.00027417362 1.1777627
0.007813992 0.9999688 0.0009620902 -0.010937731
-0.00028158622 -0.0009598528 0.99999946 0.022361973
0 0 0 1
0 0 0 0 0 0 0
0.9999999 -0.00069376425 2.8139759e-05 1.1922821
0.0006936752 0.9999988 0.0010820688 0.005755351
-2.8991324e-05 -0.0010820582 0.99999964 0.019423159
0 0 0 1
0 0 0 0 0 0 0
0.9999895 0.004418494 0.00077770377 1.1809529
-0.004418717 0.9999909 0.0003771784 -0.0003825451
-0.00077597797 -0.00038062045 0.9999998 0.023490734
0 0 0 1
0 0 0 0 0 0 0
0.99995697 0.009248029 0.00061012816 1.1902934
-0.009248681 0.9999567 0.0010709417 0.017690718
-0.0006002828 -0.0010765002 0.9999987 0.01857984
0 0 0 1
0 0 0 0 0 0 0
0.9999935 0.00288477 -0.0021427134 1.1770355
-0.0028882222 0.99999404 -0.0016158517 -0.017774448
0.0021381269 0.001621958 0.9999966 0.020554587
0 0 0 1
0 0 0 0 0 0 0
0.9999788 0.004594202 -0.0047574188 1.1892614
-0.0046006124 0.99998844 -0.0013359971 -0.010875306
0.0047512134 0.0013578036 0.9999879 0.031973045
0 0 0 1
0 0 0 0 0 0 0
0.9999953 0.0026594095 -0.0014657421 1.1702272
-0.0026575485 0.99999607 0.0012794846 0.015111859
0.0014691487 -0.0012754637 0.9999983 0.014045659
0 0 0 1
0 0 0 0 0 0 0
0.9999921 0.001224915 0.0037395689 1.1822957
-0.0012194192 0.99999803 -0.0014703213 0.007764333
-0.0037413612 0.0014657512 0.99999213 0.015414953
0 0 0 1
0 0 0 0 0 0 0
0.99999225 0.0026967288 0.002976528 1.1552547
-0.0026925183 0.9999953 -0.0014043553 0.0012269106
-0.0029803142 0.0013962763 0.99999404 0.025814664
0 0 0 1
0 0 0 0 0 0 0
0.99997336 0.0066055194 -0.0029641122 1.1647846
-0.006600246 0.9999769 0.0017815769 0.007160052
0.0029758196 -0.0017619001 0.99999386 0.017032621
0 0 0 1
0 0 0 0 0 0 0
0.999992 0.0028242865 -0.0028718654 1.1806799
-0.0028271663 0.9999952 -0.0010100945 -0.0029887191
0.0028690072 0.0010180675 0.99999607 0.022642946
0 0 0 1
0 0 0 0 0 0 0
0.9999895 0.0032981858 -0.0030148854 1.1454841
-0.0032998305 0.99999446 -0.0005054742 -0.010052945
0.0030132013 0.0005154233 0.9999953 0.024104655
0 0 0 1
0 0 0 0 0 0 0
0.99999726 0.0024383646 -0.0008553314 1.14151
-0.0024390316 0.9999968 -0.000836458 -0.0054115686
0.00085328816 0.0008386118 0.99999887 0.02161659
0 0 0 1
0 0 0 0 0 0 0
0.9999865 0.0047125025 0.0018438557 1.160896
-0.0047112964 0.99998873 -0.0006610954 -0.0032930593
-0.0018469517 0.000652394 0.99999815 0.018595485
0 0 0 1
0 0 0 0 0 0 0
0.9999935 0.0037659418 0.0008160732 1.1922051
-0.0037667395 0.9999922 0.0009758492 -0.00084215857
-0.0008124047 -0.0009789278 0.99999917 0.02164032
0 0 0 1
0 0 0 0 0 0 0
0.9999981 0.00050920044 -0.0018969241 1.1408426
-0.00050843117 0.9999995 0.0003976036 -0.013680113
0.0018971252 -0.00039659988 0.9999981 0.024039788
0 0 0 1
0 0 0 0 0 0 0
0.9999888 0.004038452 -0.0021281755 1.1521968
-0.0040380033 0.99999255 0.00023583935 0.014436016
0.0021291226 -0.00022726644 0.99999744 0.022490578
0 0 0 1
0 0 0 0 0 0 0
0.99999815 0.0021385283 -0.00030765036 1.0977492
-0.0021385718 0.999997 -0.00010415244 0.008742966
0.0003074296 0.00010479036 1.0000007 0.017352587
0 0 0 1
0 0 0 0 0 0 0
0.99999714 0.00229354 0.0010176249 1.180322
-0.0022920452 0.99999696 -0.0015325571 0.006892322
-0.0010211513 0.0015302507 0.9999975 0.020655677
0 0 0 1
0 0 0 0 0 0 0
0.99999785 0.0012566883 0.0014362966 1.1434002
-0.0012556199 0.9999989 -0.00072953413 -0.00036742428
-0.0014371963 0.0007277195 0.99999934 0.017492242
0 0 0 1
0 0 0 0 0 0 0
0.9999963 0.0021965953 0.0014236406 1.167612
-0.0021957918 0.99999696 -0.00049132283 0.003395606
-0.0014247155 0.00048817464 0.99999875 0.019104505
0 0 0 1
0 0 0 0 0 0 0
0.9999991 0.0010742251 0.001392631 1.1676066
-0.0010719554 0.9999986 -0.0016476404 -0.0013126291
-0.0013944147 0.0016461798 0.9999971 0.019413134
0 0 0 1
0 0 0 0 0 0 0
0.99999255 0.0030169718 -0.0020348488 1.1423739
-0.003019314 0.9999942 -0.0011578685 0.008981857
0.002031366 0.0011639685 0.99999803 0.021945296
0 0 0 1
0 0 0 0 0 0 0
0.9999947 0.00021441281 -0.003486338 1.1585194
-0.00021985197 0.99999857 -0.0015528189 0.010886424
0.0034859818 0.0015535929 0.9999919 0.018288853
0 0 0 1
0 0 0 0 0 0 0
0.9999915 0.0031094872 -0.0027721922 1.151725
-0.0031078903 0.9999957 0.00057165674 0.0015377323
0.0027739548 -0.000563025 0.99999595 0.015037569
0 0 0 1
0 0 0 0 0 0 0
0.99999803 0.0010999056 -0.0012970634 1.1622632
-0.0010998662 0.9999985 -2.4645395e-05 0.0033215096
0.0012970519 2.6054156e-05 0.9999995 0.015133357
0 0 0 1
0 0 0 0 0 0 0
1.0 0.00041085217 0.0007353725 1.1976445
-0.00041124332 1.0000004 0.0004866322 -0.0029283324
-0.00073518476 -0.0004869223 0.9999993 0.01640514
0 0 0 1
0 0 0 0 0 0 0
0.9999988 -0.00016914662 0.0014219441 1.1801885
0.0001693809 0.9999996 -0.00017319544 0.0035392505
-0.0014219129 0.00017341852 0.9999994 0.018088838
0 0 0 1
0 0 0 0 0 0 0
0.99999636 -0.0016750776 0.0022509384 1.196991
0.0016770957 0.9999982 -0.0008959642 0.0069542876
-0.0022494285 0.000899734 0.99999726 0.018582039
0 0 0 1
0 0 0 0 0 0 0
0.99999887 -0.0011086485 0.0007665167 1.18246
0.001108237 0.9999994 0.00042170778 0.011087338
-0.00076698797 -0.00042084578 0.99999905 0.015913296
0 0 0 1
0 0 0 0 0 0 0
0.99999326 -0.003425695 0.00079002057 1.1926025
0.0034255323 0.9999944 0.00014477826 0.0067447
-0.0007905006 -0.00014206377 0.99999994 0.018435512
0 0 0 1
0 0 0 0 0 0 0
0.99999714 -0.0026732404 -0.00016738637 1.2061166
0.0026734949 0.99999636 0.00080033473 0.011072001
0.00016524251 -0.0008007938 0.99999994 0.016290918
0 0 0 1
0 0 0 0 0 0 0
0.9999931 -0.0035975196 -0.00039596067 1.2217406
0.0035980581 0.9999924 0.0014589615 -0.004220968
0.0003907059 -0.0014603608 0.9999985 0.016955795
0 0 0 1
0 0 0 0 0 0 0
0.99999607 -0.0026204225 0.000434853 1.2284226
0.0026202847 0.9999966 0.00014824458 0.021504018
-0.0004352285 -0.00014711707 1.0000004 0.019024791
0 0 0 1
0 0 0 0 0 0 0
0.9999882 -0.0047218157 0.0009796333 1.1919737
0.0047214422 0.99998856 0.00044517644 0.0056143347
-0.0009817199 -0.00044055015 0.9999992 0.015514709
0 0 0 1
0 0 0 0 0 0 0
0.99998623 -0.0052175676 0.0010607998 1.2288426
0.0052175606 0.99998593 5.9315607e-05 0.0044059604
-0.0010611119 -5.3772736e-05 0.9999991 0.019885626
0 0 0 1
0 0 0 0 0 0 0
0.99999285 -0.003809633 0.0005196978 1.2182162
0.0038096122 0.99999267 0.00011852303 0.015382604
-0.00052014936 -0.00011654075 0.9999998 0.019853046
0 0 0 1
0 0 0 0 0 0 0
0.9999865 -0.005210268 0.00021079743 1.234323
0.0052101635 0.9999864 0.00041326284 0.007464868
-0.00021293717 -0.00041217552 1.0000001 0.019550849
0 0 0 1
0 0 0 0 0 0 0
0.99998194 -0.0059859585 -2.0838594e-05 1.2182672
0.005986003 0.9999818 0.00094910903 0.0029420578
1.5150095e-05 -0.0009491964 0.9999994 0.017284881
0 0 0 1
0 0 0 0 0 0 0
0.9999851 -0.005389128 -0.00045072852 1.2219925
0.0053893826 0.999985 0.0006006213 0.009417745
0.0004474959 -0.00060304924 0.9999995 0.020166751
0 0 0 1
0 0 0 0 0 0 0
0.9999887 -0.0047883624 -0.00042726638 1.2350173
0.0047886586 0.99998885 0.000841429 0.005233479
0.00042322953 -0.0008434666 1.0000002 0.018783944
0 0 0 1
0 0 0 0 0 0 0
0.9999912 -0.0042316257 -3.182355e-05 1.2169678
0.0042316713 0.9999897 0.0016771208 0.012062523
2.4718955e-05 -0.0016771753 0.99999774 0.019696131
0 0 0 1
0 0 0 0 0 0 0
0.9999988 -0.0011610152 3.5991663e-05 1.2430257
0.001160927 0.99999636 0.002239613 0.0069963145
-3.8584945e-05 -0.0022397242 0.999998 0.016045537
0 0 0 1
0 0 0 0 0 0 0
0.99999595 -0.0028386193 -7.236896e-05 1.2450489
0.0028387066 0.99999547 0.0011787522 0.0013460442
6.9026864e-05 -0.0011788801 0.9999993 0.02311486
0 0 0 1
0 0 0 0 0 0 0
0.9999969 0.0027308117 0.00010113572 1.224075
-0.0027309912 0.9999946 0.001886099 0.011226759
-9.599863e-05 -0.001886334 0.9999981 0.019560942
0 0 0 1
0 0 0 0 0 0 0
0.9999946 -0.002875738 0.0010940038 1.2470461
0.002874113 0.99999434 0.0014855063 0.022638306
-0.0010982519 -0.001482327 0.9999985 0.016254654
0 0 0 1
0 0 0 0 0 0 0
0.999999 0.0014687504 0.00074693083 1.258107
-0.0014690433 0.99999934 0.0003820121 -0.008853264
-0.00074638205 -0.00038317498 0.9999994 0.024116626
0 0 0 1
0 0 0 0 0 0 0
0.9999973 0.0015801209 0.0018348389 1.2631047
-0.0015850521 0.99999434 0.002691614 0.031672277
-0.0018305676 -0.002694539 0.99999523 0.017403457
0 0 0 1
0 0 0 0 0 0 0
0.99999464 0.0011971524 0.0028264143 1.2612143
-0.0012023707 0.9999981 0.0018408415 0.0011276102
-0.0028241398 -0.0018442224 0.999994 0.013274804
0 0 0 1
0 0 0 0 0 0 0
0.9999999 -0.0009141248 0.00018077221 1.2349498
0.0009144715 0.9999979 -0.0019411255 -0.0025229238
-0.00017903306 0.0019413852 0.99999803 0.023943912
0 0 0 1
0 0 0 0 0 0 0
0.99999857 -0.0003596052 -0.0014656829 1.269794
0.00036070502 0.99999964 0.0007457277 0.007164817
0.0014653803 -0.0007462332 0.9999987 0.020840127
0 0 0 1
0 0 0 0 0 0 0
0.9999987 0.0014143853 0.00070463587 1.2530347
-0.001412539 0.9999953 -0.002607436 -0.00018171448
-0.00070831954 0.0026063698 0.99999666 0.015414584
0 0 0 1
0 0 0 0 0 0 0
0.99999774 -0.0011463999 0.0017866864 1.2640512
0.001152013 0.9999944 -0.003141081 0.0051770057
-0.00178314 0.0031430337 0.9999935 0.022928055
0 0 0 1
0 0 0 0 0 0 0
0.9999988 0.0005414209 0.0016350468 1.2561114
-0.0005365774 0.99999505 -0.0029658286 -0.0116896555
-0.0016365581 0.0029650156 0.9999944 0.017056413
0 0 0 1
0 0 0 0 0 0 0
0.9999994 -8.960513e-05 0.0010614031 1.2760172
9.1873844e-05 0.9999982 -0.0021310828 -0.010436869
-0.001061256 0.0021311692 0.99999654 0.022305032
0 0 0 1
0 0 0 0 0 0 0
0.9999978 0.0019200789 -0.0013886181 1.2867124
-0.0019256014 0.9999903 -0.0039892616 0.012254832
0.0013810174 0.0039919326 0.9999916 0.024515638
0 0 0 1
0 0 0 0 0 0 0
0.99999386 0.0033005457 -0.00088131055 1.2529781
-0.0033020962 0.9999926 -0.0018054699 -0.011876052
0.000875234 0.0018083861 0.99999744 0.015502345
0 0 0 1
0 0 0 0 0 0 0
0.9999977 -0.0021006218 -0.00029920728 1.3048913
0.0020999373 0.9999957 -0.002126621 0.0011249238
0.00030369754 0.002125973 0.9999983 0.024822252
0 0 0 1
0 0 0 0 0 0 0
0.9999979 -0.0018346458 0.0003165212 1.2740047
0.0018345916 0.9999985 0.00014578878 -0.0047959345
-0.00031667177 -0.00014518594 0.99999934 0.0182884
0 0 0 1
0 0 0 0 0 0 0
0.9999951 0.002471229 0.0018498155 1.2480546
-0.0024717792 0.99999654 0.00029331076 0.0068318048
-0.001849154 -0.00029790562 0.99999857 0.019674927
0 0 0 1
0 0 0 0 0 0 0
0.9999998 0.00017188721 0.001454066 1.2950884
-0.00017472183 0.9999981 0.0019882338 -0.0031202121
-0.0014537557 -0.0019884843 0.9999972 0.0176571
0 0 0 1
0 0 0 0 0 0 0
0.9999988 0.00010457481 -0.0013941005 1.2718457
-0.00010441098 0.99999964 0.00012374211 -0.014622541
0.001394103 -0.00012359789 0.9999986 0.029197345
0 0 0 1
0 0 0 0 0 0 0
0.99999833 -2.7954826e-05 -0.0017650308 1.2678698
2.987917e-05 1.0000001 0.0011376644 -0.0076678735
0.0017650749 -0.0011377095 0.9999984 0.018177943
0 0 0 1
0 0 0 0 0 0 0
0.9999957 -0.0019429444 -0.0022202816 1.2776837
0.0019415334 0.9999976 -0.00065587467 0.008654677
0.002221509 0.0006515546 0.99999714 0.021909015
0 0 0 1
0 0 0 0 0 0 0
0.9999921 -0.0011803168 -0.0036937732 1.2676378
0.0011786561 0.9999993 -0.0004532083 0.0017378177
0.003694308 0.00044887242 0.99999225 0.027983744
0 0 0 1
0 0 0 0 0 0 0
0.99999416 -0.00020785678 -0.0036386927 1.2478439
0.00020926454 0.9999996 0.00038629593 -0.018638764
0.0036386133 -0.00038707413 0.99999416 0.01947376
0 0 0 1
0 0 0 0 0 0 0
0.9999982 -0.0013091384 -0.00080278516 1.2630152
0.0013090948 0.99999887 -5.4496122e-05 0.0056854854
0.0008028718 5.3434494e-05 0.99999976 0.021670416
0 0 0 1
0 0 0 0 0 0 0
0.99998903 0.0047104666 -0.00015115863 1.2940683
-0.0047105807 0.9999892 -0.0008023555 0.023942677
0.00014736877 0.00080307433 0.9999996 0.023104765
0 0 0 1
0 0 0 0 0 0 0
0.9999991 0.0014479576 0.00027922192 1.233352
-0.0014481085 0.9999981 0.00065060734 -0.018142069
-0.0002782787 -0.0006510267 0.9999998 0.022808623
0 0 0 1
0 0 0 0 0 0 0
0.9999968 0.0023711 0.0007647425 1.2642761
-0.0023715694 0.9999978 0.0005561282 -0.0029177319
-0.00076342333 -0.0005579183 0.99999946 0.021000054
0 0 0 1
0 0 0 0 0 0 0
0.99996454 -0.008403111 0.00086930156 1.2721927
0.008401976 0.9999638 0.0013016397 -4.6269877e-05
-0.00088021223 -0.0012942778 0.9999983 0.022287823
0 0 0 1
0 0 0 0 0 0 0
0.99999577 0.0027829872 -0.00016735896 1.2380447
-0.0027829746 0.99999565 3.9483486e-05 0.010168829
0.00016747529 -3.905089e-05 1.0000005 0.02111286
0 0 0 1
0 0 0 0 0 0 0
0.99999726 -0.002512571 0.000325166 1.2801213
0.0025124038 0.9999965 0.000540793 -0.00088571984
-0.00032652976 -0.0005399655 0.9999995 0.023567785
0 0 0 1
0 0 0 0 0 0 0
0.9999949 0.0028782242 0.0008927899 1.2540853
-0.0028777348 0.99999595 -0.00056913635 0.018104477
-0.0008944285 0.0005665743 0.99999917 0.020241868
0 0 0 1
0 0 0 0 0 0 0
0.9999968 0.0023978585 0.00021973293 1.287201
-0.0023979773 0.99999666 0.0007410049 -0.013163606
-0.00021794678 -0.0007415269 0.9999996 0.022317408
0 0 0 1
0 0 0 0 0 0 0
0.9999984 -0.0018696776 -0.00082301925 1.2579637
0.0018698579 0.9999985 0.00026434512 0.0059305117
0.00082252204 -0.00026588465 0.99999964 0.022290785
0 0 0 1
0 0 0 0 0 0 0
0.999999 0.00022157075 -0.001284961 1.2580194
-0.00022032627 0.9999995 0.0009649401 -0.002660393
0.0012851635 -0.0009646457 0.9999986 0.021811144
0 0 0 1
0 0 0 0 0 0 0
0.9999973 0.0021953355 -0.0005050022 1.2370588
-0.0021951357 0.9999976 0.00041100857 0.0046743862
0.00050591805 -0.00040997693 1.0000006 0.018322792
0 0 0 1
0 0 0 0 0 0 0
0.9999842 -0.0057018884 -0.0007384577 1.2811166
0.005701656 0.99998367 -0.00032193292 -0.004162543
0.0007402791 0.00031776723 0.99999964 0.02269573
0 0 0 1
0 0 0 0 0 0 0
0.99999887 -2.805824e-05 -0.00066683156 1.260076
2.847568e-05 1.0000001 0.00063822814 0.0054917424
0.0006668192 -0.00063819985 0.99999946 0.024028333
0 0 0 1
0 0 0 0 0 0 0
0.9999999 -6.1500876e-05 0.00029197827 1.2951106
6.147009e-05 0.9999998 0.00011081667 0.011588285
-0.00029198878 -0.00011081921 0.9999994 0.018235944
0 0 0 1
0 0 0 0 0 0 0
0.9999969 -0.0024595943 0.0011175383 1.2682768
0.0024596124 0.9999967 -8.567701e-06 -0.014544567
-0.001117525 1.1381951e-05 0.9999992 0.022226382
0 0 0 1
0 0 0 0 0 0 0
0.9999978 -0.001819531 0.0004217686 1.2480984
0.0018194775 0.99999845 0.000141191 0.017186143
-0.0004220066 -0.00014052315 1.0000006 0.020837037
0 0 0 1
0 0 0 0 0 0 0
1.0000004 -3.3576824e-05 0.00017000682 1.2691053
3.344718e-05 0.9999994 0.00068679836 0.008951394
-0.00017004558 -0.00068681495 0.9999999 0.020722948
0 0 0 1
0 0 0 0 0 0 0
0.9999992 0.000920344 -5.015366e-05 1.2700938
-0.000920356 0.9999997 -0.00040454144 0.004531026
4.9786424e-05 0.00040459426 0.9999991 0.02230316
0 0 0 1
0 0 0 0 0 0 0
0.99999887 -0.0015977097 -0.00083055504 1.2500076
0.0015984185 0.99999875 0.0008601602 0.0054339524
0.00082917354 -0.0008615068 0.99999946 0.018825745
0 0 0 1
0 0 0 0 0 0 0
0.9999992 -0.0011239189 -0.00043182602 1.2640865
0.0011244452 0.9999987 0.0012159126 0.007483965
0.00043047025 -0.0012163285 0.9999999 0.022268383
0 0 0 1
0 0 0 0 0 0 0
0.999983 -0.005732705 0.000276725 1.2641374
0.005732646 0.9999827 0.00020967064 0.0027122528
-0.00027791804 -0.00020809443 0.99999976 0.021986611
0 0 0 1
0 0 0 0 0 0 0
0.99999917 -0.0013097336 -0.00041723409 1.2741545
0.0013096181 0.99999946 -0.00026116028 0.0057552294
0.00041757038 0.00026061008 0.9999998 0.018741244
0 0 0 1
0 0 0 0 0 0 0
0.9999881 0.0046352097 -0.0014688234 1.2473108
-0.004636752 0.9999888 -0.0010537544 0.02341851
0.0014639231 0.0010604953 0.9999985 0.02391736
0 0 0 1
0 0 0 0 0 0 0
0.9999925 0.0038990239 -0.00013840476 1.2491993
-0.0038993487 0.99998903 -0.002488052 -0.000410062
0.00012869661 0.0024886236 0.9999966 0.023351394
0 0 0 1
0 0 0 0 0 0 0
0.9999926 -0.002167774 0.0031356358 1.3003713
0.002165544 0.9999974 0.00071203214 -0.000172533
-0.0031371731 -0.0007052376 0.9999942 0.017589854
0 0 0 1
0 0 0 0 0 0 0
0.9999901 -0.0016853035 0.00429904 1.2664168
0.0016931796 0.9999967 -0.0018286532 0.0033252167
-0.0042959424 0.0018359094 0.99998987 0.021283181
0 0 0 1
0 0 0 0 0 0 0
0.9999926 -0.0037067754 0.00024280506 1.2630023
0.003706486 0.9999927 0.0011875933 -0.00010398095
-0.00024720683 -0.0011866824 0.9999993 0.026057633
0 0 0 1
0 0 0 0 0 0 0
0.9999939 -0.0011690747 -0.0032975087 1.270895
0.0011784623 0.9999951 0.0028464128 0.0149379205
0.0032941634 -0.0028502715 0.9999898 0.019596623
0 0 0 1
0 0 0 0 0 0 0
0.9999941 -0.0031846717 -0.0016824147 1.2349808
0.0031870734 0.9999939 0.0014147985 6.7955734e-05
0.0016778943 -0.0014200731 0.99999785 0.02197705
0 0 0 1
0 0 0 0 0 0 0
0.99999636 0.0023817206 -6.267492e-05 1.2603173
-0.0023817767 0.9999976 -0.00077361026 0.009793981
6.0846793e-05 0.0007736345 0.99999976 0.021208638
0 0 0 1
0 0 0 0 0 0 0
0.9999742 0.0070615555 0.0013571465 1.2574112
-0.0070616384 0.9999748 6.3843014e-05 0.011537915
-0.0013566698 -7.338701e-05 0.99999946 0.023822168
0 0 0 1
0 0 0 0 0 0 0
0.99999756 -0.0003095758 0.002210962 1.2372133
0.00030680286 0.999999 0.001251734 -0.00843662
-0.002211341 -0.0012510988 0.9999969 0.02291908
0 0 0 1
0 0 0 0 0 0 0
0.9999991 -0.00056549814 0.0017211767 1.2451545
0.0005659543 1.0 -0.00026820897 0.0015372364
-0.0017210306 0.00026923968 0.9999985 0.023331156
0 0 0 1
0 0 0 0 0 0 0
0.999999 0.00057877 -0.00062288775 1.2369475
-0.0005788006 1.0000001 -4.985863e-05 0.0019226978
0.00062286813 5.023543e-05 0.9999994 0.021975638
0 0 0 1
0 0 0 0 0 0 0
0.9999992 -2.395667e-05 -0.0014059311 1.2309011
2.2004173e-05 0.9999984 -0.0013848302 0.004186021
0.001405955 0.0013847951 0.9999975 0.027849289
0 0 0 1
0 0 0 0 0 0 0
0.99999446 0.0032982975 -0.000752624 1.2330315
-0.0032978929 0.99999446 0.00052535336 0.014032069
0.00075435126 -0.00052296295 1.0 0.021476937
0 0 0 1
0 0 0 0 0 0 0
0.99999255 0.0035700845 -0.0011272479 1.217976
-0.0035706086 0.99999386 -0.0004602251 -0.0005970466
0.0011255963 0.000464364 0.99999905 0.02433295
0 0 0 1
0 0 0 0 0 0 0
0.99999404 0.003556041 0.0006267803 1.2031548
-0.0035559828 0.9999937 -8.499627e-05 -0.0046588453
-0.0006270765 8.280142e-05 0.99999976 0.020549092
0 0 0 1
0 0 0 0 0 0 0
0.9999986 0.0009923652 0.0011452927 1.2360833
-0.0009906887 0.99999815 -0.001467684 0.01338238
-0.0011467405 0.0014664993 0.99999905 0.024294773
0 0 0 1
0 0 0 0 0 0 0
0.9999995 -0.000121487865 0.00048545984 1.1951914
0.00012112969 1.0000001 0.00073396595 -0.011403317
-0.0004855539 -0.0007338939 0.99999887 0.025238266
0 0 0 1
0 0 0 0 0 0 0
0.9999935 0.0036252902 -0.00043631997 1.2170243
-0.0036252444 0.9999929 -2.2782908e-05 0.0027763497
0.00043623563 2.4288458e-05 0.99999976 0.023224741
0 0 0 1
0 0 0 0 0 0 0
0.9999865 0.005131069 4.736816e-05 1.1829914
-0.0051311217 0.99998677 -0.00014110497 0.0138794985
-4.8088736e-05 0.00014089355 0.99999994 0.021059614
0 0 0 1
0 0 0 0 0 0 0
0.99999785 0.0023958818 0.0003146425 1.1841903
-0.0023955666 0.9999972 -0.00093837455 0.0026957116
-0.0003168941 0.00093755143 1.0000002 0.024813129
0 0 0 1
0 0 0 0 0 0 0
0.9999995 0.00086863467 0.000219824 1.1800855
-0.0008688525 0.9999988 0.0009755534 0.008924004
-0.0002189737 -0.0009756432 0.9999997 0.02341621
0 0 0 1
0 0 0 0 0 0 0
0.9999999 -0.0005214768 3.0204505e-05 1.1699585
0.00052142463 0.9999999 0.00018437351 0.013912613
-3.0303287e-05 -0.00018433869 0.9999994 0.020171536
0 0 0 1
0 0 0 0 0 0 0
0.9999994 -0.00033209927 -6.8296664e-05 1.1721693
0.00033208047 0.99999946 -0.0012826805 0.0024907705
6.873109e-05 0.001282616 0.9999992 0.025606895
0 0 0 1
0 0 0 0 0 0 0
0.999994 0.003337478 0.00089148205 1.1322055
-0.003337257 0.9999944 -0.00032912797 0.0060942085
-0.0008925861 0.0003262417 0.99999917 0.023410397
0 0 0 1
0 0 0 0 0 0 0
1.0000001 -0.0006465285 0.0008387997 1.1223637
0.0006471703 0.9999997 -0.00065047864 -0.0017163851
-0.0008383779 0.0006509432 0.99999976 0.023341719
0 0 0 1
0 0 0 0 0 0 0
0.999999 -1.3867616e-05 0.0006775663 1.1252998
1.35590235e-05 0.9999991 0.00023446171 -0.0006281609
-0.000677565 -0.00023443863 1.0000002 0.025036076
0 0 0 1
0 0 0 0 0 0 0
0.99999934 -0.0008200993 -0.0012291926 1.0959102
0.00082064874 0.9999996 0.00031736802 0.009096819
0.0012289258 -0.00031837323 0.9999984 0.025666738
0 0 0 1
0 0 0 0 0 0 0
0.9999997 0.00068270403 -0.0008097421 1.0621002
-0.000682501 0.9999998 0.0003361786 0.0030196344
0.000809972 -0.00033570448 0.9999998 0.0218354
0 0 0 1
0 0 0 0 0 0 0
0.99999905 -0.00010269167 -0.0005440603 1.0861348
0.000102467486 1.0000007 -0.0003493547 0.0035523246
0.0005441064 0.0003493769 1.0 0.023179889
0 0 0 1
0 0 0 0 0 0 0
0.9999986 -0.0017820947 0.0007265047 1.0642223
0.001782914 0.99999756 -0.0010657316 0.0032939774
-0.0007246093 0.0010670011 0.99999917 0.023994872
0 0 0 1
0 0 0 0 0 0 0
0.9999968 -0.0024372581 0.0001840994 1.0360471
0.0024372686 0.9999971 -4.6464153e-05 0.0070684347
-0.00018398715 4.6903242e-05 1.0 0.020605043
0 0 0 1
0 0 0 0 0 0 0
0.9999981 -0.0018582884 0.0012720928 1.0362121
0.0018591214 0.9999983 -0.00069099 0.0007905878
-0.001270803 0.00069336727 0.9999991 0.019293403
0 0 0 1
0 0 0 0 0 0 0
0.9999874 -0.0045007565 0.002106454 1.0222796
0.004501382 0.99998903 -0.000273725 -0.004892838
-0.0021051776 0.00028318187 0.9999976 0.02423081
0 0 0 1
0 0 0 0 0 0 0
0.9999935 -0.0035687196 0.00038083232 0.99492615
0.0035685825 0.9999941 0.00034556436 0.0049365517
-0.00038211097 -0.00034420408 1.0000001 0.023951804
0 0 0 1
0 0 0 0 0 0 0
0.9999876 -0.0049166316 -0.00061512657 0.99975157
0.004916905 0.99998724 0.00044512114 0.016270345
0.0006129471 -0.00044813106 0.9999991 0.021223605
0 0 0 1
0 0 0 0 0 0 0
0.9999993 -0.0012194965 4.350105e-05 0.97290564
0.0012195015 0.9999992 -5.376786e-05 0.010285082
-4.3429518e-05 5.381968e-05 1.0000001 0.021898715
0 0 0 1
0 0 0 0 0 0 0
0.99999803 -0.0020590133 0.0006249372 0.9359601
0.0020587225 0.9999978 0.00046837912 0.011362888
-0.00062590564 -0.00046709293 0.99999964 0.020387342
0 0 0 1
0 0 0 0 0 0 0
0.9999958 -0.002594789 -0.00025688557 0.92288846
0.0025948843 0.9999965 0.0003464281 0.009114848
0.0002560065 -0.00034709406 0.9999999 0.023769392
0 0 0 1
0 0 0 0 0 0 0
0.9999935 -0.003787474 -0.0002659645 0.90892845
0.0037874095 0.9999936 -0.00022536697 0.008174068
0.00026685803 0.00022439349 0.9999996 0.0209739
0 0 0 1
0 0 0 0 0 0 0
0.9999964 -0.0024609969 -0.0004911232 0.87296283
0.0024610024 0.999997 -1.4237814e-05 0.0074756215
0.0004911049 1.3022499e-05 1.0000002 0.02166177
0 0 0 1
0 0 0 0 0 0 0
0.99999845 -0.0019544903 -0.00041394014 0.8630865
0.0019548093 0.99999774 0.0007894745 0.013382149
0.0004123815 -0.0007903667 0.9999997 0.017379545
0 0 0 1
0 0 0 0 0 0 0
0.9999883 -0.0047541047 -0.00093030586 0.83091366
0.004754785 0.99998784 0.0007141548 -0.0012174182
0.00092692 -0.0007185293 0.9999993 0.022312358
0 0 0 1
0 0 0 0 0 0 0
0.9999965 -0.0025790979 0.00036230116 0.79029244
0.0025784632 0.99999595 0.0015959945 0.011178413
-0.0003664285 -0.0015949985 0.9999989 0.015768874
0 0 0 1
0 0 0 0 0 0 0
0.9999981 -0.0017610019 0.00023184152 0.81114876
0.001760758 0.9999977 0.0012394113 0.0010895933
-0.00023402221 -0.0012390212 0.99999887 0.019092908
0 0 0 1
0 0 0 0 0 0 0
0.99999946 0.0010658214 0.0009849714 0.7624658
-0.0010655097 0.9999988 -0.0003606044 0.0128444685
-0.0009853366 0.00035950117 0.9999999 0.018169232
0 0 0 1
0 0 0 0 0 0 0
0.9999996 0.00033792775 0.0007834898 0.77920645
-0.00033779518 0.99999976 -0.00015936817 0.0025142997
-0.00078356545 0.00015911611 0.99999976 0.017804317
0 0 0 1
0 0 0 0 0 0 0
0.9999994 0.00062056194 -0.0003531086 0.7470922
-0.00062050903 1.0000006 -0.00012084737 0.0024789881
0.00035300988 0.00012109341 0.99999946 0.018284492
0 0 0 1
0 0 0 0 0 0 0
0.9999976 0.0011434248 -0.00176491 0.73190635
-0.001142619 0.99999875 0.00051413587 -0.001587771
0.0017655205 -0.0005120808 0.9999979 0.016333716
0 0 0 1
0 0 0 0 0 0 0
0.99999785 0.0005922615 -0.002110475 0.7289289
-0.00059107493 0.9999994 0.0005469452 0.0002539348
0.0021108051 -0.0005456785 0.99999785 0.014834439
0 0 0 1
0 0 0 0 0 0 0
0.99999845 0.0012564181 -0.0011860962 0.73604935
-0.0012563902 0.9999996 -3.408854e-05 0.0017635016
0.0011860604 3.5447585e-05 0.99999946 0.014988694
0 0 0 1
0 0 0 0 0 0 0
0.9999988 0.00058141496 -0.00078479084 0.71401733
-0.00058089773 0.9999996 0.0006816854 -0.0019674513
0.0007851861 -0.00068105926 0.9999993 0.013469133
0 0 0 1
0 0 0 0 0 0 0
0.9999994 0.0012901422 0.00013033053 0.720179
-0.0012900401 0.99999917 -0.00064760935 0.0038701096
-0.00013116388 0.0006473585 0.9999998 0.011418745
0 0 0 1
0 0 0 0 0 0 0
0.99999565 0.0031977836 4.393261e-05 0.7001643
-0.0031978393 0.9999944 -0.0004965747 0.0045947246
-4.553406e-05 0.00049639575 0.99999976 0.012507145
0 0 0 1
0 0 0 0 0 0 0
0.99999905 0.0012777706 -0.00013523712 0.73803365
-0.0012777551 0.9999993 0.00011693937 -0.0031042956
0.00013538652 -0.00011679093 0.9999998 0.015923262
0 0 0 1
0 0 0 0 0 0 0
0.9999979 0.001912166 -0.00013173626 0.6951078
-0.0019121984 0.99999785 -0.00018989747 0.0057610786
0.00013138338 0.00019014793 1.0000006 0.012807308
0 0 0 1
0 0 0 0 0 0 0
0.9999963 0.002854148 0.00035905401 0.71008
-0.002854207 0.999996 0.00016431436 -0.0008856641
-0.00035859938 -0.00016526993 0.99999946 0.013404818
0 0 0 1
0 0 0 0 0 0 0
0.9999955 0.0028641531 0.00057739514 0.6940754
-0.0028637836 0.9999963 -0.00062945747 -0.0016629315
-0.0005791958 0.0006277459 0.99999964 0.010715274
0 0 0 1
0 0 0 0 0 0 0
0.9999937 0.003479121 0.00068579003 0.6950893
-0.0034779857 0.99999243 -0.0016596599 0.0004337335
-0.0006915472 0.0016572356 0.99999833 0.013938721
0 0 0 1
0 0 0 0 0 0 0
0.99999416 0.0033975109 4.1678162e-05 0.7100366
-0.0033975078 0.9999943 -6.750717e-05 -0.0020028285
-4.1916996e-05 6.7445515e-05 1.0 0.013844899
0 0 0 1
0 0 0 0 0 0 0
0.99999607 0.00259168 -0.00031104617 0.6989544
-0.0025917883 0.999996 -0.00034839744 0.011506187
0.0003101579 0.00034915927 0.99999994 0.01567824
0 0 0 1
0 0 0 0 0 0 0
0.9999942 0.0034461326 -0.00026934632 0.69002867
-0.0034461003 0.9999942 -0.00014295505 0.00090283685
0.0002688521 0.00014391406 1.0000006 0.008495135
0 0 0 1
0 0 0 0 0 0 0
0.99999225 0.0039945673 -0.00047480655 0.6941172
-0.0039942544 0.99999166 0.0007292446 -0.005364601
0.00047770882 -0.0007272976 0.9999991 0.010381415
0 0 0 1
0 0 0 0 0 0 0
0.9999941 0.0034196144 -0.0005824712 0.69305253
-0.0034195047 0.99999404 0.00027207786 0.0024851686
0.0005833928 -0.00027010628 1.0000001 0.01075069
0 0 0 1
0 0 0 0 0 0 0
0.9999932 0.0035941054 0.0007183084 0.72119266
-0.0035938662 0.99999344 -0.00024427572 0.0026941954
-0.0007191863 0.00024173173 0.99999946 0.009797625
0 0 0 1
0 0 0 0 0 0 0
0.9999967 0.0023906142 0.0006859608 0.68743795
-0.0023908236 0.99999726 0.00023748123 -0.007957897
-0.00068538985 -0.000239163 0.9999996 0.0069032875
0 0 0 1
0 0 0 0 0 0 0
0.9999996 0.001145997 0.000252937 0.7003853
-0.0011460454 0.9999994 -7.620967e-05 -0.005149872
-0.00025302343 7.5908676e-05 1.0000002 0.016936934
0 0 0 1
0 0 0 0 0 0 0
0.99999624 0.001911588 -0.0015548103 0.7349257
-0.0019123345 0.9999987 -0.0004623903 0.008961612
0.0015539429 0.00046539918 0.999999 0.008484022
0 0 0 1
0 0 0 0 0 0 0
0.99999315 0.0031212175 -0.0022294924 0.70689607
-0.0031195458 0.9999941 0.00070386345 0.010090643
0.0022316698 -0.0006969029 0.9999972 0.010696202
0 0 0 1
0 0 0 0 0 0 0
0.999998 0.0011593957 -0.0016803042 0.73132986
-0.0011606243 0.9999997 -0.0006946873 -0.0012184067
0.0016794858 0.0006966141 0.99999803 0.011180355
0 0 0 1
0 0 0 0 0 0 0
0.99999684 -0.0022823468 -0.0006128013 0.72345364
0.0022823003 0.9999973 -0.00024618595 -0.0034207648
0.0006133644 0.0002447738 0.99999946 0.007250681
0 0 0 1
0 0 0 0 0 0 0
0.9999999 0.0012093238 -0.00012577129 0.7334518
-0.0012094108 0.99999875 -0.0005368622 -0.0013523101
0.0001251153 0.0005370009 1.0000001 0.010030135
0 0 0 1
0 0 0 0 0 0 0
0.99999976 0.00013598797 -0.00038825246 0.7045451
-0.00013565125 0.99999976 0.0010655874 -0.0038555602
0.00038840692 -0.0010655985 0.9999996 0.014688925
0 0 0 1
0 0 0 0 0 0 0
0.99999833 0.0015817275 -0.00053193024 0.7621658
-0.0015812941 0.99999845 0.00084308296 0.008710889
0.00053326174 -0.0008422273 0.99999934 0.008870678
0 0 0 1
0 0 0 0 0 0 0
0.99999785 -0.00019504946 -0.0021960721 0.75036657
0.0001941851 0.99999976 -0.00038944077 -0.00078780326
0.0021961366 0.00038906393 0.99999726 0.011146234
0 0 0 1
0 0 0 0 0 0 0
0.9999957 0.0019375738 -0.0021758901 0.74043334
-0.0019470069 0.99998903 -0.0043641087 -0.0006328349
0.0021674156 0.0043683485 0.99998826 0.0127897635
0 0 0 1
0 0 0 0 0 0 0
0.99999756 0.0020077555 -0.0008360306 0.74162006
-0.0020096886 0.9999951 -0.0023017242 -0.0014508009
0.00083141954 0.0023033747 0.9999977 0.009315648
0 0 0 1
0 0 0 0 0 0 0
0.99999386 -0.0008031026 0.0034416232 0.76908106
0.00080141315 0.99999946 0.00048932753 -0.006062841
-0.0034420295 -0.00048654218 0.9999931 0.004339075
0 0 0 1
0 0 0 0 0 0 0
0.9999805 -0.00038461253 0.0061545908 0.81293756
0.00035369667 0.9999867 0.005019047 0.0029454909
-0.00615644 -0.0050167395 0.99996865 0.003676803
0 0 0 1
0 0 0 0 0 0 0
0.9999917 0.00065199606 0.004114646 0.80873185
-0.0006483295 0.99999964 -0.00088554854 0.0042610723
-0.0041152197 0.0008828084 0.99999154 0.01866099
0 0 0 1
0 0 0 0 0 0 0
0.9999995 0.00017722588 -0.0010680729 0.82383406
-0.00017931924 0.9999977 -0.0020706186 -0.011298227
0.0010677015 0.0020708053 0.9999973 0.015226491
0 0 0 1
0 0 0 0 0 0 0
0.99996597 0.004777852 -0.006729414 0.76406235
-0.0047602854 0.99998546 0.0026324731 0.0006849208
0.006741893 -0.0026002831 0.99997336 0.010257892
0 0 0 1
0 0 0 0 0 0 0
0.9999722 0.005735441 -0.0047457125 0.81375825
-0.005727444 0.99998224 0.0017047436 0.017475126
0.0047554187 -0.0016776035 0.99998784 0.000501414
0 0 0 1
0 0 0 0 0 0 0
0.9999924 0.0037909513 0.00036716711 0.80379885
-0.003791467 0.99999183 0.0013901156 0.007483674
-0.0003619033 -0.0013914767 0.99999845 0.009823531
0 0 0 1
0 0 0 0 0 0 0
0.99999195 0.0031497332 0.0025742168 0.8299178
-0.0031468866 0.99999404 -0.0010943182 0.01099909
-0.0025776573 0.0010862921 0.999996 0.010635798
0 0 0 1
0 0 0 0 0 0 0
0.99999183 0.0023845595 0.0032563864 0.8631633
-0.0023711836 0.99998945 -0.0041487105 -0.010103018
-0.0032662293 0.004140887 0.99998677 0.009952412
0 0 0 1
0 0 0 0 0 0 0
0.9999947 0.002332291 0.0021336144 0.83198154
-0.002328057 0.9999951 -0.0019825965 -0.006990936
-0.002138227 0.0019776279 0.99999535 0.0145605225
0 0 0 1
0 0 0 0 0 0 0
0.9999938 0.003555092 0.00046009422 0.83273745
-0.0035548972 0.9999933 -0.00023567358 -0.0026863532
-0.00046092673 0.0002340116 1.0000002 0.014324303
0 0 0 1
0 0 0 0 0 0 0
0.9999949 0.002251599 -0.0022567469 0.82947314
-0.002246874 0.99999535 0.0020987233 0.00064314244
