0 0 0 0 0 0 0
0.999984 -0.005661106 0.0006233383 0.07551992
0.005661139 0.99998397 -4.3451517e-05 0.004066129
-0.0006230826 4.69753e-05 1.0 0.01273125
0 0 0 1
0 0 0 0 0 0 0
0.99997646 -0.006830707 -0.00035766498 0.090867236
0.0068307174 0.9999767 -0.0001397916 0.0065277442
0.00035861216 0.00013734684 0.99999976 0.0058525437
0 0 0 1
0 0 0 0 0 0 0
0.99997425 -0.0070887487 -0.0006999575 0.09127642
0.0070892815 0.9999745 0.00088663865 0.0036337234
0.000693662 -0.0008915836 0.99999964 5.913915e-05
0 0 0 1
0 0 0 0 0 0 0
0.9999614 -0.008725835 -0.001512324 0.10643675
0.008726641 0.99996156 0.00053355424 0.0073634703
0.0015076078 -0.00054672867 0.9999988 0.0035665238
0 0 0 1
0 0 0 0 0 0 0
0.9999398 -0.010908505 -0.0011639602 0.1027269
0.010908968 0.9999407 0.00034107323 0.007912353
0.0011601509 -0.00035373497 0.99999833 0.0018538189
0 0 0 1
0 0 0 0 0 0 0
0.9999025 -0.013852974 -0.0017724271 0.12743515
0.013852686 0.999904 -0.00013433314 0.014816909
0.0017741408 0.00010975641 0.9999993 -0.00053313293
0 0 0 1
0 0 0 0 0 0 0
0.9998779 -0.01561262 0.00040126962 0.13766734
0.015612817 0.99987817 -0.00018564101 0.010959608
-0.00039833528 0.00019187963 0.9999996 0.0036264493
0 0 0 1
0 0 0 0 0 0 0
0.99983615 -0.01809468 0.00016901507 0.14683336
0.018094776 0.9998357 -0.0010906791 0.011567103
-0.00014925656 0.0010935721 0.99999887 0.0013231819
0 0 0 1
0 0 0 0 0 0 0
0.9997896 -0.020516006 -0.00058924145 0.15728626
0.020515164 0.9997884 -0.0011837295 0.0139410375
0.00061340723 0.0011713865 0.9999992 0.0040147235
0 0 0 1
0 0 0 0 0 0 0
0.99975914 -0.021906735 -0.0008704116 0.16629183
0.021907073 0.9997605 -0.0002035099 0.013644062
0.0008746617 0.00018439714 0.9999996 0.0023118875
0 0 0 1
0 0 0 0 0 0 0
0.99970055 -0.024455084 -0.0011836023 0.18009509
0.024458207 0.9996936 0.0036680216 0.029589579
0.0010935415 -0.0036958808 0.9999931 0.0053099794
0 0 0 1
0 0 0 0 0 0 0
0.9996719 -0.025483835 -0.0025063844 0.18151298
0.025495363 0.9996657 0.0043777353 0.02876018
0.002394001 -0.0044401977 0.9999872 0.0035336637
0 0 0 1
0 0 0 0 0 0 0
0.9996104 -0.027877234 -0.0013879886 0.19248895
0.027881643 0.99960566 0.003245676 0.029835083
0.0012969348 -0.003283066 0.99999315 0.0044995593
0 0 0 1
0 0 0 0 0 0 0
0.99955046 -0.029986028 -0.0006762171 0.19933169
0.029986545 0.9995502 0.001180554 0.024828801
0.00064051 -0.0012003243 0.99999994 0.00553106
0 0 0 1
0 0 0 0 0 0 0
0.9995021 -0.031554908 -0.0002136949 0.2018448
0.031555362 0.9994996 0.0019284803 0.027601365
0.00015275432 -0.0019343115 0.9999981 0.0028811847
0 0 0 1
0 0 0 0 0 0 0
0.9994428 -0.033354547 -0.00021174533 0.220378
0.033354938 0.99944305 0.0014238026 0.029881002
0.00016418537 -0.0014299795 0.9999989 0.0010795798
0 0 0 1
0 0 0 0 0 0 0
0.9993594 -0.03576734 0.0011409792 0.21501212
0.03576466 0.99935824 0.0020380344 0.032262735
-0.00121322 -0.0019959323 0.99999726 0.0053911638
0 0 0 1
0 0 0 0 0 0 0
0.99935573 -0.035906285 -0.0006411762 0.20790367
0.03590792 0.99935186 0.0024384328 0.037039947
0.00055326725 -0.0024599475 0.99999696 0.0021989348
0 0 0 1
0 0 0 0 0 0 0
0.9993447 -0.036180127 -0.0008078972 0.2310995
0.036182795 0.9993405 0.0031386993 0.03491988
0.00069381314 -0.0031658474 0.9999939 -0.0018067614
0 0 0 1
0 0 0 0 0 0 0
0.9992565 -0.038549084 -0.0010309042 0.23050794
0.038549386 0.9992567 0.00072927977 0.030211866
0.0010019706 -0.0007684722 0.99999976 -0.0033086129
0 0 0 1
0 0 0 0 0 0 0
0.999169 -0.040710792 -0.0017342309 0.21598373
0.040703457 0.99916255 -0.004013157 0.027989147
0.0018961304 0.0039391904 0.99999064 -0.0013080538
0 0 0 1
0 0 0 0 0 0 0
0.9990531 -0.043486543 -0.0010385608 0.24692829
0.04348236 0.99904484 -0.004357381 0.030768048
0.0012271142 0.0043080817 0.99998945 0.0074092885
0 0 0 1
0 0 0 0 0 0 0
0.99892044 -0.046417616 0.0018649505 0.22847055
0.046417482 0.9989223 4.6277164e-05 0.037373662
-0.0018651331 4.0401843e-05 0.99999845 0.006623824
0 0 0 1
0 0 0 0 0 0 0
0.99874544 -0.05004159 0.0018287994 0.2640489
0.05003254 0.99873614 0.0047744014 0.05588289
-0.0020653515 -0.004676951 0.9999869 0.001909025
0 0 0 1
0 0 0 0 0 0 0
0.9986317 -0.05231155 0.0001706223 0.2572871
0.052310597 0.9986249 0.0033863697 0.05318289
-0.0003475826 -0.0033727933 0.99999446 0.006734283
0 0 0 1
0 0 0 0 0 0 0
0.99852824 -0.054200377 -0.0016815149 0.24096644
0.05420066 0.99852985 -0.0001680638 0.041645333
0.0016881787 7.6778044e-05 0.999998 -0.00025391649
0 0 0 1
0 0 0 0 0 0 0
0.99840415 -0.056477346 5.5500088e-05 0.29538578
0.056475777 0.9983915 -0.0050963103 0.03672056
0.00023240334 0.005091263 0.9999873 0.007494592
0 0 0 1
0 0 0 0 0 0 0
0.9983374 -0.057637777 -0.00036874478 0.2766535
0.05763635 0.99832535 -0.004934345 0.043845553
0.0006525588 0.0049048276 0.9999883 0.0044676526
0 0 0 1
0 0 0 0 0 0 0
0.9983477 -0.057453502 0.0005865898 0.2786188
0.057453834 0.99834543 -0.0021832522 0.04313552
-0.00046020895 0.0022133333 0.99999696 0.0014372265
0 0 0 1
0 0 0 0 0 0 0
0.9982301 -0.059447464 0.0014495098 0.32488945
0.059450753 0.99823 -0.00187774 0.047086183
-0.0013352677 0.001960622 0.9999977 0.00096230133
0 0 0 1
0 0 0 0 0 0 0
0.99817497 -0.060388576 0.001188536 0.30678037
0.060388863 0.99817395 -0.0005252078 0.051379625
-0.0011547517 0.00059596077 0.999999 0.0038960846
0 0 0 1
0 0 0 0 0 0 0
0.99818397 -0.060219456 0.0011656287 0.30999154
0.06021926 0.9981858 -0.00021315852 0.06129179
-0.0011505653 0.00028300544 0.9999994 -0.00014870444
0 0 0 1
0 0 0 0 0 0 0
0.9981886 -0.060124334 0.0020323726 0.3568045
0.060125828 0.9981912 -4.9084745e-05 0.051239897
-0.002025762 0.00017123742 0.99999785 0.0026624682
0 0 0 1
0 0 0 0 0 0 0
0.99825275 -0.059074845 0.0012158948 0.32793635
0.059072953 0.9982533 0.00043731276 0.061522953
-0.0012397275 -0.00036469058 0.9999985 0.0030752204
0 0 0 1
0 0 0 0 0 0 0
0.9982631 -0.05884389 0.0028083215 0.39425802
0.05884779 0.99826646 -0.0010912884 0.045081083
-0.0027391487 0.0012546306 0.99999565 0.00527033
0 0 0 1
0 0 0 0 0 0 0
0.99842775 -0.055987027 0.002734072 0.38379222
0.05599549 0.9984268 -0.00298704 0.041278925
-0.0025624644 0.0031354513 0.99999154 0.0074469834
0 0 0 1
0 0 0 0 0 0 0
0.9986311 -0.052300934 0.0007806527 0.38554272
0.0523015 0.9986308 -0.0010001187 0.04238356
-0.00072732725 0.0010395766 0.9999994 0.011490792
0 0 0 1
0 0 0 0 0 0 0
0.9988346 -0.048273746 -0.00010120659 0.43116343
0.048272908 0.99882907 0.0029510502 0.049494743
-4.141077e-05 -0.0029525203 0.99999577 0.0038950194
0 0 0 1
0 0 0 0 0 0 0
0.9990677 -0.043154124 -0.00088613643 0.41630676
0.043157235 0.9990644 0.0030710166 0.036848087
0.00075283175 -0.0031063887 0.99999493 -0.00084400456
0 0 0 1
0 0 0 0 0 0 0
0.99927 -0.038173325 -0.0017425475 0.45498237
0.038177025 0.9992681 0.0021183838 0.04740639
0.0016604419 -0.0021833743 0.9999962 0.00029018053
0 0 0 1
0 0 0 0 0 0 0
0.99941134 -0.03418649 -0.002860608 0.46407214
0.034187052 0.9994153 0.00013678093 0.030943263
0.0028541158 -0.00023450423 0.99999624 0.00450607
0 0 0 1
0 0 0 0 0 0 0
0.9994951 -0.031660978 -0.0026882302 0.46582386
0.031662498 0.9994988 0.0005049621 0.02601472
0.0026709933 -0.000589814 0.9999961 0.007163089
0 0 0 1
0 0 0 0 0 0 0
0.9996328 -0.026984917 -0.002339277 0.49356315
0.02698538 0.99963593 0.00014340147 0.030585205
0.0023345079 -0.00020647094 0.9999975 0.003849059
0 0 0 1
0 0 0 0 0 0 0
0.9997788 -0.020930061 -0.0021912488 0.5071919
0.020932319 0.99978006 0.001073128 0.01957177
0.0021683997 -0.0011187628 0.9999968 -0.0002578728
0 0 0 1
0 0 0 0 0 0 0
0.99985635 -0.016905807 -0.0012706041 0.53580934
0.016906565 0.99985707 0.00053234125 0.020527236
0.0012613065 -0.0005537268 0.99999857 -0.0038223704
0 0 0 1
0 0 0 0 0 0 0
0.9999124 -0.013202855 0.0005541326 0.545843
0.013203402 0.9999128 -0.00085479533 0.012750083
-0.0005428019 0.0008620197 1.0000004 0.0031126495
0 0 0 1
0 0 0 0 0 0 0
0.9999521 -0.009790441 0.0008986773 0.55668265
0.00978915 0.99995124 0.0013388643 0.009383899
-0.0009116755 -0.0013299967 0.9999985 0.0086981915
0 0 0 1
0 0 0 0 0 0 0
0.9999753 -0.0068476642 0.0013972378 0.5738642
0.006846489 0.9999758 0.00083101774 0.013266061
-0.0014029018 -0.0008214262 0.99999785 0.007073442
0 0 0 1
0 0 0 0 0 0 0
0.9999907 -0.0041487697 0.001327325 0.592303
0.0041488414 0.9999919 -6.616861e-06 0.009897561
-0.0013273208 1.2178771e-05 0.9999994 0.002648325
0 0 0 1
0 0 0 0 0 0 0
0.99999774 -0.001859821 0.00081979716 0.6000675
0.0018602737 0.9999979 -0.0005129106 0.004132976
-0.0008188564 0.0005143413 0.9999998 0.0023830715
0 0 0 1
0 0 0 0 0 0 0
0.9999983 0.00094813283 0.0016378964 0.61515015
-0.0009458218 0.9999983 -0.0014341746 -0.0063959695
-0.00163926 0.0014326604 0.99999726 0.0050685434
0 0 0 1
0 0 0 0 0 0 0
0.9999961 0.0012942518 0.002438287 0.6415187
-0.0012924015 0.99999887 -0.0007822107 0.0020962718
-0.0024392672 0.00077903696 0.9999975 0.0066287825
0 0 0 1
0 0 0 0 0 0 0
0.999998 0.0019355936 0.0002374516 0.6429145
-0.0019356011 0.99999815 0.00045057607 0.006925035
-0.00023654169 -0.00045102218 0.9999994 0.007219341
0 0 0 1
0 0 0 0 0 0 0
0.9999969 0.0017876627 -0.001745481 0.6680581
-0.0017814055 0.99999213 0.0035935994 0.0005394442
0.0017519199 -0.0035904841 0.9999924 0.009166964
0 0 0 1
0 0 0 0 0 0 0
0.9999995 0.00097078725 -0.00041364826 0.696485
-0.0009702877 0.99999917 0.001222736 0.0011410043
0.0004148039 -0.0012223104 0.99999845 0.0044411523
0 0 0 1
0 0 0 0 0 0 0
0.9999944 0.0018203455 0.002763086 0.6994199
-0.0018180002 0.999998 -0.00082757155 -0.0018583558
-0.0027646208 0.00082258845 0.999996 0.0036627061
0 0 0 1
0 0 0 0 0 0 0
0.9999939 0.0011662088 0.0032311631 0.737297
-0.0011687942 0.99999815 0.0007831283 0.0014233879
-0.003230268 -0.0007869829 0.9999945 0.006424974
0 0 0 1
0 0 0 0 0 0 0
0.99999654 0.0012814187 0.0024053599 0.71245813
-0.0012814341 0.9999996 1.42157705e-05 -0.004363021
-0.0024053026 -1.7255219e-05 0.9999975 0.006203579
0 0 0 1
0 0 0 0 0 0 0
0.99999785 0.0017702741 -0.00079886516 0.7557617
-0.0017683159 0.9999958 0.0024090253 0.0019168521
0.0008030437 -0.0024076495 0.99999726 0.01334043
0 0 0 1
0 0 0 0 0 0 0
0.9999946 0.0023851397 -0.0021929713 0.7512279
-0.0023783573 0.99999136 0.003157576 0.010105448
0.0022005464 -0.0031523362 0.99999195 0.009063413
0 0 0 1
0 0 0 0 0 0 0
0.9999989 0.0016278111 -0.00061414985 0.7631789
-0.0016274096 0.999999 0.00067538617 0.00573731
0.0006152406 -0.0006743965 0.99999964 0.001151984
0 0 0 1
0 0 0 0 0 0 0
0.99999744 0.00096521416 0.002041226 0.78245085
-0.0009574793 0.9999927 -0.0037070396 -0.0039746016
-0.0020447106 0.003705099 0.9999913 0.0059213964
0 0 0 1
0 0 0 0 0 0 0
0.9999965 0.0014628868 0.001950648 0.79582536
-0.0014604074 0.9999984 -0.0012619905 -0.0011308511
-0.0019525274 0.0012591063 0.9999972 0.011295679
0 0 0 1
0 0 0 0 0 0 0
0.9999993 0.00040210248 0.0012065683 0.78234184
-0.0003986829 0.99999535 -0.002908421 -0.0007747347
-0.001207762 0.0029079572 0.9999951 0.010024822
0 0 0 1
0 0 0 0 0 0 0
0.9999907 0.0011466697 -0.0042947917 0.8131365
-0.0011439351 0.99999875 0.00065785873 0.0015203289
0.004295557 -0.0006529133 0.99999046 0.012900732
0 0 0 1
0 0 0 0 0 0 0
0.99997926 0.00026109733 -0.006383331 0.79852766
-0.00025962925 1.0000001 0.00021532108 -0.0007733679
0.006383346 -0.00021359256 0.9999791 0.012988385
0 0 0 1
0 0 0 0 0 0 0
0.99998903 1.3674599e-05 -0.0045730076 0.8104621
-2.6702593e-05 0.9999965 -0.0028554352 -0.0033459398
0.0045729806 0.0028554758 0.9999855 0.0047820224
0 0 0 1
0 0 0 0 0 0 0
1.0000005 -0.00033430863 0.00068352895 0.82916987
0.00033350592 0.9999994 0.0010002399 0.0042977436
-0.0006838493 -0.0009999757 0.9999992 0.00056021113
0 0 0 1
0 0 0 0 0 0 0
0.9999779 -0.00012465127 0.0065397876 0.8389864
0.00013556109 0.99999845 -0.0016568801 0.003199117
-0.006539554 0.0016576818 0.99997765 0.009491204
0 0 0 1
0 0 0 0 0 0 0
0.99997234 -0.00021361791 0.007417125 0.8468693
0.0002069777 0.99999905 0.00090417307 0.004867114
-0.00741732 -0.000902648 0.99997216 0.014255751
0 0 0 1
0 0 0 0 0 0 0
0.99998564 -0.0001650125 0.005516786 0.84511626
0.00015811062 0.99999917 0.0012361554 0.0071011237
-0.0055169854 -0.0012352621 0.9999839 0.012974119
0 0 0 1
0 0 0 0 0 0 0
0.99999946 -0.00044820522 0.0007897556 0.82108927
0.00044802268 1.0000001 0.00029342403 0.0043795602
-0.0007899095 -0.0002930904 1.0000001 0.018847816
0 0 0 1
0 0 0 0 0 0 0
0.9999942 -0.00026835423 -0.0031984681 0.8464485
0.00027110113 0.99999976 0.000870901 0.0043698596
0.003198223 -0.0008716912 0.9999943 0.019592267
0 0 0 1
0 0 0 0 0 0 0
0.9999976 -3.8437585e-05 -0.0024082258 0.82592326
3.9985218e-05 0.9999999 0.00065425 0.0074312026
0.0024082123 -0.00065437175 0.9999965 0.012265932
0 0 0 1
0 0 0 0 0 0 0
0.99999875 -0.0005480921 0.000991519 0.85602576
0.00054656283 0.99999815 0.0016088311 0.0073557342
-0.0009923956 -0.0016082432 0.99999887 0.011429616
0 0 0 1
0 0 0 0 0 0 0
0.9999972 0.00041702995 0.0023822994 0.8410502
-0.0004156845 0.99999946 -0.00058807136 0.00413691
-0.0023826067 0.0005870616 0.99999624 0.009149932
0 0 0 1
0 0 0 0 0 0 0
0.9999985 -3.0522995e-05 -0.0020258252 0.8343874
3.3470344e-05 0.9999991 0.0014717482 0.00407762
0.0020258445 -0.0014717826 0.9999973 0.01944371
0 0 0 1
0 0 0 0 0 0 0
0.99998975 0.0011319934 -0.0044364817 0.85097265
-0.001126437 0.9999985 0.0012453166 0.0043819644
0.004437897 -0.0012403027 0.99998957 0.018299228
0 0 0 1
0 0 0 0 0 0 0
0.99999285 -0.0005065199 -0.0035633636 0.810375
0.0005155514 0.99999684 0.0025072899 0.0014673988
0.0035620197 -0.0025091562 0.99998987 0.0114344
0 0 0 1
0 0 0 0 0 0 0
0.9999995 0.0007978394 -2.7111297e-05 0.82174426
-0.00079782953 1.0000004 0.00012188773 0.004031385
2.727495e-05 -0.000121842146 0.9999998 0.010030641
0 0 0 1
0 0 0 0 0 0 0
0.9999964 0.00074701605 0.0025794343 0.84561443
-0.00074054353 0.99999577 -0.0025318882 -0.00028366534
-0.002581271 0.0025299338 0.9999945 0.015994608
0 0 0 1
0 0 0 0 0 0 0
0.9999896 0.00021973322 0.0046989606 0.839453
-0.00022290146 1.0000004 0.0006585146 0.0067972722
-0.004698912 -0.0006595877 0.99998873 0.010261239
0 0 0 1
0 0 0 0 0 0 0
0.99998575 0.00078653113 0.0052984436 0.8339428
-0.00077205116 0.9999958 -0.002728644 -0.003051405
-0.0053005116 0.0027244617 0.99998194 0.011113771
0 0 0 1
0 0 0 0 0 0 0
0.99999315 -0.00021115881 0.0035764053 0.83253527
0.0002043164 0.9999977 0.0019160638 0.004933573
-0.003576741 -0.0019152372 0.99999166 0.017070709
0 0 0 1
0 0 0 0 0 0 0
1.0000005 -0.00021464798 -0.00012927511 0.834234
0.00021440025 0.999999 -0.0017215677 0.0028354896
0.0001296704 0.0017215763 0.99999803 0.014896981
0 0 0 1
0 0 0 0 0 0 0
0.99999195 0.00031166556 -0.0038452703 0.82480556
-0.00030714922 0.9999989 0.0011618695 0.0018457869
0.0038455809 -0.0011606597 0.9999922 0.0164888
0 0 0 1
0 0 0 0 0 0 0
0.9999919 9.417516e-07 -0.004030239 0.83833784
7.1095187e-06 0.9999987 0.001986707 0.004425412
0.0040301373 -0.0019867546 0.99999046 0.012019919
0 0 0 1
0 0 0 0 0 0 0
0.9999963 0.0007401354 -0.0026538495 0.82605064
-0.0007333793 0.99999565 0.0025790965 0.011263431
0.0026557862 -0.002577224 0.9999926 0.018653223
0 0 0 1
0 0 0 0 0 0 0
0.9999983 -1.3805202e-05 -0.0017025725 0.82161844
2.013794e-05 0.9999934 0.0037120942 0.007701664
0.0017024613 -0.0037121125 0.99999136 0.0072975345
0 0 0 1
0 0 0 0 0 0 0
0.99999714 -0.0012139631 -0.0023968802 0.8265891
0.0012082289 0.9999968 -0.002400242 0.0071504344
0.0023998893 0.0023973333 0.9999948 0.013876012
0 0 0 1
0 0 0 0 0 0 0
0.99999297 -0.00088552915 -0.0033969684 0.8164486
0.0008740487 0.9999932 -0.0033920675 -0.0015868921
0.0033999595 0.0033891452 0.999988 0.01740303
0 0 0 1
0 0 0 0 0 0 0
0.99999875 -0.0010641834 -0.0015202329 0.8075322
0.0010587459 0.99999356 -0.0035392335 -0.0030002722
0.0015239314 0.0035376027 0.9999933 0.012033489
0 0 0 1
0 0 0 0 0 0 0
0.99999464 -0.0013954381 0.0028908912 0.83983374
0.001397822 0.9999988 -0.0008038527 0.0022769507
-0.0028898597 0.00080786983 0.9999953 0.009878307
0 0 0 1
0 0 0 0 0 0 0
0.9999827 -0.0022504623 0.0053684837 0.81427217
0.0022636498 0.9999941 -0.0024516594 0.0017564497
-0.0053629125 0.0024637782 0.99998224 0.0096262405
0 0 0 1
0 0 0 0 0 0 0
0.9999907 -0.0019494917 0.0039666086 0.8326981
0.0019576643 0.9999965 -0.002066459 -0.0005868759
-0.0039624497 0.0020742004 0.9999905 0.018080212
0 0 0 1
0 0 0 0 0 0 0
0.99999833 -0.001732622 -0.0004670062 0.79810315
0.0017325532 0.9999977 0.00010573535 0.00097196124
0.00046681016 -0.00010650334 0.99999976 0.019520454
0 0 0 1
0 0 0 0 0 0 0
0.9999941 -0.0006836543 -0.0033432788 0.810363
0.0006947823 0.9999943 0.003306717 0.011298013
0.0033409747 -0.0033090902 0.999989 0.014649607
0 0 0 1
0 0 0 0 0 0 0
0.99999416 -0.0015152062 -0.003095587 0.80693746
0.0015303314 0.9999876 0.0048651923 0.016051412
0.0030881285 -0.0048698415 0.99998313 0.014518891
0 0 0 1
0 0 0 0 0 0 0
0.99999845 -0.0010045692 -0.0015488875 0.7870174
0.0010114257 0.9999895 0.0044492367 0.012804379
0.0015444618 -0.004450816 0.99998903 0.009795744
0 0 0 1
0 0 0 0 0 0 0
0.9999978 -0.0014808881 0.0011603029 0.7983504
0.0014792307 0.9999976 0.0014353764 0.008190161
-0.001162439 -0.0014336352 0.9999981 0.010976623
0 0 0 1
0 0 0 0 0 0 0
0.99999875 -0.0004967391 0.0018257835 0.80458724
0.0004979169 0.9999999 -0.0006755561 0.0038246056
-0.0018254395 0.00067644025 0.9999977 0.017374273
0 0 0 1
0 0 0 0 0 0 0
0.99999774 -0.0018865509 -0.0004765655 0.77824426
0.001887641 0.99999595 0.0022460334 0.007036246
0.0004723647 -0.0022469512 0.9999983 0.016895799
0 0 0 1
0 0 0 0 0 0 0
0.99999994 0.0001995323 0.0001602062 0.79196113
-0.00019962878 0.9999991 0.00086034957 0.0055017667
-0.00016004907 -0.0008603414 0.9999992 0.011911296
0 0 0 1
0 0 0 0 0 0 0
0.99999875 -0.00039864352 0.0016265 0.7837173
0.0004006534 0.99999917 -0.0012475257 0.001584303
-0.0016259757 0.0012481617 0.9999982 0.014487925
0 0 0 1
0 0 0 0 0 0 0
0.9999955 -0.00079447194 0.0029635103 0.77060777
0.0007961803 0.99999964 -0.0005726681 0.0049603665
-0.002963084 0.0005750054 0.99999464 0.015541011
0 0 0 1
0 0 0 0 0 0 0
0.9999909 0.0005197974 0.00418263 0.7705121
-0.0005154587 0.99999917 -0.0010442896 0.0059335283
-0.0041831266 0.0010422283 0.9999911 0.010834762
0 0 0 1
0 0 0 0 0 0 0
0.9999977 -0.00084949395 0.001824 0.78740567
0.0008495094 0.9999999 3.324189e-05 0.001976155
-0.0018241737 -3.1795375e-05 0.99999875 0.018159742
0 0 0 1
0 0 0 0 0 0 0
0.9999998 -0.00028625038 0.00048901286 0.7526839
0.00028620166 1.0000004 0.00015129997 -0.0031826862
-0.00048893143 -0.00015109856 0.99999934 0.015073125
0 0 0 1
0 0 0 0 0 0 0
0.99999917 -8.074189e-05 -0.0017731317 0.73570395
7.881984e-05 0.99999905 -0.001049378 -0.0059423894
0.0017731696 0.0010492115 0.9999978 0.016348807
0 0 0 1
0 0 0 0 0 0 0
0.99999326 -0.00037513537 -0.003571005 0.7414648
0.0003777088 1.0 0.00072077045 0.0074060634
0.003570815 -0.0007220638 0.9999936 0.013568728
0 0 0 1
0 0 0 0 0 0 0
0.9999964 0.00040183915 -0.0027297821 0.71478516
-0.0003989585 0.9999991 0.0010661584 0.0080975825
0.002730104 -0.0010650788 0.9999961 0.014894611
0 0 0 1
0 0 0 0 0 0 0
0.99999714 0.00095754256 -0.0022527273 0.7185435
-0.00095433416 0.999998 0.0014337929 0.0070537115
0.002254127 -0.0014316943 0.99999624 0.012684586
0 0 0 1
0 0 0 0 0 0 0
0.9999955 0.0027076297 -0.000336409 0.6902305
-0.0027071408 0.99999666 0.0010834925 0.0037529813
0.00033930063 -0.0010825384 0.9999991 0.0119164465
0 0 0 1
0 0 0 0 0 0 0
0.99999076 0.004245705 0.00077449554 0.67116
-0.0042450563 0.99999034 -0.00083833054 0.0040773954
-0.0007780282 0.00083502545 0.9999994 0.015262944
0 0 0 1
0 0 0 0 0 0 0
0.9999849 0.0052053044 0.0016850324 0.65334934
-0.00520669 0.9999863 0.00081638154 -0.0027039023
-0.0016807694 -0.000825089 0.99999785 0.011457331
0 0 0 1
0 0 0 0 0 0 0
0.9999687 0.0077633057 0.0015710051 0.6613097
-0.0077604977 0.9999682 -0.0018113601 -0.0030150102
-0.0015850271 0.0017990115 0.99999744 0.016145337
0 0 0 1
0 0 0 0 0 0 0
0.99996465 0.008341469 0.0016670746 0.6280596
-0.008346215 0.9999613 0.0028116333 -0.00289394
-0.0016435634 -0.0028254318 0.99999434 0.014444829
0 0 0 1
0 0 0 0 0 0 0
0.9999244 0.012143611 0.0018456834 0.61984307
-0.012146232 0.9999247 0.0014208889 -0.006111391
-0.0018282854 -0.001443139 0.9999975 0.0150166415
0 0 0 1
0 0 0 0 0 0 0
0.9998872 0.0148934005 0.0018350756 0.6060979
-0.014897084 0.9998875 0.002069693 -0.0063557355
-0.0018040747 -0.0020967473 0.9999965 0.013173966
0 0 0 1
0 0 0 0 0 0 0
0.9998256 0.01860211 0.0015674431 0.5801178
-0.018605577 0.9998243 0.0021722561 -0.007686484
-0.0015266744 -0.0022010955 0.99999595 0.012903151
0 0 0 1
0 0 0 0 0 0 0
0.999766 0.021607477 0.0011065876 0.56322277
-0.021606803 0.99976563 -0.00062255363 -0.018628899
-0.0011197919 0.00059841946 0.99999964 0.010858642
0 0 0 1
0 0 0 0 0 0 0
0.99966156 0.026013467 4.076239e-05 0.5415361
-0.026013434 0.99966145 -0.0010048816 -0.0174382
-6.6843924e-05 0.0010034681 0.9999991 0.014680952
0 0 0 1
0 0 0 0 0 0 0
0.999581 0.028924193 0.0006716099 0.51068217
-0.02892301 0.99957997 -0.0018041175 -0.027793825
-0.000723551 0.0017840017 0.9999988 0.010304271
0 0 0 1
0 0 0 0 0 0 0
0.9994068 0.034461733 0.00015189502 0.49886337
-0.034461107 0.99940246 -0.0027099259 -0.026242647
-0.00024519858 0.0027031011 0.9999956 0.010413779
0 0 0 1
0 0 0 0 0 0 0
0.99929684 0.037489753 0.00053848594 0.48113996
-0.03748849 0.999296 -0.0018247371 -0.034311637
-0.00060641294 0.0018032616 0.9999984 0.008793925
0 0 0 1
0 0 0 0 0 0 0
0.9991777 0.040538363 0.0007877941 0.4589357
-0.040537417 0.99917704 -0.0013790863 -0.034718648
-0.00084308145 0.0013460073 0.99999857 0.012232929
0 0 0 1
0 0 0 0 0 0 0
0.9989222 0.046376597 0.0014059884 0.46470812
-0.04637418 0.99892163 -0.00215934 -0.033891294
-0.0015046604 0.0020917968 0.9999972 0.0070716618
0 0 0 1
0 0 0 0 0 0 0
0.9988549 0.04785037 -0.00014509278 0.45023802
-0.047850735 0.9988409 -0.005110957 -0.0594858
-9.977721e-05 0.0051120045 0.9999867 0.006867508
0 0 0 1
0 0 0 0 0 0 0
0.9986293 0.052307874 -0.001563427 0.4434041
-0.052318864 0.9985867 -0.009356257 -0.04512818
0.0010718565 0.0094253095 0.9999548 0.017506499
0 0 0 1
0 0 0 0 0 0 0
0.9985802 0.05322275 -0.0025146648 0.43798718
-0.05323971 0.99855596 -0.007178232 -0.06941275
0.0021291287 0.0073018577 0.99997103 0.013123159
0 0 0 1
0 0 0 0 0 0 0
0.99841386 0.05627328 -0.001850061 0.4326499
-0.056285094 0.99839383 -0.006477006 -0.05021461
0.0014825403 0.00657087 0.9999775 0.0056242086
0 0 0 1
0 0 0 0 0 0 0
0.99843645 0.055898406 1.8001152e-05 0.4473369
-0.055897195 0.9984357 -0.0010973527 -0.058268353
-7.926361e-05 0.0010946478 0.9999994 0.0019527399
0 0 0 1
0 0 0 0 0 0 0
0.9984982 0.054767203 -5.9984228e-05 0.42784595
-0.054767948 0.99849457 -0.003043738 -0.05073311
-0.000106886204 0.0030424302 0.9999958 -0.0017057398
0 0 0 1
0 0 0 0 0 0 0
0.9985913 0.05305833 0.0011295567 0.4310692
-0.05304732 0.99855614 -0.008545099 -0.05706371
-0.0015813698 0.008473152 0.99996287 0.0040144823
0 0 0 1
0 0 0 0 0 0 0
0.9985879 0.053112134 0.0013083759 0.43607256
-0.05309057 0.99850976 -0.012600721 -0.07430322
-0.0019755524 0.012513472 0.999919 0.019582326
0 0 0 1
0 0 0 0 0 0 0
0.9985304 0.054068096 -0.003686039 0.41542336
-0.054077886 0.998533 -0.0026329416 -0.039283812
0.0035382288 0.0028283512 0.9999896 0.011961202
0 0 0 1
0 0 0 0 0 0 0
0.99845546 0.0549773 -0.008017473 0.43541324
-0.054966174 0.9984865 0.0017509527 -0.05006736
0.008101592 -0.0013074548 0.99996644 0.00086020574
0 0 0 1
0 0 0 0 0 0 0
0.9983255 0.05686613 -0.010618697 0.4089184
-0.05682884 0.99837756 0.003650403 -0.034057368
0.0108091235 -0.0030409181 0.9999369 0.004089612
0 0 0 1
0 0 0 0 0 0 0
0.9982476 0.05854554 -0.008623515 0.4555566
-0.05850829 0.9982767 0.004594245 -0.049259175
0.008877587 -0.004081624 0.9999529 -0.0028111122
0 0 0 1
0 0 0 0 0 0 0
0.99825454 0.05896025 -0.0033306996 0.44985884
-0.058955107 0.9982588 0.0015420314 -0.04061282
0.0034158407 -0.0013429932 0.99999344 -0.0036864823
0 0 0 1
0 0 0 0 0 0 0
0.9982455 0.059166625 -0.0020933845 0.48127815
-0.05916743 0.9982484 -3.434594e-05 -0.050026357
0.0020876667 0.0001581718 0.999997 -0.0019819657
0 0 0 1
0 0 0 0 0 0 0
0.9982902 0.058418326 -0.002171352 0.51343787
-0.058410607 0.9982869 0.0032677096 -0.04937112
0.0023585288 -0.0031353177 0.99999267 -0.0033533028
0 0 0 1
0 0 0 0 0 0 0
0.9985368 0.0540563 0.001563152 0.50347185
-0.054058168 0.9985374 0.0013432943 -0.04111976
-0.0014882509 -0.0014258204 0.9999979 0.010051061
0 0 0 1
0 0 0 0 0 0 0
0.9987478 0.050021067 0.00081231963 0.54957104
-0.05002445 0.99873465 0.0049806274 -0.032962855
-0.00056215114 -0.005015044 0.99998724 -0.0017526161
0 0 0 1
0 0 0 0 0 0 0
0.9990087 0.04449673 -0.00047643582 0.52919817
-0.044492967 0.9989861 0.0069445646 -0.026960125
0.00078491773 -0.006916455 0.99997544 0.0029386603
0 0 0 1
0 0 0 0 0 0 0
0.9992454 0.038840503 0.0015075571 0.5709665
-0.038846094 0.9992368 0.004230801 -0.025475511
-0.0013420245 -0.0042861113 0.99998987 -0.00051151926
0 0 0 1
0 0 0 0 0 0 0
0.9994551 0.03289419 0.0024805414 0.59861606
-0.03289516 0.9994583 -4.16051e-05 -0.021272488
-0.0024806547 -4.006245e-05 0.9999968 0.0045585213
0 0 0 1
0 0 0 0 0 0 0
0.9996768 0.02532486 0.00220821 0.57895964
-0.025321923 0.99967897 -0.0010473287 -0.02403051
-0.0022339555 0.0009910037 0.9999976 0.009536505
0 0 0 1
0 0 0 0 0 0 0
0.9997356 0.022823958 0.0028789153 0.6280048
-0.022824034 0.99973917 7.630679e-06 -0.016800456
-0.0028779798 -7.326789e-05 0.9999959 0.0043649925
0 0 0 1
0 0 0 0 0 0 0
0.9998338 0.01805522 0.0025132918 0.62096506
-0.018057797 0.9998368 0.00083954755 -0.011209905
-0.0024977515 -0.00088488864 0.9999967 0.0035772172
0 0 0 1
0 0 0 0 0 0 0
0.9998813 0.015202873 0.0024795183 0.6528381
-0.015215234 0.99987006 0.0052631823 -0.0073263445
-0.002399165 -0.0053002113 0.9999826 0.0054489584
0 0 0 1
0 0 0 0 0 0 0
0.9998836 0.01516608 0.0013812487 0.6646695
-0.015169686 0.9998833 0.0018179717 0.0014222964
-0.0013535152 -0.0018386589 0.9999974 0.00222803
0 0 0 1
0 0 0 0 0 0 0
0.9999203 0.012628065 0.0003929604 0.6565521
-0.012627952 0.99992055 0.0006186496 -0.010820026
-0.00038512034 -0.00062358816 1.0000002 0.013285411
0 0 0 1
0 0 0 0 0 0 0
0.999899 0.0142155 0.00013868001 0.6854521
-0.014215141 0.9998984 0.00010668923 -0.005184671
-0.00013716135 -0.00010873846 0.99999934 0.0053679324
0 0 0 1
0 0 0 0 0 0 0
0.9998875 0.0149991885 0.0009024355 0.7151205
-0.014998224 0.9998871 -0.0005905028 -0.0075537437
-0.0009111805 0.00057692244 0.9999997 0.0047920183
0 0 0 1
0 0 0 0 0 0 0
0.9999064 0.01362284 0.0009064358 0.7085934
-0.01362469 0.9999072 0.00096591894 -0.009113573
-0.0008931973 -0.0009780916 0.9999992 0.005030928
0 0 0 1
0 0 0 0 0 0 0
0.9998984 0.014028033 -0.0024120212 0.73297906
-0.014026127 0.999902 0.00074700045 -0.0016706616
0.002422262 -0.0007131713 0.99999666 0.014552298
0 0 0 1
0 0 0 0 0 0 0
0.99993813 0.009955145 -0.0049561374 0.72539043
-0.009949234 0.9999498 0.0010454785 -0.015829777
0.0049663223 -0.0009960093 0.9999873 0.0049811364
0 0 0 1
0 0 0 0 0 0 0
0.9999361 0.009960237 -0.00545472 0.7422921
-0.009956893 0.9999495 0.00081456243 -0.00053867087
0.005462533 -0.00076029415 0.99998504 0.010748893
0 0 0 1
0 0 0 0 0 0 0
0.99996024 0.008898791 -7.5818854e-05 0.77697873
-0.008898559 0.99996084 0.00043769059 -0.00535834
7.969867e-05 -0.00043698537 0.9999992 -0.00054354133
0 0 0 1
0 0 0 0 0 0 0
0.9999654 0.0059678783 0.0058432966 0.76576656
-0.0059686475 0.9999813 0.00029675948 -0.0030696818
-0.0058414117 -0.00033160363 0.99998295 0.0062048477
0 0 0 1
0 0 0 0 0 0 0
0.9999589 0.0045278287 0.007824881 0.768388
-0.004552504 0.999986 0.0030314731 0.0092638675
-0.0078110485 -0.003066963 0.9999651 0.0062262826
0 0 0 1
0 0 0 0 0 0 0
0.9999758 0.0053823506 0.0044314764 0.7913532
-0.0053764624 0.99998444 -0.0013170044 0.0015773103
-0.0044384915 0.0012931701 0.9999894 0.015241211
0 0 0 1
0 0 0 0 0 0 0
0.9999954 0.0029208967 -0.0003337399 0.75496024
-0.0029203647 0.9999945 0.001519712 0.0024696449
0.0003381804 -0.001518785 0.9999982 0.018873295
0 0 0 1
0 0 0 0 0 0 0
0.99999094 0.004121163 -0.0008254835 0.7861786
-0.0041217017 0.9999907 -0.0007028529 0.0019838624
0.0008225836 0.00070633343 0.9999994 0.013604818
0 0 0 1
0 0 0 0 0 0 0
0.9999967 0.0020376926 0.0017966562 0.7640526
-0.0020353606 0.9999971 -0.0013527933 -0.0010181752
-0.0017994127 0.0013490026 0.99999785 0.007751725
0 0 0 1
0 0 0 0 0 0 0
0.9999918 0.00260272 0.002981271 0.7657778
-0.0025936235 0.99999243 -0.0030346771 -0.0024797367
-0.0029891513 0.0030269423 0.99999064 0.013483936
0 0 0 1
0 0 0 0 0 0 0
0.9999935 0.0033560852 0.001176543 0.788278
-0.0033523953 0.9999899 -0.003073765 -0.00036339287
-0.0011868491 0.0030698862 0.9999948 0.016029917
0 0 0 1
0 0 0 0 0 0 0
0.9999938 0.0021603 -0.0028565207 0.7448446
-0.0021639715 0.9999965 -0.0012648588 0.0025490415
0.0028537873 0.0012710019 0.99999523 0.014193795
0 0 0 1
0 0 0 0 0 0 0
0.99997294 0.002184841 -0.007107513 0.7524283
-0.0021455947 0.9999821 0.005523666 0.0076288795
0.0071194507 -0.005508277 0.9999597 0.016025973
0 0 0 1
0 0 0 0 0 0 0
0.99997103 0.0017813985 -0.007321347 0.77359337
-0.0017727895 0.9999982 0.0011834711 0.010134905
0.007323449 -0.001170517 0.9999727 0.01211392
0 0 0 1
0 0 0 0 0 0 0
0.999991 0.0011855753 -0.004170712 0.7484546
-0.0011758786 0.99999636 0.00231642 0.0021047464
0.004173445 -0.002311522 0.9999885 0.010542095
0 0 0 1
0 0 0 0 0 0 0
0.99999475 0.0026433736 0.0016767187 0.7528776
-0.0026427286 0.9999965 -0.00036825723 0.0078741675
-0.0016777006 0.0003638865 0.9999981 0.0031521216
0 0 0 1
0 0 0 0 0 0 0
0.9999905 0.0020214554 0.003884175 0.7723444
-0.0020330104 0.99999404 0.0029856462 0.008829785
-0.0038781238 -0.0029934514 0.9999878 0.013574085
0 0 0 1
0 0 0 0 0 0 0
0.9999866 0.0022349828 0.0047602695 0.7575031
-0.0022470697 0.9999938 0.0025035848 0.009899445
-0.0047546457 -0.0025142147 0.9999857 0.012300391
0 0 0 1
0 0 0 0 0 0 0
0.9999949 0.0023058748 0.0022660817 0.77203655
-0.0023022853 0.99999565 -0.0016148499 -0.0008554651
-0.0022697984 0.0016096182 0.9999966 0.014595364
0 0 0 1
0 0 0 0 0 0 0
0.99999887 0.0009847891 0.00039877338 0.761547
-0.0009836593 0.99999636 -0.0025880323 0.0035869535
-0.00040132136 0.0025875862 0.99999595 0.016648147
0 0 0 1
0 0 0 0 0 0 0
0.99999946 0.0015195205 -5.1016897e-05 0.7585879
-0.0015196606 0.99999607 -0.002377932 0.001526892
4.7398575e-05 0.002377929 0.99999756 0.014717942
0 0 0 1
0 0 0 0 0 0 0
0.9999976 0.00079658965 -0.0016708975 0.7483487
-0.00079613744 0.9999998 0.00025136894 -0.00012704024
0.0016710965 -0.00025003878 0.99999815 0.012025878
0 0 0 1
0 0 0 0 0 0 0
0.99999905 0.0011754896 -0.0008955757 0.7664459
-0.0011767023 0.99999803 -0.0013114125 0.0065553193
0.0008940438 0.0013125145 0.9999993 0.011253646
0 0 0 1
0 0 0 0 0 0 0
0.99999934 0.0007322325 -9.980676e-05 0.74584824
-0.00073231786 0.9999988 -0.0014600357 0.0019309975
9.874587e-05 0.0014600969 0.9999987 0.012041177
0 0 0 1
0 0 0 0 0 0 0
1.0 0.00068333006 0.000639031 0.7888771
-0.00068502437 0.99999714 0.0025825966 0.006604353
-0.0006372785 -0.0025829764 0.9999961 0.008108645
0 0 0 1
0 0 0 0 0 0 0
0.9999998 -0.00024234511 -0.0005929248 0.7585103
0.00024340508 0.9999983 0.0017357622 0.0046918388
0.0005925034 -0.0017360034 0.999999 0.010364086
0 0 0 1
0 0 0 0 0 0 0
0.9999991 -0.0013076102 -3.8520993e-05 0.7997023
0.0013075244 0.9999961 -0.0022927846 0.006646532
4.1526542e-05 0.002292827 0.99999684 0.0104200635
0 0 0 1
0 0 0 0 0 0 0
0.9999977 -0.0022268218 0.00039059622 0.7634401
0.002226995 0.99999726 -0.00065905077 0.0016624941
-0.00038913378 0.00065997243 1.0000001 0.01068632
0 0 0 1
0 0 0 0 0 0 0
0.99999636 -0.0027633356 0.00020574561 0.801134
0.0027630376 0.999995 0.0016993991 0.011488687
-0.0002104467 -0.0016988624 0.9999981 0.011023199
0 0 0 1
0 0 0 0 0 0 0
0.9999944 -0.002967287 -0.0010680705 0.7974468
0.0029688952 0.99999505 0.0014411273 0.014888357
0.0010637966 -0.0014442875 0.9999989 0.011893877
0 0 0 1
0 0 0 0 0 0 0
0.9999883 -0.0024605836 -0.0041627646 0.7907426
0.0024725266 0.9999922 0.0028561123 0.014044483
0.004155709 -0.002866502 0.99998724 0.009730697
0 0 0 1
0 0 0 0 0 0 0
0.9999886 -0.002256618 -0.004329596 0.8306085
0.0022642822 0.9999956 0.0018008202 0.012030566
0.004325485 -0.0018105725 0.99998915 0.013351196
0 0 0 1
0 0 0 0 0 0 0
0.9999983 -0.0017645343 -0.00046557363 0.80703163
0.0017641474 0.99999815 -0.00074597314 0.009218371
0.00046688798 0.0007452026 0.9999993 0.0049633305
0 0 0 1
0 0 0 0 0 0 0
0.99999607 -0.0025076526 0.0009355122 0.81077886
0.002509095 0.99999577 -0.0014493961 0.005012205
-0.0009318306 0.0014517619 0.9999987 0.010374389
0 0 0 1
0 0 0 0 0 0 0
0.99999636 -0.0022659935 0.0011968391 0.8367256
0.0022685854 0.99999565 -0.0021481046 0.0016874312
-0.0011919739 0.0021508243 0.99999696 0.013605667
0 0 0 1
0 0 0 0 0 0 0
0.9999971 -0.0016668455 0.0017559865 0.8442647
0.0016672516 0.9999982 -0.00021736383 0.007985425
-0.0017556279 0.00022027355 0.999998 0.011917085
0 0 0 1
0 0 0 0 0 0 0
0.9999949 -0.0012360183 0.0030795385 0.8243734
0.0012404467 0.99999875 -0.0014379293 0.0044872444
-0.0030777515 0.0014416697 0.99999475 0.004562768
0 0 0 1
0 0 0 0 0 0 0
0.9999903 -0.0012520598 0.004143964 0.8641067
0.0012552079 0.99999845 -0.0007458972 0.00195461
-0.004143016 0.00075110036 0.99999124 0.011690384
0 0 0 1
0 0 0 0 0 0 0
0.9999957 0.0004936477 0.0031709853 0.85662925
-0.0004914577 0.99999946 -0.0007279101 0.0033977628
-0.0031713487 0.0007263435 0.99999475 0.014936586
0 0 0 1
0 0 0 0 0 0 0
0.99999624 0.0023939854 8.726133e-05 0.86169314
-0.0023941987 0.9999921 0.0032197013 0.011188175
-7.9548336e-05 -0.0032198455 0.9999941 0.01192704
0 0 0 1
0 0 0 0 0 0 0
0.99999964 0.0012836504 -0.00092134904 0.867686
-0.0012834977 0.9999997 0.00014489301 0.001337055
0.00092153106 -0.0001437553 1.0000004 0.012522208
0 0 0 1
0 0 0 0 0 0 0
0.99999595 0.0018013776 -0.0021257058 0.87880534
-0.0018049711 0.99999636 -0.0016584606 0.004491518
0.002122699 0.0016623492 0.99999547 0.011328516
0 0 0 1
0 0 0 0 0 0 0
0.9999965 0.0019865492 -0.0015154738 0.8572491
-0.0019930438 0.99998885 -0.0043173763 -0.002859873
0.0015068912 0.004320403 0.99998957 0.015394966
0 0 0 1
0 0 0 0 0 0 0
0.9999983 0.0019283606 -0.00021228539 0.8881919
-0.0019285533 0.99999803 -0.0007792617 0.0039395285
0.00021078088 0.00077957707 1.0000001 0.009739653
0 0 0 1
0 0 0 0 0 0 0
0.9999968 0.00049465266 0.0024413771 0.88578373
-0.00048748488 0.99999624 -0.0029111304 -0.0013754937
-0.0024428114 0.0029100599 0.9999924 0.009301608
0 0 0 1
0 0 0 0 0 0 0
0.9999965 0.0010907376 0.002548026 0.8833833
-0.0010826053 0.99999416 -0.0031988495 -0.0024451464
-0.0025515012 0.00319609 0.99999183 0.018692315
0 0 0 1
0 0 0 0 0 0 0
0.9999998 0.00073828833 0.00035573053 0.8757769
-0.00073794264 0.99999857 -0.0010840822 0.00468273
-0.00035653397 0.001083762 0.9999989 0.015609322
0 0 0 1
0 0 0 0 0 0 0
0.99999344 0.0012461869 -0.0032094477 0.8595141
-0.001241211 0.99999785 0.0015427171 0.00650103
0.0032113802 -0.001538785 0.99999446 0.013527271
0 0 0 1
0 0 0 0 0 0 0
0.9999863 0.00042645482 -0.005194404 0.8476164
-0.00040072188 0.99998796 0.004959314 0.0072158407
0.0051964438 -0.0049570664 0.9999737 0.02131706
0 0 0 1
0 0 0 0 0 0 0
0.9999834 0.0015197498 -0.005620866 0.8490986
-0.0015064129 0.99999577 0.0023809222 0.005313506
0.005624504 -0.0023724341 0.9999816 0.013748933
0 0 0 1
0 0 0 0 0 0 0
0.999985 0.0005613273 -0.005550256 0.8678658
-0.0005235311 0.99997693 0.006809748 0.020007085
0.00555389 -0.006806812 0.99996173 0.015863871
0 0 0 1
0 0 0 0 0 0 0
0.9999982 0.0009496508 -0.0012199645 0.8745928
-0.00094842067 0.99999946 0.0009858343 -6.658705e-05
0.0012208967 -0.0009845708 0.99999845 0.00815839
0 0 0 1
0 0 0 0 0 0 0
0.9999862 0.00048856216 0.0053318148 0.8189702
-0.00048199447 0.99999887 -0.0012350384 0.008056935
-0.005332493 0.0012323905 0.9999849 0.013303377
0 0 0 1
0 0 0 0 0 0 0
0.9999496 -0.0008124231 0.00993106 0.8568725
0.000871181 0.999982 -0.0059080133 0.0017150107
-0.009925964 0.005916414 0.99993384 0.015829848
0 0 0 1
0 0 0 0 0 0 0
0.999974 -0.0014961795 0.007105953 0.87771696
0.0015235828 0.99999213 -0.0038399033 0.0006851979
-0.0071001616 0.0038506133 0.9999668 0.013259762
0 0 0 1
0 0 0 0 0 0 0
0.9999958 -0.0027269155 -0.0013051191 0.82917666
0.0027276399 0.99999547 0.0006738358 -0.00045201037
0.0013032692 -0.0006774634 0.9999988 0.02176912
0 0 0 1
0 0 0 0 0 0 0
0.9999944 -0.0015970096 -0.0029396927 0.83451056
0.001584021 0.99998873 -0.004439956 0.0056775664
0.002946761 0.0044352994 0.9999866 0.02093303
0 0 0 1
0 0 0 0 0 0 0
0.9999946 -0.0023232913 -0.0021786643 0.8183403
0.0023219986 0.99999744 -0.00058711314 0.0042055678
0.0021800213 0.000582004 0.9999972 0.013783552
0 0 0 1
0 0 0 0 0 0 0
0.9999937 -0.00284635 -0.0020646797 0.8344508
0.0028494422 0.999995 0.0015087554 0.0097575355
0.002060386 -0.0015145215 0.9999969 0.018009305
0 0 0 1
0 0 0 0 0 0 0
0.9999875 -0.00364115 -0.0033688978 0.8364584
0.0036474257 0.9999909 0.0018356035 0.013166426
0.0033621793 -0.0018479046 0.999992 0.011789297
0 0 0 1
0 0 0 0 0 0 0
0.9999852 -0.004019753 -0.003623714 0.80022645
0.004022003 0.9999917 0.000625723 0.015000607
0.0036212062 -0.0006404067 0.99999386 0.009446982
0 0 0 1
0 0 0 0 0 0 0
0.9999914 -0.0028106885 -0.003281847 0.8229853
0.0028210625 0.99999166 0.0031412453 0.011227056
0.0032729413 -0.0031503676 0.99998915 0.0209043
0 0 0 1
0 0 0 0 0 0 0
0.9999939 -0.0032512723 -0.0008948209 0.79688054
0.0032546641 0.9999872 0.0038480903 0.017049812
0.00088228716 -0.003850974 0.99999213 0.008949095
0 0 0 1
0 0 0 0 0 0 0
0.9999931 -0.0034134516 0.0016013442 0.80675715
0.0034073733 0.9999868 0.0037088427 0.01667562
-0.0016140265 -0.003703347 0.9999921 0.01222328
0 0 0 1
0 0 0 0 0 0 0
0.9999777 -0.0041166977 0.005288829 0.8104499
0.0041047125 0.9999892 0.002281625 0.011556807
-0.005298133 -0.0022598517 0.9999829 0.0076786596
0 0 0 1
0 0 0 0 0 0 0
0.99997014 -0.004416309 0.0063594924 0.8058053
0.0044216597 0.99999017 -0.00071666593 0.008067267
-0.0063562463 0.00074471603 0.9999798 0.017166903
0 0 0 1
0 0 0 0 0 0 0
0.99998343 -0.004557669 0.0032637 0.7990012
0.0045615104 0.9999888 -0.0015002219 0.005956666
-0.0032568336 0.0015151269 0.9999939 0.01989041
0 0 0 1
0 0 0 0 0 0 0
0.9999765 -0.0068593733 0.0010431188 0.8013888
0.006859154 0.999976 0.0011069607 0.009444124
-0.001050679 -0.0010997327 0.9999984 0.013687023
0 0 0 1
0 0 0 0 0 0 0
0.9999769 -0.0061255204 0.0030413175 0.7984067
0.0061406693 0.9999668 -0.005199193 0.007539775
-0.0030093945 0.005217695 0.9999819 0.013987644
0 0 0 1
0 0 0 0 0 0 0
0.9999802 -0.00624046 0.00018247083 0.7849398
0.0062396773 0.9999788 0.0022961397 0.011780625
-0.00019679514 -0.0022948687 0.99999714 0.019963063
0 0 0 1
0 0 0 0 0 0 0
0.9999788 -0.0064205625 -0.0009687965 0.7768761
0.006423668 0.999975 0.0028779833 0.014908895
0.00095029996 -0.0028842299 0.9999959 0.011762386
0 0 0 1
0 0 0 0 0 0 0
0.99997616 -0.0056875995 -0.0037734243 0.75413376
0.0057033994 0.9999741 0.004266852 0.009095537
0.003749062 -0.004288282 0.9999836 0.01698608
0 0 0 1
0 0 0 0 0 0 0
0.9999767 -0.00609955 -0.0033081742 0.7752784
0.0060992707 0.9999814 -0.000110030465 0.01366823
0.0033087877 8.987105e-05 0.9999951 0.010875592
0 0 0 1
0 0 0 0 0 0 0
0.99998397 -0.005599364 -0.0010074772 0.7758567
0.005601769 0.9999824 0.002232358 0.0038781217
0.0009949451 -0.0022379323 0.99999624 0.016175682
0 0 0 1
0 0 0 0 0 0 0
0.9999807 -0.004697407 0.0039362255 0.76667356
0.0046931086 0.9999879 0.0009461793 0.013252274
-0.003940635 -0.00092780776 0.9999925 0.0052134646
0 0 0 1
0 0 0 0 0 0 0
0.9999717 -0.0059432318 0.004689126 0.78725773
0.0059536546 0.99998087 -0.002123639 0.01701222
-0.0046763956 0.00215159 0.99998623 0.019178802
0 0 0 1
0 0 0 0 0 0 0
0.99997616 -0.006498812 0.0020477194 0.7531782
0.006505865 0.9999729 -0.003367236 0.008272701
-0.0020257996 0.0033804988 0.9999924 0.01650484
0 0 0 1
0 0 0 0 0 0 0
0.9999686 -0.006922399 -0.003866247 0.7636267
0.0069191367 0.99997514 -0.0009798408 0.010711665
0.003872956 0.0009530037 0.9999921 0.01460094
0 0 0 1
0 0 0 0 0 0 0
0.99994 -0.008255593 -0.0071925716 0.7435897
0.008264921 0.99996495 0.0013549809 0.012979776
0.0071811248 -0.0014143435 0.99997276 0.015719933
0 0 0 1
0 0 0 0 0 0 0
0.9999551 -0.009099254 -0.0027652422 0.75139785
0.0090906685 0.99995357 -0.0032796913 0.011647429
0.0027949547 0.003254315 0.9999916 0.0068098214
0 0 0 1
0 0 0 0 0 0 0
0.99993986 -0.010732015 0.0025034745 0.7459028
0.01073547 0.9999406 -0.0016494296 0.01602241
