0 0 0 0 0 0 0
0.999999 0.00049044826 0.001465886 0.75259775
-0.0004944875 0.999996 0.0027554864 0.011664158
-0.0014645319 -0.0027562073 0.999995 0.026464527
0 0 0 1
0 0 0 0 0 0 0
0.9999994 0.00043384588 0.00081803533 0.77055717
-0.00043589657 0.99999714 0.0025109048 0.015145818
-0.0008169318 -0.0025112657 0.9999971 0.020437406
0 0 0 1
0 0 0 0 0 0 0
0.9999999 0.00041617264 -0.0006568971 0.7540859
-0.0004156302 0.99999976 0.0008271879 0.011798666
0.000657229 -0.0008268944 0.99999887 0.017962111
0 0 0 1
0 0 0 0 0 0 0
0.9999993 -0.00039531887 -0.00010514244 0.7255745
0.0003955659 0.9999968 0.0023442442 0.0015191692
0.00010422719 -0.002344292 0.99999714 0.01532224
0 0 0 1
0 0 0 0 0 0 0
1.0000004 0.00043009338 -2.484991e-05 0.7109317
-0.00043009085 1.0000002 -0.00014148852 0.009370725
2.4781064e-05 0.00014148896 1.0000007 0.01701305
0 0 0 1
0 0 0 0 0 0 0
0.9999991 0.0006585596 0.0007681755 0.705594
-0.00065846206 0.99999976 -0.00014452987 -0.00178861
-0.00076827523 0.00014404378 0.99999887 0.017112564
0 0 0 1
0 0 0 0 0 0 0
0.9999958 -3.51968e-05 0.0030595222 0.6814776
3.253583e-05 0.99999917 0.00087232515 0.01202039
-0.00305955 -0.00087223283 0.99999493 0.0133006815
0 0 0 1
0 0 0 0 0 0 0
0.99999136 0.0014818712 0.0038288985 0.6500139
-0.0014784052 0.9999991 -0.0009067265 0.0025957003
-0.0038302345 0.0009010556 0.9999929 0.013813207
0 0 0 1
0 0 0 0 0 0 0
0.99999255 0.00090649055 0.0036457707 0.6331869
-0.00090474053 0.99999857 -0.0004818637 -0.0040763556
-0.0036461998 0.00047854683 0.99999315 0.018616855
0 0 0 1
0 0 0 0 0 0 0
0.9999977 0.00044852018 0.0021650672 0.6184763
-0.0004466944 0.99999976 -0.00084316137 0.007871849
-0.0021654852 0.00084220344 0.9999971 0.01890355
0 0 0 1
0 0 0 0 0 0 0
0.99999857 0.0017535767 -0.00013528291 0.5647335
-0.001753624 0.999999 -0.0002768266 -0.0015617447
0.00013478025 0.0002770702 0.9999998 0.017069004
0 0 0 1
0 0 0 0 0 0 0
0.99999696 0.0012589999 -0.0020508403 0.545701
-0.0012560957 0.9999976 0.0014160488 0.0051817503
0.0020526748 -0.0014134893 0.99999684 0.017800035
0 0 0 1
0 0 0 0 0 0 0
0.9999953 0.00041804436 -0.0030524433 0.53503066
-0.0004198985 1.0000002 -0.00060950534 0.0076639294
0.0030521827 0.000610802 0.99999547 0.011215053
0 0 0 1
0 0 0 0 0 0 0
0.99999833 0.0012189993 -0.0016250989 0.4964254
-0.0012213965 0.99999833 -0.0014692518 -0.017434644
0.0016233143 0.0014712345 0.9999975 0.0077810055
0 0 0 1
0 0 0 0 0 0 0
0.99999654 0.0018775576 -0.0020101373 0.46246082
-0.0018852481 0.99999034 -0.0038241076 -0.003537575
0.0020029282 0.0038278797 0.9999904 0.013065132
0 0 0 1
0 0 0 0 0 0 0
0.9999982 0.0015770376 -0.001110208 0.4352745
-0.0015793951 0.9999966 -0.0021041378 -0.006183937
0.0011068863 0.0021058903 0.999997 0.015705911
0 0 0 1
0 0 0 0 0 0 0
0.9999955 0.0020013489 -0.001777603 0.4181992
-0.001993599 0.9999888 0.0043114517 0.0026145906
0.0017862204 -0.004307887 0.99998915 0.008313404
0 0 0 1
0 0 0 0 0 0 0
0.99999654 0.0027365482 -0.00089726906 0.37085342
-0.0027333247 0.99999034 0.0035745178 0.01304802
0.0009070396 -0.003572054 0.9999933 0.008464927
0 0 0 1
0 0 0 0 0 0 0
0.9999934 0.0033491433 0.0007665362 0.3520997
-0.0033500283 0.99999315 0.0010870993 -0.00868819
-0.00076288247 -0.0010896877 0.9999998 0.004597735
0 0 0 1
0 0 0 0 0 0 0
0.9999973 0.00240331 0.0010371867 0.3251324
-0.002399309 0.9999901 -0.0037716837 -0.007083372
-0.0010462519 0.0037691803 0.9999922 0.009955837
0 0 0 1
0 0 0 0 0 0 0
0.9999959 0.0027063515 -0.00021522406 0.28550014
-0.0027075687 0.99998164 -0.005391459 -0.009517281
0.0002006396 0.0053920187 0.9999855 0.006996064
0 0 0 1
0 0 0 0 0 0 0
0.9999972 0.0021246043 0.0013852007 0.2503803
-0.0021201905 0.9999926 -0.0031108719 0.005875429
-0.0013918114 0.0031079252 0.99999374 0.008075341
0 0 0 1
0 0 0 0 0 0 0
0.9999966 0.00218912 0.0009720399 0.24147609
-0.0021877675 0.99999714 -0.0014544014 -0.02187952
-0.000975213 0.0014522778 0.9999987 0.007204084
0 0 0 1
0 0 0 0 0 0 0
0.9999974 0.0023165625 -0.0009151321 0.20001844
-0.0023152456 0.99999666 0.0014261794 0.004704541
0.00091842585 -0.0014240511 0.9999986 0.005495272
0 0 0 1
0 0 0 0 0 0 0
0.99999726 0.0016424629 -0.0013295113 0.18625784
-0.0016410601 0.99999803 0.0010648263 -0.0010137388
0.0013312622 -0.0010626524 0.99999875 0.0060472554
0 0 0 1
0 0 0 0 0 0 0
0.9999974 0.0022112825 -0.0008346336 0.17054684
-0.0022097798 0.99999577 0.0018619908 0.0041745175
0.0008387461 -0.0018601355 0.9999975 0.005125543
0 0 0 1
0 0 0 0 0 0 0
0.99999887 0.0015574798 -0.0006075951 0.16497102
-0.001555481 0.9999938 0.002985729 0.012702914
0.0006122453 -0.002984791 0.9999957 0.0069375937
0 0 0 1
0 0 0 0 0 0 0
0.9999987 0.0010867435 -0.0011790827 0.14678538
-0.0010861225 0.9999998 0.00063405564 -0.009046585
0.0011797654 -0.00063276856 0.999999 0.006133269
0 0 0 1
0 0 0 0 0 0 0
0.9999963 0.0017294519 -0.0019304199 0.15603915
-0.0017296299 0.9999981 -7.564593e-05 0.0049188235
0.001930287 7.898903e-05 0.9999979 0.004579726
0 0 0 1
0 0 0 0 0 0 0
0.9999983 0.00097080594 -0.0013531453 0.14345941
-0.00097267854 0.9999987 -0.0014109915 -0.005296822
0.0013517811 0.0014123091 0.99999815 0.0032355494
0 0 0 1
0 0 0 0 0 0 0
0.9999988 0.0013641868 -0.0008889446 0.14049767
-0.0013649384 0.99999815 -0.0009059958 0.007679274
0.00088769663 0.00090720423 0.9999987 0.0035400596
0 0 0 1
0 0 0 0 0 0 0
0.9999988 0.0011145618 -0.0015068207 0.12542655
-0.0011139209 0.9999993 0.0004896546 -0.011385111
0.0015073712 -0.00048798646 0.9999993 0.0027584515
0 0 0 1
0 0 0 0 0 0 0
0.99999636 0.0013565563 -0.0020358716 0.12525883
-0.0013554622 0.99999934 0.00051529973 0.010697221
0.002036572 -0.0005125231 0.9999974 0.0010591841
0 0 0 1
0 0 0 0 0 0 0
0.9999986 0.0003802728 -0.0020607999 0.12333813
-0.00037979204 1.0000001 0.00024032786 -0.0072669983
0.0020608797 -0.00023954298 0.9999985 0.0020426018
0 0 0 1
0 0 0 0 0 0 0
0.9999966 0.00073818373 -0.0023264482 0.12588607
-0.0007395166 0.99999964 -0.0005951798 0.0030033607
0.0023260992 0.00059690245 0.9999966 0.0021273734
0 0 0 1
0 0 0 0 0 0 0
0.9999981 -0.0009140822 -0.0019806041 0.12830625
0.00091107725 0.99999833 -0.0015075818 -0.010597742
0.0019818952 0.0015057687 0.9999972 0.002238433
0 0 0 1
0 0 0 0 0 0 0
0.9999965 -0.0021999532 -0.001227121 0.11812525
0.002199754 0.9999975 -0.00015755127 0.007019913
0.0012274288 0.00015485132 0.999999 0.0013029773
0 0 0 1
0 0 0 0 0 0 0
0.9999954 -0.0029921373 -0.0008972205 0.11788584
0.0029916558 0.9999947 -0.00052455574 -0.0020595388
0.00089884375 0.0005218554 0.9999997 -0.00056530227
0 0 0 1
0 0 0 0 0 0 0
0.99999166 -0.003801321 -0.0011753999 0.13433485
0.0038026345 0.999993 0.001066619 0.010375817
0.0011712896 -0.0010710662 0.9999986 0.0022558589
0 0 0 1
0 0 0 0 0 0 0
0.9999819 -0.006014229 -0.0010313295 0.12704664
0.006014771 0.99998146 0.000495364 -0.0020006108
0.0010282685 -0.00050156284 0.9999993 0.0011962957
0 0 0 1
0 0 0 0 0 0 0
0.999977 -0.0066805305 -0.0010164095 0.119604535
0.006679712 0.9999774 -0.00068873086 0.011259209
0.0010210464 0.00068192935 0.99999905 0.0003843877
0 0 0 1
0 0 0 0 0 0 0
0.999972 -0.0074825855 -0.0007245105 0.12040835
0.0074828374 0.9999722 0.00023543174 -0.0032740156
0.00072284194 -0.00024085406 1.0000004 -5.927896e-05
0 0 0 1
0 0 0 0 0 0 0
0.9999635 -0.00837187 -0.0010993137 0.12887836
0.008371491 0.9999648 -0.0003177434 0.004513361
0.0011018831 0.0003085283 0.9999993 -0.002582673
0 0 0 1
0 0 0 0 0 0 0
0.9999477 -0.010199263 -0.0014644642 0.14349167
0.010197877 0.9999473 -0.00095100276 0.0047946353
0.001474081 0.00093602564 0.99999785 0.00085727207
0 0 0 1
0 0 0 0 0 0 0
0.99991393 -0.0129395565 -0.0016857354 0.14914574
0.01293685 0.9999157 -0.0015793905 0.0133302715
0.0017060216 0.0015574568 0.9999974 -0.0011104188
0 0 0 1
0 0 0 0 0 0 0
0.99987066 -0.015990358 -0.0019071425 0.15086961
0.01598843 0.99987143 -0.001053332 0.004885893
0.0019237066 0.0010227031 0.9999976 0.002414811
0 0 0 1
0 0 0 0 0 0 0
0.99980235 -0.019858146 -0.0010840032 0.17354465
0.01985873 0.9998022 0.0006123508 0.0200478
0.0010716626 -0.0006337613 0.9999997 2.1550417e-05
0 0 0 1
0 0 0 0 0 0 0
0.9997624 -0.021782994 0.00016413434 0.18464848
0.02178302 0.99976295 0.0004242931 0.009146657
-0.00017333124 -0.00042061377 0.9999992 0.0016763484
0 0 0 1
0 0 0 0 0 0 0
0.99971116 -0.024004597 0.0012265742 0.19951123
0.024004381 0.9997118 0.00013954593 0.03225004
-0.0012295961 -0.000110053326 0.99999946 0.00054606824
0 0 0 1
0 0 0 0 0 0 0
0.9996443 -0.026659602 0.0012636435 0.23975267
0.026658148 0.9996441 0.0011375712 0.01836337
-0.0012934366 -0.001103501 0.9999993 0.001553613
0 0 0 1
0 0 0 0 0 0 0
0.9995246 -0.0307603 0.0018552672 0.2325797
0.030759381 0.9995265 0.00045387464 0.02529153
-0.0018683961 -0.0003965744 0.99999785 0.0005842715
0 0 0 1
0 0 0 0 0 0 0
0.9994337 -0.033537947 0.0029627704 0.26802936
0.033537753 0.9994378 0.00013076143 0.024879556
-0.0029654873 -3.1320364e-05 0.99999547 0.0029940957
0 0 0 1
0 0 0 0 0 0 0
0.9992973 -0.037295043 0.003567088 0.26898524
0.037294418 0.9993038 8.783473e-05 0.038890973
-0.003567844 4.525546e-05 0.9999933 -0.00091573916
0 0 0 1
0 0 0 0 0 0 0
0.99913454 -0.041301396 0.0049333395 0.273774
0.041302647 0.99914706 2.5732022e-06 0.03326353
-0.0049293153 0.00020120379 0.9999879 0.007211935
0 0 0 1
0 0 0 0 0 0 0
0.9990715 -0.04291254 0.0039594937 0.3078372
0.04290015 0.9990743 0.0031706477 0.0544362
-0.0040918947 -0.002997825 0.9999874 -0.0025766157
0 0 0 1
0 0 0 0 0 0 0
0.99899805 -0.044587296 0.003862934 0.3206291
0.04457765 0.99900204 0.0025482946 0.033846445
-0.0039726933 -0.0023736318 0.99998975 0.0049989023
0 0 0 1
0 0 0 0 0 0 0
0.9989172 -0.04630338 0.0043319752 0.3150298
0.04630028 0.9989276 0.00059653475 0.04131626
-0.004354946 -0.00039519276 0.9999896 0.0025489938
0 0 0 1
0 0 0 0 0 0 0
0.9988331 -0.047842957 0.006623858 0.3587914
0.047838345 0.9988545 0.0009980683 0.042502206
-0.006664021 -0.0006800592 0.99997807 0.010050072
0 0 0 1
0 0 0 0 0 0 0
0.9987933 -0.048792098 0.00566829 0.3391784
0.048782572 0.99880797 0.0017621513 0.045088205
-0.0057475152 -0.0014836094 0.99998236 0.006951922
0 0 0 1
0 0 0 0 0 0 0
0.99874455 -0.049962413 0.0037758795 0.35286722
0.04995073 0.99874717 0.0029958168 0.05060188
-0.0039208014 -0.002803305 0.9999879 0.008960485
0 0 0 1
0 0 0 0 0 0 0
0.9986334 -0.052217387 0.0020392973 0.3804927
0.052210916 0.9986311 0.003103681 0.047339022
-0.0021985844 -0.0029930584 0.9999931 0.010131937
0 0 0 1
0 0 0 0 0 0 0
0.99862444 -0.052429873 -9.328409e-05 0.36776766
0.052430343 0.9986189 0.0034596643 0.060503982
-8.8279055e-05 -0.003459801 0.9999944 -0.0017980693
0 0 0 1
0 0 0 0 0 0 0
0.9985234 -0.054308135 0.0010762202 0.40196443
0.054305285 0.9985202 0.0027737184 0.045993354
-0.0012252186 -0.002711118 0.9999952 0.0076460163
0 0 0 1
0 0 0 0 0 0 0
0.998466 -0.055333547 0.0020194266 0.40414765
0.055327386 0.9984649 0.0028011466 0.05927987
-0.002171343 -0.0026851746 0.9999941 -0.002288311
0 0 0 1
0 0 0 0 0 0 0
0.99850774 -0.054580454 0.0015493794 0.41092685
0.054581158 0.9985092 -0.00034244382 0.052306138
-0.0015284384 0.00042652513 0.9999996 0.0019143325
0 0 0 1
0 0 0 0 0 0 0
0.9984317 -0.05599131 -6.558731e-05 0.45557955
0.055991564 0.99843085 -0.00015485921 0.038291328
7.424405e-05 0.00015098223 0.9999997 0.0065187397
0 0 0 1
0 0 0 0 0 0 0
0.99849194 -0.054891907 0.0008783586 0.45747128
0.054894403 0.9984878 -0.0029244958 0.03816419
-0.000716504 0.0029682196 0.99999523 0.0061275926
0 0 0 1
0 0 0 0 0 0 0
0.99851537 -0.05443384 0.001847537 0.46104255
0.05443822 0.99851394 -0.002630204 0.048376407
-0.0017016599 0.0027269085 0.9999951 0.010791266
0 0 0 1
0 0 0 0 0 0 0
0.9984161 -0.05627079 0.0005619964 0.4938938
0.056270484 0.9984149 0.0006116739 0.06351635
-0.000595446 -0.0005791238 0.9999991 -0.0033884551
0 0 0 1
0 0 0 0 0 0 0
0.99844724 -0.05567212 -0.001485646 0.48997054
0.055673074 0.9984498 0.0007326292 0.05675907
0.0014425215 -0.0008141488 0.99999845 -0.0035200315
0 0 0 1
0 0 0 0 0 0 0
0.99826074 -0.058969922 4.3630836e-05 0.5154334
0.058970485 0.9982576 -0.0016895963 0.035180986
5.612248e-05 0.001689236 0.99999905 0.005736454
0 0 0 1
0 0 0 0 0 0 0
0.9981966 -0.060022835 -0.00018365888 0.53034055
0.06002231 0.9981929 -0.0027740935 0.049978327
0.00034981177 0.002758046 0.9999964 0.00303188
0 0 0 1
0 0 0 0 0 0 0
0.99844474 -0.055741694 -0.0005082401 0.53533113
0.055741668 0.99844605 6.328706e-05 0.039561912
0.0005039298 -9.144592e-05 0.9999998 0.009800655
0 0 0 1
0 0 0 0 0 0 0
0.9984415 -0.05568388 0.003761564 0.58449036
0.055675995 0.9984467 0.0020614674 0.065325454
-0.0038705152 -0.0018489421 0.9999909 -0.014660925
0 0 0 1
0 0 0 0 0 0 0
0.99837303 -0.056779195 0.0051939175 0.5912331
0.056782153 0.9983866 -0.00030053733 0.036196858
-0.0051685665 0.000595054 0.99998635 0.001064713
0 0 0 1
0 0 0 0 0 0 0
0.9987349 -0.050209384 0.0026578133 0.5743133
0.050215796 0.9987351 -0.0025986074 0.029830204
-0.0025239268 0.0027288655 0.999993 0.013393544
0 0 0 1
0 0 0 0 0 0 0
0.99880284 -0.048909437 0.000724526 0.6562169
0.048909284 0.99880314 -6.5678585e-05 0.04370455
-0.0007205007 0.000100981895 0.9999999 0.011175616
0 0 0 1
0 0 0 0 0 0 0
0.99923986 -0.0389734 -0.0014137601 0.6356932
0.038975794 0.9992384 0.0016322376 0.05306287
0.0013491213 -0.0016861223 0.9999973 0.0056816232
0 0 0 1
0 0 0 0 0 0 0
0.9993489 -0.035801414 -0.0045312545 0.66123635
0.035827745 0.99934095 0.0058861026 0.032151274
0.00431758 -0.0060445433 0.9999725 -0.000112543225
0 0 0 1
0 0 0 0 0 0 0
0.99963254 -0.027092092 -0.00063450076 0.67442495
0.027094165 0.99962693 0.0034742735 0.021198785
0.0005401133 -0.0034902885 0.9999934 -0.0074347234
0 0 0 1
0 0 0 0 0 0 0
0.9997404 -0.022421224 0.0039335005 0.71565133
0.0224125 0.99974555 0.002269134 0.03575543
-0.003983388 -0.0021803826 0.9999894 0.0017985927
0 0 0 1
0 0 0 0 0 0 0
0.9997986 -0.019279443 0.005533747 0.7346401
0.019280313 0.999815 -0.00011173105 0.012032642
-0.005530562 0.00021845874 0.99998504 0.0004083214
0 0 0 1
0 0 0 0 0 0 0
0.99996436 -0.007931947 0.0031205262 0.74970555
0.007933827 0.9999683 -0.00062336394 0.013634081
-0.0031155231 0.0006480193 0.9999953 0.008147939
0 0 0 1
0 0 0 0 0 0 0
0.9999944 0.0018906357 -0.002559532 0.78674734
-0.0018889701 0.99999774 0.0006533845 0.004554005
0.00256082 -0.0006484917 0.9999965 0.011621998
0 0 0 1
0 0 0 0 0 0 0
0.99998814 0.0008424221 -0.004813484 0.76170486
-0.0008745984 0.9999768 -0.0067045703 -0.018933274
0.004807646 0.0067086914 0.9999655 -0.005376783
0 0 0 1
0 0 0 0 0 0 0
0.99999994 0.0008645624 -0.0006520769 0.8182757
-0.0008717102 0.9999401 -0.010890868 -0.02956009
0.0006426881 0.010891389 0.99994034 0.017877892
0 0 0 1
0 0 0 0 0 0 0
0.9999995 0.00093490304 -0.00038317178 0.80089474
-0.0009357898 0.99999714 -0.002483455 -0.014123548
0.00038084987 0.002483814 0.99999726 -0.0013251423
0 0 0 1
0 0 0 0 0 0 0
0.9999417 0.010303176 -0.0029978629 0.88545793
-0.010297305 0.9999444 0.001964443 -0.011097208
0.0030178996 -0.0019334488 0.99999386 -0.0042784
0 0 0 1
0 0 0 0 0 0 0
0.9999078 0.012598798 -0.0051599317 0.856891
-0.012621472 0.99991155 -0.004374637 0.0023545155
0.0051043434 0.004439381 0.99997663 0.016793327
0 0 0 1
0 0 0 0 0 0 0
0.9999309 0.0052703707 -0.010449326 0.8694863
-0.005231049 0.9999791 0.0037769298 -0.02909184
0.010468981 -0.0037220423 0.99993837 0.014577943
0 0 0 1
0 0 0 0 0 0 0
0.99994886 0.0053938124 -0.008556184 0.89320284
-0.0053315256 0.9999591 0.0072847623 -0.013347529
0.008595072 -0.0072387797 0.9999372 -0.004255583
0 0 0 1
0 0 0 0 0 0 0
0.9999987 0.0004298996 -0.002083471 0.9197687
-0.0004166859 0.9999798 0.006369007 0.04124883
0.0020863244 -0.006368148 0.999977 0.0012943883
0 0 0 1
0 0 0 0 0 0 0
0.9999754 -0.0047805505 0.0050925366 0.93892324
0.0047334516 0.9999463 0.009225835 0.016511751
-0.0051364214 -0.009201466 0.9999444 0.003501485
0 0 0 1
0 0 0 0 0 0 0
0.99993867 -0.007812794 0.0077760853 0.97254634
0.007779375 0.9999601 0.004312768 0.022534221
-0.0078094937 -0.0042520217 0.99996114 -0.0051250877
0 0 0 1
0 0 0 0 0 0 0
0.99994063 -0.004349714 0.0100538675 1.0011466
0.004323038 0.9999868 0.0026702075 -0.0039564
-0.010065299 -0.002626587 0.9999452 0.011869094
0 0 0 1
0 0 0 0 0 0 0
0.99993193 0.0065775136 0.009622556 1.0344814
-0.0065888246 0.99997807 0.001154876 0.014099263
-0.009614773 -0.0012181828 0.999953 -0.0009012351
0 0 0 1
0 0 0 0 0 0 0
0.99996895 -0.00080243574 0.007855037 0.9926291
0.0008206331 0.99999654 -0.0023235343 -0.013649513
-0.007853064 0.0023298964 0.99996644 0.014104588
0 0 0 1
0 0 0 0 0 0 0
0.9999877 -0.00423431 0.0023046746 1.0406716
0.0042368593 0.99999046 -0.0010964449 0.002800899
-0.0023001248 0.0011061925 0.9999971 0.022121632
0 0 0 1
0 0 0 0 0 0 0
0.99999297 -0.00021724652 -0.0037858526 0.99873817
0.0002216946 0.9999994 0.0011711181 -0.0046919044
0.0037855613 -0.0011719445 0.99999213 0.006659416
0 0 0 1
0 0 0 0 0 0 0
0.99999154 0.0014050122 -0.0040537 1.0432543
-0.0013728318 0.9999673 0.007932941 0.0663772
0.004064797 -0.007927312 0.99996024 0.015716953
0 0 0 1
0 0 0 0 0 0 0
0.99996024 -0.007129829 -0.0052426965 1.0224912
0.0071460917 0.99996954 0.0030904794 0.0026214097
0.0052204593 -0.0031278578 0.9999812 0.022696225
0 0 0 1
0 0 0 0 0 0 0
0.99997675 -0.004732897 -0.0049482756 1.0308621
0.004723788 0.9999877 -0.0018520838 0.00773512
0.0049570496 0.0018287185 0.99998635 0.012519226
0 0 0 1
0 0 0 0 0 0 0
0.99996346 -0.00806642 -0.0027168803 1.0580261
0.008077319 0.9999587 0.0040220134 0.025330905
0.0026842172 -0.0040438143 0.99998844 0.007921921
0 0 0 1
0 0 0 0 0 0 0
0.9999887 -0.0036635376 0.0029708948 1.0516529
0.0036701665 0.9999916 -0.0022089886 0.0018375638
-0.002962716 0.0022198833 0.99999315 0.0112606
0 0 0 1
0 0 0 0 0 0 0
0.999928 -0.011056081 0.0048565925 1.0769008
0.011041026 0.99993384 0.003112736 0.003416554
-0.004890705 -0.0030589222 0.99998283 0.01670778
0 0 0 1
0 0 0 0 0 0 0
0.9999755 -0.00627936 0.003022684 1.0820938
0.006274739 0.999979 0.0015386628 0.020925421
-0.0030322701 -0.0015195657 0.99999464 0.0127308965
0 0 0 1
0 0 0 0 0 0 0
0.99998695 -0.004376669 0.0026236095 1.0369864
0.004364411 0.9999798 0.0046039326 0.02387324
-0.0026437407 -0.0045925425 0.9999857 0.013270097
0 0 0 1
0 0 0 0 0 0 0
0.9999922 -0.0033131402 0.0019307805 1.1059494
0.0033062764 0.99998814 0.003607121 0.014845157
-0.0019427191 -0.003600714 0.999992 0.017848244
0 0 0 1
0 0 0 0 0 0 0
0.9999982 -0.0016381185 0.0011547741 1.074989
0.0016325365 0.9999869 0.0048623695 0.009301718
-0.0011627347 -0.004860418 0.9999873 0.01024192
0 0 0 1
0 0 0 0 0 0 0
0.99999154 -0.004024 0.00025662192 1.08491
0.004023705 0.99999124 0.0008268095 -0.008861068
-0.00025993882 -0.0008258411 0.9999999 0.019671598
0 0 0 1
0 0 0 0 0 0 0
0.99999994 0.00028109024 -0.00069971744 1.1238343
-0.00028035455 0.9999996 0.000982348 0.007177173
0.0006999734 -0.0009821614 0.99999905 0.019253619
0 0 0 1
0 0 0 0 0 0 0
0.9999984 -0.0017279928 -0.0004291691 1.0450125
0.001728907 0.9999976 0.0018562285 0.018486103
0.0004259638 -0.0018569409 0.9999984 0.01755059
0 0 0 1
0 0 0 0 0 0 0
0.9999998 -0.00084975996 -0.0005258764 1.1091231
0.00084987 0.9999986 0.00061935064 0.014600197
0.0005253775 -0.0006197505 0.99999934 0.015602874
0 0 0 1
0 0 0 0 0 0 0
0.999997 -0.0012201216 -0.0019479987 1.099921
0.0012306292 0.9999858 0.0052957153 0.013369376
0.0019414456 -0.0052981293 0.9999842 0.018097034
0 0 0 1
0 0 0 0 0 0 0
0.99998975 0.001570008 -0.004364907 1.063809
-0.0015467451 0.99998367 0.005368903 0.02617525
0.0043733725 -0.0053621097 0.9999764 0.016256012
0 0 0 1
0 0 0 0 0 0 0
0.9999977 -0.0020411992 -0.00040831606 1.1339839
0.0020427536 0.9999917 0.003660329 0.0074029095
0.000400801 -0.0036611182 0.9999931 0.01161998
0 0 0 1
0 0 0 0 0 0 0
0.9999925 0.001006838 0.003578051 1.0599328
-0.0010051087 0.9999994 -0.00047823234 0.010262936
-0.0035785206 0.0004746692 0.9999929 0.012074661
0 0 0 1
0 0 0 0 0 0 0
0.99998087 0.005365031 0.0032648088 1.161291
-0.0053583975 0.9999839 -0.0020461364 0.01439466
-0.0032757975 0.002028606 0.99999285 0.0153752705
0 0 0 1
0 0 0 0 0 0 0
0.9999964 0.0024607165 0.00025156196 1.1145104
-0.002460474 0.9999968 -0.000626331 0.0065109823
-0.00025305225 0.00062570354 1.0000001 0.020070123
0 0 0 1
0 0 0 0 0 0 0
0.99999917 0.0014697697 -0.0007295254 1.0956442
-0.0014696983 0.99999887 0.00012971413 0.002555899
0.0007297671 -0.00012870455 0.9999999 0.014603766
0 0 0 1
0 0 0 0 0 0 0
0.9999948 0.0031987894 0.0008466152 1.1068189
-0.0032009415 0.99999183 0.0025077993 0.010423976
-0.0008386088 -0.0025104594 0.999996 0.016083505
0 0 0 1
0 0 0 0 0 0 0
0.9999838 0.005454148 0.0011256945 1.1440781
-0.0054607713 0.9999673 0.0059801955 0.01026405
-0.0010930528 -0.005986157 0.99998146 0.015864288
0 0 0 1
0 0 0 0 0 0 0
0.9999945 0.0032489928 0.00022730083 1.1273177
-0.0032494047 0.999992 0.0019506237 0.010095459
-0.00022092978 -0.0019514741 0.9999984 0.016974539
0 0 0 1
0 0 0 0 0 0 0
0.9999882 0.004767101 -0.001225525 1.0983871
-0.0047638724 0.99998575 0.0026373274 0.008246449
0.0012380764 -0.0026313292 0.99999547 0.015042121
0 0 0 1
0 0 0 0 0 0 0
0.9999858 0.005376099 -0.0007456 1.1640996
-0.0053769876 0.9999846 -0.0010893896 0.014505284
0.0007396932 0.0010933253 0.99999976 0.020198278
0 0 0 1
0 0 0 0 0 0 0
0.99995387 0.009555254 0.0001227446 1.1183438
-0.009554874 0.99995136 -0.0024365743 0.01714992
-0.00014607601 0.002435154 0.9999971 0.01752475
0 0 0 1
0 0 0 0 0 0 0
0.9999783 0.006449283 0.00093511905 1.1343104
-0.0064485758 0.99997866 -0.00083055906 -0.001202601
-0.0009404802 0.0008245207 0.99999875 0.013390217
0 0 0 1
0 0 0 0 0 0 0
0.99997795 0.006608709 0.0012518577 1.1695596
-0.0066056345 0.99997514 -0.002408799 0.013279944
-0.0012676808 0.0024005491 0.99999624 0.023679936
0 0 0 1
0 0 0 0 0 0 0
0.99998915 0.004502924 0.0010147706 1.1247761
-0.0045038904 0.99999005 0.00096108735 -0.007076688
-0.0010104328 -0.0009656293 0.9999989 0.00981518
0 0 0 1
0 0 0 0 0 0 0
0.9999945 0.0033910836 -0.00022347076 1.1416048
-0.0033914205 0.999993 -0.0014665991 0.011288417
0.00021859682 0.0014673693 0.99999905 0.02005223
0 0 0 1
0 0 0 0 0 0 0
0.99998844 0.0023992553 -0.004151715 1.1618314
-0.0023966006 0.99999726 0.00064781355 -0.00021925794
0.0041532954 -0.00063788705 0.9999908 0.017585674
0 0 0 1
0 0 0 0 0 0 0
0.9999736 0.004969283 -0.005348119 1.1324255
-0.004973325 0.999987 -0.00073744205 0.0016597181
0.005344321 0.0007640234 0.9999858 0.021094946
0 0 0 1
0 0 0 0 0 0 0
0.9999998 0.0004231243 -0.00052260695 1.1401072
-0.00042231265 0.99999833 0.001601666 0.0027504587
0.00052320986 -0.0016015009 0.99999815 0.011981369
0 0 0 1
0 0 0 0 0 0 0
0.99998236 0.005546289 0.0020112237 1.1512862
-0.0055409116 0.9999813 -0.00266112 0.0057348763
-0.002025968 0.0026499194 0.9999952 0.012197902
0 0 0 1
0 0 0 0 0 0 0
0.9999809 0.006058049 0.00035717443 1.1665624
-0.0060578734 0.9999814 -0.00040433463 0.0024034448
-0.0003596071 0.00040213112 0.99999976 0.020483436
0 0 0 1
0 0 0 0 0 0 0
0.999997 0.002769967 -0.00025822766 1.2077823
-0.0027693368 0.9999938 0.0024059233 0.006003534
0.0002649075 -0.0024051657 0.999997 0.01113068
0 0 0 1
0 0 0 0 0 0 0
0.99999434 0.0029707428 0.0012760275 1.15866
-0.0029710517 0.9999949 0.00025580215 0.005849749
-0.001275286 -0.00025957916 0.99999887 0.019234303
0 0 0 1
0 0 0 0 0 0 0
0.9999984 -0.0018252259 -0.00026962787 1.1892438
0.0018254075 0.9999984 0.00069015665 0.008817494
0.00026845207 -0.0006905876 0.99999976 0.01996148
0 0 0 1
0 0 0 0 0 0 0
0.99999833 0.001642898 -0.0010844006 1.1696129
-0.0016414019 0.9999976 0.0013771728 -0.0040151034
0.0010866055 -0.0013753918 0.9999983 0.016220683
0 0 0 1
0 0 0 0 0 0 0
0.9999977 0.0010773431 -0.0014483281 1.1667454
-0.0010807223 0.99999684 -0.0023374571 0.0220449
0.0014457805 0.002339006 0.99999607 0.01710615
0 0 0 1
0 0 0 0 0 0 0
0.9999999 -0.00043573073 -0.00043753724 1.1923686
0.00043411835 0.99999356 -0.0036712058 0.011051822
0.0004392141 0.0036710673 0.9999933 0.019082695
0 0 0 1
0 0 0 0 0 0 0
1.0000004 -0.00022660298 0.0007314224 1.1800959
0.00022814755 0.99999744 -0.0021227556 0.007933231
-0.00073103065 0.0021228348 0.9999979 0.019531786
0 0 0 1
0 0 0 0 0 0 0
0.99999624 0.0001193502 0.0024008225 1.1864821
-0.00011939087 1.0000004 1.9448677e-05 0.002356422
-0.0024007612 -1.9679834e-05 0.99999696 0.018617654
0 0 0 1
0 0 0 0 0 0 0
0.99998796 -0.0040771384 0.0029057264 1.1952956
0.0040734946 0.99999034 0.0012603448 0.02050453
-0.0029108133 -0.0012484909 0.9999947 0.017121494
0 0 0 1
0 0 0 0 0 0 0
0.9999992 0.0001345841 0.0008706997 1.1895019
-0.00013677751 0.99999744 0.0025170618 0.0050457204
-0.00087037985 -0.0025172615 0.99999666 0.020056603
0 0 0 1
0 0 0 0 0 0 0
0.99999475 -0.002537485 -0.002000708 1.1698228
0.002540823 0.9999946 0.0016806604 0.007760383
0.0019963952 -0.0016856766 0.9999965 0.021011049
0 0 0 1
0 0 0 0 0 0 0
0.99999696 0.00046709442 -0.0025331704 1.1639601
-0.0004662084 0.99999976 0.000333642 0.009783872
0.002533306 -0.00033252413 0.9999972 0.019478736
0 0 0 1
0 0 0 0 0 0 0
0.99999213 0.0038517376 -0.00032698215 1.1827441
-0.0038524817 0.999991 -0.0022408473 0.017322885
0.00031842303 0.0022422252 0.99999756 0.022412146
0 0 0 1
0 0 0 0 0 0 0
0.9999969 -0.0026114425 0.0012016557 1.1798611
0.0026132187 0.9999953 -0.0014835702 -0.0039773327
-0.0011978084 0.0014866134 0.99999756 0.018884541
0 0 0 1
0 0 0 0 0 0 0
0.9999918 -0.0028218324 0.0025969655 1.1788
0.002823279 0.999995 -0.0005631094 0.014571499
-0.0025953685 0.0005704312 0.99999636 0.021582674
0 0 0 1
0 0 0 0 0 0 0
0.99999034 0.003416486 0.002720328 1.1889932
-0.003415974 0.9999949 -0.00017608685 0.002839405
-0.002720891 0.00016684072 0.99999654 0.018648041
0 0 0 1
0 0 0 0 0 0 0
0.9999998 -0.0007673643 0.0002877252 1.174426
0.00076707435 0.99999946 0.0008830785 -0.004024166
-0.00028846052 -0.00088286254 0.9999996 0.016541239
0 0 0 1
0 0 0 0 0 0 0
0.99999815 0.0009884713 -0.0018870576 1.1480647
-0.0009882798 0.99999905 9.563838e-05 0.020631148
0.0018872701 -9.3827264e-05 0.9999983 0.024971558
0 0 0 1
0 0 0 0 0 0 0
0.9999994 0.00070872717 -0.0010969458 1.1439192
-0.00071049156 0.99999833 -0.001587248 0.01316498
0.0010958117 0.0015880167 0.99999785 0.017913634
0 0 0 1
0 0 0 0 0 0 0
0.9999953 0.0026361337 0.0011279318 1.1882793
-0.0026347775 0.9999959 -0.0011837988 -0.0016678461
-0.001131088 0.0011809408 0.9999984 0.022563858
0 0 0 1
0 0 0 0 0 0 0
0.9999954 0.0012228613 0.002677016 1.1332492
-0.0012127527 0.9999925 -0.0037718653 0.0067023635
-0.0026817243 0.0037684694 0.9999895 0.01364123
0 0 0 1
0 0 0 0 0 0 0
0.9999978 -0.0008923104 0.0020186824 1.1479772
0.0008941363 0.9999989 -0.000902968 -0.0010928748
-0.0020178144 0.0009048284 0.9999977 0.023365458
0 0 0 1
0 0 0 0 0 0 0
0.99999624 0.002186294 0.0017829031 1.1894135
-0.0021869217 0.9999979 0.0003453906 0.015943458
-0.0017821252 -0.00034929352 0.9999982 0.020012762
0 0 0 1
0 0 0 0 0 0 0
0.99999833 0.0013335088 0.0015364379 1.1902357
-0.0013365936 0.9999973 0.0020047566 0.015057586
-0.0015337411 -0.002006787 0.9999974 0.018241702
0 0 0 1
0 0 0 0 0 0 0
0.99999934 -0.00024736632 -0.0007768783 1.1340958
0.0002488857 0.9999981 0.0019447665 0.00044847908
0.0007762948 -0.0019450542 0.99999785 0.020724509
0 0 0 1
0 0 0 0 0 0 0
0.9999917 0.0025629557 -0.0030808968 1.1403693
-0.0025509512 0.99998844 0.0038969496 0.017574104
0.0030909907 -0.003888949 0.9999868 0.025401369
0 0 0 1
0 0 0 0 0 0 0
0.99999756 0.00026745338 -0.0021996964 1.153962
-0.00026420614 0.9999991 0.001473045 0.011619885
0.0022000042 -0.0014724596 0.9999968 0.017074194
0 0 0 1
0 0 0 0 0 0 0
0.999998 -0.0016686462 -0.00094848126 1.1568924
0.0016684469 0.9999984 -0.00021175628 0.014030399
0.0009488581 0.0002100653 0.99999964 0.020160746
0 0 0 1
0 0 0 0 0 0 0
0.9999913 -0.0041683214 -0.0003772652 1.1518258
0.004167842 0.99999064 -0.0012702612 0.0007130687
0.00038248277 0.0012687667 0.99999964 0.018775832
0 0 0 1
0 0 0 0 0 0 0
0.999998 -0.000109591354 0.002312982 1.142568
0.00010984932 1.0 -0.00011481794 0.024047911
-0.0023127901 0.00011507214 0.99999666 0.014583024
0 0 0 1
0 0 0 0 0 0 0
0.9999962 0.0007281596 0.0024832676 1.1341147
-0.00072377233 0.99999875 -0.0017614011 0.017385049
-0.00248474 0.0017595836 0.99999607 0.023221489
0 0 0 1
0 0 0 0 0 0 0
0.99999934 -0.00042751228 -0.0011657495 1.1683023
0.00043231316 0.9999911 0.004129347 0.0034274675
0.0011641203 -0.0041297893 0.9999902 0.014991781
0 0 0 1
0 0 0 0 0 0 0
0.9999971 -0.0023022636 0.00071975536 1.1596123
0.0022997344 0.99999106 0.0035539318 0.0069849393
-0.0007279452 -0.0035523297 0.9999933 0.012195679
0 0 0 1
0 0 0 0 0 0 0
0.9999974 -0.0021115523 -0.00050895446 1.177591
0.0021128037 0.9999944 0.0025988207 0.018093802
0.00050341646 -0.0025999062 0.9999965 0.014938294
0 0 0 1
0 0 0 0 0 0 0
0.999988 -0.0030612056 -0.0037816297 1.1818534
0.0030637134 0.9999953 0.0006420181 0.006492555
0.0037796684 -0.0006535191 0.9999927 0.020092148
0 0 0 1
0 0 0 0 0 0 0
0.9999888 -0.0012721044 -0.004755206 1.1848317
0.0012856825 0.99999446 0.0028597969 0.01452294
0.0047515286 -0.0028659953 0.9999851 0.019549705
0 0 0 1
0 0 0 0 0 0 0
0.999998 -0.0013914771 -0.0011787069 1.1535199
0.0013858774 0.9999882 -0.0047880285 0.01446634
0.0011852935 0.0047864285 0.99998754 0.008985119
0 0 0 1
0 0 0 0 0 0 0
0.99999094 -0.004212982 -0.00027484816 1.2197523
0.004211385 0.9999761 -0.005319845 -0.010472284
0.00029732293 0.0053186445 0.9999856 0.017585622
0 0 0 1
0 0 0 0 0 0 0
0.99999535 -0.0027163886 0.0010964819 1.2104774
0.0027156842 0.9999961 0.0006682771 0.009676866
-0.0010982912 -0.00066522905 0.9999992 0.016079262
0 0 0 1
0 0 0 0 0 0 0
0.9999911 -0.0007118081 0.004211202 1.2494807
0.00072002964 0.99999875 -0.001954873 0.020698978
-0.004209776 0.0019578729 0.99998957 0.012581652
0 0 0 1
0 0 0 0 0 0 0
0.99999505 -0.0030723903 0.00059391325 1.1964147
0.0030734958 0.9999933 -0.0018896152 -0.0049804808
-0.0005881104 0.001891524 0.9999973 0.016032515
0 0 0 1
0 0 0 0 0 0 0
0.99998355 -0.0034178784 -0.0045330757 1.1990844
0.0034245974 0.9999925 0.001470021 0.0023006536
0.0045280135 -0.0014857167 0.99998933 0.019455368
0 0 0 1
0 0 0 0 0 0 0
0.99999344 -0.00073311856 -0.0035909433 1.2531164
0.00073419954 1.0000002 0.00031043022 0.017967781
0.0035906618 -0.00031290617 0.9999936 0.01224979
0 0 0 1
0 0 0 0 0 0 0
0.99999833 -0.0001309895 -0.0019588491 1.2217871
0.00012915966 0.99999887 -0.00096423674 0.014439135
0.0019590438 0.0009638869 0.99999744 0.015513493
0 0 0 1
0 0 0 0 0 0 0
0.9999994 0.00010476763 0.001383767 1.2615899
-0.00010721726 0.9999989 0.0017721197 0.0033948282
-0.0013836327 -0.001772253 0.9999973 0.017581278
0 0 0 1
0 0 0 0 0 0 0
0.99998796 0.0013495528 0.0045665223 1.2688919
-0.0013688903 0.9999897 0.004219459 0.025309887
-0.0045607593 -0.004225757 0.999981 0.0136920195
0 0 0 1
0 0 0 0 0 0 0
0.9999888 -0.0026322973 0.004073053 1.2624764
0.002608969 0.99998045 0.005719268 0.014190754
-0.004088051 -0.005708498 0.9999754 0.016668536
0 0 0 1
0 0 0 0 0 0 0
0.9999654 -0.0083346525 -0.00051854644 1.2685323
0.008338019 0.9999421 0.006744879 0.014830111
0.0004623424 -0.006748932 0.99997663 0.016296325
0 0 0 1
0 0 0 0 0 0 0
0.9999937 -0.0023048867 -0.002409645 1.2478247
0.002314957 0.99998933 0.0041610044 0.020848205
0.002399953 -0.004166509 0.9999882 0.020653637
0 0 0 1
0 0 0 0 0 0 0
0.99999803 -0.0013001441 -0.0016700333 1.2512872
0.0013037011 0.9999962 0.0021504292 0.026504176
0.0016672737 -0.0021528036 0.99999696 0.019931715
0 0 0 1
0 0 0 0 0 0 0
0.9999966 -0.0026477622 -0.0006045015 1.2533907
0.002647414 0.99999684 -0.00055625546 0.00607992
0.00060601754 0.00055490923 0.9999988 0.021159247
0 0 0 1
0 0 0 0 0 0 0
0.9999985 0.0011277848 -0.0009464024 1.2454398
-0.0011291543 0.9999982 -0.0014266953 0.010430527
0.00094468356 0.0014276423 0.99999917 0.025816608
0 0 0 1
0 0 0 0 0 0 0
0.9999964 0.002629975 0.00083245407 1.2702873
-0.0026303763 0.99999684 0.00054458756 -0.00090004515
-0.00083094847 -0.0005466433 0.9999992 0.019051606
0 0 0 1
0 0 0 0 0 0 0
0.9999704 0.006080907 0.0048029493 1.2711712
-0.0060805157 0.9999813 -9.835897e-05 0.011719338
-0.004803393 6.900902e-05 0.9999884 0.01793153
0 0 0 1
0 0 0 0 0 0 0
0.9998395 0.017250998 0.0047528096 1.1958883
-0.017238526 0.9998479 -0.0026717116 -0.008017921
-0.0047982614 0.0025893974 0.99998516 0.018918581
0 0 0 1
0 0 0 0 0 0 0
0.99996924 0.0077609 -0.0007765747 1.265377
-0.007759864 0.99996877 0.0012551105 0.007896724
0.00078627444 -0.0012490784 0.9999987 0.023888465
0 0 0 1
0 0 0 0 0 0 0
0.99999094 -0.0036734662 -0.0023445387 1.223035
0.0036750296 0.9999926 0.00069370697 -0.0069818953
0.0023419668 -0.00070240995 0.99999726 0.016831141
0 0 0 1
0 0 0 0 0 0 0
0.99991065 -0.013213668 -0.0017502431 1.201937
0.013211302 0.9999124 -0.0014167897 -0.00047413653
0.0017688402 0.0013936763 0.99999785 0.020912362
0 0 0 1
0 0 0 0 0 0 0
0.9999894 -0.004545679 -0.000978198 1.2715116
0.0045462926 0.999989 0.0006504084 0.0024954975
0.00097531104 -0.0006549641 0.999999 0.02203529
0 0 0 1
0 0 0 0 0 0 0
0.9999967 0.0020826838 0.0015900228 1.211289
-0.0020819022 0.9999977 -0.00050355133 0.018427467
-0.0015911382 0.00050030334 0.99999875 0.023263047
0 0 0 1
0 0 0 0 0 0 0
0.9999781 0.0053797998 0.0037749333 1.2775656
-0.0053812233 0.9999854 0.00038061748 0.014404194
-0.003772833 -0.0004010038 0.99999315 0.020638911
0 0 0 1
0 0 0 0 0 0 0
0.99999785 0.0016390574 0.0012916904 1.254459
-0.0016409227 0.99999774 0.0014165875 -0.0017777871
-0.0012892754 -0.0014185889 0.99999744 0.024587475
0 0 0 1
0 0 0 0 0 0 0
0.9999936 0.0026454658 -0.0025643455 1.2148048
-0.0026393028 0.99999356 0.0023963545 0.01354105
0.0025705379 -0.002389556 0.9999942 0.018841365
0 0 0 1
0 0 0 0 0 0 0
0.9999744 0.006463816 -0.0030241872 1.244446
-0.006466375 0.9999794 -0.0008206658 0.009193333
0.0030188342 0.0008401082 0.99999535 0.018845478
0 0 0 1
0 0 0 0 0 0 0
0.9998982 0.014263761 -0.0009813142 1.2309036
-0.014266445 0.9998942 -0.0027912487 0.0106208315
0.00094139925 0.0028050356 0.99999547 0.02529745
0 0 0 1
0 0 0 0 0 0 0
0.99998474 0.00541821 -0.0005402139 1.203646
-0.00541914 0.99998397 -0.0017300871 -0.0027072176
0.00053083675 0.0017329518 0.9999983 0.02095
0 0 0 1
0 0 0 0 0 0 0
0.9999912 -0.0042193253 -0.0004920672 1.2457142
0.0042182105 0.99998826 -0.0022512507 0.005209359
0.00050154905 0.0022491822 0.9999973 0.01975895
0 0 0 1
0 0 0 0 0 0 0
0.99999917 0.0008291446 -0.0009260849 1.2162838
-0.0008316911 0.9999962 -0.0027532903 0.011570135
0.0009238409 0.0027541523 0.99999577 0.027298717
0 0 0 1
0 0 0 0 0 0 0
0.9999941 0.0033600843 0.00028189208 1.2317967
-0.003359706 0.9999932 -0.001332718 0.008719953
-0.00028631714 0.0013316557 0.99999917 0.019217726
0 0 0 1
0 0 0 0 0 0 0
0.99999917 -0.0001866466 0.0015930778 1.2599168
0.00018942877 0.99999857 -0.0017446652 0.0042028115
-0.0015927742 0.0017449169 0.99999744 0.019258691
0 0 0 1
0 0 0 0 0 0 0
0.99998575 0.004808849 0.0021027138 1.2129836
-0.004801537 0.9999822 -0.0034778488 0.008001717
-0.0021193987 0.003467713 0.99999183 0.019597732
0 0 0 1
0 0 0 0 0 0 0
0.9999912 0.00404155 -0.0012824793 1.2635361
-0.004042909 0.99999136 -0.0010270887 0.006095457
0.0012782597 0.0010323159 0.9999986 0.02480057
0 0 0 1
0 0 0 0 0 0 0
0.9999999 0.00010945073 -0.00037398125 1.205015
-0.00010927414 0.9999999 0.00032878888 -0.007316436
0.00037397808 -0.00032867276 0.9999995 0.016809033
0 0 0 1
0 0 0 0 0 0 0
0.99998283 0.003498823 0.0047777486 1.2001476
-0.003504895 0.9999936 0.0012665204 0.0015185256
-0.0047732233 -0.0012833248 0.99998814 0.02186949
0 0 0 1
0 0 0 0 0 0 0
0.99997723 0.0023578624 0.0062730215 1.2567471
-0.0023696655 0.9999953 0.0018577036 0.016601996
-0.0062686233 -0.0018725923 0.9999782 0.01744502
0 0 0 1
0 0 0 0 0 0 0
0.9999933 0.0036127856 0.00038103867 1.2081088
-0.0036149186 0.9999748 0.0060703913 0.01585804
-0.00035904231 -0.0060717063 0.9999815 0.023143208
0 0 0 1
0 0 0 0 0 0 0
0.9999926 0.00050005544 -0.0038526368 1.2550416
-0.0004885568 0.9999956 0.00297869 0.012173197
0.0038540615 -0.0029767703 0.99998826 0.02075314
0 0 0 1
0 0 0 0 0 0 0
0.9999808 0.004257036 -0.0044709384 1.2135301
-0.0042381156 0.9999814 0.004239304 0.013449211
0.004488881 -0.0042202715 0.9999812 0.023303661
0 0 0 1
0 0 0 0 0 0 0
0.99999434 0.00013367638 -0.0034154672 1.1683102
-0.00013035326 0.9999998 0.0009796009 -0.0012681324
0.0034156444 -0.0009791518 0.9999936 0.011923507
0 0 0 1
0 0 0 0 0 0 0
0.999995 -0.00087650213 -0.0029735505 1.2233266
0.00086124765 0.99998677 -0.0051117637 0.0071816505
0.0029779514 0.005109086 0.9999827 0.02519703
0 0 0 1
0 0 0 0 0 0 0
0.9999831 0.0035243735 -0.0046772608 1.2116823
-0.0035386223 0.9999893 -0.0030555585 -0.0008487469
0.0046664677 0.003072154 0.9999838 0.016901467
0 0 0 1
0 0 0 0 0 0 0
0.99999565 -0.00039041095 -0.0027318625 1.2162149
0.0003740825 0.99998236 -0.0059463736 0.0020439506
0.0027340613 0.0059453673 0.999979 0.025923995
0 0 0 1
0 0 0 0 0 0 0
0.99999404 0.0026503282 0.0025184734 1.2236936
-0.0026445785 0.9999932 -0.0022409228 0.0170682
-0.002524256 0.0022341532 0.9999939 0.016709017
0 0 0 1
0 0 0 0 0 0 0
0.99998057 -0.002818526 0.0055724722 1.2185833
0.0028269265 0.99999535 -0.0015125577 -0.00038258304
-0.005568256 0.0015283366 0.99998367 0.015398523
0 0 0 1
0 0 0 0 0 0 0
0.99998784 0.0041824644 0.0026107428 1.2396619
-0.00418354 0.9999909 0.0004191775 0.023606917
-0.0026090103 -0.0004300327 0.99999624 0.021991847
0 0 0 1
0 0 0 0 0 0 0
0.99997824 0.0061910003 -0.001925728 1.1906207
-0.0061841644 0.9999754 0.0035543204 0.013018373
0.0019477017 -0.0035423979 0.9999921 0.0226321
0 0 0 1
0 0 0 0 0 0 0
0.9999957 0.0031150738 -0.0005777841 1.1872882
-0.0031143818 0.9999938 0.0011242802 0.007736468
0.00058128545 -0.0011224481 0.9999988 0.016401669
0 0 0 1
0 0 0 0 0 0 0
0.9999993 0.00032784892 0.00047937158 1.2491143
-0.0003268611 0.9999977 -0.0021081883 0.013862794
-0.00047998564 0.0021079842 0.99999756 0.020150049
0 0 0 1
0 0 0 0 0 0 0
0.99999577 0.0026471652 -0.0016476833 1.1978292
-0.0026471005 0.99999636 2.7686357e-05 0.011372774
0.001647684 -2.318171e-05 0.99999857 0.02303884
0 0 0 1
0 0 0 0 0 0 0
0.9999796 0.006170833 -0.0009363342 1.1468294
-0.0061693983 0.9999805 0.0016160578 0.015469656
0.00094621297 -0.0016103858 0.99999917 0.020976562
0 0 0 1
0 0 0 0 0 0 0
0.99999917 0.00056137075 0.0012325245 1.1729491
-0.00056096906 0.9999992 -0.0002808805 0.015820043
-0.0012326244 0.0002801821 0.9999991 0.024846558
0 0 0 1
0 0 0 0 0 0 0
0.99999696 0.0021465903 0.0016912667 1.0936995
-0.0021476154 0.99999774 0.0006458519 0.01831219
-0.001689819 -0.0006494147 0.9999978 0.026335847
0 0 0 1
0 0 0 0 0 0 0
0.99999744 -0.0010809511 0.001650666 1.1152476
0.0010800799 0.99999934 0.00048637216 0.005203397
-0.0016512903 -0.00048458675 0.9999992 0.030508587
0 0 0 1
0 0 0 0 0 0 0
0.999998 -0.0020243926 0.0010591594 1.077109
0.0020235155 0.9999975 0.0007942285 0.009860145
-0.001060634 -0.00079202175 0.9999984 0.025612362
0 0 0 1
0 0 0 0 0 0 0
0.999999 0.00071818556 0.00084604596 0.9953974
-0.0007168935 0.99999845 -0.0015763681 0.016763108
-0.00084730744 0.0015757182 0.9999985 0.028217804
0 0 0 1
0 0 0 0 0 0 0
0.99999833 -0.0018632046 -0.0007182653 1.0280914
0.0018644196 0.9999969 0.0016508393 0.0041458877
0.00071517576 -0.0016522123 0.99999887 0.025713809
0 0 0 1
0 0 0 0 0 0 0
0.99999595 0.0028035138 8.7233646e-05 0.9634044
-0.0028034744 0.99999565 0.0005297151 0.015690584
-8.5641936e-05 -0.0005300223 1.0 0.026539698
0 0 0 1
0 0 0 0 0 0 0
0.9999994 -0.00017970394 -0.00021706044 0.9630816
0.00017970428 1.0000005 0.0006588811 0.008776234
0.00021686303 -0.0006588186 0.9999994 0.020448908
0 0 0 1
0 0 0 0 0 0 0
0.9999976 -0.0021358482 -0.0012811865 0.9420302
0.0021336996 0.9999957 -0.0017354427 0.0014634281
0.0012848466 0.0017326556 0.9999981 0.023701185
0 0 0 1
0 0 0 0 0 0 0
0.9999936 -0.0017196228 -0.0031032555 0.9364106
0.0017151514 0.9999979 -0.0014651901 0.0058246334
0.0031058493 0.0014598701 0.99999356 0.025817467
0 0 0 1
0 0 0 0 0 0 0
0.9999816 -0.0050051785 -0.0033414557 0.9284726
0.005003021 0.9999871 -0.0006245304 0.027031044
0.0033445668 0.00060781575 0.9999943 0.02116627
0 0 0 1
0 0 0 0 0 0 0
0.9999777 -0.0061052144 -0.0028965173 0.90694624
0.0061137155 0.9999768 0.0029329846 0.017898994
0.0028785586 -0.002950601 0.9999911 0.015910925
0 0 0 1
0 0 0 0 0 0 0
0.9999941 -0.0031119701 -0.000908127 0.90593904
0.003113921 0.9999929 0.0020968874 0.021045161
0.000901517 -0.0020996833 0.9999977 0.015117793
0 0 0 1
0 0 0 0 0 0 0
