0 0 0 0 0 0 0
0.9999318 0.011606285 0.0013379233 0.2811738
-0.011602647 0.99992913 -0.0026449305 -0.0007092116
-0.0013685201 0.0026292251 0.99999607 0.019524228
0 0 0 1
0 0 0 0 0 0 0
0.9999608 0.008791616 0.00083175336 0.2988449
-0.008790151 0.9999599 -0.0017752406 -0.010586134
-0.0008473265 0.0017678587 0.999998 0.00798079
0 0 0 1
0 0 0 0 0 0 0
0.99999833 0.001793902 -0.0008767534 0.2901295
-0.0017963812 0.99999404 -0.0028469577 -0.006666353
0.0008716399 0.002848526 0.9999951 0.0050059524
0 0 0 1
0 0 0 0 0 0 0
0.9999947 -0.003053108 -0.001278659 0.31046572
0.0030517294 0.99999475 -0.0010675256 0.002288127
0.0012819105 0.0010636059 0.99999917 0.0025380368
0 0 0 1
0 0 0 0 0 0 0
0.99997973 -0.0061379536 -0.0014236387 0.31465098
0.006134343 0.9999782 -0.002516736 0.0042944388
0.0014390606 0.002507999 0.9999958 0.001119299
0 0 0 1
0 0 0 0 0 0 0
0.9999377 -0.011146302 -0.0012573322 0.32696608
0.011144959 0.9999372 -0.0010548981 0.01906976
0.0012689919 0.001040771 0.9999983 0.0067429985
0 0 0 1
0 0 0 0 0 0 0
0.99987274 -0.015913231 -0.00045401455 0.33076096
0.015913565 0.9998737 0.00071750925 0.013682676
0.00044253908 -0.00072463613 0.9999992 0.0046483516
0 0 0 1
0 0 0 0 0 0 0
0.9997974 -0.020134987 0.00023361531 0.33978447
0.020133952 0.9997892 0.003912212 0.02489965
-0.0003123248 -0.0039067217 0.9999929 0.004979411
0 0 0 1
0 0 0 0 0 0 0
0.99979585 -0.020115446 -0.001646062 0.35047063
0.020121282 0.9997916 0.003619731 0.027249752
0.0015729105 -0.0036521112 0.9999921 0.0011909546
0 0 0 1
0 0 0 0 0 0 0
0.9997907 -0.020456195 -0.00065629795 0.35349637
0.020456642 0.99979013 0.00057440606 0.024843903
0.00064439635 -0.000587706 0.9999991 0.0043343566
0 0 0 1
0 0 0 0 0 0 0
0.99978924 -0.020518696 0.0011785377 0.3999869
0.020520214 0.9997884 -0.0014039553 0.004882196
-0.0011494794 0.0014278291 0.9999989 0.0020927358
0 0 0 1
0 0 0 0 0 0 0
0.99984866 -0.017344097 0.0006922725 0.38995606
0.017345022 0.9998489 -0.0014359434 0.014080061
-0.00066725584 0.0014477576 0.9999982 0.0040622316
0 0 0 1
0 0 0 0 0 0 0
0.9998687 -0.016254626 7.7747594e-05 0.37878746
0.01625454 0.9998679 0.00032344606 0.02215906
-8.2998005e-05 -0.00032214835 1.0000004 0.003209013
0 0 0 1
0 0 0 0 0 0 0
0.99986225 -0.016523382 0.00094178173 0.43655336
0.016522128 0.9998628 0.0010269072 0.030213663
-0.0009586051 -0.0010112087 0.9999993 0.0038723077
0 0 0 1
0 0 0 0 0 0 0
0.99989814 -0.014289085 -0.0001821344 0.43597528
0.01428999 0.9998972 0.0007417478 0.015956601
0.0001715097 -0.00074428483 0.99999964 0.0029739318
0 0 0 1
0 0 0 0 0 0 0
0.99991727 -0.012830019 -0.0008805647 0.43934894
0.0128290905 0.9999165 -0.0015413524 -0.0008367155
0.00090025883 0.0015299448 0.99999756 0.0028363045
0 0 0 1
0 0 0 0 0 0 0
0.999948 -0.010078203 -0.001749834 0.45321438
0.010072227 0.9999459 -0.0027583973 0.01090785
0.0017775339 0.0027406234 0.9999951 0.0075058127
0 0 0 1
0 0 0 0 0 0 0
0.99997306 -0.0069068363 -0.0022019183 0.46310943
0.0069098594 0.9999753 0.0009371322 0.02332287
0.0021954002 -0.00095232524 0.9999967 0.0023551877
0 0 0 1
0 0 0 0 0 0 0
0.999968 -0.007806853 -0.002101452 0.49725798
0.0078069046 0.9999698 0.00032061173 0.008877886
0.0020988663 -0.0003370038 0.99999785 -0.0022187321
0 0 0 1
0 0 0 0 0 0 0
0.99997264 -0.007005662 -0.0023372378 0.47629753
0.0070055 0.999975 7.076968e-05 0.0016848637
0.0023367314 -8.71444e-05 0.99999756 0.0015832103
0 0 0 1
0 0 0 0 0 0 0
0.9999502 -0.009790097 -0.0018515494 0.5148246
0.009783046 0.9999454 -0.0037376138 0.00057701266
0.0018880263 0.0037193494 0.99999124 0.0028244168
0 0 0 1
0 0 0 0 0 0 0
0.99997073 -0.0076045287 -0.0008131563 0.531284
0.0075998264 0.9999548 -0.0057755713 0.008174101
0.00085698825 0.0057691713 0.9999829 0.0069133323
0 0 0 1
0 0 0 0 0 0 0
0.99996054 -0.008647762 -0.002090431 0.5310761
0.008648091 0.99996173 -0.00031459317 0.010533726
0.002093085 0.0002964918 0.9999975 0.008810088
0 0 0 1
0 0 0 0 0 0 0
0.9999507 -0.008764244 -0.0046234126 0.5614832
0.008783781 0.9999522 0.004421375 0.020039398
0.004584436 -0.0044617434 0.99998003 -0.006251814
0 0 0 1
0 0 0 0 0 0 0
0.99996024 -0.008447213 -0.0030523224 0.5634137
0.00845965 0.9999572 0.0037908307 0.013099729
0.0030201888 -0.0038164833 0.99998844 0.0011707408
0 0 0 1
0 0 0 0 0 0 0
0.99995345 -0.009377248 -0.0021140813 0.5814118
0.009372337 0.99995345 -0.0023078914 0.008583413
0.002135633 0.002287941 0.9999946 0.0029238325
0 0 0 1
0 0 0 0 0 0 0
0.9999541 -0.009480106 -0.0015018587 0.5832899
0.009477453 0.99995327 -0.0014923101 0.018083919
0.0015159006 0.0014780163 0.9999978 0.007044919
0 0 0 1
0 0 0 0 0 0 0
0.99997073 -0.0070607318 -0.0027107992 0.6048235
0.007063393 0.999975 0.0009348899 0.008041667
0.0027041624 -0.00095403666 0.99999624 0.0030902931
0 0 0 1
0 0 0 0 0 0 0
0.9999522 -0.009090602 -0.0036077728 0.6095225
0.009096005 0.99995774 0.0016894711 0.011585965
0.003592239 -0.0017221622 0.99999154 -0.00087369746
0 0 0 1
0 0 0 0 0 0 0
0.9999661 -0.006321932 -0.0053135464 0.64555615
0.0063254554 0.9999797 0.00049658085 0.00647984
0.0053103305 -0.0005301572 0.9999859 0.0036096687
0 0 0 1
0 0 0 0 0 0 0
0.9999481 -0.0071861846 -0.007205964 0.6378085
0.007193857 0.99997306 0.0010411469 0.013797409
0.007198285 -0.0010930108 0.99997395 0.0067923707
0 0 0 1
0 0 0 0 0 0 0
0.99995786 -0.0043782443 -0.008077428 0.6620128
0.0043956363 0.9999889 0.002073826 0.011533212
0.008068349 -0.002109158 0.99996513 0.00051549
0 0 0 1
0 0 0 0 0 0 0
0.9999559 -0.00349353 -0.00868109 0.6524534
0.0035146526 0.9999898 0.002536528 0.0063859834
0.008672143 -0.0025669935 0.99995947 0.0006856896
0 0 0 1
0 0 0 0 0 0 0
0.99994636 -0.005326756 -0.008980158 0.67088306
0.0053601624 0.9999789 0.003765802 0.020970369
0.008959688 -0.0038136868 0.9999518 -0.0021779137
0 0 0 1
0 0 0 0 0 0 0
0.99996734 -0.0036549473 -0.0071135317 0.68628335
0.003678863 0.99998844 0.0031994325 0.003973795
0.0071019228 -0.0032254946 0.9999698 0.0032841926
0 0 0 1
0 0 0 0 0 0 0
0.999963 -0.005713145 -0.0065508517 0.71696156
0.005733254 0.9999784 0.0030224249 0.02257197
0.006533322 -0.0030598857 0.99997365 -0.0007601801
0 0 0 1
0 0 0 0 0 0 0
0.99996847 -0.0050905477 -0.006075248 0.71007395
0.0051109646 0.9999808 0.003557028 0.016911171
0.006056957 -0.0035879912 0.9999753 0.004483423
0 0 0 1
0 0 0 0 0 0 0
0.99997294 -0.004663642 -0.005618401 0.7308423
0.0046874285 0.9999811 0.004033099 0.0018472024
0.0055996412 -0.0040593883 0.99997663 0.0016977702
0 0 0 1
0 0 0 0 0 0 0
0.99998367 -0.0048029097 -0.0032436477 0.7494347
0.004815452 0.9999809 0.0038551285 0.020084089
0.0032245766 -0.0038704465 0.99998754 -0.0005844455
0 0 0 1
0 0 0 0 0 0 0
0.9999818 -0.005798009 -0.0016927664 0.72395927
0.0057998286 0.9999824 0.0012606839 0.013045405
0.0016861432 -0.0012705785 0.9999979 -0.0011059291
0 0 0 1
0 0 0 0 0 0 0
0.99997777 -0.006573066 0.00072031526 0.7940041
0.0065722023 0.999978 0.0007742576 0.007604613
-0.0007254266 -0.00076949905 0.9999991 0.004496294
0 0 0 1
0 0 0 0 0 0 0
0.9999842 -0.0055758962 0.0011254135 0.7931628
0.005577267 0.9999845 -0.0005488408 -0.0019787813
-0.0011225436 0.00055496837 0.9999988 0.0024956623
0 0 0 1
0 0 0 0 0 0 0
0.9999744 -0.0069579226 0.0017127497 0.7386794
0.006959126 0.99997526 -0.00070295547 0.0057516135
-0.0017078803 0.0007149483 0.999999 0.004757594
0 0 0 1
0 0 0 0 0 0 0
0.99995947 -0.008462005 0.002924675 0.7717026
0.008464831 0.9999639 -0.0010888134 0.03350761
-0.0029152276 0.0011135456 0.999995 0.00398535
0 0 0 1
0 0 0 0 0 0 0
0.9999313 -0.010786745 0.0045058834 0.8667146
0.010782364 0.9999418 0.00086266955 -0.02341315
-0.0045150034 -0.0008139363 0.9999887 0.000969378
0 0 0 1
0 0 0 0 0 0 0
0.9999431 -0.009051045 0.005658145 0.80488163
0.009057055 0.9999584 -0.00088955247 0.02417853
-0.005649858 0.0009406282 0.9999836 0.004796057
0 0 0 1
0 0 0 0 0 0 0
0.99995494 -0.00892338 0.0030811997 0.848398
0.008915969 0.9999571 0.0024025012 0.041466597
-0.0031024343 -0.0023749496 0.9999931 0.007342865
0 0 0 1
0 0 0 0 0 0 0
0.9999574 -0.009088654 0.002069284 0.7766346
0.009089592 0.9999585 -0.0003031095 -0.027800893
-0.0020666053 0.00032188397 0.9999972 0.00580647
0 0 0 1
0 0 0 0 0 0 0
0.99994695 -0.010307798 0.00023524913 0.8936131
0.010306409 0.9999455 0.0015555549 0.052857514
-0.00025116352 -0.0015529837 0.99999946 0.008091305
0 0 0 1
0 0 0 0 0 0 0
0.9999549 -0.009414453 0.00055977487 0.8367792
0.009415014 0.9999561 -0.00020335359 -0.013713455
-0.00055774715 0.00020863781 0.99999946 0.001069542
0 0 0 1
0 0 0 0 0 0 0
0.9999646 -0.008299924 0.0015405965 0.8656261
0.008300201 0.9999655 -0.000121284844 0.028245403
-0.0015395106 0.00013395406 0.999999 0.0034406271
0 0 0 1
0 0 0 0 0 0 0
0.99995565 -0.009305127 0.0018452198 0.855544
0.009306727 0.99995625 -0.00093498355 0.0020325552
-0.0018365361 0.0009522208 0.99999815 0.0064655263
0 0 0 1
0 0 0 0 0 0 0
0.9999403 -0.010298003 0.0036390785 0.9276003
0.010302921 0.99994594 -0.0014848126 0.03161426
-0.0036236572 0.0015222289 0.99999136 0.0029999185
0 0 0 1
0 0 0 0 0 0 0
0.9999466 -0.009136474 0.0046975715 0.8864003
0.009145612 0.99995685 -0.0017160412 -0.0059799445
-0.004681639 0.0017589 0.9999877 0.0009445747
0 0 0 1
0 0 0 0 0 0 0
0.99996823 -0.0068016234 0.0042089103 0.834899
0.0068116416 0.99997354 -0.0025698063 0.0064607835
-0.004191358 0.002598452 0.99998826 0.006549569
0 0 0 1
0 0 0 0 0 0 0
0.999953 -0.009492737 0.0019061955 1.0095674
0.009496567 0.9999528 -0.0017798545 0.010504821
-0.0018891327 0.0017977823 0.9999968 0.008247325
0 0 0 1
0 0 0 0 0 0 0
0.9999748 -0.007035464 0.0009886171 0.8874623
0.007035755 0.9999757 -7.650612e-05 0.0030760749
-0.00098809 8.352358e-05 0.9999987 0.0059165205
0 0 0 1
0 0 0 0 0 0 0
0.9999784 -0.0064117946 0.0015751604 0.9542188
0.0064120456 0.9999788 -0.0005555165 0.003834047
-0.0015715746 0.0005655083 0.9999987 -0.00013145123
0 0 0 1
0 0 0 0 0 0 0
0.9999715 -0.007472639 0.00089249713 0.9633948
0.0074759233 0.9999677 -0.0030170605 0.0136007145
-0.0008699339 0.003023679 0.9999958 0.009248384
0 0 0 1
0 0 0 0 0 0 0
0.99999297 -0.003910554 0.00013640571 0.9724123
0.0039106263 0.9999919 -0.0012740841 0.027267827
-0.00013143833 0.00127462 0.99999917 0.0046859
0 0 0 1
0 0 0 0 0 0 0
0.9999871 -0.0049478994 -0.0006645839 0.91272426
0.0049468046 0.99998647 -0.0011592942 0.0031519106
0.00067035673 0.0011559415 0.999999 0.0058849733
0 0 0 1
0 0 0 0 0 0 0
0.99999744 -0.0023528775 -0.0005154238 1.0970031
0.0023532049 0.9999975 0.0004311673 -0.0006422021
0.0005144211 -0.0004323371 0.99999905 0.0030545178
0 0 0 1
0 0 0 0 0 0 0
0.9999949 -0.0029860449 0.0007479865 0.9593566
0.002986294 0.9999953 0.00050692033 0.019493941
-0.00074957823 -0.00050467154 0.99999994 0.0031714248
0 0 0 1
0 0 0 0 0 0 0
0.99999774 0.0015691618 0.0016773787 0.9433312
-0.0015673463 0.99999726 -0.0013813002 -0.0027266818
-0.0016795717 0.0013786552 0.99999744 0.0041785277
0 0 0 1
0 0 0 0 0 0 0
0.9999945 -0.0031728377 0.0004470327 1.1592038
0.003173974 0.9999924 -0.0023742267 -0.031921975
-0.000439414 0.0023755971 0.99999774 0.0054124724
0 0 0 1
0 0 0 0 0 0 0
0.999999 -0.00093856466 -0.00051163667 0.97832453
0.00093766494 0.9999987 -0.0015039712 0.016612718
0.000513135 0.0015035529 0.9999988 0.0055827126
0 0 0 1
0 0 0 0 0 0 0
1.0000005 -0.00012180044 -0.0005056415 0.9914758
0.000120781 0.99999887 -0.0014632493 0.0046221837
0.0005056513 0.0014631667 0.99999815 0.0048606065
0 0 0 1
0 0 0 0 0 0 0
0.9999824 -0.0056460584 0.0014718828 1.154699
0.0056494405 0.99998116 -0.0022802262 0.011121821
-0.0014588794 0.0022885334 0.99999684 0.005939759
0 0 0 1
0 0 0 0 0 0 0
0.99997944 -0.0055140485 0.003415677 1.0868328
0.0055215964 0.9999834 -0.0021443237 -0.02829584
-0.0034037826 0.002163061 0.9999914 0.006815874
0 0 0 1
0 0 0 0 0 0 0
0.9999844 -0.0036551165 0.0041236198 0.93120736
0.0036648796 0.9999897 -0.0022974806 0.03189129
-0.0041151782 0.002312562 0.9999889 0.012788421
0 0 0 1
0 0 0 0 0 0 0
0.9999751 -0.006579888 0.002607738 1.0916101
0.006587177 0.9999748 -0.00294406 -0.0042441855
-0.0025883017 0.002961182 0.99999255 0.010791179
0 0 0 1
0 0 0 0 0 0 0
0.9998936 -0.014353916 -0.002562428 1.106009
0.014349303 0.99989516 -0.0018389968 0.011594261
0.0025884598 0.0018020933 0.9999952 0.016182888
0 0 0 1
0 0 0 0 0 0 0
0.9999453 -0.009851535 -0.0037323688 0.99621296
0.009848952 0.9999507 -0.0007106584 0.0146089075
0.0037392161 0.00067384494 0.9999922 0.0133567685
0 0 0 1
0 0 0 0 0 0 0
0.9998935 -0.0145596 1.2562491e-05 1.1784495
0.014560126 0.99989396 6.150957e-05 -0.03895297
-1.3363809e-05 -6.144792e-05 1.0000006 0.008473057
0 0 0 1
0 0 0 0 0 0 0
0.9999255 -0.011224713 0.0048248614 1.0770783
0.011224957 0.9999377 -0.00010472277 0.010189396
-0.00482342 0.00015894658 0.99998844 0.0054783374
0 0 0 1
0 0 0 0 0 0 0
0.9999627 -0.0068661603 0.005169026 1.0168811
0.0068718414 0.9999757 -0.0009218484 0.012878581
-0.0051624635 0.00095729326 0.9999863 0.014408693
0 0 0 1
0 0 0 0 0 0 0
0.99996805 -0.0078019616 -0.0016018219 1.0310773
0.007805956 0.9999645 0.00319411 0.005120516
0.0015767056 -0.0032065078 0.99999255 0.013233573
0 0 0 1
0 0 0 0 0 0 0
0.99996334 -0.0069824834 -0.005011785 1.0556225
0.006984048 0.99997604 0.00015969359 0.0042122863
0.0050105676 -0.0001946152 0.999988 0.0111691095
0 0 0 1
0 0 0 0 0 0 0
0.9999613 -0.0058814264 -0.0066348156 1.1252556
0.005903002 0.99997604 0.0033419137 0.008383872
0.0066149672 -0.0033809696 0.99997246 0.016967542
0 0 0 1
0 0 0 0 0 0 0
0.99999154 -0.003273654 -0.0021107525 1.070368
0.0032734552 0.999995 -9.901454e-05 0.028688548
0.0021110927 9.2149094e-05 0.9999975 0.008763529
0 0 0 1
0 0 0 0 0 0 0
0.9999431 -0.010042708 0.0036260262 1.131899
0.010045621 0.9999493 -0.00069528143 -0.027756352
-0.0036187952 0.0007316305 0.9999934 0.008727168
0 0 0 1
0 0 0 0 0 0 0
0.99998194 -0.0018930752 0.005733338 1.0001922
0.0019084285 0.9999951 -0.0025045862 0.022938492
-0.0057286085 0.0025154331 0.99998045 0.009239148
0 0 0 1
0 0 0 0 0 0 0
0.99997765 -0.006148737 0.0026397626 1.1008168
0.0061499374 0.9999811 -0.0007150912 0.0007590581
-0.0026353223 0.00073140464 0.99999666 0.01362683
0 0 0 1
0 0 0 0 0 0 0
0.9999822 -0.0059909895 -0.00017407208 1.1306158
0.0059903897 0.9999779 0.0027436325 0.014741867
0.00015762697 -0.002744699 0.999996 0.011636545
0 0 0 1
0 0 0 0 0 0 0
0.99997205 -0.0072156214 -0.002106032 1.0961547
0.007214489 0.9999736 -0.00084709824 -0.035451267
0.0021120398 0.00083189126 0.9999967 0.010046998
0 0 0 1
0 0 0 0 0 0 0
0.9999887 -0.0038987221 -0.002785299 1.1028148
0.003898538 0.99999243 2.5794168e-05 0.083054595
0.002785265 -3.670735e-05 0.9999965 0.016278679
0 0 0 1
0 0 0 0 0 0 0
0.99995834 -0.009073751 -0.0006285157 1.0513675
0.009073749 0.9999586 -0.0006002447 -0.08127296
0.0006339396 0.00059453433 1.0 0.007045573
0 0 0 1
0 0 0 0 0 0 0
0.9999734 -0.0072186086 0.00092138094 1.060311
0.0072202617 0.9999705 -0.002602064 0.04847489
-0.00090263854 0.002608699 0.9999959 0.011125256
0 0 0 1
0 0 0 0 0 0 0
0.9999694 -0.007735545 0.00036667817 1.080471
0.0077363295 0.9999698 -0.0004318466 0.006093259
-0.00036326976 0.00043472025 0.9999995 0.011934154
0 0 0 1
0 0 0 0 0 0 0
0.999958 -0.00918141 -0.0010003797 1.1658812
0.009180428 0.9999584 -0.0003726929 0.012038002
0.001003764 0.00036348499 0.9999998 0.012597315
0 0 0 1
0 0 0 0 0 0 0
0.99996847 -0.007815351 -0.0013101312 1.0128547
0.00781504 0.9999685 -0.0005768301 -0.022576166
0.0013145633 0.00056653726 0.99999875 0.009986642
0 0 0 1
0 0 0 0 0 0 0
0.99996096 -0.008783452 -0.00082847633 1.1809319
0.00878386 0.99996185 -0.00093299616 0.0792568
0.00083665206 0.00092556723 0.9999995 0.014570447
0 0 0 1
0 0 0 0 0 0 0
0.9999652 -0.008211737 -0.0013265474 1.0233519
0.008209399 0.9999654 -0.0011217245 -0.023642447
0.0013357289 0.0011109033 0.99999803 0.008909846
0 0 0 1
0 0 0 0 0 0 0
0.99994355 -0.010503846 -0.00159401 1.1386573
0.010502282 0.9999443 -0.0010250976 0.025997678
0.0016046475 0.0010082738 0.99999833 0.01225483
0 0 0 1
0 0 0 0 0 0 0
0.9999579 -0.0091596255 0.00013567257 1.075361
0.0091591785 0.9999569 -0.0012946692 -0.006912595
-0.00012381599 0.0012958373 0.99999946 0.007746232
0 0 0 1
0 0 0 0 0 0 0
0.999968 -0.007977794 0.0010664447 0.92341805
0.007979026 0.9999678 -0.0013892972 0.019873627
-0.0010552745 0.0013977643 0.9999983 0.009237962
0 0 0 1
0 0 0 0 0 0 0
0.9999372 -0.011187158 0.00090373727 1.0117441
0.0111896135 0.999935 -0.0022782034 -0.022114018
-0.0008782888 0.0022882016 0.99999666 0.008297136
0 0 0 1
0 0 0 0 0 0 0
0.9999589 -0.009057074 -0.00077677914 1.0954968
0.00905673 0.9999573 -0.0013626236 -0.027042955
0.00078914245 0.001355542 0.99999875 0.013193691
0 0 0 1
0 0 0 0 0 0 0
0.9999593 -0.0087403795 -0.00209147 1.3431449
0.008739361 0.999962 -0.00030909022 0.06907423
0.0020941254 0.0002907915 0.99999815 0.016547661
0 0 0 1
0 0 0 0 0 0 0
0.9999642 -0.008525299 -0.00020397635 1.139624
0.00852555 0.99996245 0.0013894893 0.016583154
0.00019206159 -0.0013911242 0.9999985 0.0055558113
0 0 0 1
0 0 0 0 0 0 0
0.9999631 -0.008496165 0.001004169 0.9461036
0.008497485 0.9999635 -0.0011679187 0.028294604
-0.0009940795 0.0011763772 0.9999991 0.007417001
0 0 0 1
0 0 0 0 0 0 0
0.9999783 -0.0066278945 5.707351e-05 1.1427584
0.0066281273 0.99997807 0.00048823812 0.017671594
-6.042979e-05 -0.0004878997 0.9999996 0.010642897
0 0 0 1
0 0 0 0 0 0 0
0.999979 -0.006373573 -0.0010072283 1.1581542
0.0063732513 0.9999796 -0.00025267978 -0.018342495
0.0010089069 0.00024625918 1.0 0.012921099
0 0 0 1
0 0 0 0 0 0 0
0.9999639 -0.008064301 -0.0025853724 1.1787078
0.008064954 0.99996686 0.00046746677 0.021793868
0.0025814571 -0.0004883286 0.99999624 0.011115667
0 0 0 1
0 0 0 0 0 0 0
0.99997836 -0.005966768 -0.0029274137 1.1708981
0.0059659304 0.9999831 -0.00041124615 0.017882444
0.0029298428 0.00039386627 0.9999961 0.012011213
0 0 0 1
0 0 0 0 0 0 0
0.99996406 -0.008375651 -0.0011317522 1.1596309
0.0083777215 0.99996233 0.0019424959 -0.040977344
0.0011154151 -0.0019519101 0.9999968 0.008834245
0 0 0 1
0 0 0 0 0 0 0
0.9999846 -0.005379734 0.001334141 1.1286539
0.005383499 0.9999828 -0.0025597767 0.05223621
-0.0013203333 0.0025669194 0.99999636 0.0073981727
0 0 0 1
0 0 0 0 0 0 0
0.9999825 -0.0058545587 0.0009002914 1.114847
0.0058559463 0.999982 -0.0015073739 0.006507771
-0.0008914269 0.0015125783 0.999998 0.0108065
0 0 0 1
0 0 0 0 0 0 0
0.9999612 -0.008775398 -0.00021355576 1.2311502
0.008775307 0.9999607 -0.00021556538 0.0030764122
0.00021537891 0.00021365249 1.0000002 0.014218868
0 0 0 1
0 0 0 0 0 0 0
0.9999791 -0.0064316825 -0.0009397206 1.1817147
0.006430001 0.9999779 -0.0015709993 -0.01573209
0.0009498809 0.0015649445 0.99999857 0.010105938
0 0 0 1
0 0 0 0 0 0 0
0.9999902 -0.004418673 0.00043741975 1.1521069
0.0044187866 0.99999034 -0.000825777 0.017408734
-0.00043380633 0.0008276955 0.9999989 0.012924396
0 0 0 1
0 0 0 0 0 0 0
0.99997646 -0.0067733866 0.00019251952 1.2034366
0.006774005 0.9999743 -0.0022680315 0.0025115903
-0.00017713167 0.0022693044 0.99999833 0.005449914
0 0 0 1
0 0 0 0 0 0 0
0.9999893 -0.00448132 -0.0009445941 1.1521955
0.0044778255 0.999983 -0.0036574665 -0.0007924157
0.0009610311 0.003653202 0.9999923 0.013333904
0 0 0 1
0 0 0 0 0 0 0
0.99997514 -0.0065444894 -0.0029268207 1.2610972
0.0065344735 0.9999728 -0.0035202336 0.0033586365
0.0029496832 0.003500988 0.9999901 0.010766487
0 0 0 1
0 0 0 0 0 0 0
0.99996763 -0.007582846 -0.002320897 1.2483218
0.007573859 0.99996436 -0.0037172798 -0.03151919
0.0023490647 0.0036996596 0.9999904 0.007908279
0 0 0 1
0 0 0 0 0 0 0
0.9999527 -0.009751972 0.00030843585 1.1781938
0.009754654 0.9999263 -0.0071639535 0.009794038
-0.00023858612 0.0071665533 0.9999739 0.011193845
0 0 0 1
0 0 0 0 0 0 0
0.9999767 -0.0067972788 -0.0005521478 1.1883249
0.0067937565 0.9999642 -0.005034836 0.03788342
0.000586333 0.005030945 0.9999873 0.014365939
0 0 0 1
0 0 0 0 0 0 0
0.99990803 -0.013527938 0.0013076197 1.1966696
0.013532944 0.9999014 -0.0038616327 -0.013528213
-0.0012552217 0.0038789664 0.9999912 0.009745095
0 0 0 1
0 0 0 0 0 0 0
0.9999265 -0.011801492 0.0026538975 1.225655
0.011807058 0.9999279 -0.0020172063 -0.017961552
-0.0026298591 0.0020484151 0.99999464 0.0053670323
0 0 0 1
0 0 0 0 0 0 0
0.999968 -0.007952916 0.0005944605 1.1760036
0.007952712 0.99996823 -0.0008112014 0.084933944
-0.00058806 0.0008159947 0.9999991 0.01597587
0 0 0 1
0 0 0 0 0 0 0
0.9999088 -0.013345945 -0.0021843994 1.2520967
0.013350804 0.99990875 0.0022360282 -0.016045844
0.0021543766 -0.0022650927 0.9999959 0.007948562
0 0 0 1
0 0 0 0 0 0 0
0.9999337 -0.011357399 -0.0018784766 1.1904104
0.0113524785 0.999932 -0.0026740336 0.026992312
0.0019087105 0.002652607 0.99999464 0.015374893
0 0 0 1
0 0 0 0 0 0 0
0.9999416 -0.010705488 -0.0015716563 1.2796241
0.010707457 0.99994177 0.0012044673 -0.005837842
0.001558661 -0.0012213128 0.99999774 0.0059487782
0 0 0 1
0 0 0 0 0 0 0
0.99991053 -0.013328837 0.0013596436 1.1895037
0.013336011 0.9998976 -0.0051698093 0.03297527
-0.001290581 0.005187488 0.99998564 0.00960806
0 0 0 1
0 0 0 0 0 0 0
0.9999136 -0.013078164 0.0015428654 1.2821429
0.013080869 0.9999124 -0.0019573222 -0.0035105506
-0.0015172318 0.0019773862 0.9999967 0.012541144
0 0 0 1
0 0 0 0 0 0 0
0.9999148 -0.013015402 0.00011932856 1.238778
0.013015441 0.99991405 -0.0014205083 0.028860366
-0.000100759404 0.0014218723 0.9999991 0.011676207
0 0 0 1
0 0 0 0 0 0 0
0.9999525 -0.009614059 -0.001453024 1.247309
0.009616812 0.9999531 0.00145595 -0.012899822
0.001439008 -0.0014698395 0.99999845 0.013095314
0 0 0 1
0 0 0 0 0 0 0
0.9998988 -0.014220709 -0.0009564314 1.2376363
0.014220197 0.9998984 -0.00083484827 0.04154657
0.00096829154 0.0008211237 0.99999917 0.0069975723
0 0 0 1
0 0 0 0 0 0 0
0.999944 -0.010462239 -0.0013720692 1.3101424
0.010463098 0.99994427 0.0014650101 0.0044427398
0.0013565306 -0.001479141 0.99999726 0.014283272
0 0 0 1
0 0 0 0 0 0 0
0.99993634 -0.011267629 -0.0002411051 1.2089099
0.011268555 0.9999367 -0.00020779352 0.03449007
0.0002434871 0.00020506055 1.0000002 0.009885453
0 0 0 1
0 0 0 0 0 0 0
0.9999486 -0.009989856 0.001959493 1.3294472
0.009988774 0.99995023 0.00030732938 0.013550551
-0.0019624748 -0.00028779818 0.9999981 0.00948481
0 0 0 1
0 0 0 0 0 0 0
0.9999518 -0.009399002 0.002822577 1.272219
0.009404552 0.999954 -0.0016564669 0.03626913
-0.002806907 0.0016829295 0.99999434 0.011934641
0 0 0 1
0 0 0 0 0 0 0
0.99996734 -0.00805065 -0.00015664886 1.2524856
0.008050101 0.9999681 -0.0007986677 0.013367405
0.00016306528 0.00079738855 0.99999946 0.011826709
0 0 0 1
0 0 0 0 0 0 0
0.9999648 -0.008179924 -0.0020302045 1.2993423
0.0081771705 0.99996537 -0.0012793225 0.0045050364
0.0020406235 0.0012625846 0.99999803 0.015346363
0 0 0 1
0 0 0 0 0 0 0
0.99995327 -0.009415152 -0.0021997583 1.309557
0.0094072195 0.99995095 -0.0030926575 0.00055166404
0.0022287474 0.003071924 0.9999928 0.011767032
0 0 0 1
0 0 0 0 0 0 0
0.99997514 -0.006418378 -0.0027517604 1.2987041
0.006414937 0.99997824 -0.0015993066 0.021803487
0.0027620005 0.0015815784 0.99999404 0.015021708
0 0 0 1
0 0 0 0 0 0 0
0.999971 -0.0072354814 -0.002450685 1.3264111
0.007230363 0.9999711 -0.0021032165 0.006490616
0.0024658346 0.002085471 0.99999547 0.0123159755
0 0 0 1
0 0 0 0 0 0 0
0.9999903 -0.0044238055 2.6322328e-05 1.3817853
0.0044237953 0.9999879 -0.0023774009 0.015074468
-1.5891583e-05 0.0023774947 0.99999666 0.012797404
0 0 0 1
0 0 0 0 0 0 0
0.9999884 -0.0032906816 0.0035528522 1.1563878
0.0033008244 0.9999901 -0.002814884 0.013962189
-0.003543454 0.0028265382 0.9999904 0.012756259
0 0 0 1
0 0 0 0 0 0 0
0.9999801 -0.0047859373 0.0041448832 1.3265306
0.0048034852 0.99998033 -0.0040898584 -0.009147309
-0.0041252957 0.004109656 0.9999825 0.019047907
0 0 0 1
0 0 0 0 0 0 0
0.9999974 -0.0017220667 0.0015231543 1.1453352
0.0017233462 0.9999977 -0.001317298 -0.0028592888
-0.0015208644 0.0013199359 0.9999987 0.017135758
0 0 0 1
0 0 0 0 0 0 0
0.99998194 -0.005883698 0.000941014 1.4017099
0.0058844723 0.9999818 -0.0011896378 0.027132152
-0.0009339717 0.0011952046 0.99999785 0.01527681
0 0 0 1
0 0 0 0 0 0 0
0.99999654 -0.0016257403 0.00202948 1.202741
0.0016306431 0.99999624 -0.0021277494 -0.008021993
-0.002025957 0.0021310537 0.99999607 0.019157859
0 0 0 1
0 0 0 0 0 0 0
0.99999833 -0.0010636771 0.0016760149 1.2335912
0.001068846 0.9999954 -0.0029066408 0.012181435
-0.0016729744 0.0029083265 0.9999941 0.016291209
0 0 0 1
0 0 0 0 0 0 0
0.99999565 -0.0029446362 0.00022216806 1.2436512
0.002944285 0.9999949 -0.0014871745 -0.0028110466
-0.00021785375 0.0014879232 0.99999905 0.021169428
0 0 0 1
0 0 0 0 0 0 0
0.99999756 -0.002301467 0.0006801843 1.2333481
0.0023032357 0.99999315 -0.0028236099 0.0051618014
-0.00067369954 0.0028251768 0.99999565 0.016763123
0 0 0 1
0 0 0 0 0 0 0
0.9999937 -0.0022451815 0.0025527996 1.202699
0.0022527652 0.99999297 -0.0028170233 -0.0052802092
-0.00254634 0.002822757 0.9999933 0.018152915
0 0 0 1
0 0 0 0 0 0 0
0.9999979 -0.0007725486 0.0016667508 1.2104316
0.0007780193 0.9999943 -0.0034346604 0.010474698
-0.0016641866 0.00343595 0.9999924 0.022902472
0 0 0 1
0 0 0 0 0 0 0
0.9999982 -0.0023176442 0.00018023919 1.161656
0.00231814 0.9999966 -0.0013921126 0.008821294
-0.00017705969 0.001392428 0.9999988 0.019485086
0 0 0 1
0 0 0 0 0 0 0
0.99999565 -0.0027566776 -0.00072343496 1.2398533
0.002756442 0.99999547 -0.00077736715 0.006621187
0.00072553795 0.0007754462 0.99999964 0.017704792
0 0 0 1
0 0 0 0 0 0 0
0.9999975 0.0014286472 -0.0013827025 1.1295375
-0.0014301882 0.99999875 -0.00077156496 -0.012370671
0.0013818335 0.00077355653 0.99999934 0.02479314
0 0 0 1
0 0 0 0 0 0 0
0.9999973 0.00226486 -0.0009910741 1.1433256
-0.0022633804 0.9999968 0.0015656576 0.016764672
0.0009944901 -0.0015633958 0.9999978 0.01890041
0 0 0 1
0 0 0 0 0 0 0
0.99999976 0.0009664454 -0.00040278633 1.1588267
-0.00096538157 0.9999954 0.002576166 0.004082199
0.00040523743 -0.0025757507 0.99999624 0.019155394
0 0 0 1
0 0 0 0 0 0 0
0.99998873 0.0044025825 -0.0013534277 1.1480227
-0.004399457 0.99998677 0.002620293 0.002491858
0.0013650269 -0.002614352 0.99999607 0.02090082
0 0 0 1
0 0 0 0 0 0 0
0.9999916 0.0040164026 -0.0010359344 1.1168596
-0.0040144874 0.9999913 0.0015303998 0.013703623
0.0010421078 -0.0015263307 0.99999785 0.017202403
0 0 0 1
0 0 0 0 0 0 0
0.9999686 0.007921166 -0.0004125686 1.0890754
-0.007920297 0.9999677 0.0017326138 -0.007965078
0.00042621198 -0.0017292823 0.99999833 0.015176301
0 0 0 1
0 0 0 0 0 0 0
0.99997973 0.006389809 0.0007357319 1.1569127
-0.006391376 0.9999782 0.0014517354 0.009307227
-0.00072642334 -0.0014563987 0.99999946 0.01838133
0 0 0 1
0 0 0 0 0 0 0
0.9999499 0.009948336 0.0004725885 1.1193081
-0.009948263 0.9999498 0.00078429823 0.0028312611
-0.00046470796 -0.00078884925 0.99999934 0.015538942
0 0 0 1
0 0 0 0 0 0 0
0.9999335 0.011578333 8.533988e-05 1.1343123
-0.0115779415 0.9999312 0.0017020666 -0.017029924
-6.5672524e-05 -0.0017029559 0.99999875 0.015420998
0 0 0 1
0 0 0 0 0 0 0
0.999978 0.0065296628 -3.042221e-05 1.073822
-0.006529578 0.9999787 0.0005383152 0.021602485
3.3974713e-05 -0.00053815165 0.99999994 0.014726168
0 0 0 1
0 0 0 0 0 0 0
0.99989986 0.014030141 -0.0017128953 1.0594524
-0.014027201 0.9999004 0.0018919905 -0.010042625
0.0017392272 -0.0018677614 0.99999654 0.014224864
0 0 0 1
0 0 0 0 0 0 0
0.9999301 0.011564689 -0.0025734608 1.1332859
-0.0115563525 0.9999266 0.003538277 0.0030703237
0.0026142094 -0.003508235 0.99999017 0.015500266
0 0 0 1
0 0 0 0 0 0 0
0.9999125 0.01317585 -0.0015892229 1.09659
-0.013170017 0.99990815 0.0031662546 -0.022113485
0.0016306842 -0.0031451506 0.99999374 0.015188256
0 0 0 1
0 0 0 0 0 0 0
0.99990034 0.01408822 0.00015559676 0.854431
-0.014088498 0.9998945 0.0036149966 -0.0034179492
-0.00010459602 -0.0036168685 0.9999933 0.008041844
0 0 0 1
0 0 0 0 0 0 0
0.9999021 0.013907042 0.0018947239 1.0866127
-0.013911132 0.999901 0.0021237768 0.0004623076
-0.0018650109 -0.0021498962 0.9999963 0.011897702
0 0 0 1
0 0 0 0 0 0 0
0.99990654 0.013519797 0.0015759843 1.1988231
-0.0135217365 0.9999084 0.0009001177 -0.0028291806
-0.0015636198 -0.0009212491 0.99999815 0.017158557
0 0 0 1
0 0 0 0 0 0 0
0.99990326 0.013928145 0.0007565265 1.0989844
-0.013930354 0.99990076 0.0019105376 -0.035022948
-0.0007298331 -0.001920937 0.9999984 0.016367678
0 0 0 1
0 0 0 0 0 0 0
0.9999076 0.013590822 -0.000872343 1.00783
-0.013589189 0.99990755 0.00083863287 0.01964364
0.0008835635 -0.00082667044 0.99999857 0.016263237
0 0 0 1
0 0 0 0 0 0 0
0.99989593 0.014380067 -0.0010405025 1.0338918
-0.014380052 0.9998966 -0.00014518741 0.0066446248
0.0010383654 0.00016014355 0.9999996 0.01395619
0 0 0 1
0 0 0 0 0 0 0
0.99989307 0.01456964 -0.0012396332 1.068838
-0.014571814 0.999892 -0.0020479653 -0.027314277
0.0012095933 0.002065695 0.99999756 0.015493453
0 0 0 1
0 0 0 0 0 0 0
0.99993926 0.011014223 0.00041292826 1.0185862
-0.011015599 0.9999363 0.002047155 0.013896783
-0.00039036732 -0.0020515132 0.9999977 0.016698413
0 0 0 1
0 0 0 0 0 0 0
0.99991727 0.01273479 0.0015000248 1.0711777
-0.012736649 0.99991786 0.0012736504 -0.026335428
-0.0014836001 -0.0012925953 0.9999978 0.016152529
0 0 0 1
0 0 0 0 0 0 0
0.99991965 0.012344236 0.0029154662 1.0410644
-0.012341803 0.999924 -0.0007758976 0.015503624
-0.0029247997 0.00073987327 0.99999547 0.0124121
0 0 0 1
0 0 0 0 0 0 0
0.99994427 0.010467228 0.0009864359 1.0012734
-0.01046812 0.99994504 0.00088529784 0.0038729892
-0.0009771112 -0.0008956968 0.9999991 0.01926626
0 0 0 1
0 0 0 0 0 0 0
0.99988794 0.014964103 -0.0009189215 0.9970518
-0.014960738 0.9998823 0.0033882244 -0.009957728
0.00096946576 -0.0033740948 0.9999938 0.015500143
0 0 0 1
0 0 0 0 0 0 0
0.99990976 0.013333816 -0.0013138424 1.0124724
-0.013330073 0.9999053 0.0033622638 0.0013330753
0.0013586171 -0.0033443656 0.9999933 0.014328975
0 0 0 1
0 0 0 0 0 0 0
0.9999514 0.009918944 0.00018985859 0.96308106
-0.009919461 0.99995095 0.00056185585 -0.022499906
-0.00018434072 -0.00056376576 1.0 0.015047697
0 0 0 1
0 0 0 0 0 0 0
0.99989617 0.014330791 0.0015875482 0.9675141
-0.014332253 0.99989593 0.001219857 0.002464956
-0.0015698724 -0.0012424744 0.9999987 0.017776432
0 0 0 1
0 0 0 0 0 0 0
0.99994123 0.0106053185 0.0019414257 1.0063282
-0.010605123 0.99994415 5.6372965e-06 -0.02390068
-0.0019413064 -2.6225907e-05 0.99999714 0.012575474
0 0 0 1
0 0 0 0 0 0 0
0.9999616 0.008746767 0.0009472969 0.9351997
-0.008747006 0.99996173 7.741622e-05 0.02567394
-0.00094656687 -8.5745174e-05 1.0000004 0.01938102
0 0 0 1
0 0 0 0 0 0 0
0.9999219 0.012500317 -0.0003341352 0.97496235
-0.01249924 0.9999203 0.001668331 -0.024142737
0.000354954 -0.0016639746 0.99999845 0.013373193
0 0 0 1
0 0 0 0 0 0 0
0.99994564 0.010393787 0.0009323072 0.9125224
-0.010395198 0.9999452 0.001319408 0.007964695
-0.0009185218 -0.0013290016 0.99999815 0.018070804
0 0 0 1
0 0 0 0 0 0 0
0.9999506 0.009608984 0.0022639176 0.9676906
-0.009614198 0.9999515 0.002151295 -0.02669095
-0.0022430732 -0.0021729227 0.9999955 0.011188334
0 0 0 1
0 0 0 0 0 0 0
0.9999455 0.010141095 0.0025021473 0.92257077
-0.010142183 0.9999485 0.00070227426 0.010976041
-0.0024949114 -0.00072767213 0.9999965 0.01850578
0 0 0 1
0 0 0 0 0 0 0
0.99993145 0.0117713595 0.00072866376 0.92761505
-0.011772753 0.9999295 0.0013071841 -0.015931254
-0.0007133037 -0.0013156771 0.99999905 0.01681908
0 0 0 1
0 0 0 0 0 0 0
0.99996567 0.008219698 0.0004847942 0.93840605
-0.008219589 0.99996555 0.0016177534 0.004521328
-0.00047144285 -0.001621666 0.99999815 0.021092737
0 0 0 1
0 0 0 0 0 0 0
0.9999048 0.013734556 0.0011651989 0.87742156
-0.013738598 0.99990046 0.0030189296 -0.0052624648
-0.0011236168 -0.0030345959 0.99999565 0.009113832
0 0 0 1
0 0 0 0 0 0 0
0.9999283 0.011603485 0.0030868344 0.96160406
-0.011607352 0.99993277 0.0010899126 -0.0015416557
-0.0030739484 -0.0011257662 0.9999938 0.018599432
0 0 0 1
0 0 0 0 0 0 0
0.99986446 0.016239138 0.0027589798 0.81193054
-0.016244134 0.9998655 0.0018844192 0.0086518545
-0.0027280748 -0.0019289656 0.99999464 0.010772533
0 0 0 1
0 0 0 0 0 0 0
0.99991834 0.012684122 0.001482015 0.9271481
-0.01268883 0.9999164 0.002786924 -0.013820218
-0.0014464828 -0.0028054402 0.99999547 0.020104682
0 0 0 1
0 0 0 0 0 0 0
0.9998633 0.01645073 -0.0010949004 0.86988866
-0.016449004 0.9998628 0.0016860062 -0.007039724
0.0011225116 -0.0016677687 0.9999974 0.012641749
0 0 0 1
0 0 0 0 0 0 0
0.9998926 0.014648933 -0.0010930417 0.8474397
-0.014646714 0.9998925 0.00054046925 -0.0017750021
0.001100864 -0.0005244343 0.9999998 0.017924506
0 0 0 1
0 0 0 0 0 0 0
0.9998987 0.014237769 0.00032963933 0.8409165
-0.014239357 0.9998983 0.0008463092 -0.024248097
-0.00031760792 -0.0008509032 0.99999875 0.0105653675
0 0 0 1
0 0 0 0 0 0 0
0.99981433 0.019194867 0.0013480294 0.86929244
-0.019196011 0.9998156 0.00070395455 -0.005998836
-0.001334226 -0.0007296958 0.9999992 0.0102456
0 0 0 1
0 0 0 0 0 0 0
0.9998317 0.018170688 0.0026616293 0.8762565
-0.018173128 0.9998341 0.0010024009 -0.013696402
-0.0026430627 -0.0010505472 0.9999962 0.011843898
0 0 0 1
0 0 0 0 0 0 0
0.99988025 0.015323575 0.0022536835 0.83945566
-0.015324497 0.999883 0.00015049399 -0.028778736
-0.0022510432 -0.00018508748 0.9999976 0.013428065
0 0 0 1
0 0 0 0 0 0 0
0.9998702 0.015803294 0.00306694 0.903221
-0.015802229 0.9998749 -0.00025959627 0.007838614
-0.0030706397 0.00021113249 0.99999505 0.010056065
0 0 0 1
0 0 0 0 0 0 0
0.9998902 0.014700925 0.001835863 0.7995809
-0.014698845 0.999892 -0.0006037977 -0.02619105
-0.0018445689 0.00057674723 0.9999984 0.0114584435
0 0 0 1
0 0 0 0 0 0 0
0.99990314 0.013849554 0.0015765391 0.9077925
-0.013848248 0.99990356 -0.0011393911 0.0011067583
-0.0015921538 0.0011174588 0.9999978 0.012410906
0 0 0 1
0 0 0 0 0 0 0
0.99990946 0.013455548 0.0004596475 0.8343508
-0.013455579 0.9999093 0.00017314457 -0.018732669
-0.0004572937 -0.00017932251 0.9999996 0.01562892
0 0 0 1
0 0 0 0 0 0 0
0.99991554 0.012957362 0.00039241218 0.8634811
-0.0129569005 0.99991506 0.0011637253 -0.023455076
-0.00037730875 -0.0011687583 0.9999992 0.008949378
0 0 0 1
0 0 0 0 0 0 0
0.9999132 0.013174587 0.00044948136 0.85327554
-0.013175874 0.9999122 0.001378523 0.0070926547
-0.0004312641 -0.0013842796 0.99999887 0.009613679
0 0 0 1
0 0 0 0 0 0 0
0.9999237 0.012325198 0.0003093525 0.84922516
-0.012325583 0.99992347 0.0014654928 -0.017997196
-0.00029127247 -0.0014692161 0.999999 0.007810448
0 0 0 1
0 0 0 0 0 0 0
0.9999299 0.011844664 6.798624e-05 0.8730172
-0.011844866 0.99992955 -0.00071625 -0.019096762
-7.6452685e-05 0.0007154293 0.9999996 0.012516523
0 0 0 1
0 0 0 0 0 0 0
0.99995047 0.0099585485 -0.0005067717 0.85239834
-0.009959386 0.99994963 -0.0007064257 -0.021844795
0.00049969694 0.00071141025 0.99999976 0.00939952
0 0 0 1
0 0 0 0 0 0 0
0.99994516 0.010472021 -0.00034847154 0.88188666
-0.010472185 0.9999456 -0.0001982861 0.015336893
0.0003463645 0.00020190168 1.0000001 0.0109777935
0 0 0 1
0 0 0 0 0 0 0
0.9999703 0.007666697 0.00072572014 0.8779128
-0.0076667517 0.99997014 0.00047931663 -0.0026097193
-0.0007219863 -0.0004848197 1.0000001 0.0076011126
0 0 0 1
0 0 0 0 0 0 0
0.99995255 0.009209916 0.0030946601 0.9186779
-0.009211069 0.9999581 0.00053088705 0.021790605
-0.0030896603 -0.0005594039 0.9999946 0.008516573
0 0 0 1
0 0 0 0 0 0 0
0.99997056 0.006676751 0.0038114237 0.8795933
-0.006684637 0.9999752 0.0019381935 -0.013527173
-0.0037983952 -0.001963614 0.9999908 0.0087526785
0 0 0 1
0 0 0 0 0 0 0
0.9999864 0.00433342 0.002950052 0.9393822
-0.0043399106 0.9999886 0.0022306829 -0.036280725
-0.0029403486 -0.0022434467 0.9999931 0.0057587326
0 0 0 1
0 0 0 0 0 0 0
0.99995655 0.009034416 0.0024373722 0.9300834
-0.009039049 0.9999571 0.0018586225 -0.009241745
-0.0024204806 -0.0018805779 0.9999952 0.009708383
0 0 0 1
0 0 0 0 0 0 0
0.999967 0.0077201426 0.002377838 0.9328576
-0.0077230283 0.9999702 0.0010744884 0.03182182
-0.0023694679 -0.0010928144 0.9999966 0.0035285056
0 0 0 1
0 0 0 0 0 0 0
0.9999599 0.008444663 0.0028718968 0.93391514
-0.008444173 0.99996394 -0.00016128879 -0.0046821455
-0.0028731578 0.0001370275 0.9999964 0.011043368
0 0 0 1
0 0 0 0 0 0 0
0.9999594 0.008787963 0.0021871 1.0029855
-0.008786881 0.9999614 -0.00053105055 -0.0046385643
-0.0021916358 0.00051179057 0.9999976 0.01012086
0 0 0 1
0 0 0 0 0 0 0
0.99997115 0.007561986 0.0007733878 0.99300724
-0.0075612906 0.99997145 -0.0005282983 -0.020298496
-0.000777413 0.00052246876 0.99999887 0.010846615
0 0 0 1
0 0 0 0 0 0 0
0.99996334 0.008578731 -2.5507135e-05 0.9375414
-0.008577991 0.9999618 -0.0007202668 0.010235625
1.9323998e-05 0.00072044646 0.9999996 0.0012959817
0 0 0 1
0 0 0 0 0 0 0
0.99991125 0.013283284 -4.222834e-05 1.051451
-0.013284587 0.9999094 -0.0026217268 -0.011564847
7.366826e-06 0.0026220686 0.99999714 0.014223107
0 0 0 1
0 0 0 0 0 0 0
0.9999702 0.0077119037 -0.0013383518 0.96430904
-0.0077128154 0.99996966 -0.0010150487 -0.023373304
0.0013304934 0.0010253409 0.99999845 0.0056498153
0 0 0 1
0 0 0 0 0 0 0
0.9998893 0.014719195 -0.0017322745 1.0437211
-0.014719015 0.99989134 -0.0001456825 0.018729968
0.0017300238 0.00017113527 0.99999857 0.014311068
0 0 0 1
0 0 0 0 0 0 0
0.99993193 0.011683039 -0.00085569365 1.0131766
-0.011681436 0.9999298 0.002119063 -0.03540618
0.0008803536 -0.002108898 0.9999975 0.005300216
0 0 0 1
0 0 0 0 0 0 0
0.9998365 0.018031985 0.0012919058 1.0847263
-0.018036922 0.99983096 0.0036013469 0.0019202438
-0.0012267607 -0.003624061 0.99999213 0.007018962
0 0 0 1
0 0 0 0 0 0 0
0.99978024 0.020707782 0.0031652162 1.0379409
-0.020716418 0.99978083 0.0029589229 0.007328072
-0.0031032155 -0.0030238444 0.99999076 0.004910211
0 0 0 1
0 0 0 0 0 0 0
0.999809 0.019461643 0.0019976697 1.0497404
-0.01946829 0.9998064 0.0027982085 -0.023230543
-0.0019429073 -0.0028365667 0.99999446 0.009035888
0 0 0 1
0 0 0 0 0 0 0
0.99972 0.023626162 0.0012941831 1.1272192
-0.023627544 0.9997194 0.001656391 -0.019627754
-0.001254622 -0.0016865163 0.9999975 0.014529806
0 0 0 1
0 0 0 0 0 0 0
0.99978 0.020919498 0.0014544948 1.0959606
-0.020921016 0.99977994 0.0012993081 -0.0023535339
-0.0014270535 -0.0013295073 0.99999857 0.0073192734
0 0 0 1
0 0 0 0 0 0 0
0.9997329 0.02289692 0.0030577327 1.1095092
-0.022897052 0.99973845 -5.5745753e-05 -0.013641756
-0.0030581723 -1.4226884e-05 0.9999945 0.014893753
0 0 0 1
0 0 0 0 0 0 0
0.99977005 0.02109259 0.003912585 1.0676608
-0.021097444 0.999776 0.0012522052 -0.022488777
-0.003885228 -0.0013344295 0.9999915 0.0031845714
0 0 0 1
0 0 0 0 0 0 0
0.99967897 0.024836889 0.0049691885 1.1188402
-0.024843054 0.9996911 0.0012812567 -0.0008100407
-0.0049358974 -0.0014042688 0.99998754 0.013612564
0 0 0 1
0 0 0 0 0 0 0
0.9997312 0.022928579 0.0036166888 1.179888
-0.022934806 0.9997356 0.0013582812 -0.0047246134
-0.003584623 -0.0014409226 0.99999213 0.008287908
0 0 0 1
0 0 0 0 0 0 0
0.9997353 0.022977067 0.00067470246 1.1270765
-0.022977358 0.9997345 0.0017522986 -0.01745913
-0.0006342301 -0.0017672771 0.9999987 0.014266421
0 0 0 1
0 0 0 0 0 0 0
0.99973154 0.023125904 -0.0014535334 1.217937
-0.023125583 0.9997325 0.00028679532 -0.014057655
0.0014597243 -0.00025322678 0.9999991 0.012832072
0 0 0 1
0 0 0 0 0 0 0
0.9997941 0.02031081 -0.0006020686 1.1242932
-0.020311238 0.9997942 0.00018052265 -0.013345709
0.00060560973 -0.00016825735 0.99999887 0.0043969722
0 0 0 1
0 0 0 0 0 0 0
0.99978757 0.02048214 0.0022421123 1.2380353
-0.020479022 0.99978894 -0.0014039011 -0.020643992
-0.0022703232 0.0013577164 0.99999726 0.015064405
0 0 0 1
0 0 0 0 0 0 0
0.9998014 0.019785706 0.002381378 1.168296
-0.019786157 0.99980444 0.00018029929 -0.0064614746
-0.0023773892 -0.00022734063 0.9999969 0.009712702
0 0 0 1
0 0 0 0 0 0 0
0.99975926 0.021864172 0.0015324845 1.2674918
-0.021865183 0.9997609 0.000637724 0.018155942
-0.0015181012 -0.0006710289 0.999999 0.013955197
0 0 0 1
0 0 0 0 0 0 0
0.99980575 0.01967871 0.0012239637 1.1860597
-0.019680494 0.9998047 0.001478585 -0.024488883
-0.001194637 -0.0015024191 0.9999978 0.010452188
0 0 0 1
0 0 0 0 0 0 0
0.99979335 0.020312948 0.0007769627 1.2361245
-0.020313168 0.9997938 0.00025284218 -0.014111063
-0.0007716393 -0.00026865446 0.9999997 0.012796896
0 0 0 1
0 0 0 0 0 0 0
0.9998198 0.019001208 0.0004128134 1.1763322
-0.019002 0.9998166 0.0022557527 -0.0021328954
-0.00036997732 -0.0022631548 0.99999756 0.008711004
0 0 0 1
0 0 0 0 0 0 0
0.99977934 0.020965135 -0.0006660524 1.2895873
-0.02096449 0.99978054 0.0010881259 0.0008102809
0.0006887004 -0.0010738354 0.9999986 0.010634178
0 0 0 1
0 0 0 0 0 0 0
