1.0000000 0.0000000 0.0000000 0.0000000
0.0000000 1.0000000 0.0000000 0.0000000
0.0000000 0.0000000 1.0000000 0.0000000
0.0000000 0.0000000 0.0000000 1.0000000
0.9999909 -0.0016534 -0.0039011 1.3650508
0.0016662 0.9999935 0.0032847 -0.0437946
0.0038956 -0.0032912 0.9999870 -0.0189580
0.0000000 0.0000000 0.0000000 1.0000000
0.9999564 0.0057414 -0.0073118 1.9651502
-0.0056839 0.9999530 0.0078695 -0.0224000
0.0073566 -0.0078276 0.9999422 -0.0039228
0.0000000 0.0000000 0.0000000 1.0000000
0.9999200 0.0117342 -0.0046331 2.6753233
-0.0116872 0.9998816 0.0100484 0.0832587
0.0047505 -0.0099934 0.9999388 -0.0348039
0.0000000 0.0000000 0.0000000 1.0000000
0.9993879 0.0348688 -0.0027302 3.6679658
-0.0348170 0.9992464 0.0171920 0.2763800
0.0033276 -0.0170865 0.9998485 -0.0217986
0.0000000 0.0000000 0.0000000 1.0000000
0.9985943 0.0529885 -0.0013007 4.4108901
-0.0529522 0.9983981 0.0199482 0.3684415
0.0023557 -0.0198513 0.9998002 -0.0271539
0.0000000 0.0000000 0.0000000 1.0000000
0.9980980 0.0615242 0.0038211 5.2546139
-0.0616195 0.9975078 0.0343788 0.4615646
-0.0016964 -0.0345489 0.9994017 -0.0577133
0.0000000 0.0000000 0.0000000 1.0000000
0.9962698 0.0862669 0.0019241 6.1011701
-0.0862792 0.9955871 0.0369067 0.6540106
0.0012682 -0.0369350 0.9993170 -0.0509551
0.0000000 0.0000000 0.0000000 1.0000000
0.9972523 0.0737200 0.0071682 6.9954794
-0.0739470 0.9964781 0.0395396 0.4769109
-0.0042281 -0.0399611 0.9991924 -0.0909606
0.0000000 0.0000000 0.0000000 1.0000000
0.9950126 0.0992825 0.0094903 9.0856412
-0.0996357 0.9937586 0.0501606 0.4193305
-0.0044510 -0.0508560 0.9986961 -0.0820829
0.0000000 0.0000000 0.0000000 1.0000000
0.9940288 0.1085618 0.0108157 9.7646878
-0.1089970 0.9924976 0.0553820 0.5552310
-0.0047222 -0.0562302 0.9984067 -0.0925007
0.0000000 0.0000000 0.0000000 1.0000000
0.9965959 0.0810381 0.0149934 11.0697363
-0.0817904 0.9948856 0.0592627 0.3486886
-0.0101142 -0.0602874 0.9981299 -0.1084455
0.0000000 0.0000000 0.0000000 1.0000000
0.9945591 0.1033331 0.0130818 12.2732798
-0.1039702 0.9924433 0.0651649 0.2915880
-0.0062493 -0.0661705 0.9977889 -0.1292413
0.0000000 0.0000000 0.0000000 1.0000000
0.9945033 0.1033077 0.0169256 13.6217437
-0.1042737 0.9918820 0.0727811 0.3868556
-0.0092694 -0.0741461 0.9972044 -0.1321841
0.0000000 0.0000000 0.0000000 1.0000000
0.9921178 0.1241251 0.0170395 14.3880477
-0.1250662 0.9892612 0.0756338 0.4777431
-0.0074685 -0.0771688 0.9969901 -0.1783669
0.0000000 0.0000000 0.0000000 1.0000000
0.9911361 0.1317895 0.0165824 15.0769764
-0.1327178 0.9876590 0.0831619 0.5072918
-0.0054179 -0.0846258 0.9963982 -0.2361593
0.0000000 0.0000000 0.0000000 1.0000000
0.9872168 0.1583040 0.0183821 15.7241196
-0.1593282 0.9829507 0.0917711 0.4842005
-0.0035410 -0.0935269 0.9956106 -0.2845799
0.0000000 0.0000000 0.0000000 1.0000000
0.9849975 0.1717559 0.0165550 16.4108801
-0.1725478 0.9797839 0.1012441 0.4276101
0.0011690 -0.1025819 0.9947241 -0.3418808
0.0000000 0.0000000 0.0000000 1.0000000
0.9804791 0.1963217 0.0106650 16.8633151
-0.1963806 0.9752631 0.1014691 0.3815867
0.0095194 -0.1015829 0.9947817 -0.3644514
0.0000000 0.0000000 0.0000000 1.0000000
0.9756688 0.2189465 0.0113083 17.4410013
-0.2189458 0.9704076 0.1018395 0.3872683
0.0113238 -0.1018377 0.9947368 -0.3919216
0.0000000 0.0000000 0.0000000 1.0000000
0.9722541 0.2335225 0.0135506 18.1951565
-0.2337097 0.9673409 0.0981345 0.2419255
0.0098086 -0.0985787 0.9950811 -0.4265104
0.0000000 0.0000000 0.0000000 1.0000000
0.9685989 0.2483072 0.0124219 19.0201739
-0.2482034 0.9628942 0.1059664 -0.0144839
0.0143513 -0.1057222 0.9942924 -0.3965140
0.0000000 0.0000000 0.0000000 1.0000000
0.9687140 0.2478104 0.0133587 19.6840194
-0.2476764 0.9619904 0.1150214 -0.2598929
0.0156526 -0.1147316 0.9932736 -0.4091805
0.0000000 0.0000000 0.0000000 1.0000000
0.9644242 0.2633604 0.0228617 20.6199289
-0.2641625 0.9568602 0.1209793 -0.4358569
0.0099858 -0.1227148 0.9923922 -0.3888740
0.0000000 0.0000000 0.0000000 1.0000000
0.9700708 0.2412202 0.0277692 21.4175877
-0.2427848 0.9618330 0.1262255 -0.7530886
0.0037388 -0.1291898 0.9916134 -0.3615658
0.0000000 0.0000000 0.0000000 1.0000000
0.9687232 0.2463587 0.0296469 22.4157415
-0.2481136 0.9600741 0.1292159 -1.2689364
0.0033702 -0.1325304 0.9911738 -0.3187997
0.0000000 0.0000000 0.0000000 1.0000000
0.9708477 0.2376490 0.0311882 23.4778487
-0.2396838 0.9619207 0.1313762 -1.5129696
0.0012209 -0.1350219 0.9908424 -0.3093195
0.0000000 0.0000000 0.0000000 1.0000000
0.9704594 0.2377478 0.0409868 24.2806537
-0.2411357 0.9612244 0.1337961 -1.7619908
-0.0075878 -0.1397273 0.9901615 -0.3284802
0.0000000 0.0000000 0.0000000 1.0000000
0.9694418 0.2402462 0.0496043 25.4342731
-0.2448798 0.9597634 0.1374341 -2.1416283
-0.0145904 -0.1453816 0.9892687 -0.3232913
0.0000000 0.0000000 0.0000000 1.0000000
0.9712925 0.2316574 0.0540636 26.3988267
-0.2371455 0.9608257 0.1434412 -2.4202826
-0.0187165 -0.1521444 0.9881816 -0.3247046
0.0000000 0.0000000 0.0000000 1.0000000
0.9676476 0.2452296 0.0593077 27.4983768
-0.2516403 0.9550616 0.1566332 -2.6824806
-0.0182315 -0.1664901 0.9858750 -0.3123854
0.0000000 0.0000000 0.0000000 1.0000000
0.9682493 0.2421093 0.0622322 28.2776337
-0.2490666 0.9556022 0.1574480 -2.9116771
-0.0213497 -0.1679491 0.9855650 -0.3390751
0.0000000 0.0000000 0.0000000 1.0000000
0.9696141 0.2339103 0.0716257 29.1149530
-0.2427687 0.9561262 0.1639697 -3.2008220
-0.0301290 -0.1763761 0.9838623 -0.3637307
0.0000000 0.0000000 0.0000000 1.0000000
0.9729646 0.2174347 0.0778348 30.0823713
-0.2278878 0.9585806 0.1708529 -3.3798343
-0.0374617 -0.1839717 0.9822181 -0.4187476
0.0000000 0.0000000 0.0000000 1.0000000
0.9745388 0.2057543 0.0890842 31.1049662
-0.2184956 0.9606605 0.1714387 -3.7370371
-0.0503055 -0.1865384 0.9811597 -0.4163141
0.0000000 0.0000000 0.0000000 1.0000000
0.9775064 0.1927386 0.0856160 32.3677804
-0.2058289 0.9603396 0.1881017 -4.1746591
-0.0459661 -0.2014931 0.9784116 -0.4634101
0.0000000 0.0000000 0.0000000 1.0000000
0.9810831 0.1683021 0.0956441 33.6167959
-0.1842013 0.9635728 0.1938988 -4.5029421
-0.0595266 -0.2078487 0.9763489 -0.5321028
0.0000000 0.0000000 0.0000000 1.0000000
0.9827432 0.1568912 0.0979709 34.7126038
-0.1744757 0.9621429 0.2093785 -4.8193998
-0.0614125 -0.2228591 0.9729153 -0.5401471
0.0000000 0.0000000 0.0000000 1.0000000
0.9777225 0.1833278 0.1022071 36.0295789
-0.2021677 0.9534427 0.2237755 -5.0482000
-0.0564244 -0.2394537 0.9692678 -0.6794517
0.0000000 0.0000000 0.0000000 1.0000000
0.9770318 0.1831760 0.1088675 37.3965212
-0.2041860 0.9509270 0.2324779 -5.2767879
-0.0609408 -0.2493679 0.9664905 -0.7538109
0.0000000 0.0000000 0.0000000 1.0000000
0.9811326 0.1576131 0.1119544 38.2249503
-0.1808178 0.9530525 0.2428913 -5.5103706
-0.0684157 -0.2585523 0.9635725 -0.7583415
0.0000000 0.0000000 0.0000000 1.0000000
0.9808243 0.1575753 0.1146763 39.0638867
-0.1825258 0.9489724 0.2571684 -5.5906081
-0.0683014 -0.2731687 0.9595395 -0.8175196
0.0000000 0.0000000 0.0000000 1.0000000
0.9810687 0.1516928 0.1203755 40.6098662
-0.1796829 0.9448723 0.2737353 -5.9368163
-0.0722159 -0.2901830 0.9542437 -0.8640675
0.0000000 0.0000000 0.0000000 1.0000000
0.9832483 0.1268273 0.1308967 41.5551085
-0.1593318 0.9468561 0.2794237 -5.9990754
-0.0885019 -0.2955994 0.9512050 -0.8989202
0.0000000 0.0000000 0.0000000 1.0000000
0.9865204 0.0915293 0.1356301 42.3072871
-0.1277715 0.9487286 0.2891168 -6.0379841
-0.1022137 -0.3025499 0.9476383 -1.0063289
0.0000000 0.0000000 0.0000000 1.0000000
0.9866401 0.0892179 0.1362953 43.4579323
-0.1265404 0.9466594 0.2963502 -6.1341749
-0.1025856 -0.3096385 0.9453056 -1.1239119
0.0000000 0.0000000 0.0000000 1.0000000
0.9871272 0.0828677 0.1367776 44.2243729
-0.1211474 0.9458007 0.3013048 -6.2737432
-0.1043960 -0.3139971 0.9436683 -1.2032444
0.0000000 0.0000000 0.0000000 1.0000000
0.9860407 0.0961428 0.1359270 45.2032385
-0.1347499 0.9403513 0.3123822 -6.3145706
-0.0977859 -0.3263385 0.9401829 -1.3363704
0.0000000 0.0000000 0.0000000 1.0000000
0.9845163 0.1033138 0.1415976 45.9930545
-0.1446129 0.9352526 0.3230952 -6.3388370
-0.0990494 -0.3385701 0.9357148 -1.4542769
0.0000000 0.0000000 0.0000000 1.0000000
0.9831881 0.1178342 0.1394688 47.0296489
-0.1586034 0.9296100 0.3326727 -6.4711235
-0.0904514 -0.3492010 0.9326735 -1.5703131
0.0000000 0.0000000 0.0000000 1.0000000
0.9818511 0.1242806 0.1432377 47.9211082
-0.1663853 0.9269611 0.3362437 -6.4574607
-0.0909872 -0.3539750 0.9308199 -1.7137277
0.0000000 0.0000000 0.0000000 1.0000000
0.9824468 0.1198021 0.1429724 49.3433580
-0.1627896 0.9248911 0.3436228 -6.7937769
-0.0910672 -0.3608664 0.9281620 -1.8187490
0.0000000 0.0000000 0.0000000 1.0000000
0.9808271 0.1285887 0.1464181 50.2439420
-0.1733203 0.9190981 0.3538631 -6.9118008
-0.0890699 -0.3724567 0.9237669 -1.9195405
0.0000000 0.0000000 0.0000000 1.0000000
0.9810162 0.1275365 0.1460746 51.0076863
-0.1728876 0.9164076 0.3609811 -6.9710446
-0.0878257 -0.3793836 0.9210632 -2.0138007
0.0000000 0.0000000 0.0000000 1.0000000
0.9781330 0.1413801 0.1525212 51.5765789
-0.1891486 0.9096398 0.3698360 -6.9559483
-0.0864520 -0.3905990 0.9164940 -2.0997296
0.0000000 0.0000000 0.0000000 1.0000000
0.9743037 0.1610406 0.1574575 52.4552915
-0.2096949 0.9037213 0.3732507 -7.0664705
-0.0821892 -0.3966786 0.9142723 -2.2043027
0.0000000 0.0000000 0.0000000 1.0000000
0.9733116 0.1602702 0.1642344 53.1641110
-0.2113065 0.9050660 0.3690614 -7.2943140
-0.0894935 -0.3939167 0.9147807 -2.2001835
0.0000000 0.0000000 0.0000000 1.0000000
0.9714114 0.1704581 0.1652226 53.8775469
-0.2218774 0.8994135 0.3766002 -7.3790516
-0.0844089 -0.4024944 0.9115244 -2.3300997
0.0000000 0.0000000 0.0000000 1.0000000
0.9712105 0.1664478 0.1704114 54.6126214
-0.2208495 0.8972713 0.3822720 -7.5387143
-0.0892769 -0.4089033 0.9082022 -2.3566894
0.0000000 0.0000000 0.0000000 1.0000000
0.9698627 0.1757817 0.1687071 55.8931645
-0.2287959 0.8951137 0.3826571 -7.7405687
-0.0837479 -0.4097258 0.9083582 -2.5132012
0.0000000 0.0000000 0.0000000 1.0000000
0.9664862 0.1912543 0.1712321 56.7607722
-0.2446300 0.8883757 0.3885190 -7.8766296
-0.0778125 -0.4173884 0.9053926 -2.5971667
0.0000000 0.0000000 0.0000000 1.0000000
0.9698361 0.1651554 0.1792667 57.6975536
-0.2242668 0.8927183 0.3908457 -8.1655734
-0.0954845 -0.4192612 0.9028323 -2.6754253
0.0000000 0.0000000 0.0000000 1.0000000
0.9668034 0.1821948 0.1791428 58.7609795
-0.2400396 0.8879161 0.3924130 -8.4011393
-0.0875683 -0.4223886 0.9021769 -2.7540003
0.0000000 0.0000000 0.0000000 1.0000000
0.9680841 0.1788098 0.1756028 59.6418749
-0.2360524 0.8859546 0.3992068 -8.6113388
-0.0841941 -0.4279184 0.8998895 -2.8620996
0.0000000 0.0000000 0.0000000 1.0000000
0.9710896 0.1591246 0.1779355 60.8996631
-0.2201550 0.8851489 0.4099336 -8.8631283
-0.0922690 -0.4372566 0.8945932 -3.0158636
0.0000000 0.0000000 0.0000000 1.0000000
0.9674594 0.1764572 0.1813356 61.9900932
-0.2383100 0.8762955 0.4187084 -9.1256534
-0.0850196 -0.4482984 0.8898336 -3.1405162
0.0000000 0.0000000 0.0000000 1.0000000
0.9668325 0.1788256 0.1823565 62.8058384
-0.2413874 0.8730804 0.4236333 -9.2566370
-0.0834556 -0.4536020 0.8872902 -3.2379995
0.0000000 0.0000000 0.0000000 1.0000000
0.9657080 0.1830651 0.1840996 63.7603181
-0.2466860 0.8680679 0.4308207 -9.4746896
-0.0809429 -0.4614629 0.8834612 -3.3024886
0.0000000 0.0000000 0.0000000 1.0000000
0.9639034 0.1861330 0.1903715 64.6904839
-0.2534439 0.8605201 0.4418975 -9.7104455
-0.0815669 -0.4741963 0.8766345 -3.3983504
0.0000000 0.0000000 0.0000000 1.0000000
0.9598637 0.2013138 0.1952712 65.7637669
-0.2701944 0.8504257 0.4514125 -10.0253222
-0.0751882 -0.4860569 0.8706887 -3.4632874
0.0000000 0.0000000 0.0000000 1.0000000
0.9571376 0.2117794 0.1975695 66.7142699
-0.2807841 0.8457874 0.4536589 -10.3471493
-0.0710263 -0.4896897 0.8690010 -3.5108457
0.0000000 0.0000000 0.0000000 1.0000000
0.9548595 0.2278180 0.1906283 68.1769489
-0.2920531 0.8372304 0.4623339 -10.8124275
-0.0542719 -0.4971387 0.8659741 -3.5919121
0.0000000 0.0000000 0.0000000 1.0000000
0.9541403 0.2339774 0.1867275 69.3692015
-0.2959966 0.8305605 0.4717601 -11.2049290
-0.0447073 -0.5053974 0.8617298 -3.6428702
0.0000000 0.0000000 0.0000000 1.0000000
0.9550760 0.2309571 0.1857036 70.8510862
-0.2927942 0.8322353 0.4708052 -11.8698798
-0.0458133 -0.5040285 0.8624731 -3.5984484
0.0000000 0.0000000 0.0000000 1.0000000
0.9537527 0.2351421 0.1872456 71.9095609
-0.2978168 0.8236093 0.4826742 -12.1474433
-0.0407203 -0.5161176 0.8555512 -3.6705843
0.0000000 0.0000000 0.0000000 1.0000000
0.9507857 0.2444698 0.1903600 72.9769016
-0.3076763 0.8174665 0.4869140 -12.4721463
-0.0365771 -0.5215215 0.8524557 -3.7273784
0.0000000 0.0000000 0.0000000 1.0000000
0.9507370 0.2427020 0.1928455 74.2753446
-0.3078330 0.8124444 0.4951514 -12.8349694
-0.0365021 -0.5301250 0.8471355 -3.7633221
0.0000000 0.0000000 0.0000000 1.0000000
0.9506389 0.2432178 0.1926783 74.9808751
-0.3085307 0.8069529 0.5036249 -13.0650402
-0.0329918 -0.5382148 0.8421639 -3.8262464
0.0000000 0.0000000 0.0000000 1.0000000
0.9441354 0.2640582 0.1971688 75.8552215
-0.3288944 0.7926865 0.5133016 -13.3229374
-0.0207515 -0.5494761 0.8352538 -3.8375509
0.0000000 0.0000000 0.0000000 1.0000000
0.9488761 0.2508922 0.1915238 77.2579941
-0.3150119 0.7909762 0.5245245 -13.8589534
-0.0198917 -0.5580431 0.8295757 -3.8047200
0.0000000 0.0000000 0.0000000 1.0000000
0.9432535 0.2669203 0.1975363 78.0908986
-0.3318649 0.7783856 0.5329007 -14.0533160
-0.0115174 -0.5682179 0.8227997 -3.8660228
0.0000000 0.0000000 0.0000000 1.0000000
0.9449787 0.2569105 0.2025006 78.7563559
-0.3264864 0.7793157 0.5348597 -14.3472432
-0.0204008 -0.5715463 0.8203182 -3.8263860
0.0000000 0.0000000 0.0000000 1.0000000
0.9436722 0.2535770 0.2125452 79.2087680
-0.3296295 0.7761378 0.5375461 -14.5014147
-0.0286551 -0.5773303 0.8160100 -3.8076253
0.0000000 0.0000000 0.0000000 1.0000000
0.9426299 0.2563789 0.2138039 79.7971453
-0.3328284 0.7713295 0.5424735 -14.7249246
-0.0258345 -0.5825138 0.8124125 -3.8080844
0.0000000 0.0000000 0.0000000 1.0000000
0.9391756 0.2643990 0.2191721 80.6044867
-0.3426046 0.7655058 0.5446326 -15.0722461
-0.0237772 -0.5865969 0.8095324 -3.7934081
0.0000000 0.0000000 0.0000000 1.0000000
0.9413013 0.2598600 0.2154509 81.0324799
-0.3368662 0.7640301 0.5502554 -15.2100014
-0.0216216 -0.5905360 0.8067241 -3.8106722
0.0000000 0.0000000 0.0000000 1.0000000
0.9400443 0.2624311 0.2178093 81.7357363
-0.3403581 0.7623880 0.5503843 -15.3891235
-0.0216173 -0.5915206 0.8060026 -3.8842133
0.0000000 0.0000000 0.0000000 1.0000000
0.9495074 0.2235834 0.2200910 82.3318517
-0.3101574 0.7745899 0.5511938 -15.7910724
-0.0472426 -0.5916273 0.8048288 -3.7647578
0.0000000 0.0000000 0.0000000 1.0000000
0.9393107 0.2570586 0.2271796 83.0143277
-0.3419162 0.7555096 0.5588384 -15.8655930
-0.0279822 -0.6026010 0.7975546 -3.8752810
0.0000000 0.0000000 0.0000000 1.0000000
0.9374789 0.2584370 0.2331036 83.5153235
-0.3466470 0.7530820 0.5592001 -16.1711414
-0.0310282 -0.6050447 0.7955892 -3.8408905
0.0000000 0.0000000 0.0000000 1.0000000
0.9317973 0.2699919 0.2425921 84.0090436
-0.3616663 0.7471986 0.5575783 -16.2656452
-0.0307229 -0.6072896 0.7938891 -3.9286658
0.0000000 0.0000000 0.0000000 1.0000000
0.9305253 0.2736459 0.2433781 84.2513486
-0.3651703 0.7435336 0.5601869 -16.4373881
-0.0276670 -0.6101445 0.7918094 -3.9168779
0.0000000 0.0000000 0.0000000 1.0000000
0.9326068 0.2635992 0.2464797 84.8328672
-0.3591561 0.7446841 0.5625419 -16.6435072
-0.0352640 -0.6131570 0.7891760 -3.9215968
0.0000000 0.0000000 0.0000000 1.0000000
0.9280830 0.2759939 0.2499638 85.3496714
-0.3713340 0.7358690 0.5662233 -16.8227833
-0.0276665 -0.6183243 0.7854386 -3.9770342
0.0000000 0.0000000 0.0000000 1.0000000
0.9171287 0.3033880 0.2585036 85.8819114
-0.3982804 0.7228312 0.5647027 -16.8664703
-0.0155305 -0.6208636 0.7837675 -4.0180867
0.0000000 0.0000000 0.0000000 1.0000000
0.9167546 0.3031517 0.2601033 86.1127331
-0.3990643 0.7234508 0.5633546 -16.9711157
-0.0173901 -0.6202576 0.7842083 -4.0286324
0.0000000 0.0000000 0.0000000 1.0000000
0.9143002 0.3109485 0.2595377 86.2246403
-0.4048765 0.7192702 0.5645594 -17.0955717
-0.0111288 -0.6212593 0.7835291 -3.9508125
0.0000000 0.0000000 0.0000000 1.0000000
0.9061920 0.3327551 0.2609286 86.3962951
-0.4228569 0.7110920 0.5617317 -17.3000471
0.0013749 -0.6193742 0.7850979 -3.9162321
0.0000000 0.0000000 0.0000000 1.0000000
0.8952740 0.3622361 0.2593505 86.8048732
-0.4449312 0.6973705 0.5618836 -17.5280878
0.0226713 -0.6184351 0.7855121 -3.8767247
0.0000000 0.0000000 0.0000000 1.0000000
0.8822460 0.3910127 0.2621937 86.8367528
-0.4689990 0.6815400 0.5617346 -17.6907958
0.0409500 -0.6185583 0.7846743 -3.8044111
0.0000000 0.0000000 0.0000000 1.0000000
0.8717349 0.4116062 0.2658051 87.2165189
-0.4870874 0.6692269 0.5611451 -17.9090275
0.0530871 -0.6186422 0.7838807 -3.7527611
0.0000000 0.0000000 0.0000000 1.0000000
0.8542246 0.4453214 0.2682956 87.4052660
-0.5145604 0.6504234 0.5587303 -18.0003326
0.0743091 -0.6153378 0.7847566 -3.7412371
0.0000000 0.0000000 0.0000000 1.0000000
0.8348360 0.4819324 0.2660518 87.3152261
-0.5411395 0.6297320 0.5573225 -18.0535023
0.1010508 -0.6092462 0.7865197 -3.6720854
0.0000000 0.0000000 0.0000000 1.0000000
0.8150564 0.5162363 0.2630147 87.7806578
-0.5643700 0.6047738 0.5619056 -18.5131413
0.1310122 -0.6064245 0.7842771 -3.4605324
0.0000000 0.0000000 0.0000000 1.0000000
0.7800842 0.5679673 0.2624399 87.8950188
-0.6032374 0.5714454 0.5563788 -18.5301938
0.1660355 -0.5923380 0.7883993 -3.4524171
0.0000000 0.0000000 0.0000000 1.0000000
0.7461961 0.6114629 0.2632445 88.0395029
-0.6372337 0.5416152 0.5482604 -18.7302964
0.1926645 -0.5768605 0.7938001 -3.3419220
0.0000000 0.0000000 0.0000000 1.0000000
0.7068021 0.6587542 0.2578101 88.3414925
-0.6700609 0.5065994 0.5425664 -18.9732887
0.2268124 -0.5562381 0.7994757 -3.3003511
0.0000000 0.0000000 0.0000000 1.0000000
0.6609492 0.7056591 0.2553121 88.7398514
-0.7025344 0.4622621 0.5410752 -19.2271213
0.2637945 -0.5369909 0.8012862 -3.2148658
0.0000000 0.0000000 0.0000000 1.0000000
0.6217379 0.7417065 0.2516059 89.1070102
-0.7257384 0.4247759 0.5411772 -19.4619771
0.2945201 -0.5190728 0.8023889 -3.1364901
0.0000000 0.0000000 0.0000000 1.0000000
0.5791838 0.7746663 0.2538316 89.3811011
-0.7500839 0.3844961 0.5380898 -19.6859681
0.3192443 -0.5020505 0.8037633 -3.0884807
0.0000000 0.0000000 0.0000000 1.0000000
0.5231988 0.8133864 0.2542790 89.6051614
-0.7780033 0.3341141 0.5320551 -19.9406281
0.3478100 -0.4762030 0.8076300 -3.0273747
0.0000000 0.0000000 0.0000000 1.0000000
0.4766926 0.8399936 0.2591667 90.1599503
-0.7988839 0.2909421 0.5264424 -20.1347218
0.3668077 -0.4579976 0.8097516 -3.0516867
0.0000000 0.0000000 0.0000000 1.0000000
0.4336026 0.8622753 0.2616526 90.2970880
-0.8147792 0.2511586 0.5225496 -20.4482617
0.3848673 -0.4397703 0.8114719 -2.8804212
0.0000000 0.0000000 0.0000000 1.0000000
0.3951011 0.8792305 0.2661586 90.4628822
-0.8226478 0.2097022 0.5284687 -20.5638121
0.4088338 -0.4277555 0.8061559 -2.8827950
0.0000000 0.0000000 0.0000000 1.0000000
0.3535463 0.8959191 0.2689351 90.7134585
-0.8328284 0.1705815 0.5265957 -20.8378554
0.4259140 -0.4101547 0.8064601 -2.7832443
0.0000000 0.0000000 0.0000000 1.0000000
0.3236894 0.9061834 0.2721188 90.6746279
-0.8402589 0.1431037 0.5229639 -20.8424255
0.4349624 -0.3979297 0.8077545 -2.7789376
0.0000000 0.0000000 0.0000000 1.0000000
0.2959608 0.9163995 0.2694647 90.6336760
-0.8447163 0.1194007 0.5217304 -20.9848619
0.4459415 -0.3820346 0.8094403 -2.6277316
0.0000000 0.0000000 0.0000000 1.0000000
0.2417110 0.9328606 0.2670947 90.7259645
-0.8549964 0.0745878 0.5132476 -21.1527524
0.4588688 -0.3524240 0.8156255 -2.5136599
0.0000000 0.0000000 0.0000000 1.0000000
0.2256237 0.9372135 0.2659282 90.6918599
-0.8592574 0.0628093 0.5076790 -21.1586287
0.4591033 -0.3430462 0.8194827 -2.5295852
0.0000000 0.0000000 0.0000000 1.0000000
0.2028412 0.9412037 0.2701561 90.6431045
-0.8612153 0.0401790 0.5066564 -21.2227998
0.4660149 -0.3354341 0.8187324 -2.4361532
0.0000000 0.0000000 0.0000000 1.0000000
0.1803199 0.9446865 0.2739433 90.7465104
-0.8607640 0.0167798 0.5087342 -21.3641328
0.4760003 -0.3275362 0.8161816 -2.3719275
0.0000000 0.0000000 0.0000000 1.0000000
0.1687116 0.9463711 0.2755198 90.8992814
-0.8639200 0.0074074 0.5035804 -21.4230934
0.4745353 -0.3229878 0.8188428 -2.3037636
0.0000000 0.0000000 0.0000000 1.0000000
0.1481252 0.9498018 0.2755523 90.7825372
-0.8677532 -0.0088323 0.4969228 -21.5455874
0.4744140 -0.3127191 0.8228892 -2.1376740
0.0000000 0.0000000 0.0000000 1.0000000
0.1108840 0.9553169 0.2739845 90.7180369
-0.8696309 -0.0401837 0.4920701 -21.5272431
0.4810947 -0.2928289 0.8263218 -2.1516991
0.0000000 0.0000000 0.0000000 1.0000000
0.1130529 0.9571177 0.2667170 90.7015537
-0.8723362 -0.0328929 0.4878044 -21.6254207
0.4756613 -0.2878154 0.8312143 -2.0619189
0.0000000 0.0000000 0.0000000 1.0000000
0.0910230 0.9555022 0.2805782 90.6979280
-0.8722933 -0.0594250 0.4853645 -21.8040379
0.4804420 -0.2889266 0.8280734 -1.9354899
0.0000000 0.0000000 0.0000000 1.0000000
0.0634094 0.9583015 0.2786242 90.6473723
-0.8701483 -0.0836218 0.4856494 -22.0952969
0.4886995 -0.2732398 0.8285660 -1.7448608
0.0000000 0.0000000 0.0000000 1.0000000
0.0536600 0.9600891 0.2744885 90.5832991
-0.8734989 -0.0880651 0.4788014 -22.4007805
0.4838667 -0.2654585 0.8339149 -1.4974514
0.0000000 0.0000000 0.0000000 1.0000000
0.0405442 0.9599599 0.2771781 90.6411884
-0.8752802 -0.0996723 0.4732410 -22.5242565
0.4819213 -0.2617962 0.8361961 -1.4073990
0.0000000 0.0000000 0.0000000 1.0000000
0.0410071 0.9603991 0.2755843 90.5980375
-0.8767296 -0.0977039 0.4709630 -22.6444046
0.4792399 -0.2609264 0.8380071 -1.2869832
0.0000000 0.0000000 0.0000000 1.0000000
0.0292066 0.9597663 0.2792673 90.4539931
-0.8758557 -0.1100614 0.4698620 -22.9150094
0.4816961 -0.2583215 0.8374057 -1.0651152
0.0000000 0.0000000 0.0000000 1.0000000
0.0330391 0.9593041 0.2804248 90.3749594
-0.8774746 -0.1064829 0.4676609 -23.3143567
0.4784914 -0.2615172 0.8382507 -0.7963273
0.0000000 0.0000000 0.0000000 1.0000000
0.0187347 0.9581331 0.2856997 90.2574813
-0.8757598 -0.1221387 0.4670480 -23.5523649
0.4823910 -0.2589548 0.8368099 -0.5840004
0.0000000 0.0000000 0.0000000 1.0000000
0.0214773 0.9562016 0.2919104 90.1930901
-0.8771321 -0.1220917 0.4644777 -23.7490199
0.4797758 -0.2660203 0.8360968 -0.3950691
0.0000000 0.0000000 0.0000000 1.0000000
0.0031865 0.9542232 0.2990697 90.2225149
-0.8768585 -0.1411088 0.4595805 -23.9744331
0.4807454 -0.2637068 0.8362728 -0.2698418
0.0000000 0.0000000 0.0000000 1.0000000
-0.0223486 0.9525053 0.3036924 90.1760410
-0.8763247 -0.1648742 0.4526358 -24.1354859
0.4812108 -0.2560178 0.8383919 -0.1125589
0.0000000 0.0000000 0.0000000 1.0000000
-0.0195537 0.9538298 0.2997025 90.0264705
-0.8794398 -0.1590040 0.4486769 -24.3840270
0.4756170 -0.2547975 0.8419482 0.0946429
0.0000000 0.0000000 0.0000000 1.0000000
-0.0292324 0.9543588 0.2972205 89.9962435
-0.8783129 -0.1664768 0.4481742 -24.7942754
0.4772011 -0.2479517 0.8430952 0.3301023
0.0000000 0.0000000 0.0000000 1.0000000
-0.0419445 0.9535562 0.2982718 90.0269409
-0.8803378 -0.1764510 0.4403159 -25.3547657
0.4724980 -0.2441114 0.8468563 0.6416102
0.0000000 0.0000000 0.0000000 1.0000000
-0.0487070 0.9544092 0.2944911 89.9788772
-0.8795915 -0.1806798 0.4400931 -25.7455128
0.4732393 -0.2375963 0.8482942 0.8458921
0.0000000 0.0000000 0.0000000 1.0000000
-0.0515409 0.9524080 0.3004278 89.9437095
-0.8815041 -0.1847694 0.4345325 -26.1775484
0.4693639 -0.2424323 0.8490786 1.0797517
0.0000000 0.0000000 0.0000000 1.0000000
-0.0597077 0.9513167 0.3023656 89.8374860
-0.8846640 -0.1907404 0.4254346 -27.0091346
0.4623981 -0.2420904 0.8529890 1.5590903
0.0000000 0.0000000 0.0000000 1.0000000
-0.0501247 0.9509155 0.3053534 89.7794214
-0.8879523 -0.1823881 0.4222343 -27.2413840
0.4572035 -0.2499752 0.8535147 1.7423703
0.0000000 0.0000000 0.0000000 1.0000000
-0.0370884 0.9509328 0.3071555 89.7542771
-0.8930247 -0.1694804 0.4168802 -28.1071270
0.4484833 -0.2588364 0.8554977 2.1865367
0.0000000 0.0000000 0.0000000 1.0000000
-0.0273722 0.9493131 0.3131265 89.7367046
-0.8972390 -0.1614286 0.4109854 -28.4294666
0.4407029 -0.2697000 0.8561850 2.3926637
0.0000000 0.0000000 0.0000000 1.0000000
-0.0504553 0.9459280 0.3204169 89.7299257
-0.8960781 -0.1845466 0.4037225 -28.9968343
0.4410257 -0.2667491 0.8569428 2.6850139
0.0000000 0.0000000 0.0000000 1.0000000
-0.0370754 0.9464131 0.3208112 89.5858807
-0.8979066 -0.1724575 0.4050027 -29.5266347
0.4386275 -0.2730432 0.8561910 2.9932849
0.0000000 0.0000000 0.0000000 1.0000000
-0.0381467 0.9453528 0.3237981 89.5129722
-0.8977433 -0.1747314 0.4043894 -29.9956939
0.4388696 -0.2752619 0.8553562 3.2608754
0.0000000 0.0000000 0.0000000 1.0000000
-0.0499878 0.9439763 0.3261949 89.4946545
-0.8974094 -0.1858000 0.4001740 -30.7340043
0.4383626 -0.2727272 0.8564275 3.6679320
0.0000000 0.0000000 0.0000000 1.0000000
-0.0217007 0.9439175 0.3294571 89.2870142
-0.9057827 -0.1580492 0.3931705 -31.3465284
0.4231917 -0.2898850 0.8584203 4.0522561
0.0000000 0.0000000 0.0000000 1.0000000
-0.0052393 0.9425314 0.3340652 89.3286604
-0.9082969 -0.1442257 0.3926841 -32.0564678
0.4182989 -0.3013734 0.8568606 4.4042491
0.0000000 0.0000000 0.0000000 1.0000000
0.0000835 0.9422758 0.3348261 89.2913685
-0.9091661 -0.1393603 0.3924288 -32.6607715
0.4164387 -0.3044458 0.8566806 4.7207626
0.0000000 0.0000000 0.0000000 1.0000000
0.0178971 0.9394885 0.3421018 89.2770425
-0.9137093 -0.1235598 0.3871344 -33.0745527
0.4059792 -0.3195108 0.8562148 4.9708790
0.0000000 0.0000000 0.0000000 1.0000000
0.0308996 0.9404350 0.3385552 89.2585160
-0.9172574 -0.1078856 0.3834114 -33.8250533
0.3970995 -0.3223901 0.8592943 5.3064697
0.0000000 0.0000000 0.0000000 1.0000000
0.0497385 0.9394968 0.3389168 89.1351621
-0.9176958 -0.0909274 0.3867454 -34.6280449
0.3941637 -0.3302591 0.8576563 5.7336866
0.0000000 0.0000000 0.0000000 1.0000000
0.0527898 0.9380675 0.3423966 89.0802406
-0.9177595 -0.0895725 0.3869111 -35.1604985
0.3936190 -0.3346631 0.8561982 5.9650242
0.0000000 0.0000000 0.0000000 1.0000000
0.0329149 0.9368204 0.3482495 89.1008899
-0.9147068 -0.1121819 0.3882429 -36.0160899
0.4027819 -0.3313256 0.8532297 6.3900902
0.0000000 0.0000000 0.0000000 1.0000000
0.0273143 0.9342252 0.3556274 89.2116315
-0.9177325 -0.1175889 0.3794008 -36.5705556
0.3962641 -0.3367346 0.8541636 6.6533158
0.0000000 0.0000000 0.0000000 1.0000000
0.0328270 0.9329743 0.3584339 89.1997945
-0.9193820 -0.1124661 0.3769517 -37.4704889
0.3919982 -0.3419127 0.8540749 7.1015805
0.0000000 0.0000000 0.0000000 1.0000000
0.0257478 0.9343758 0.3553485 89.3021714
-0.9187912 -0.1179457 0.3767179 -38.1493852
0.3939083 -0.3361915 0.8554663 7.3558675
0.0000000 0.0000000 0.0000000 1.0000000
0.0399060 0.9347942 0.3529319 89.2615991
-0.9205921 -0.1029287 0.3767243 -38.9244167
0.3884869 -0.3399404 0.8564635 7.7226691
0.0000000 0.0000000 0.0000000 1.0000000
0.0438036 0.9286231 0.3684205 89.3514286
-0.9225947 -0.1038760 0.3715278 -39.8760725
0.3832795 -0.3561779 0.8522002 8.1824307
0.0000000 0.0000000 0.0000000 1.0000000
0.0495573 0.9256463 0.3751217 89.4543095
-0.9235761 -0.1004998 0.3700159 -40.4751611
0.3802038 -0.3647912 0.8499316 8.3927144
0.0000000 0.0000000 0.0000000 1.0000000
0.0306362 0.9254540 0.3776098 89.5677556
-0.9267641 -0.1152058 0.3575492 -41.1129127
0.3743986 -0.3609098 0.8541552 8.6438064
0.0000000 0.0000000 0.0000000 1.0000000
0.0213525 0.9264098 0.3759012 89.6616287
-0.9235666 -0.1256986 0.3622568 -42.0395338
0.3828490 -0.3549055 0.8529245 9.0296014
0.0000000 0.0000000 0.0000000 1.0000000
0.0152529 0.9251313 0.3793318 89.7421557
-0.9243348 -0.1316180 0.3581732 -42.6010372
0.3812846 -0.3560931 0.8531303 9.2333009
0.0000000 0.0000000 0.0000000 1.0000000
0.0012916 0.9204571 0.3908327 89.8388359
-0.9233347 -0.1489803 0.3539273 -43.7158190
0.3840018 -0.3613269 0.8497042 9.6536459
0.0000000 0.0000000 0.0000000 1.0000000
0.0045906 0.9185596 0.3952481 89.9034558
-0.9253980 -0.1458885 0.3498035 -44.4904156
0.3789780 -0.3673680 0.8493695 9.9644039
0.0000000 0.0000000 0.0000000 1.0000000
-0.0055060 0.9152529 0.4028342 89.9085656
-0.9251985 -0.1575214 0.3452575 -45.3415526
0.3794537 -0.3708009 0.8476637 10.3424279
0.0000000 0.0000000 0.0000000 1.0000000
-0.0170293 0.9118123 0.4102459 90.0133126
-0.9264641 -0.1686878 0.3364774 -46.0497066
0.3760085 -0.3743482 0.8476399 10.5972258
0.0000000 0.0000000 0.0000000 1.0000000
-0.0088518 0.9119067 0.4102948 89.9978753
-0.9271693 -0.1611695 0.3382157 -46.8894280
0.3745488 -0.3774192 0.8469241 10.9192641
0.0000000 0.0000000 0.0000000 1.0000000
-0.0238333 0.9069170 0.4206281 90.0485659
-0.9297382 -0.1747566 0.3241215 -47.7274030
0.3674591 -0.3833497 0.8473661 11.2788438
0.0000000 0.0000000 0.0000000 1.0000000
-0.0252523 0.9061624 0.4221688 90.1014614
-0.9303810 -0.1758005 0.3217035 -48.6376821
0.3657333 -0.3846547 0.8475214 11.6103907
0.0000000 0.0000000 0.0000000 1.0000000
-0.0331063 0.9061727 0.4216040 90.0671575
-0.9291922 -0.1832759 0.3209669 -49.4120904
0.3681215 -0.3811258 0.8480816 11.9238219
0.0000000 0.0000000 0.0000000 1.0000000
-0.0262943 0.9033473 0.4280972 90.1148059
-0.9282952 -0.1809637 0.3248508 -50.0870813
0.3709234 -0.3888596 0.8433366 12.1547883
0.0000000 0.0000000 0.0000000 1.0000000
-0.0286558 0.9011914 0.4324671 90.1304517
-0.9279359 -0.1848378 0.3236941 -50.9475975
0.3716468 -0.3920267 0.8415500 12.5215673
0.0000000 0.0000000 0.0000000 1.0000000
-0.0256743 0.9028456 0.4291920 90.0228657
-0.9316786 -0.1772434 0.3171231 -51.5554765
0.3623846 -0.3917280 0.8457182 12.8015451
0.0000000 0.0000000 0.0000000 1.0000000
-0.0574988 0.8987191 0.4347337 90.0063986
-0.9255168 -0.2112544 0.3143202 -52.2184710
0.3743248 -0.3842814 0.8439321 13.0698526
0.0000000 0.0000000 0.0000000 1.0000000
-0.0287667 0.9000082 0.4349181 89.9455643
-0.9309303 -0.1825921 0.3162845 -52.6897252
0.3640710 -0.3957811 0.8431027 13.2880146
0.0000000 0.0000000 0.0000000 1.0000000
-0.0443858 0.8956112 0.4426130 89.8924773
-0.9284081 -0.2005838 0.3127794 -53.3702263
0.3689093 -0.3970438 0.8404016 13.6137677
0.0000000 0.0000000 0.0000000 1.0000000
-0.0324748 0.8973111 0.4401980 89.7574449
-0.9320546 -0.1862078 0.3108176 -53.9153104
0.3608679 -0.4001961 0.8423956 13.8742104
0.0000000 0.0000000 0.0000000 1.0000000
-0.0341623 0.8963551 0.4420148 89.7593490
-0.9321115 -0.1881353 0.3094832 -54.6827686
0.3605648 -0.4014358 0.8419355 14.1899969
0.0000000 0.0000000 0.0000000 1.0000000
-0.0320529 0.8925172 0.4498696 89.7358995
-0.9317345 -0.1895793 0.3097368 -55.2598974
0.3617306 -0.4092325 0.8376711 14.4204832
0.0000000 0.0000000 0.0000000 1.0000000
-0.0142713 0.8924073 0.4510012 89.6510476
-0.9363169 -0.1702015 0.3071607 -55.9361953
0.3508726 -0.4178980 0.8380113 14.7333490
0.0000000 0.0000000 0.0000000 1.0000000
-0.0136354 0.8903759 0.4550182 89.7495046
-0.9368198 -0.1704569 0.3054826 -56.4334248
0.3495546 -0.4221059 0.8364519 14.8781995
0.0000000 0.0000000 0.0000000 1.0000000
-0.0096804 0.8878712 0.4599864 89.6794243
-0.9378341 -0.1676695 0.3039083 -56.9285549
0.3469563 -0.4284502 0.8343053 15.1154111
0.0000000 0.0000000 0.0000000 1.0000000
-0.0028657 0.8843699 0.4667735 89.7505734
-0.9396010 -0.1621416 0.3014396 -57.4246488
0.3422667 -0.4377182 0.8314263 15.2898939
0.0000000 0.0000000 0.0000000 1.0000000
-0.0048357 0.8844301 0.4666436 89.7613645
-0.9373326 -0.1665945 0.3060407 -57.9713419
0.3484111 -0.4359214 0.8298168 15.4548251
0.0000000 0.0000000 0.0000000 1.0000000
0.0021498 0.8818397 0.4715399 89.8154299
-0.9381880 -0.1614328 0.3061849 -58.2551889
0.3461273 -0.4430523 0.8269910 15.5649078
0.0000000 0.0000000 0.0000000 1.0000000
-0.0107548 0.8798589 0.4751084 89.8232311
-0.9353422 -0.1768623 0.3063682 -58.7325765
0.3535890 -0.4410948 0.8248780 15.7378958
0.0000000 0.0000000 0.0000000 1.0000000
0.0301050 0.8799554 0.4740967 89.8033861
-0.9389595 -0.1377293 0.3152660 -59.3101232
0.3427165 -0.4546495 0.8221027 15.9203028
0.0000000 0.0000000 0.0000000 1.0000000
0.0320477 0.8818615 0.4704128 89.7994119
-0.9409415 -0.1320980 0.3117490 -59.7643455
0.3370598 -0.4526220 0.8255529 16.1129789
0.0000000 0.0000000 0.0000000 1.0000000
0.0340676 0.8828970 0.4683237 89.8345633
-0.9407690 -0.1298368 0.3132148 -60.4237995
0.3373417 -0.4512552 0.8261858 16.3572377
0.0000000 0.0000000 0.0000000 1.0000000
0.0348417 0.8803845 0.4729737 90.0712021
-0.9395947 -0.1323939 0.3156589 -60.7954312
0.3405196 -0.4554022 0.8225990 16.3228153
0.0000000 0.0000000 0.0000000 1.0000000
0.0144517 0.8795105 0.4756551 90.0978820
-0.9354667 -0.1561078 0.3170811 -61.8013601
0.3531293 -0.4495421 0.8205034 16.7396178
0.0000000 0.0000000 0.0000000 1.0000000
0.0415542 0.8801954 0.4727841 90.1973901
-0.9383724 -0.1281236 0.3210149 -62.4967806
0.3431304 -0.4569871 0.8206332 16.8720406
0.0000000 0.0000000 0.0000000 1.0000000
0.0642104 0.8734076 0.4827333 90.3034124
-0.9420301 -0.1065887 0.3181617 -62.8671737
0.3293386 -0.4751786 0.8159386 17.0092528
0.0000000 0.0000000 0.0000000 1.0000000
0.0850806 0.8706620 0.4844633 90.4434724
-0.9447801 -0.0839416 0.3167852 -63.2145841
0.3164790 -0.4846638 0.8154487 17.0811513
0.0000000 0.0000000 0.0000000 1.0000000
0.1167506 0.8670530 0.4843391 90.4876005
-0.9477467 -0.0485227 0.3153273 -63.8229981
0.2969066 -0.4958454 0.8160873 17.2776864
0.0000000 0.0000000 0.0000000 1.0000000
0.1505595 0.8575385 0.4918898 90.7948420
-0.9498926 -0.0123854 0.3123463 -64.4710663
0.2739409 -0.5142692 0.8127106 17.3756467
0.0000000 0.0000000 0.0000000 1.0000000
0.1862557 0.8456527 0.5001755 90.8446943
-0.9499179 0.0249739 0.3115150 -64.7858222
0.2509421 -0.5331470 0.8079586 17.4992524
0.0000000 0.0000000 0.0000000 1.0000000
0.2323342 0.8295656 0.5077764 90.9419889
-0.9471783 0.0743048 0.3119976 -65.2979807
0.2210924 -0.5534420 0.8030161 17.6129380
0.0000000 0.0000000 0.0000000 1.0000000
0.2697158 0.8178088 0.5083666 91.0741170
-0.9434312 0.1186883 0.3096149 -65.7605180
0.1928690 -0.5631163 0.8035647 17.7361087
0.0000000 0.0000000 0.0000000 1.0000000
0.3035139 0.8033078 0.5124165 91.2468839
-0.9373150 0.1550686 0.3120978 -66.1331077
0.1712513 -0.5750210 0.8000242 17.7640788
0.0000000 0.0000000 0.0000000 1.0000000
0.3574714 0.7794271 0.5144927 91.3251914
-0.9248052 0.2186182 0.3113709 -66.4377965
0.1302135 -0.5871111 0.7989743 17.8766876
0.0000000 0.0000000 0.0000000 1.0000000
0.4044325 0.7561697 0.5144283 91.5475383
-0.9098698 0.2757186 0.3100427 -66.6561600
0.0926078 -0.5934534 0.7995322 17.8145032
0.0000000 0.0000000 0.0000000 1.0000000
0.4271966 0.7423983 0.5160840 91.7924132
-0.9012420 0.3038102 0.3089871 -66.8908960
0.0726003 -0.5971141 0.7988736 17.7508361
0.0000000 0.0000000 0.0000000 1.0000000
0.4772157 0.7083149 0.5201444 91.9343570
-0.8781517 0.3618405 0.3129414 -66.9263514
0.0334523 -0.6061056 0.7946900 17.7159202
0.0000000 0.0000000 0.0000000 1.0000000
0.4965893 0.6942889 0.5209195 92.3793635
-0.8679555 0.3920555 0.3048871 -67.6715946
0.0074507 -0.6035382 0.7973089 17.7414101
0.0000000 0.0000000 0.0000000 1.0000000
0.5322676 0.6629164 0.5265252 92.6666243
-0.8458685 0.4419077 0.2987221 -67.9354187
-0.0346475 -0.6043708 0.7959593 17.6481822
0.0000000 0.0000000 0.0000000 1.0000000
0.5469632 0.6462806 0.5321168 92.9870756
-0.8353623 0.4629696 0.2963787 -68.2328728
-0.0548097 -0.6066179 0.7931118 17.5647542
0.0000000 0.0000000 0.0000000 1.0000000
0.5878803 0.6055281 0.5364029 93.3446893
-0.8025014 0.5201057 0.2923923 -68.5187867
-0.1019340 -0.6023551 0.7917030 17.4143837
0.0000000 0.0000000 0.0000000 1.0000000
0.6186829 0.5710403 0.5395738 93.6836767
-0.7730412 0.5649947 0.2884437 -68.9272015
-0.1401428 -0.5955673 0.7909965 17.3924432
0.0000000 0.0000000 0.0000000 1.0000000
0.6293628 0.5559772 0.5429435 94.3284101
-0.7606970 0.5836138 0.2841594 -69.4898989
-0.1588827 -0.5918544 0.7902409 17.1738367
0.0000000 0.0000000 0.0000000 1.0000000
0.6403884 0.5388132 0.5473380 94.8209955
-0.7469540 0.6028057 0.2805301 -69.9042268
-0.1787847 -0.5884838 0.7885042 17.0176535
0.0000000 0.0000000 0.0000000 1.0000000
0.6549186 0.5165065 0.5516323 95.2363702
-0.7290012 0.6241351 0.2811123 -70.2696079
-0.1990962 -0.5862458 0.7852977 16.8562709
0.0000000 0.0000000 0.0000000 1.0000000
0.6642313 0.5003764 0.5553518 95.6315731
-0.7153263 0.6411758 0.2778725 -70.6179042
-0.2170369 -0.5818288 0.7838279 16.7084331
0.0000000 0.0000000 0.0000000 1.0000000
0.6632748 0.5012087 0.5557441 96.1501036
-0.7153646 0.6427497 0.2741115 -71.2082728
-0.2198168 -0.5793704 0.7848734 16.5768367
0.0000000 0.0000000 0.0000000 1.0000000
0.6598178 0.5074533 0.5541903 96.7504427
-0.7207090 0.6360946 0.2756322 -71.8278289
-0.2126465 -0.5812765 0.7854394 16.3644989
0.0000000 0.0000000 0.0000000 1.0000000
0.6585656 0.5059537 0.5570435 97.2428566
-0.7219952 0.6335276 0.2781658 -72.3126699
-0.2121629 -0.5853731 0.7825224 16.1727993
0.0000000 0.0000000 0.0000000 1.0000000
0.6548255 0.5063038 0.5611193 97.5063939
-0.7250641 0.6303611 0.2773756 -72.7353350
-0.2132710 -0.5884797 0.7798865 16.1269077
0.0000000 0.0000000 0.0000000 1.0000000
0.6630821 0.4962488 0.5604057 97.9706083
-0.7163579 0.6378759 0.2827657 -73.2714690
-0.2171466 -0.5889476 0.7784628 16.0363970
0.0000000 0.0000000 0.0000000 1.0000000
0.6646583 0.4900974 0.5639406 98.3371058
-0.7133538 0.6407096 0.2839508 -73.7785122
-0.2221581 -0.5910194 0.7754729 15.9519338
0.0000000 0.0000000 0.0000000 1.0000000
0.6597229 0.4921813 0.5679072 98.7915813
-0.7182638 0.6352413 0.2838594 -74.2056605
-0.2210473 -0.5951753 0.7726064 15.8020748
0.0000000 0.0000000 0.0000000 1.0000000
0.6482855 0.5036172 0.5710437 99.2090985
-0.7322718 0.6178584 0.2864255 -74.7084145
-0.2085749 -0.6038443 0.7693405 15.7416889
0.0000000 0.0000000 0.0000000 1.0000000
0.6364530 0.5198336 0.5698209 99.6465296
-0.7454644 0.6042343 0.2814149 -75.2053284
-0.1980161 -0.6038879 0.7720914 15.6292198
0.0000000 0.0000000 0.0000000 1.0000000
0.6659257 0.4876552 0.5645626 100.0322416
-0.7135267 0.6372553 0.2911979 -75.6490139
-0.2177658 -0.5967462 0.7723266 15.6320493
0.0000000 0.0000000 0.0000000 1.0000000
0.6443723 0.5072804 0.5722290 100.9759500
-0.7366731 0.6125565 0.2865270 -76.5578894
-0.2051724 -0.6061757 0.7684216 15.3297369
0.0000000 0.0000000 0.0000000 1.0000000
0.6460368 0.5045718 0.5727468 101.6320559
-0.7353483 0.6126366 0.2897406 -77.3271018
-0.2046900 -0.6083513 0.7668293 15.2442689
0.0000000 0.0000000 0.0000000 1.0000000
0.6367090 0.5089536 0.5792779 102.2082582
-0.7440211 0.6028434 0.2881365 -77.9806192
-0.2025651 -0.6144541 0.7625157 15.0932107
0.0000000 0.0000000 0.0000000 1.0000000
0.6358533 0.5099437 0.5793469 102.7096670
-0.7420873 0.6102482 0.2773325 -78.8368623
-0.2121210 -0.6062686 0.7664591 15.0510590
0.0000000 0.0000000 0.0000000 1.0000000
0.6317748 0.5093802 0.5842832 103.2608120
-0.7450292 0.6071204 0.2763071 -79.5251973
-0.2139842 -0.6098722 0.7630748 14.9311177
0.0000000 0.0000000 0.0000000 1.0000000
0.6219221 0.5187901 0.5865698 103.8009234
-0.7541381 0.5985600 0.2702052 -80.1662518
-0.2109168 -0.6104015 0.7635055 14.7932448
0.0000000 0.0000000 0.0000000 1.0000000
0.5992321 0.5369337 0.5938157 104.4334790
-0.7772731 0.5678569 0.2709125 -80.7683477
-0.1917396 -0.6238972 0.7576310 14.5778429
0.0000000 0.0000000 0.0000000 1.0000000
0.5874178 0.5542796 0.5896681 105.0132856
-0.7885086 0.5560358 0.2628445 -81.4876464
-0.1821866 -0.6193583 0.7636883 14.4052065
0.0000000 0.0000000 0.0000000 1.0000000
0.5727013 0.5655864 0.5933962 105.6410179
-0.8023376 0.5351929 0.2642561 -82.2285040
-0.1681211 -0.6274445 0.7603060 14.2168127
0.0000000 0.0000000 0.0000000 1.0000000
0.5494948 0.5801250 0.6012521 106.2982992
-0.8213151 0.5070977 0.2613458 -83.1254105
-0.1532797 -0.6374260 0.7551223 14.0401900
0.0000000 0.0000000 0.0000000 1.0000000
0.5379600 0.5829157 0.6089349 106.8346803
-0.8290711 0.4965076 0.2571563 -83.9779788
-0.1524398 -0.6431904 0.7503894 13.9793542
0.0000000 0.0000000 0.0000000 1.0000000
0.5165203 0.5979792 0.6128793 107.5547168
-0.8448111 0.4726169 0.2508699 -85.1461371
-0.1396417 -0.6473465 0.7493054 13.8689350
0.0000000 0.0000000 0.0000000 1.0000000
0.5027750 0.6053407 0.6170684 108.0695202
-0.8541910 0.4574061 0.2472753 -85.9900698
-0.1325647 -0.6514183 0.7470588 13.8054674
0.0000000 0.0000000 0.0000000 1.0000000
0.5016740 0.5991346 0.6239823 108.7672342
