1.0000000 0.0000000 0.0000000 0.0000000
0.0000000 1.0000000 0.0000000 0.0000000
0.0000000 0.0000000 1.0000000 0.0000000
0.0000000 0.0000000 0.0000000 1.0000000
0.9999804 -0.0045463 -0.0043437 1.9873186
0.0045399 0.9999887 -0.0015113 -0.0806775
0.0043505 0.0014916 0.9999894 0.0611031
0.0000000 0.0000000 0.0000000 1.0000000
0.9999755 -0.0025087 -0.0065355 3.3761558
0.0024994 0.9999958 -0.0014419 -0.4600116
0.0065391 0.0014256 0.9999777 0.0985008
0.0000000 0.0000000 0.0000000 1.0000000
0.9999491 0.0045123 -0.0090296 4.1524724
-0.0045453 0.9999826 -0.0036789 -0.8996088
0.0090128 0.0037198 0.9999525 0.0826202
0.0000000 0.0000000 0.0000000 1.0000000
0.9998415 0.0112995 -0.0137666 5.8744163
-0.0113808 0.9999176 -0.0058882 -0.9207460
0.0136989 0.0060439 0.9998880 0.1541459
0.0000000 0.0000000 0.0000000 1.0000000
0.9998466 0.0123996 -0.0123807 7.1561138
-0.0124674 0.9999073 -0.0054534 -1.3859185
0.0123119 0.0056070 0.9999088 0.2388045
0.0000000 0.0000000 0.0000000 1.0000000
0.9993212 0.0348402 -0.0119553 8.3475971
-0.0350370 0.9992459 -0.0167094 -1.7845334
0.0113642 0.0171170 0.9997891 0.2974340
0.0000000 0.0000000 0.0000000 1.0000000
0.9986987 0.0496507 -0.0116794 10.6731051
-0.0498581 0.9985896 -0.0182432 -2.1915764
0.0107571 0.0188018 0.9997656 0.3995165
0.0000000 0.0000000 0.0000000 1.0000000
0.9992064 0.0371898 -0.0142302 12.0733892
-0.0374581 0.9991158 -0.0190930 -2.6212578
0.0135075 0.0196109 0.9997167 0.4453842
0.0000000 0.0000000 0.0000000 1.0000000
0.9994601 0.0302262 -0.0128354 13.6904410
-0.0305052 0.9992892 -0.0221432 -3.1127767
0.0121570 0.0225229 0.9996726 0.4601234
0.0000000 0.0000000 0.0000000 1.0000000
0.9997684 0.0182281 -0.0113912 15.0983153
-0.0184833 0.9995712 -0.0227156 -3.2957736
0.0109723 0.0229209 0.9996773 0.5285866
0.0000000 0.0000000 0.0000000 1.0000000
0.9997136 0.0182957 -0.0153896 16.4951325
-0.0186681 0.9995280 -0.0244115 -3.7325670
0.0149357 0.0246918 0.9995838 0.5285446
0.0000000 0.0000000 0.0000000 1.0000000
0.9996664 0.0135427 -0.0219609 19.3522778
-0.0141657 0.9994951 -0.0284552 -5.1042312
0.0215645 0.0287569 0.9993540 0.5448389
0.0000000 0.0000000 0.0000000 1.0000000
0.9995982 -0.0075874 -0.0273009 22.3631543
0.0068236 0.9995864 -0.0279585 -5.1131251
0.0275017 0.0277610 0.9992365 0.7125134
0.0000000 0.0000000 0.0000000 1.0000000
0.9997805 -0.0041258 -0.0205135 23.3875006
0.0034954 0.9995240 -0.0306629 -5.4295129
0.0206302 0.0305845 0.9993195 0.8095842
0.0000000 0.0000000 0.0000000 1.0000000
0.9996233 -0.0099216 -0.0255692 24.2534041
0.0090369 0.9993646 -0.0344816 -5.7620180
0.0258950 0.0342376 0.9990784 0.8466731
0.0000000 0.0000000 0.0000000 1.0000000
0.9998133 -0.0003114 -0.0192908 24.4839812
-0.0003730 0.9993701 -0.0354810 -6.3570784
0.0192897 0.0354815 0.9991844 0.8956103
0.0000000 0.0000000 0.0000000 1.0000000
0.9996300 0.0120743 -0.0243506 26.5204824
-0.0129542 0.9992562 -0.0363195 -6.5849844
0.0238940 0.0366215 0.9990438 0.9690921
0.0000000 0.0000000 0.0000000 1.0000000
0.9996611 0.0037064 -0.0257494 28.1169229
-0.0047390 0.9991815 -0.0401724 -7.0139133
0.0255795 0.0402809 0.9988612 1.0311129
0.0000000 0.0000000 0.0000000 1.0000000
0.9996866 0.0078011 -0.0237628 29.0656333
-0.0088251 0.9990222 -0.0433181 -7.4784157
0.0234016 0.0435142 0.9987789 1.0433541
0.0000000 0.0000000 0.0000000 1.0000000
0.9994938 -0.0011952 -0.0317833 30.1827812
-0.0003712 0.9987868 -0.0492421 -7.7859166
0.0318036 0.0492290 0.9982813 1.0720786
0.0000000 0.0000000 0.0000000 1.0000000
0.9992489 0.0096105 -0.0375365 31.3602692
-0.0116217 0.9984870 -0.0537490 -7.9646556
0.0369631 0.0541449 0.9978491 1.1371845
0.0000000 0.0000000 0.0000000 1.0000000
0.9984044 0.0344492 -0.0447356 32.9797285
-0.0370818 0.9975438 -0.0594256 -8.2219461
0.0425786 0.0609897 0.9972302 1.2276080
0.0000000 0.0000000 0.0000000 1.0000000
0.9984871 0.0329596 -0.0439999 35.4348299
-0.0357915 0.9972288 -0.0652146 -8.7238442
0.0417285 0.0666908 0.9969011 1.3451977
0.0000000 0.0000000 0.0000000 1.0000000
0.9985982 0.0226589 -0.0478172 37.8567992
-0.0260643 0.9970754 -0.0718408 -9.1026256
0.0460495 0.0729865 0.9962697 1.4560707
0.0000000 0.0000000 0.0000000 1.0000000
0.9983578 0.0284223 -0.0497161 39.4289269
-0.0322668 0.9964059 -0.0783196 -9.4249722
0.0473114 0.0797953 0.9956883 1.5215363
0.0000000 0.0000000 0.0000000 1.0000000
0.9981953 0.0259643 -0.0541235 42.1856227
-0.0303089 0.9962474 -0.0810666 -9.7705367
0.0518155 0.0825608 0.9952385 1.6670339
0.0000000 0.0000000 0.0000000 1.0000000
0.9982861 0.0185130 -0.0554949 45.5413152
-0.0232962 0.9959508 -0.0868270 -10.0343057
0.0536628 0.0879711 0.9946771 1.8875809
0.0000000 0.0000000 0.0000000 1.0000000
0.9979862 0.0340086 -0.0535279 47.2479302
-0.0387591 0.9951525 -0.0903803 -10.2760795
0.0501947 0.0922730 0.9944684 1.9915658
0.0000000 0.0000000 0.0000000 1.0000000
0.9968980 0.0525398 -0.0585844 49.7373778
-0.0577389 0.9941832 -0.0909137 -10.3394261
0.0534671 0.0940143 0.9941347 2.1790514
0.0000000 0.0000000 0.0000000 1.0000000
0.9971346 0.0386977 -0.0649815 54.0050938
-0.0449914 0.9941311 -0.0983768 -10.5959024
0.0607932 0.1010186 0.9930261 2.4860871
0.0000000 0.0000000 0.0000000 1.0000000
0.9965326 0.0548565 -0.0625386 55.6907851
-0.0611731 0.9926895 -0.1040387 -10.8775011
0.0563743 0.1075037 0.9926057 2.6044889
0.0000000 0.0000000 0.0000000 1.0000000
0.9963032 0.0586858 -0.0627180 57.2166977
-0.0653076 0.9918533 -0.1093665 -10.8024852
0.0557888 0.1130583 0.9920215 2.7527234
0.0000000 0.0000000 0.0000000 1.0000000
0.9952422 0.0754206 -0.0616618 60.2162188
-0.0817975 0.9907305 -0.1084515 -11.2275941
0.0529108 0.1129795 0.9921882 2.9571487
0.0000000 0.0000000 0.0000000 1.0000000
0.9938461 0.0931130 -0.0599764 62.6634641
-0.0993579 0.9888053 -0.1113169 -11.2710997
0.0489399 0.1165911 0.9919743 3.1847407
0.0000000 0.0000000 0.0000000 1.0000000
0.9940120 0.0932833 -0.0568855 64.6591980
-0.0994022 0.9882091 -0.1164526 -11.4036878
0.0453517 0.1214100 0.9915667 3.3267238
0.0000000 0.0000000 0.0000000 1.0000000
0.9934139 0.0979282 -0.0594712 67.0278921
-0.1045602 0.9871082 -0.1211772 -11.2213216
0.0468378 0.1265975 0.9908487 3.4921062
0.0000000 0.0000000 0.0000000 1.0000000
0.9932813 0.1010011 -0.0564649 69.9911203
-0.1075837 0.9857555 -0.1292702 -11.4844178
0.0426041 0.1344765 0.9900014 3.6664435
0.0000000 0.0000000 0.0000000 1.0000000
0.9928991 0.1067312 -0.0525047 72.6262313
-0.1129452 0.9844183 -0.1347689 -11.8363879
0.0373025 0.1397422 0.9894860 3.8110720
0.0000000 0.0000000 0.0000000 1.0000000
0.9922727 0.1146955 -0.0472994 74.5102539
-0.1202665 0.9828601 -0.1397175 -12.1722331
0.0304637 0.1443265 0.9890622 3.8496634
0.0000000 0.0000000 0.0000000 1.0000000
0.9896378 0.1346291 -0.0498913 77.3767465
-0.1405315 0.9794668 -0.1445487 -12.4880410
0.0294065 0.1500623 0.9882403 3.9671426
0.0000000 0.0000000 0.0000000 1.0000000
0.9879375 0.1477995 -0.0461622 79.8541279
-0.1530952 0.9770134 -0.1483398 -12.8299811
0.0231766 0.1536179 0.9878596 4.0556169
0.0000000 0.0000000 0.0000000 1.0000000
0.9879069 0.1496292 -0.0405967 82.0678967
-0.1541797 0.9756737 -0.1558451 -13.2233118
0.0162901 0.1602198 0.9869482 4.1090212
0.0000000 0.0000000 0.0000000 1.0000000
0.9911471 0.1271152 -0.0382880 85.1117937
-0.1316570 0.9782028 -0.1605741 -13.5581986
0.0170420 0.1641936 0.9862822 4.1957328
0.0000000 0.0000000 0.0000000 1.0000000
0.9927239 0.1149036 -0.0359592 87.2309903
-0.1192916 0.9791024 -0.1647010 -13.7246608
0.0162830 0.1677925 0.9856892 4.2719325
0.0000000 0.0000000 0.0000000 1.0000000
0.9935356 0.1083144 -0.0339274 91.0786860
-0.1125431 0.9788820 -0.1706542 -14.1659660
0.0147266 0.1733696 0.9847480 4.3466728
0.0000000 0.0000000 0.0000000 1.0000000
0.9933542 0.1099196 -0.0340694 93.5793411
-0.1142166 0.9778704 -0.1752774 -14.4772115
0.0140490 0.1780041 0.9839308 4.3826545
0.0000000 0.0000000 0.0000000 1.0000000
0.9950481 0.0952911 -0.0281851 96.2261272
-0.0988204 0.9787149 -0.1798600 -14.8268153
0.0104459 0.1817550 0.9832897 4.4127697
0.0000000 0.0000000 0.0000000 1.0000000
0.9952406 0.0947027 -0.0228689 98.3511831
-0.0972710 0.9790582 -0.1788325 -15.2350517
0.0054539 0.1802062 0.9836152 4.3372991
0.0000000 0.0000000 0.0000000 1.0000000
0.9975285 0.0670239 -0.0209806 101.1736538
-0.0697227 0.9809361 -0.1813843 -15.5381589
0.0084234 0.1823991 0.9831899 4.3402581
0.0000000 0.0000000 0.0000000 1.0000000
0.9959341 0.0876551 -0.0206558 103.6205359
-0.0899598 0.9788951 -0.1834899 -15.7614255
0.0041360 0.1846023 0.9828062 4.3127589
0.0000000 0.0000000 0.0000000 1.0000000
0.9941263 0.1075999 -0.0113676 105.7987442
-0.1078023 0.9760273 -0.1890687 -16.0797039
-0.0092490 0.1891840 0.9818997 4.2750345
0.0000000 0.0000000 0.0000000 1.0000000
0.9929534 0.1183340 -0.0058925 108.2265300
-0.1172671 0.9744769 -0.1914158 -16.5129734
-0.0169092 0.1907583 0.9814930 4.2050374
0.0000000 0.0000000 0.0000000 1.0000000
0.9877842 0.1557767 -0.0031516 111.1682223
-0.1534138 0.9688737 -0.1942817 -17.0593201
-0.0272115 0.1923922 0.9809425 4.1245657
0.0000000 0.0000000 0.0000000 1.0000000
0.9849088 0.1730407 -0.0021524 113.7934551
-0.1701557 0.9660726 -0.1942892 -17.6170077
-0.0315410 0.1917238 0.9809438 4.0207911
0.0000000 0.0000000 0.0000000 1.0000000
0.9810558 0.1937047 0.0009159 115.9732025
-0.1897027 0.9617237 -0.1977298 -17.8863620
-0.0391825 0.1938106 0.9802580 3.9722442
0.0000000 0.0000000 0.0000000 1.0000000
0.9815318 0.1912716 0.0018780 118.6204141
-0.1870867 0.9620115 -0.1988178 -18.3710991
-0.0398353 0.1947950 0.9800366 3.8786985
0.0000000 0.0000000 0.0000000 1.0000000
0.9777072 0.2099485 0.0019399 120.7608734
-0.2055117 0.9588576 -0.1958415 -18.9474391
-0.0429771 0.1910773 0.9806356 3.7503398
0.0000000 0.0000000 0.0000000 1.0000000
0.9706683 0.2402494 0.0087523 123.4971084
-0.2339155 0.9522314 -0.1963039 -19.5980746
-0.0554966 0.1884989 0.9805061 3.5799444
0.0000000 0.0000000 0.0000000 1.0000000
0.9633727 0.2678658 0.0124185 126.2226968
-0.2603893 0.9455410 -0.1953109 -20.2129492
-0.0640598 0.1849238 0.9806649 3.4347514
0.0000000 0.0000000 0.0000000 1.0000000
0.9603726 0.2780261 0.0194682 128.1587972
-0.2686952 0.9421689 -0.2002951 -20.6934461
-0.0740302 0.1871273 0.9795444 3.3769994
0.0000000 0.0000000 0.0000000 1.0000000
0.9578878 0.2862455 0.0225323 130.0951880
-0.2765086 0.9407556 -0.1962649 -21.3770826
-0.0773780 0.1817696 0.9802943 3.1904837
0.0000000 0.0000000 0.0000000 1.0000000
0.9529217 0.3016291 0.0308905 132.0359589
-0.2900440 0.9365042 -0.1970594 -21.9305986
-0.0883686 0.1788227 0.9799072 3.0560747
0.0000000 0.0000000 0.0000000 1.0000000
0.9413231 0.3357241 0.0345590 134.2793978
-0.3230501 0.9259306 -0.1956765 -22.5624992
-0.0976933 0.1730307 0.9800619 2.8696575
0.0000000 0.0000000 0.0000000 1.0000000
0.9355968 0.3510018 0.0380827 136.7109370
-0.3381883 0.9219334 -0.1888541 -23.7645992
-0.1013986 0.1638123 0.9812690 2.5302637
0.0000000 0.0000000 0.0000000 1.0000000
0.9350399 0.3520147 0.0421828 139.5131602
-0.3392006 0.9228607 -0.1823989 -24.6141158
-0.1031367 0.1562420 0.9823218 2.3116377
0.0000000 0.0000000 0.0000000 1.0000000
0.9356259 0.3499639 0.0460790 141.8742074
-0.3370901 0.9245830 -0.1775242 -25.5489344
-0.1047317 0.1505635 0.9830396 2.0813265
0.0000000 0.0000000 0.0000000 1.0000000
0.9193714 0.3905198 0.0473692 144.7042852
-0.3772186 0.9093448 -0.1754889 -26.8824251
-0.1116076 0.1434710 0.9833436 1.7239249
0.0000000 0.0000000 0.0000000 1.0000000
0.9187713 0.3914836 0.0509179 146.7890685
-0.3775190 0.9089825 -0.1767134 -27.8647104
-0.1154647 0.1431366 0.9829470 1.4718823
0.0000000 0.0000000 0.0000000 1.0000000
0.9122885 0.4059587 0.0540336 149.3822801
-0.3921098 0.9039098 -0.1708633 -29.0478226
-0.1182057 0.1346895 0.9838146 1.1530294
0.0000000 0.0000000 0.0000000 1.0000000
0.9119376 0.4060942 0.0587375 152.0246271
-0.3921812 0.9047402 -0.1662424 -30.3422702
-0.1206531 0.1285669 0.9843365 0.7988423
0.0000000 0.0000000 0.0000000 1.0000000
0.9096418 0.4099008 0.0672788 154.3409933
-0.3952366 0.9039227 -0.1634287 -31.5939494
-0.1278054 0.1220702 0.9842611 0.4703918
0.0000000 0.0000000 0.0000000 1.0000000
0.8953464 0.4391497 0.0741327 156.9735365
-0.4242782 0.8916689 -0.1578335 -32.7490272
-0.1354154 0.1098624 0.9846818 0.1426639
0.0000000 0.0000000 0.0000000 1.0000000
0.8883510 0.4524679 0.0780897 159.0943694
-0.4370443 0.8853936 -0.1583262 -33.8878442
-0.1407787 0.1065202 0.9842968 -0.2152622
0.0000000 0.0000000 0.0000000 1.0000000
0.8857685 0.4564762 0.0838823 161.3485247
-0.4402684 0.8836050 -0.1593812 -35.0563942
-0.1468736 0.1042437 0.9836498 -0.6072835
0.0000000 0.0000000 0.0000000 1.0000000
0.8777297 0.4699086 0.0936408 163.8789611
-0.4527515 0.8773545 -0.1589385 -36.2486073
-0.1568438 0.0971086 0.9828406 -1.0296731
0.0000000 0.0000000 0.0000000 1.0000000
0.8723609 0.4799475 0.0928935 167.1652930
-0.4643858 0.8729628 -0.1492570 -38.1007634
-0.1527292 0.0870669 0.9844283 -1.6607160
0.0000000 0.0000000 0.0000000 1.0000000
0.8645092 0.4935508 0.0949943 170.0917822
-0.4780258 0.8657922 -0.1479577 -39.6746633
-0.1552710 0.0825004 0.9844240 -2.1842706
0.0000000 0.0000000 0.0000000 1.0000000
0.8403687 0.5333501 0.0964933 173.0216084
-0.5180799 0.8427501 -0.1461574 -41.3607325
-0.1592738 0.0728341 0.9845472 -2.7051193
0.0000000 0.0000000 0.0000000 1.0000000
0.8211473 0.5617895 0.1005149 175.7607120
-0.5468929 0.8249276 -0.1428278 -43.1357580
-0.1631576 0.0623110 0.9846335 -3.2471430
0.0000000 0.0000000 0.0000000 1.0000000
0.7966709 0.5955625 0.1030261 178.2263091
-0.5807305 0.8015031 -0.1426259 -44.8874350
-0.1675192 0.0537947 0.9844033 -3.7497575
0.0000000 0.0000000 0.0000000 1.0000000
0.7742013 0.6234247 0.1093038 180.1481851
-0.6086159 0.7806812 -0.1418469 -46.2111357
-0.1737631 0.0432931 0.9838387 -4.1240423
0.0000000 0.0000000 0.0000000 1.0000000
0.7586970 0.6413867 0.1139973 182.7510428
-0.6262111 0.7662904 -0.1437219 -48.3376377
-0.1795372 0.0376540 0.9830337 -4.7479452
0.0000000 0.0000000 0.0000000 1.0000000
0.7455718 0.6559986 0.1173960 184.4443242
-0.6404744 0.7540159 -0.1457727 -49.8292781
-0.1841459 0.0334939 0.9823315 -5.2275397
0.0000000 0.0000000 0.0000000 1.0000000
0.7208344 0.6828471 0.1187893 186.4772042
-0.6673895 0.7300742 -0.1469023 -51.7316258
-0.1870374 0.0266125 0.9819957 -5.7358579
0.0000000 0.0000000 0.0000000 1.0000000
0.7057008 0.6972297 0.1259000 188.5933027
-0.6815872 0.7166031 -0.1480421 -53.5376583
-0.1934402 0.0186606 0.9809380 -6.2658836
0.0000000 0.0000000 0.0000000 1.0000000
0.7101023 0.6924501 0.1275193 190.8589376
-0.6766464 0.7212129 -0.1483208 -55.5763094
-0.1946738 0.0190365 0.9806867 -6.9242376
0.0000000 0.0000000 0.0000000 1.0000000
0.6994456 0.7030056 0.1286558 192.4868474
-0.6872073 0.7110061 -0.1490423 -57.1179248
-0.1962531 0.0158327 0.9804289 -7.4244047
0.0000000 0.0000000 0.0000000 1.0000000
0.6895141 0.7124787 0.1301449 194.2632175
-0.6969907 0.7015982 -0.1481930 -58.7212182
-0.1968941 0.0114703 0.9803611 -7.9281228
0.0000000 0.0000000 0.0000000 1.0000000
0.7149356 0.6867623 0.1312165 196.1025628
-0.6709942 0.7266746 -0.1473364 -60.5912578
-0.1965373 0.0172895 0.9803473 -8.4855082
0.0000000 0.0000000 0.0000000 1.0000000
0.6744475 0.7265589 0.1312494 198.0375120
-0.7113465 0.6870711 -0.1480440 -62.4687434
-0.1977410 0.0064830 0.9802364 -9.0714488
0.0000000 0.0000000 0.0000000 1.0000000
0.6619229 0.7368824 0.1373178 200.0838077
-0.7223382 0.6760131 -0.1457103 -64.6377388
-0.2002006 -0.0027421 0.9797547 -9.6965727
0.0000000 0.0000000 0.0000000 1.0000000
0.6249753 0.7673850 0.1432480 202.4254186
-0.7529283 0.6410152 -0.1489843 -67.4619456
-0.2061529 -0.0147452 0.9784124 -10.4859548
0.0000000 0.0000000 0.0000000 1.0000000
0.5876179 0.7956833 0.1469240 204.9826285
-0.7807640 0.6052525 -0.1551591 -70.8558879
-0.2123841 -0.0235399 0.9769064 -11.3823800
0.0000000 0.0000000 0.0000000 1.0000000
0.5594884 0.8147573 0.1521064 206.6738751
-0.7999813 0.5788433 -0.1580112 -73.3146689
-0.2167869 -0.0332781 0.9756554 -12.0180152
0.0000000 0.0000000 0.0000000 1.0000000
0.5238862 0.8370029 0.1579943 208.7227925
-0.8236351 0.5450760 -0.1565698 -76.5021298
-0.2171686 -0.0481062 0.9749518 -12.8597677
0.0000000 0.0000000 0.0000000 1.0000000
0.5032333 0.8492309 0.1598618 210.9423668
-0.8358138 0.5253175 -0.1595416 -79.6853688
-0.2194662 -0.0533293 0.9741654 -13.7417950
0.0000000 0.0000000 0.0000000 1.0000000
0.4906401 0.8562447 0.1615872 212.0289515
-0.8431873 0.5133179 -0.1598024 -81.8563727
-0.2197758 -0.0578441 0.9738379 -14.2744486
0.0000000 0.0000000 0.0000000 1.0000000
0.4953439 0.8532761 0.1629323 213.1365873
-0.8406419 0.5181229 -0.1576908 -83.7873054
-0.2189730 -0.0588578 0.9739580 -14.7927470
0.0000000 0.0000000 0.0000000 1.0000000
0.4762269 0.8638187 0.1643725 214.3778573
-0.8524654 0.4993923 -0.1546194 -86.1409295
-0.2156497 -0.0664893 0.9742084 -15.4320614
0.0000000 0.0000000 0.0000000 1.0000000
0.4746481 0.8645063 0.1653206 215.6506944
-0.8536417 0.4979192 -0.1528693 -88.4784090
-0.2144730 -0.0685668 0.9743242 -16.0248580
0.0000000 0.0000000 0.0000000 1.0000000
0.4613091 0.8705099 0.1714612 216.8662985
-0.8602898 0.4861351 -0.1535263 -90.6203999
-0.2169997 -0.0766846 0.9731590 -16.5920922
0.0000000 0.0000000 0.0000000 1.0000000
0.4656334 0.8677398 0.1737980 217.9290106
-0.8575578 0.4909282 -0.1535606 -92.6996938
-0.2185733 -0.0775403 0.9727390 -17.1415585
0.0000000 0.0000000 0.0000000 1.0000000
0.4628290 0.8672995 0.1832318 218.7590054
-0.8580958 0.4902110 -0.1528443 -94.3401549
-0.2223842 -0.0864912 0.9711192 -17.5544849
0.0000000 0.0000000 0.0000000 1.0000000
0.4719407 0.8607295 0.1908139 219.4972843
-0.8518723 0.5009612 -0.1528023 -96.0745056
-0.2271121 -0.0904370 0.9696646 -17.9957849
0.0000000 0.0000000 0.0000000 1.0000000
0.4527902 0.8701589 0.1944180 220.2841283
-0.8634459 0.4823131 -0.1477587 -97.8960953
-0.2223440 -0.1009674 0.9697304 -18.4901416
0.0000000 0.0000000 0.0000000 1.0000000
0.4480670 0.8713609 0.1998995 221.2786004
-0.8654241 0.4788461 -0.1474644 -100.1613250
-0.2242161 -0.1069255 0.9686603 -19.0191188
0.0000000 0.0000000 0.0000000 1.0000000
0.4683346 0.8596736 0.2040037 222.1180869
-0.8542499 0.4995380 -0.1439334 -102.1483151
-0.2256436 -0.1068627 0.9683357 -19.5344864
0.0000000 0.0000000 0.0000000 1.0000000
0.4448678 0.8707555 0.2094541 223.2606849
-0.8676230 0.4770169 -0.1402997 -104.5365307
-0.2220803 -0.1193140 0.9677052 -20.1690594
0.0000000 0.0000000 0.0000000 1.0000000
0.4555671 0.8614743 0.2243096 224.1448107
-0.8603734 0.4907773 -0.1374569 -106.6733683
-0.2285021 -0.1303709 0.9647794 -20.6952614
0.0000000 0.0000000 0.0000000 1.0000000
0.4692844 0.8526374 0.2297285 224.9635006
-0.8517958 0.5056885 -0.1368268 -108.3224835
-0.2328352 -0.1314729 0.9635931 -21.1493854
0.0000000 0.0000000 0.0000000 1.0000000
0.4748776 0.8497482 0.2289376 226.5382919
-0.8488865 0.5109072 -0.1355129 -110.9027050
-0.2321182 -0.1299917 0.9639670 -21.8832917
0.0000000 0.0000000 0.0000000 1.0000000
0.4728186 0.8466388 0.2442112 227.3111089
-0.8486379 0.5121316 -0.1324162 -112.8656220
-0.2371775 -0.1446398 0.9606432 -22.4223573
0.0000000 0.0000000 0.0000000 1.0000000
0.4786257 0.8425164 0.2471391 228.9074416
-0.8465200 0.5175161 -0.1248224 -115.4532507
-0.2330639 -0.1494668 0.9609110 -23.1751866
0.0000000 0.0000000 0.0000000 1.0000000
0.4631259 0.8505803 0.2490425 230.0282340
-0.8551895 0.5026568 -0.1264369 -117.7431706
-0.2327281 -0.1544243 0.9602083 -23.7727617
0.0000000 0.0000000 0.0000000 1.0000000
0.4671408 0.8472118 0.2529951 231.1850621
-0.8520087 0.5078083 -0.1273204 -120.0272204
-0.2363407 -0.1560797 0.9590576 -24.4040003
0.0000000 0.0000000 0.0000000 1.0000000
0.4574972 0.8519380 0.2547422 232.5354919
-0.8559502 0.4995477 -0.1334168 -122.7602766
-0.2409190 -0.1570110 0.9577656 -25.1210614
0.0000000 0.0000000 0.0000000 1.0000000
0.4371844 0.8624805 0.2549374 233.8659629
-0.8669140 0.4795885 -0.1358480 -125.3629177
-0.2394316 -0.1616203 0.9573719 -25.8182727
0.0000000 0.0000000 0.0000000 1.0000000
0.3984516 0.8790778 0.2616381 235.2475070
-0.8863395 0.4424139 -0.1366430 -128.7925266
-0.2358724 -0.1774568 0.9554490 -26.7240883
0.0000000 0.0000000 0.0000000 1.0000000
0.3802384 0.8849169 0.2689539 236.6324616
-0.8958612 0.4246707 -0.1307121 -131.7956404
-0.2298862 -0.1912460 0.9542467 -27.5424425
0.0000000 0.0000000 0.0000000 1.0000000
0.3580553 0.8946429 0.2672197 237.8190831
-0.9048189 0.4030979 -0.1371574 -135.2740000
-0.2304225 -0.1926780 0.9538292 -28.3535814
0.0000000 0.0000000 0.0000000 1.0000000
0.2906104 0.9176978 0.2708734 239.5225107
-0.9317862 0.3357835 -0.1379195 -139.9966572
-0.2175231 -0.2123178 0.9526881 -29.5192557
0.0000000 0.0000000 0.0000000 1.0000000
0.2387212 0.9332370 0.2684696 240.6884756
-0.9476977 0.2842048 -0.1452423 -144.5790120
-0.2118457 -0.2197578 0.9522802 -30.5083300
0.0000000 0.0000000 0.0000000 1.0000000
0.2287328 0.9349168 0.2713049 241.5992959
-0.9502916 0.2749147 -0.1461750 -148.6051479
-0.2112472 -0.2243858 0.9513336 -31.4078828
0.0000000 0.0000000 0.0000000 1.0000000
0.2066867 0.9402070 0.2707128 242.3949701
-0.9549636 0.2540656 -0.1532788 -152.9325644
-0.2128927 -0.2268421 0.9503838 -32.3104714
0.0000000 0.0000000 0.0000000 1.0000000
0.2183319 0.9378711 0.2696734 242.9477316
-0.9512980 0.2661744 -0.1555111 -156.2681480
-0.2176296 -0.2225886 0.9503167 -33.0448255
0.0000000 0.0000000 0.0000000 1.0000000
0.2157475 0.9380778 0.2710325 243.7226366
-0.9516582 0.2641587 -0.1567416 -159.7180604
-0.2186315 -0.2241155 0.9497278 -33.8516540
0.0000000 0.0000000 0.0000000 1.0000000
0.2288263 0.9342303 0.2735843 244.3032696
-0.9481046 0.2776189 -0.1550062 -163.2728307
-0.2207638 -0.2239189 0.9492809 -34.6149384
0.0000000 0.0000000 0.0000000 1.0000000
0.2287580 0.9336015 0.2757792 244.8815541
-0.9483572 0.2776742 -0.1533515 -166.2285656
-0.2197460 -0.2264588 0.9489145 -35.3116319
0.0000000 0.0000000 0.0000000 1.0000000
0.2421506 0.9300641 0.2762978 245.6337724
-0.9440723 0.2915563 -0.1540254 -169.8498859
-0.2238100 -0.2235498 0.9486544 -36.1624847
0.0000000 0.0000000 0.0000000 1.0000000
0.2287955 0.9342110 0.2736767 246.3360622
-0.9476964 0.2780236 -0.1567626 -172.6070056
-0.2225379 -0.2234980 0.9489658 -36.8295894
0.0000000 0.0000000 0.0000000 1.0000000
0.2437122 0.9310372 0.2716074 247.0662974
-0.9414264 0.2944059 -0.1644435 -176.1331720
-0.2330658 -0.2156236 0.9482602 -37.6477505
0.0000000 0.0000000 0.0000000 1.0000000
0.2499325 0.9305911 0.2674510 247.6807969
-0.9399664 0.2994798 -0.1636318 -178.5615656
-0.2323705 -0.2105000 0.9495811 -38.2503216
0.0000000 0.0000000 0.0000000 1.0000000
0.2345875 0.9345141 0.2676724 248.2609663
-0.9425327 0.2860531 -0.1726463 -181.2035166
-0.2379090 -0.2117913 0.9479211 -38.9022860
0.0000000 0.0000000 0.0000000 1.0000000
0.2319082 0.9356634 0.2659879 249.0159134
-0.9429551 0.2833871 -0.1747223 -184.7360752
-0.2388588 -0.2102971 0.9480149 -39.8202181
0.0000000 0.0000000 0.0000000 1.0000000
0.2278500 0.9368583 0.2652886 249.7310755
-0.9434602 0.2797938 -0.1777608 -188.0617719
-0.2407629 -0.2097885 0.9476459 -40.6667575
0.0000000 0.0000000 0.0000000 1.0000000
0.2297894 0.9364821 0.2649448 250.5902961
-0.9409851 0.2832895 -0.1851911 -191.8003091
-0.2484843 -0.2067561 0.9463184 -41.6153248
0.0000000 0.0000000 0.0000000 1.0000000
0.2485328 0.9325281 0.2619545 251.5743599
-0.9350450 0.3015694 -0.1864102 -195.6471183
-0.2528305 -0.1986120 0.9469113 -42.6659459
0.0000000 0.0000000 0.0000000 1.0000000
0.2256004 0.9397137 0.2569815 252.4698689
-0.9418776 0.2777919 -0.1889467 -199.0359692
-0.2489436 -0.1994204 0.9477710 -43.6217957
0.0000000 0.0000000 0.0000000 1.0000000
0.2452678 0.9363725 0.2510918 253.4731871
-0.9354539 0.2965848 -0.1922633 -202.1182260
-0.2545004 -0.1877306 0.9486822 -44.4981969
0.0000000 0.0000000 0.0000000 1.0000000
0.2506961 0.9352607 0.2498717 254.5232788
-0.9341332 0.3014535 -0.1911082 -206.3753424
-0.2540609 -0.1855051 0.9492376 -45.6442775
0.0000000 0.0000000 0.0000000 1.0000000
0.2455907 0.9363806 0.2507457 255.6094901
-0.9352171 0.2969350 -0.1928731 -210.4681442
-0.2550581 -0.1871356 0.9486500 -46.7596155
0.0000000 0.0000000 0.0000000 1.0000000
0.2269893 0.9423422 0.2458939 256.4902015
-0.9411391 0.2771831 -0.1934633 -214.0022661
-0.2504665 -0.1875080 0.9497993 -47.7496233
0.0000000 0.0000000 0.0000000 1.0000000
0.2111107 0.9466983 0.2432929 257.4360689
-0.9449273 0.2613464 -0.1970065 -218.1544354
-0.2500895 -0.1883057 0.9497408 -48.8592049
0.0000000 0.0000000 0.0000000 1.0000000
0.1814556 0.9530216 0.2425290 258.1157747
-0.9517188 0.2322820 -0.2006899 -221.2479617
-0.2475968 -0.1944049 0.9491649 -49.6407839
0.0000000 0.0000000 0.0000000 1.0000000
0.1794484 0.9542112 0.2393232 258.7326316
-0.9518778 0.2298551 -0.2027201 -225.0199350
-0.2484474 -0.1914303 0.9495473 -50.6316648
0.0000000 0.0000000 0.0000000 1.0000000
0.1721772 0.9547932 0.2423248 259.3715705
-0.9542962 0.2226793 -0.1993309 -228.7018300
-0.2442803 -0.1969311 0.9495035 -51.5911595
0.0000000 0.0000000 0.0000000 1.0000000
0.1732767 0.9560948 0.2363347 259.7836197
-0.9534591 0.2229734 -0.2029736 -231.3016012
-0.2467583 -0.1901666 0.9502415 -52.2667262
0.0000000 0.0000000 0.0000000 1.0000000
0.2009542 0.9502861 0.2378436 260.1016480
-0.9450073 0.2520115 -0.2084478 -234.0841736
-0.2580242 -0.1828772 0.9486786 -53.0092373
0.0000000 0.0000000 0.0000000 1.0000000
0.1853293 0.9527408 0.2406948 260.8947413
-0.9481093 0.2377589 -0.2110907 -237.1480312
-0.2583420 -0.1890854 0.9473743 -53.9314636
0.0000000 0.0000000 0.0000000 1.0000000
0.1829263 0.9527506 0.2424867 261.4233544
-0.9478229 0.2364141 -0.2138692 -240.0225963
-0.2610913 -0.1907137 0.9462936 -54.7288015
0.0000000 0.0000000 0.0000000 1.0000000
0.1754287 0.9544653 0.2412814 261.8231436
-0.9501729 0.2282976 -0.2122542 -242.7899845
-0.2576732 -0.1920252 0.9469652 -55.5022808
0.0000000 0.0000000 0.0000000 1.0000000
0.1604377 0.9589906 0.2336513 262.5995699
-0.9556225 0.2101715 -0.2064314 -246.4126961
-0.2470725 -0.1901646 0.9501604 -56.4995331
0.0000000 0.0000000 0.0000000 1.0000000
0.1531939 0.9612842 0.2290413 262.8958368
-0.9594791 0.2001634 -0.1983315 -249.2386896
-0.2364986 -0.1893785 0.9530039 -57.1294924
0.0000000 0.0000000 0.0000000 1.0000000
0.1521213 0.9614268 0.2291567 263.1083626
-0.9596237 0.1991796 -0.1986240 -252.0994582
-0.2366058 -0.1896905 0.9529153 -57.7850766
0.0000000 0.0000000 0.0000000 1.0000000
0.1394609 0.9642285 0.2254100 263.2068049
-0.9623280 0.1856300 -0.1986661 -255.1414594
-0.2334024 -0.1892134 0.9537999 -58.4383213
0.0000000 0.0000000 0.0000000 1.0000000
0.0993556 0.9692381 0.2251703 263.3395525
-0.9703436 0.1444923 -0.1937959 -258.4500121
-0.2203696 -0.1992391 0.9548579 -59.1703344
0.0000000 0.0000000 0.0000000 1.0000000
0.1002349 0.9688412 0.2264861 263.1958294
-0.9707414 0.1451520 -0.1912955 -261.5473092
-0.2182097 -0.2006862 0.9550511 -59.7790868
0.0000000 0.0000000 0.0000000 1.0000000
0.0831404 0.9704490 0.2265236 263.3071442
-0.9750439 0.1261752 -0.1826749 -264.8804055
-0.2058580 -0.2056843 0.9567286 -60.5092761
0.0000000 0.0000000 0.0000000 1.0000000
0.0658226 0.9719165 0.2259247 262.6590560
-0.9776054 0.1081714 -0.1805206 -268.8409983
-0.1998892 -0.2089843 0.9572790 -61.1393835
0.0000000 0.0000000 0.0000000 1.0000000
0.0770158 0.9706170 0.2279637 262.5315012
-0.9763802 0.1197169 -0.1798608 -272.6861574
-0.2018667 -0.2087286 0.9569198 -61.8099190
0.0000000 0.0000000 0.0000000 1.0000000
0.0764557 0.9701850 0.2299828 262.0673363
-0.9758588 0.1201405 -0.1823931 -275.7152639
-0.2045849 -0.2104872 0.9559568 -62.2543306
0.0000000 0.0000000 0.0000000 1.0000000
0.0579939 0.9723371 0.2262607 261.7575342
-0.9784816 0.1003198 -0.1803105 -279.0024786
-0.1980205 -0.2109362 0.9572394 -62.8101580
0.0000000 0.0000000 0.0000000 1.0000000
0.0583053 0.9721633 0.2269271 261.8967618
-0.9779036 0.1013355 -0.1828611 -281.8836262
-0.2007662 -0.2112522 0.9565977 -63.3938800
0.0000000 0.0000000 0.0000000 1.0000000
0.0264713 0.9730196 0.2291917 261.7080900
-0.9805454 0.0698848 -0.1834353 -284.1067330
-0.1945027 -0.2198784 0.9559477 -63.8074785
0.0000000 0.0000000 0.0000000 1.0000000
0.0241588 0.9730762 0.2292067 261.6586325
-0.9796981 0.0686899 -0.1883492 -286.5670087
-0.1990219 -0.2200043 0.9549881 -64.2942140
0.0000000 0.0000000 0.0000000 1.0000000
0.0181719 0.9730903 0.2296992 261.6128749
-0.9799105 0.0629714 -0.1892425 -288.9684087
-0.1986141 -0.2216469 0.9546932 -64.7514476
0.0000000 0.0000000 0.0000000 1.0000000
-0.0049849 0.9739940 0.2265122 261.5225310
-0.9811470 0.0390017 -0.1892941 -292.8239304
-0.1932054 -0.2231865 0.9554442 -65.4518429
0.0000000 0.0000000 0.0000000 1.0000000
-0.0022787 0.9748541 0.2228244 261.3997107
-0.9808792 0.0411858 -0.1902152 -295.3396205
-0.1946089 -0.2189985 0.9561283 -65.8799750
0.0000000 0.0000000 0.0000000 1.0000000
0.0004769 0.9750223 0.2220977 261.1235521
-0.9799774 0.0446794 -0.1940371 -298.2952527
-0.1991134 -0.2175592 0.9555293 -66.3405688
0.0000000 0.0000000 0.0000000 1.0000000
-0.0043426 0.9747951 0.2230512 260.9617540
-0.9798174 0.0404314 -0.1957688 -301.8291981
-0.1998525 -0.2194006 0.9549537 -67.0704911
0.0000000 0.0000000 0.0000000 1.0000000
-0.0047989 0.9741089 0.2260222 260.4271816
-0.9794462 0.0410011 -0.1974980 -304.7229298
-0.2016513 -0.2223256 0.9538986 -67.5301642
0.0000000 0.0000000 0.0000000 1.0000000
-0.0038686 0.9733683 0.2292075 260.2059831
-0.9777659 0.0443769 -0.2049534 -307.8672572
-0.2096663 -0.2249054 0.9515631 -68.1462213
0.0000000 0.0000000 0.0000000 1.0000000
-0.0076290 0.9724771 0.2328680 259.7894398
-0.9784053 0.0408453 -0.2026233 -311.9963009
-0.2065576 -0.2293864 0.9511733 -68.9657548
0.0000000 0.0000000 0.0000000 1.0000000
0.0237138 0.9714854 0.2359037 259.2374584
-0.9766222 0.0729430 -0.2022130 -319.5206244
-0.2136541 -0.2255948 0.9505124 -70.4885176
0.0000000 0.0000000 0.0000000 1.0000000
0.0760434 0.9684913 0.2371489 259.2458919
-0.9714939 0.1255251 -0.2011114 -329.0428799
-0.2245425 -0.2150968 0.9504362 -72.5867193
0.0000000 0.0000000 0.0000000 1.0000000
0.0747988 0.9691220 0.2349577 259.2154634
-0.9713151 0.1241428 -0.2028259 -333.1070297
-0.2257311 -0.2130480 0.9506162 -73.4505539
0.0000000 0.0000000 0.0000000 1.0000000
0.0735186 0.9686319 0.2373694 259.2842022
-0.9709260 0.1238889 -0.2048312 -335.3208059
-0.2278132 -0.2154106 0.9495864 -73.9233056
0.0000000 0.0000000 0.0000000 1.0000000
0.0593281 0.9699450 0.2359745 259.7608085
-0.9717900 0.1101759 -0.2085362 -337.6641577
-0.2282670 -0.2169468 0.9491277 -74.6178799
0.0000000 0.0000000 0.0000000 1.0000000
0.0612238 0.9698201 0.2360040 259.6601598
-0.9701085 0.1134477 -0.2145279 -341.1943242
-0.2348275 -0.2158165 0.9477841 -75.3896698
0.0000000 0.0000000 0.0000000 1.0000000
0.0525023 0.9705993 0.2348985 259.6463200
-0.9710532 0.1045103 -0.2147941 -345.0306978
-0.2330284 -0.2168228 0.9479986 -76.2126413
0.0000000 0.0000000 0.0000000 1.0000000
0.0611294 0.9689142 0.2397196 259.5911296
-0.9694442 0.1148017 -0.2168004 -348.1059264
-0.2375813 -0.2191429 0.9463336 -76.8975719
0.0000000 0.0000000 0.0000000 1.0000000
0.0723235 0.9660934 0.2478506 259.3963268
-0.9672261 0.1285830 -0.2189625 -352.6037301
-0.2434078 -0.2238925 0.9437376 -77.9217362
0.0000000 0.0000000 0.0000000 1.0000000
0.0510645 0.9670415 0.2494391 259.3079484
-0.9685133 0.1088933 -0.2238929 -355.7538094
-0.2436762 -0.2301533 0.9421609 -78.6676626
0.0000000 0.0000000 0.0000000 1.0000000
0.0355433 0.9669270 0.2525571 259.3594704
-0.9701608 0.0940372 -0.2234916 -358.4719777
-0.2398500 -0.2370786 0.9414252 -79.3922916
0.0000000 0.0000000 0.0000000 1.0000000
0.0097450 0.9659373 0.2585859 259.3332389
-0.9724119 0.0694300 -0.2227065 -361.5157159
-0.2330743 -0.2492829 0.9399735 -80.1449470
0.0000000 0.0000000 0.0000000 1.0000000
-0.0167586 0.9638961 0.2657449 259.2115692
-0.9743660 0.0438930 -0.2206519 -364.4228876
-0.2243498 -0.2626320 0.9384602 -80.8133596
0.0000000 0.0000000 0.0000000 1.0000000
-0.0489651 0.9623707 0.2672855 258.8675431
-0.9744244 0.0127348 -0.2243602 -366.9809570
-0.2193215 -0.2714368 0.9371425 -81.3739041
0.0000000 0.0000000 0.0000000 1.0000000
-0.0855187 0.9594498 0.2685879 258.6561385
-0.9728408 -0.0222107 -0.2304119 -370.2786399
-0.2151030 -0.2809993 0.9352999 -82.1204523
0.0000000 0.0000000 0.0000000 1.0000000
-0.1448523 0.9522113 0.2689019 258.5623751
-0.9703072 -0.0834974 -0.2270120 -374.4611971
-0.1937105 -0.2938021 0.9360409 -83.1410383
0.0000000 0.0000000 0.0000000 1.0000000
-0.1677799 0.9465386 0.2755198 257.7136936
-0.9677560 -0.1048767 -0.2290218 -377.9431206
-0.1878820 -0.3050627 0.9336236 -83.7977890
0.0000000 0.0000000 0.0000000 1.0000000
-0.1753258 0.9444347 0.2780301 257.0587338
-0.9664756 -0.1113014 -0.2313824 -381.3685941
-0.1875800 -0.3092783 0.9322965 -84.4528554
0.0000000 0.0000000 0.0000000 1.0000000
-0.2141855 0.9347572 0.2834600 256.3770502
-0.9597510 -0.1474212 -0.2390520 -385.2457722
-0.1816671 -0.3232541 0.9287196 -85.1894763
0.0000000 0.0000000 0.0000000 1.0000000
-0.2730478 0.9190194 0.2843321 255.2837325
-0.9474084 -0.2056090 -0.2452395 -389.4609725
-0.1669181 -0.3363425 0.9268379 -85.9562776
0.0000000 0.0000000 0.0000000 1.0000000
-0.3157791 0.9034002 0.2900815 253.6664845
-0.9370168 -0.2488185 -0.2451304 -393.9128064
-0.1492727 -0.3492200 0.9250835 -86.6877094
0.0000000 0.0000000 0.0000000 1.0000000
-0.4091900 0.8617179 0.3000016 252.0878082
-0.9055625 -0.3432071 -0.2493305 -398.4367930
-0.1118892 -0.3736954 0.9207871 -87.3095689
0.0000000 0.0000000 0.0000000 1.0000000
-0.4888018 0.8178920 0.3035136 250.1338148
-0.8688780 -0.4252165 -0.2534593 -402.2998717
-0.0782425 -0.3876094 0.9185062 -87.7277607
0.0000000 0.0000000 0.0000000 1.0000000
-0.5565269 0.7712687 0.3088967 246.9812559
-0.8293828 -0.4938163 -0.2612831 -407.1973081
-0.0489803 -0.4016065 0.9145106 -88.0335429
0.0000000 0.0000000 0.0000000 1.0000000
-0.6306384 0.7095297 0.3144164 244.0957797
-0.7760277 -0.5720968 -0.2654900 -411.2993476
-0.0084952 -0.4114262 0.9114125 -88.2540639
0.0000000 0.0000000 0.0000000 1.0000000
-0.7118899 0.6304558 0.3094075 240.8095434
-0.7015609 -0.6584547 -0.2724851 -415.0802957
0.0319424 -0.4110496 0.9110623 -88.2256003
0.0000000 0.0000000 0.0000000 1.0000000
-0.7597881 0.5725554 0.3080533 237.5907040
-0.6472126 -0.7111675 -0.2745084 -418.1232057
0.0619077 -0.4079461 0.9109139 -88.0413161
0.0000000 0.0000000 0.0000000 1.0000000
-0.8385671 0.4427950 0.3173845 233.3590414
-0.5291244 -0.8006825 -0.2809514 -421.5928552
0.1297222 -0.4035343 0.9057313 -87.7537032
0.0000000 0.0000000 0.0000000 1.0000000
-0.8902265 0.3296339 0.3143770 229.1874518
-0.4201981 -0.8607166 -0.2874003 -424.0324845
0.1758546 -0.3879537 0.9047564 -87.0621868
0.0000000 0.0000000 0.0000000 1.0000000
-0.9256597 0.2138389 0.3121242 224.9244123
-0.3083886 -0.9043608 -0.2950024 -425.9647404
0.2191920 -0.3693290 0.9030881 -86.2336289
0.0000000 0.0000000 0.0000000 1.0000000
-0.9454013 0.0984287 0.3106811 220.5601414
-0.1971152 -0.9318603 -0.3045995 -427.3234171
0.2595323 -0.3492102 0.9003958 -85.1500783
0.0000000 0.0000000 0.0000000 1.0000000
-0.9492481 0.0276267 0.3133041 217.1950365
-0.1300053 -0.9415168 -0.3108747 -427.8088301
0.2863950 -0.3358297 0.8973369 -84.1587275
0.0000000 0.0000000 0.0000000 1.0000000
-0.9464828 -0.0747028 0.3139805 213.3702153
-0.0304473 -0.9478351 -0.3172998 -428.2870620
0.3213074 -0.3098798 0.8948482 -83.0158317
0.0000000 0.0000000 0.0000000 1.0000000
-0.9415876 -0.1297828 0.3107453 209.8548447
0.0221827 -0.9446500 -0.3273248 -428.2825824
0.3360293 -0.3013129 0.8923632 -81.8180181
0.0000000 0.0000000 0.0000000 1.0000000
-0.9320224 -0.1938644 0.3061759 206.1105306
0.0860754 -0.9391231 -0.3326208 -428.2568484
0.3520225 -0.2836570 0.8919844 -80.5281694
0.0000000 0.0000000 0.0000000 1.0000000
-0.9098182 -0.2801874 0.3061341 202.7425279
0.1703396 -0.9248011 -0.3401835 -427.9996420
0.3784306 -0.2573595 0.8891422 -79.2653246
0.0000000 0.0000000 0.0000000 1.0000000
-0.8824923 -0.3570884 0.3060832 199.9290051
0.2444038 -0.9042119 -0.3502356 -427.4283685
0.4018315 -0.2342734 0.8852485 -78.0924725
0.0000000 0.0000000 0.0000000 1.0000000
-0.8728814 -0.3827178 0.3026505 196.5772132
0.2582846 -0.8886783 -0.3788636 -426.7776355
0.4139592 -0.2525345 0.8745751 -76.5474442
0.0000000 0.0000000 0.0000000 1.0000000
-0.8364669 -0.4584700 0.3002017 193.6152469
0.3334181 -0.8605103 -0.3851650 -426.1197729
0.4349160 -0.2220863 0.8726646 -75.1860937
0.0000000 0.0000000 0.0000000 1.0000000
-0.8240805 -0.4836161 0.2949572 190.8398960
0.3539928 -0.8461624 -0.3983665 -425.1078377
0.4422408 -0.2238746 0.8685165 -73.6988932
0.0000000 0.0000000 0.0000000 1.0000000
-0.8572672 -0.4171475 0.3017843 186.6629987
0.2800786 -0.8696600 -0.4065030 -423.4646441
0.4320242 -0.2639598 0.8623792 -71.5815020
0.0000000 0.0000000 0.0000000 1.0000000
-0.8390921 -0.4447422 0.3132418 183.2919758
0.3011192 -0.8593023 -0.4134289 -421.8750269
0.4530415 -0.2525834 0.8549692 -69.6978190
0.0000000 0.0000000 0.0000000 1.0000000
-0.8601964 -0.3988834 0.3177193 179.8559559
0.2515040 -0.8738271 -0.4161355 -420.6729960
0.4436241 -0.2780524 0.8519987 -67.7766918
0.0000000 0.0000000 0.0000000 1.0000000
-0.8320294 -0.4530753 0.3200649 176.1950911
0.3031006 -0.8545479 -0.4217520 -419.4339359
0.4645993 -0.2538999 0.8483511 -65.7916782
0.0000000 0.0000000 0.0000000 1.0000000
-0.8338696 -0.4546606 0.3129495 172.6872487
0.3063069 -0.8528479 -0.4228748 -417.9300164
0.4591660 -0.2567654 0.8504443 -63.7178236
0.0000000 0.0000000 0.0000000 1.0000000
-0.8375353 -0.4484972 0.3120529 169.2012429
0.3011835 -0.8554958 -0.4212033 -416.4978889
0.4558714 -0.2587890 0.8516026 -61.8349323
0.0000000 0.0000000 0.0000000 1.0000000
-0.8404439 -0.4434019 0.3115134 164.8051211
0.2872430 -0.8519823 -0.4377374 -415.1357215
0.4595006 -0.2784156 0.8434223 -59.4831071
0.0000000 0.0000000 0.0000000 1.0000000
-0.8496541 -0.4209697 0.3175900 160.3203685
0.2596971 -0.8581950 -0.4427823 -413.4092152
0.4589549 -0.2937371 0.8385083 -56.9355574
0.0000000 0.0000000 0.0000000 1.0000000
-0.8517541 -0.4122931 0.3232961 156.9174787
0.2465972 -0.8599030 -0.4469390 -412.4099495
0.4622760 -0.3009608 0.8341108 -55.1074572
0.0000000 0.0000000 0.0000000 1.0000000
-0.8317760 -0.4438956 0.3333118 152.5521898
0.2782426 -0.8529687 -0.4416144 -410.9527952
0.4803383 -0.2745851 0.8330040 -52.7124647
0.0000000 0.0000000 0.0000000 1.0000000
-0.8471275 -0.4115652 0.3361246 148.4721307
0.2421113 -0.8620194 -0.4453111 -409.6625233
0.4730235 -0.2958583 0.8299000 -50.3885875
0.0000000 0.0000000 0.0000000 1.0000000
-0.8402715 -0.4297837 0.3304844 145.3021132
0.2538474 -0.8505088 -0.4606448 -408.7548652
0.4790605 -0.3031769 0.8237731 -48.6117704
0.0000000 0.0000000 0.0000000 1.0000000
-0.8577074 -0.3909614 0.3338825 141.4825033
0.2313500 -0.8734420 -0.4284544 -407.9797145
0.4591390 -0.2902472 0.8396221 -46.7735797
0.0000000 0.0000000 0.0000000 1.0000000
-0.8551425 -0.3899450 0.3415622 136.0732417
0.2238301 -0.8720608 -0.4352093 -406.4181785
0.4675738 -0.2957164 0.8330329 -43.8063975
0.0000000 0.0000000 0.0000000 1.0000000
-0.8766290 -0.3272083 0.3527706 132.9352055
0.1544283 -0.8857148 -0.4377882 -405.1264630
0.4557051 -0.3293027 0.8269886 -41.7859477
0.0000000 0.0000000 0.0000000 1.0000000
-0.8733420 -0.3250262 0.3627989 128.4793058
0.1505645 -0.8884710 -0.4335292 -404.1157788
0.4632477 -0.3239972 0.8248911 -39.3682154
0.0000000 0.0000000 0.0000000 1.0000000
-0.8912184 -0.2634395 0.3692155 125.5358109
0.0880756 -0.8990518 -0.4288903 -403.0555300
0.4449333 -0.3497190 0.8244689 -37.5098832
0.0000000 0.0000000 0.0000000 1.0000000
-0.8969365 -0.2403976 0.3710855 121.6736281
0.0621796 -0.8995158 -0.4324393 -402.5525649
0.4377572 -0.3647998 0.8217710 -35.4952509
0.0000000 0.0000000 0.0000000 1.0000000
-0.9012802 -0.2127215 0.3774043 117.9524872
0.0318568 -0.9013308 -0.4319564 -401.9180475
0.4320551 -0.3772940 0.8191430 -33.4504133
0.0000000 0.0000000 0.0000000 1.0000000
-0.8961388 -0.2174167 0.3868548 114.7367263
0.0347901 -0.9034929 -0.4271870 -401.5866629
0.4424011 -0.3693630 0.8172332 -31.8428325
0.0000000 0.0000000 0.0000000 1.0000000
-0.8996262 -0.1885432 0.3938460 111.2418416
0.0003020 -0.9022381 -0.4312367 -401.2309411
0.4366524 -0.3878361 0.8117486 -29.9015982
0.0000000 0.0000000 0.0000000 1.0000000
-0.9024827 -0.1818302 0.3904520 106.3572971
-0.0095441 -0.8978544 -0.4401878 -401.1132839
0.4306110 -0.4009919 0.8085776 -27.4159316
0.0000000 0.0000000 0.0000000 1.0000000
