1.0000000 0.0000000 0.0000000 0.0000000
0.0000000 1.0000000 0.0000000 0.0000000
0.0000000 0.0000000 1.0000000 0.0000000
0.0000000 0.0000000 0.0000000 1.0000000
0.9995704 -0.0292647 0.0015286 1.6316853
0.0292529 0.9995459 0.0072470 -0.1192252
-0.0017400 -0.0071991 0.9999726 0.0048518
0.0000000 0.0000000 0.0000000 1.0000000
0.9987399 -0.0498304 0.0058692 3.2577431
0.0497681 0.9987070 0.0103241 -0.0865075
-0.0063760 -0.0100190 0.9999295 -0.0085880
0.0000000 0.0000000 0.0000000 1.0000000
0.9985225 -0.0538669 0.0070551 4.7508122
0.0537556 0.9984390 0.0151259 -0.1697696
-0.0078589 -0.0147243 0.9998608 -0.0295755
0.0000000 0.0000000 0.0000000 1.0000000
0.9971442 -0.0750886 0.0080165 6.0160607
0.0749366 0.9970282 0.0178331 -0.1624596
-0.0093317 -0.0171815 0.9998089 -0.0520794
0.0000000 0.0000000 0.0000000 1.0000000
0.9962144 -0.0859690 0.0128190 8.1610598
0.0857057 0.9961231 0.0198182 -0.0669160
-0.0144730 -0.0186446 0.9997215 -0.0947886
0.0000000 0.0000000 0.0000000 1.0000000
0.9936821 -0.1121600 0.0037303 10.4767555
0.1120451 0.9934348 0.0230694 -0.0849519
-0.0062933 -0.0225057 0.9997270 -0.0692366
0.0000000 0.0000000 0.0000000 1.0000000
0.9903105 -0.1388438 -0.0022486 12.0433615
0.1388489 0.9898715 0.0295848 -0.0714452
-0.0018818 -0.0296104 0.9995598 -0.0730356
0.0000000 0.0000000 0.0000000 1.0000000
0.9893665 -0.1451847 -0.0085298 13.8298083
0.1453727 0.9889561 0.0288464 0.0510579
0.0042475 -0.0297797 0.9995476 -0.0738875
0.0000000 0.0000000 0.0000000 1.0000000
0.9892652 -0.1460783 -0.0035853 14.9610852
0.1461143 0.9886674 0.0344551 0.0981607
-0.0014884 -0.0346091 0.9994000 -0.1473670
0.0000000 0.0000000 0.0000000 1.0000000
0.9905649 -0.1369865 0.0036684 16.5061470
0.1367776 0.9899901 0.0347985 0.0723617
-0.0083986 -0.0339684 0.9993878 -0.1871787
0.0000000 0.0000000 0.0000000 1.0000000
0.9875446 -0.1572751 0.0042097 18.4444887
0.1570164 0.9869093 0.0368169 0.3623883
-0.0099450 -0.0356974 0.9993134 -0.2080329
0.0000000 0.0000000 0.0000000 1.0000000
0.9857419 -0.1682515 -0.0017115 20.2552549
0.1682067 0.9851243 0.0351606 0.4509772
-0.0042298 -0.0349472 0.9993805 -0.2316496
0.0000000 0.0000000 0.0000000 1.0000000
0.9850726 -0.1720757 -0.0044943 21.8475591
0.1721174 0.9842772 0.0396684 0.5605200
-0.0024023 -0.0398499 0.9992030 -0.2359747
0.0000000 0.0000000 0.0000000 1.0000000
0.9784881 -0.2060714 -0.0096852 24.9346557
0.2062986 0.9774056 0.0460274 0.9974988
-0.0000186 -0.0470354 0.9988934 -0.2041129
0.0000000 0.0000000 0.0000000 1.0000000
0.9804618 -0.1962909 -0.0127758 27.5522003
0.1966628 0.9795380 0.0427577 1.3685766
0.0041215 -0.0444349 0.9990039 -0.1892283
0.0000000 0.0000000 0.0000000 1.0000000
0.9685077 -0.2484319 -0.0165493 31.2120414
0.2489237 0.9675809 0.0427073 1.9196617
0.0054030 -0.0454819 0.9989508 -0.1766609
0.0000000 0.0000000 0.0000000 1.0000000
0.9621411 -0.2716993 -0.0215203 35.5100130
0.2723863 0.9612976 0.0413725 2.9396451
0.0094466 -0.0456680 0.9989122 -0.1157628
0.0000000 0.0000000 0.0000000 1.0000000
0.9518016 -0.3057859 -0.0238185 37.9464312
0.3065719 0.9508393 0.0437739 3.4823027
0.0092621 -0.0489662 0.9987577 -0.0802860
0.0000000 0.0000000 0.0000000 1.0000000
0.9529387 -0.3020926 -0.0254229 39.9599265
0.3029587 0.9520073 0.0435446 3.8021223
0.0110484 -0.0491974 0.9987282 -0.0142836
0.0000000 0.0000000 0.0000000 1.0000000
0.9569013 -0.2894213 -0.0239566 42.0669601
0.2902249 0.9559800 0.0432375 4.2319219
0.0103882 -0.0483268 0.9987779 0.0490908
0.0000000 0.0000000 0.0000000 1.0000000
0.9506496 -0.3093685 -0.0235508 43.7327429
0.3101487 0.9496192 0.0450397 4.6555960
0.0084305 -0.0501212 0.9987079 0.0561211
0.0000000 0.0000000 0.0000000 1.0000000
0.9574661 -0.2875787 -0.0235755 45.7655948
0.2883764 0.9564903 0.0443129 5.1011425
0.0098063 -0.0492267 0.9987399 0.0932053
0.0000000 0.0000000 0.0000000 1.0000000
0.9577638 -0.2865757 -0.0237089 49.5281099
0.2874239 0.9565537 0.0488958 6.0436205
0.0086666 -0.0536451 0.9985230 0.1823908
0.0000000 0.0000000 0.0000000 1.0000000
0.9499334 -0.3108513 -0.0315592 51.6965040
0.3121268 0.9486863 0.0506830 7.0005045
0.0141849 -0.0579959 0.9982166 0.1859163
0.0000000 0.0000000 0.0000000 1.0000000
0.9535798 -0.2987162 -0.0381158 52.9686482
0.3003104 0.9526879 0.0468752 7.3131265
0.0223102 -0.0561458 0.9981738 0.2439337
0.0000000 0.0000000 0.0000000 1.0000000
0.9633517 -0.2655832 -0.0376683 55.5083799
0.2671483 0.9625818 0.0454560 7.7488006
0.0241865 -0.0538531 0.9982566 0.3912194
0.0000000 0.0000000 0.0000000 1.0000000
0.9715438 -0.2347807 -0.0312953 57.9451877
0.2360170 0.9707282 0.0445005 8.2538333
0.0199315 -0.0506204 0.9985198 0.5575364
0.0000000 0.0000000 0.0000000 1.0000000
0.9812712 -0.1903025 -0.0298484 58.9979946
0.1914357 0.9806332 0.0413281 8.0777730
0.0214056 -0.0462681 0.9987004 0.6534453
0.0000000 0.0000000 0.0000000 1.0000000
0.9832404 -0.1801131 -0.0282333 60.5305788
0.1812924 0.9823010 0.0470689 8.2377716
0.0192560 -0.0513985 0.9984933 0.7429675
0.0000000 0.0000000 0.0000000 1.0000000
0.9872109 -0.1569896 -0.0277371 61.7831554
0.1581649 0.9862892 0.0470574 7.9725557
0.0199694 -0.0508425 0.9985077 0.8493712
0.0000000 0.0000000 0.0000000 1.0000000
0.9916719 -0.1259469 -0.0269045 64.2290270
0.1270417 0.9909249 0.0438662 7.9682911
0.0211357 -0.0469188 0.9986758 0.9752435
0.0000000 0.0000000 0.0000000 1.0000000
0.9928309 -0.1165456 -0.0265455 66.2768489
0.1177084 0.9919062 0.0475683 7.9643300
0.0207869 -0.0503518 0.9985158 1.0976152
0.0000000 0.0000000 0.0000000 1.0000000
0.9912681 -0.1291469 -0.0266386 69.5662358
0.1303666 0.9901637 0.0507557 8.2278665
0.0198218 -0.0537852 0.9983564 1.2383743
0.0000000 0.0000000 0.0000000 1.0000000
0.9947885 -0.0977230 -0.0291093 74.4035248
0.0991523 0.9936805 0.0525748 8.4866884
0.0237877 -0.0551869 0.9981933 1.4237509
0.0000000 0.0000000 0.0000000 1.0000000
0.9913286 -0.1292359 -0.0238122 76.0152321
0.1303629 0.9899783 0.0542626 8.4134113
0.0165610 -0.0568961 0.9982434 1.5380799
0.0000000 0.0000000 0.0000000 1.0000000
0.9920017 -0.1232635 -0.0272057 79.2691891
0.1246023 0.9906925 0.0547593 8.6324017
0.0202028 -0.0577111 0.9981296 1.6584989
0.0000000 0.0000000 0.0000000 1.0000000
0.9955768 -0.0899704 -0.0270981 81.5894609
0.0914030 0.9941598 0.0573427 8.8016952
0.0217808 -0.0595658 0.9979874 1.7672159
0.0000000 0.0000000 0.0000000 1.0000000
0.9973674 -0.0667791 -0.0283109 84.2094590
0.0681836 0.9963172 0.0519612 8.8018988
0.0247368 -0.0537546 0.9982485 1.8758022
0.0000000 0.0000000 0.0000000 1.0000000
0.9988003 -0.0405683 -0.0274881 86.5764839
0.0420678 0.9975211 0.0563813 9.0269428
0.0251328 -0.0574698 0.9980316 1.9890225
0.0000000 0.0000000 0.0000000 1.0000000
0.9995065 -0.0223618 -0.0221487 88.9919834
0.0236540 0.9979208 0.0599262 8.8411896
0.0207627 -0.0604204 0.9979580 2.1327576
0.0000000 0.0000000 0.0000000 1.0000000
0.9979273 -0.0593799 -0.0248678 94.1024949
0.0608248 0.9962155 0.0620687 8.9496346
0.0210882 -0.0634525 0.9977630 2.3295989
0.0000000 0.0000000 0.0000000 1.0000000
0.9992294 -0.0310896 -0.0240390 96.0897095
0.0325191 0.9975715 0.0615647 8.8884706
0.0220668 -0.0622988 0.9978147 2.4089935
0.0000000 0.0000000 0.0000000 1.0000000
0.9984893 -0.0512264 -0.0199521 98.0293640
0.0523462 0.9968016 0.0603630 8.7352852
0.0167962 -0.0613161 0.9979783 2.4754365
0.0000000 0.0000000 0.0000000 1.0000000
0.9989788 -0.0421784 -0.0162791 102.3489285
0.0431250 0.9970798 0.0629992 8.6665300
0.0135744 -0.0636367 0.9978820 2.6640471
0.0000000 0.0000000 0.0000000 1.0000000
0.9997321 -0.0219043 -0.0076510 103.3992825
0.0223628 0.9975632 0.0660695 8.5373045
0.0061852 -0.0662227 0.9977870 2.7647805
0.0000000 0.0000000 0.0000000 1.0000000
0.9999913 0.0037832 -0.0024412 105.1361533
-0.0036233 0.9980496 0.0623053 8.1135025
0.0026722 -0.0622957 0.9980555 2.8771165
0.0000000 0.0000000 0.0000000 1.0000000
0.9999832 0.0057928 0.0016779 107.0978608
-0.0058778 0.9983787 0.0566039 8.0106628
-0.0013472 -0.0566127 0.9983967 2.9179263
0.0000000 0.0000000 0.0000000 1.0000000
0.9998733 0.0145213 0.0067838 108.6559819
-0.0148743 0.9983562 0.0553385 7.8029164
-0.0059691 -0.0554323 0.9984460 2.9404279
0.0000000 0.0000000 0.0000000 1.0000000
0.9999935 0.0011661 0.0039063 112.8065015
-0.0013667 0.9986514 0.0518895 7.8133069
-0.0038405 -0.0518943 0.9986465 2.9711555
0.0000000 0.0000000 0.0000000 1.0000000
0.9999654 -0.0061729 0.0059055 114.5532495
0.0058751 0.9987677 0.0492743 7.7272817
-0.0062024 -0.0492378 0.9987692 3.0027793
0.0000000 0.0000000 0.0000000 1.0000000
0.9999469 -0.0021239 0.0102221 115.6330475
0.0016280 0.9988288 0.0483460 7.6222806
-0.0103128 -0.0483267 0.9987796 3.0330845
0.0000000 0.0000000 0.0000000 1.0000000
0.9994990 0.0266789 0.0170933 117.8091477
-0.0274264 0.9986031 0.0451414 7.5046581
-0.0158650 -0.0455874 0.9988357 3.0501829
0.0000000 0.0000000 0.0000000 1.0000000
0.9985615 0.0489452 0.0219494 119.5836412
-0.0498740 0.9977845 0.0440279 7.2387047
-0.0197458 -0.0450591 0.9987907 3.0735159
0.0000000 0.0000000 0.0000000 1.0000000
0.9980833 0.0579130 0.0218668 120.3962735
-0.0588580 0.9972320 0.0454316 7.4168385
-0.0191752 -0.0466315 0.9987296 3.0441990
0.0000000 0.0000000 0.0000000 1.0000000
0.9985330 0.0499520 0.0209289 121.4243672
-0.0507932 0.9978316 0.0418592 7.3074929
-0.0187926 -0.0428607 0.9989057 3.0147384
0.0000000 0.0000000 0.0000000 1.0000000
0.9981263 0.0593776 0.0147944 123.0419931
-0.0598715 0.9975701 0.0356320 7.2673230
-0.0126427 -0.0364510 0.9992569 3.0063844
0.0000000 0.0000000 0.0000000 1.0000000
0.9988233 0.0437166 0.0210186 124.2130094
-0.0444135 0.9984354 0.0339757 7.1808663
-0.0195004 -0.0348691 0.9992030 2.9682950
0.0000000 0.0000000 0.0000000 1.0000000
0.9984487 0.0498903 0.0247284 124.7394186
-0.0507295 0.9981127 0.0346098 6.9322237
-0.0229550 -0.0358105 0.9990962 2.9517855
0.0000000 0.0000000 0.0000000 1.0000000
0.9985870 0.0450310 0.0282206 125.4144169
-0.0458506 0.9985235 0.0291403 6.7343346
-0.0268667 -0.0303931 0.9991781 2.9817825
0.0000000 0.0000000 0.0000000 1.0000000
0.9991864 0.0266481 0.0302700 125.8619054
-0.0275999 0.9991228 0.0315067 6.6849151
-0.0294038 -0.0323165 0.9990463 3.0018780
0.0000000 0.0000000 0.0000000 1.0000000
0.9988066 0.0418673 0.0251474 126.9090968
-0.0427683 0.9984194 0.0364720 6.9182411
-0.0235806 -0.0375040 0.9990194 2.9720086
0.0000000 0.0000000 0.0000000 1.0000000
0.9972148 0.0699240 0.0259533 127.8561679
-0.0709603 0.9966170 0.0414709 6.9678980
-0.0229656 -0.0431970 0.9988038 2.9470823
0.0000000 0.0000000 0.0000000 1.0000000
0.9963925 0.0793682 0.0300672 129.1296412
-0.0806823 0.9957064 0.0453934 7.0105230
-0.0263353 -0.0476555 0.9985178 2.9554049
0.0000000 0.0000000 0.0000000 1.0000000
0.9940388 0.1042788 0.0318514 130.0348185
-0.1056144 0.9934499 0.0436387 7.1115819
-0.0270922 -0.0467425 0.9985407 2.9734325
0.0000000 0.0000000 0.0000000 1.0000000
0.9940288 0.1015945 0.0398431 131.2080006
-0.1032727 0.9937399 0.0426290 7.1432069
-0.0352628 -0.0464892 0.9982974 3.0035157
0.0000000 0.0000000 0.0000000 1.0000000
0.9913520 0.1226225 0.0467810 132.1722601
-0.1245999 0.9913180 0.0420150 7.3072118
-0.0412229 -0.0474805 0.9980226 2.9767944
0.0000000 0.0000000 0.0000000 1.0000000
0.9878860 0.1462306 0.0519733 132.6947304
-0.1485578 0.9879179 0.0441635 7.3937979
-0.0448873 -0.0513495 0.9976729 2.9715127
0.0000000 0.0000000 0.0000000 1.0000000
0.9871904 0.1483622 0.0587177 133.5829882
-0.1511523 0.9874249 0.0463341 7.3785590
-0.0511051 -0.0546158 0.9972002 2.9750527
0.0000000 0.0000000 0.0000000 1.0000000
0.9816912 0.1828728 0.0533360 135.4628850
-0.1855919 0.9812789 0.0514814 7.1277552
-0.0429229 -0.0604375 0.9972501 2.9076262
0.0000000 0.0000000 0.0000000 1.0000000
0.9825619 0.1791081 0.0499753 136.8661374
-0.1819021 0.9815775 0.0584851 6.9692664
-0.0385795 -0.0665558 0.9970382 2.8920239
0.0000000 0.0000000 0.0000000 1.0000000
0.9845473 0.1684691 0.0478508 139.2127768
-0.1713434 0.9831196 0.0641887 5.9982033
-0.0362293 -0.0713957 0.9967915 2.8945640
0.0000000 0.0000000 0.0000000 1.0000000
0.9828813 0.1770329 0.0510779 140.2087398
-0.1802364 0.9813400 0.0670076 5.6289725
-0.0382622 -0.0750666 0.9964457 2.8774523
0.0000000 0.0000000 0.0000000 1.0000000
0.9794780 0.1928902 0.0584824 140.9582231
-0.1967558 0.9779719 0.0697263 5.3843116
-0.0437446 -0.0798020 0.9958519 2.9288914
0.0000000 0.0000000 0.0000000 1.0000000
0.9751395 0.2128062 0.0618166 142.1173812
-0.2170287 0.9734837 0.0723289 4.9523189
-0.0447854 -0.0839467 0.9954649 2.9421030
0.0000000 0.0000000 0.0000000 1.0000000
0.9694898 0.2356706 0.0674876 142.9286095
-0.2405109 0.9676776 0.0758829 4.8398256
-0.0474229 -0.0897991 0.9948317 2.9538217
0.0000000 0.0000000 0.0000000 1.0000000
0.9630269 0.2582657 0.0767098 143.8752945
-0.2640712 0.9612828 0.0787749 4.2976554
-0.0533950 -0.0961191 0.9939382 3.0213383
0.0000000 0.0000000 0.0000000 1.0000000
0.9425949 0.3249238 0.0771052 144.2501336
-0.3308033 0.9400950 0.0824300 4.3191530
-0.0457028 -0.1032047 0.9936113 3.0242576
0.0000000 0.0000000 0.0000000 1.0000000
0.9161143 0.3928176 0.0802154 145.5366671
-0.3990256 0.9127836 0.0872284 3.8467960
-0.0389545 -0.1119190 0.9929551 3.0209960
0.0000000 0.0000000 0.0000000 1.0000000
0.8923519 0.4438763 0.0817798 145.9973792
-0.4501644 0.8883838 0.0901681 3.3956136
-0.0326284 -0.1172758 0.9925649 3.0832721
0.0000000 0.0000000 0.0000000 1.0000000
0.8601683 0.5025298 0.0870688 146.6395600
-0.5093901 0.8549501 0.0979057 2.5518623
-0.0252391 -0.1285672 0.9913813 3.1634591
0.0000000 0.0000000 0.0000000 1.0000000
0.8266999 0.5540924 0.0977551 147.6222941
-0.5621093 0.8209461 0.1004231 1.4904886
-0.0246081 -0.1379685 0.9901326 3.2383968
0.0000000 0.0000000 0.0000000 1.0000000
0.8025203 0.5881741 0.1000973 148.4626255
-0.5962413 0.7966766 0.0990289 0.8802945
-0.0214990 -0.1391546 0.9900391 3.2807734
0.0000000 0.0000000 0.0000000 1.0000000
0.7831150 0.6136464 0.1008776 149.2868511
-0.6215940 0.7773127 0.0970044 -0.2528360
-0.0188872 -0.1386703 0.9901603 3.3522916
0.0000000 0.0000000 0.0000000 1.0000000
0.7568330 0.6459395 0.0998692 150.3456730
-0.6535198 0.7504105 0.0989983 -1.5292771
-0.0109961 -0.1401914 0.9900651 3.3670556
0.0000000 0.0000000 0.0000000 1.0000000
0.7468848 0.6567984 0.1038555 150.9813580
-0.6647819 0.7411054 0.0939770 -2.3422846
-0.0152440 -0.1392310 0.9901442 3.4307059
0.0000000 0.0000000 0.0000000 1.0000000
0.7303115 0.6741023 0.1106267 152.0076452
-0.6829107 0.7244394 0.0939378 -3.5293490
-0.0168187 -0.1441517 0.9894142 3.4353804
0.0000000 0.0000000 0.0000000 1.0000000
0.7177229 0.6861892 0.1184274 152.7654262
-0.6959485 0.7125201 0.0892981 -4.5803845
-0.0231066 -0.1465103 0.9889409 3.4714398
0.0000000 0.0000000 0.0000000 1.0000000
0.7140470 0.6890420 0.1239563 154.1485581
-0.6995812 0.7090659 0.0884043 -6.1739425
-0.0269790 -0.1498420 0.9883436 3.4719166
0.0000000 0.0000000 0.0000000 1.0000000
0.7079634 0.6941158 0.1303757 155.4056545
-0.7056434 0.7028596 0.0897731 -7.5842803
-0.0293229 -0.1555544 0.9873938 3.4542100
0.0000000 0.0000000 0.0000000 1.0000000
0.6864149 0.7148352 0.1336101 156.1507143
-0.7268113 0.6804624 0.0933776 -8.3382470
-0.0241671 -0.1612047 0.9866270 3.4406609
0.0000000 0.0000000 0.0000000 1.0000000
0.6864216 0.7142163 0.1368447 156.6475917
-0.7267122 0.6806347 0.0928882 -9.1259665
-0.0267991 -0.1632068 0.9862298 3.4292601
0.0000000 0.0000000 0.0000000 1.0000000
0.6862106 0.7142891 0.1375194 157.4600164
-0.7269112 0.6803403 0.0934826 -10.1712237
-0.0267864 -0.1641128 0.9860797 3.4150108
0.0000000 0.0000000 0.0000000 1.0000000
0.6612018 0.7366729 0.1418819 159.0304490
-0.7499095 0.6543544 0.0972500 -11.9045691
-0.0211997 -0.1707002 0.9850968 3.3800539
0.0000000 0.0000000 0.0000000 1.0000000
0.6599416 0.7373448 0.1442388 159.8848206
-0.7509425 0.6534077 0.0956297 -12.9285537
-0.0237348 -0.1714249 0.9849132 3.3463360
0.0000000 0.0000000 0.0000000 1.0000000
0.6573083 0.7386562 0.1494567 161.0989290
-0.7532152 0.6504211 0.0980816 -14.0919102
-0.0247613 -0.1770426 0.9838935 3.2724082
0.0000000 0.0000000 0.0000000 1.0000000
0.6644940 0.7308791 0.1557800 162.0605962
-0.7467095 0.6576289 0.0997475 -15.3424738
-0.0295422 -0.1826037 0.9827446 3.2246406
0.0000000 0.0000000 0.0000000 1.0000000
0.6598510 0.7340608 0.1604837 163.0156401
-0.7508021 0.6526070 0.1019813 -16.3752089
-0.0298724 -0.1877837 0.9817580 3.1335987
0.0000000 0.0000000 0.0000000 1.0000000
0.6699620 0.7244317 0.1623369 164.6740880
-0.7415431 0.6634721 0.0995920 -18.4714764
-0.0355585 -0.1871023 0.9816987 3.0904498
0.0000000 0.0000000 0.0000000 1.0000000
0.6534274 0.7376990 0.1698125 165.8002582
-0.7560681 0.6470600 0.0983566 -19.8052956
-0.0373213 -0.1926585 0.9805579 3.0264997
0.0000000 0.0000000 0.0000000 1.0000000
0.6536862 0.7355416 0.1779777 166.7960951
-0.7553855 0.6483870 0.0947961 -20.9673007
-0.0456719 -0.1964084 0.9794600 2.9651822
0.0000000 0.0000000 0.0000000 1.0000000
0.6340439 0.7505990 0.1859904 167.7125218
-0.7719931 0.6283515 0.0959173 -21.9515777
-0.0448719 -0.2043988 0.9778608 2.8499575
0.0000000 0.0000000 0.0000000 1.0000000
0.6205098 0.7595574 0.1950455 168.1624044
-0.7827031 0.6152125 0.0942771 -22.7567746
-0.0483856 -0.2111623 0.9762549 2.8174248
0.0000000 0.0000000 0.0000000 1.0000000
0.6039015 0.7702984 0.2048086 169.4833331
-0.7956829 0.5977054 0.0981657 -24.6568090
-0.0467984 -0.2222449 0.9738694 2.7141791
0.0000000 0.0000000 0.0000000 1.0000000
0.5853135 0.7833868 0.2090849 170.2530339
-0.8097022 0.5781980 0.1003432 -25.9549491
-0.0422849 -0.2280286 0.9727382 2.6808486
0.0000000 0.0000000 0.0000000 1.0000000
0.5851418 0.7815213 0.2164179 171.3106901
-0.8097053 0.5777274 0.1029931 -27.5945596
-0.0445392 -0.2355002 0.9708555 2.5620877
0.0000000 0.0000000 0.0000000 1.0000000
0.5862556 0.7793070 0.2213327 171.9550245
-0.8086507 0.5794004 0.1018756 -28.6806522
-0.0488479 -0.2387059 0.9698649 2.5279002
0.0000000 0.0000000 0.0000000 1.0000000
0.5725439 0.7878111 0.2270468 172.5033002
-0.8185777 0.5648422 0.1043214 -29.6923841
-0.0460601 -0.2455839 0.9682826 2.4886802
0.0000000 0.0000000 0.0000000 1.0000000
0.5811713 0.7800357 0.2319217 173.4183952
-0.8121819 0.5738294 0.1052617 -31.1930275
-0.0509756 -0.2495376 0.9670247 2.4194402
0.0000000 0.0000000 0.0000000 1.0000000
0.5895282 0.7724840 0.2360680 174.0287528
-0.8054698 0.5841293 0.1000527 -32.6191038
-0.0606053 -0.2491294 0.9665742 2.4210234
0.0000000 0.0000000 0.0000000 1.0000000
0.5870641 0.7728222 0.2410488 174.6676793
-0.8071983 0.5814436 0.1017508 -33.2739886
-0.0615211 -0.2543082 0.9651666 2.3215379
0.0000000 0.0000000 0.0000000 1.0000000
0.5933755 0.7651940 0.2497733 175.5660607
-0.8023189 0.5872086 0.1070959 -34.6670554
-0.0647200 -0.2639456 0.9623659 2.2411628
0.0000000 0.0000000 0.0000000 1.0000000
0.5945483 0.7633217 0.2526969 176.3695554
-0.8012066 0.5888719 0.1062883 -35.3443187
-0.0676742 -0.2656555 0.9616920 2.0844741
0.0000000 0.0000000 0.0000000 1.0000000
0.5943131 0.7616598 0.2582047 176.7348492
-0.8012141 0.5885317 0.1081015 -35.9116478
-0.0696254 -0.2711229 0.9600254 2.0436205
0.0000000 0.0000000 0.0000000 1.0000000
0.6042714 0.7519908 0.2633806 177.9554302
-0.7932966 0.5986807 0.1107315 -36.9453025
-0.0744122 -0.2758501 0.9583182 1.8484869
0.0000000 0.0000000 0.0000000 1.0000000
0.6141871 0.7420154 0.2686838 178.3948712
-0.7849313 0.6095998 0.1107726 -37.6352624
-0.0815949 -0.2789327 0.9568403 1.7842340
0.0000000 0.0000000 0.0000000 1.0000000
0.6190097 0.7364805 0.2728135 179.1173292
-0.7808253 0.6144660 0.1128845 -38.4368724
-0.0844978 -0.2828954 0.9554239 1.6474866
0.0000000 0.0000000 0.0000000 1.0000000
0.6499707 0.7059475 0.2813895 179.9483337
-0.7533451 0.6472650 0.1162704 -39.3185408
-0.1000532 -0.2875549 0.9525262 1.5282035
0.0000000 0.0000000 0.0000000 1.0000000
0.6515508 0.7020284 0.2874730 181.0425615
-0.7519255 0.6478234 0.1221955 -40.5120222
-0.1004473 -0.2957742 0.9499645 1.3168942
0.0000000 0.0000000 0.0000000 1.0000000
0.6708418 0.6802689 0.2953117 181.5587104
-0.7329111 0.6689301 0.1239894 -41.2554601
-0.1131970 -0.2996137 0.9473240 1.2387855
0.0000000 0.0000000 0.0000000 1.0000000
0.6785456 0.6683576 0.3047583 182.3482860
-0.7240821 0.6784058 0.1243780 -42.1308269
-0.1236212 -0.3050653 0.9442763 1.0768475
0.0000000 0.0000000 0.0000000 1.0000000
0.6666390 0.6786729 0.3082190 183.4984704
-0.7352094 0.6667717 0.1219904 -43.3256970
-0.1227205 -0.3079283 0.9434643 0.8580868
0.0000000 0.0000000 0.0000000 1.0000000
0.6798670 0.6622417 0.3149908 183.8663661
-0.7207130 0.6827369 0.1201707 -43.8510521
-0.1354742 -0.3087173 0.9414591 0.8411905
0.0000000 0.0000000 0.0000000 1.0000000
0.6782191 0.6634262 0.3160489 184.7511323
-0.7227156 0.6800351 0.1234199 -45.0053092
-0.1330448 -0.3121183 0.9406838 0.7059231
0.0000000 0.0000000 0.0000000 1.0000000
0.7021606 0.6382469 0.3156171 185.1934929
-0.6976400 0.7053296 0.1257260 -45.9049916
-0.1423702 -0.3084661 0.9405233 0.7049504
0.0000000 0.0000000 0.0000000 1.0000000
0.6922602 0.6472287 0.3191767 186.0043808
-0.7085995 0.6933695 0.1308583 -46.8116940
-0.1366125 -0.3167557 0.9386201 0.5547752
0.0000000 0.0000000 0.0000000 1.0000000
0.6953116 0.6430898 0.3209049 186.4908950
-0.7058153 0.6951851 0.1361634 -47.3953458
-0.1355234 -0.3211747 0.9372753 0.4888960
0.0000000 0.0000000 0.0000000 1.0000000
0.7070878 0.6266408 0.3276446 187.5748984
-0.6925293 0.7073276 0.1417370 -48.5511192
-0.1429341 -0.3271233 0.9341120 0.2907401
0.0000000 0.0000000 0.0000000 1.0000000
0.7033061 0.6289542 0.3313309 188.9055971
-0.6964003 0.7031769 0.1434137 -49.8927106
-0.1427838 -0.3316020 0.9325546 0.0467141
0.0000000 0.0000000 0.0000000 1.0000000
0.7009476 0.6291601 0.3359052 189.8819303
-0.6984907 0.7007723 0.1450070 -50.8718907
-0.1441606 -0.3362684 0.9306698 -0.1249689
0.0000000 0.0000000 0.0000000 1.0000000
0.6939070 0.6335978 0.3421244 190.3783343
-0.7049621 0.6945709 0.1435198 -51.4516666
-0.1466959 -0.3407739 0.9286328 -0.2178369
0.0000000 0.0000000 0.0000000 1.0000000
0.6988081 0.6278084 0.3428209 191.4344545
-0.6993622 0.7002824 0.1431620 -52.4049657
-0.1501931 -0.3397984 0.9284313 -0.4386659
0.0000000 0.0000000 0.0000000 1.0000000
0.7015704 0.6207810 0.3499028 192.2623219
-0.6956119 0.7031748 0.1471982 -53.3929330
-0.1546650 -0.3466661 0.9251524 -0.5682094
0.0000000 0.0000000 0.0000000 1.0000000
0.6943874 0.6263386 0.3542999 193.1650004
-0.7029972 0.6955996 0.1481029 -54.3488329
-0.1536884 -0.3519120 0.9233328 -0.7244061
0.0000000 0.0000000 0.0000000 1.0000000
0.6863792 0.6331403 0.3577969 193.9171655
-0.7109989 0.6876181 0.1471712 -55.2224501
-0.1528478 -0.3554077 0.9221327 -0.8907880
0.0000000 0.0000000 0.0000000 1.0000000
0.6855067 0.6314349 0.3624526 194.7435149
-0.7106289 0.6885813 0.1444282 -56.0669725
-0.1583812 -0.3565752 0.9207472 -1.0628159
0.0000000 0.0000000 0.0000000 1.0000000
0.6895552 0.6226147 0.3699534 195.5873096
-0.7049611 0.6940793 0.1458783 -56.7980671
-0.1659510 -0.3613936 0.9175299 -1.2551088
0.0000000 0.0000000 0.0000000 1.0000000
0.6801270 0.6288291 0.3768316 196.4101701
-0.7143590 0.6839467 0.1480019 -57.8005495
-0.1646648 -0.3698528 0.9143854 -1.4056877
0.0000000 0.0000000 0.0000000 1.0000000
0.6755334 0.6323110 0.3792599 197.3735294
-0.7181024 0.6809019 0.1438673 -58.7284615
-0.1672698 -0.3695343 0.9140412 -1.6584110
0.0000000 0.0000000 0.0000000 1.0000000
0.6631570 0.6414754 0.3856587 197.9663006
-0.7300270 0.6680383 0.1441572 -59.2916082
-0.1651614 -0.3771401 0.9113141 -1.8260289
0.0000000 0.0000000 0.0000000 1.0000000
0.6631031 0.6370543 0.3930098 198.7823065
-0.7279557 0.6710821 0.1404470 -60.2491865
-0.1742694 -0.3792245 0.9087495 -2.0034117
0.0000000 0.0000000 0.0000000 1.0000000
0.6644136 0.6345905 0.3947792 199.5591252
-0.7263649 0.6726364 0.1412470 -61.4040037
-0.1759088 -0.3806003 0.9078580 -2.1380592
0.0000000 0.0000000 0.0000000 1.0000000
0.6577122 0.6394231 0.3981889 200.3141314
-0.7323406 0.6665307 0.1393243 -62.3198273
-0.1763179 -0.3832452 0.9066652 -2.3453544
0.0000000 0.0000000 0.0000000 1.0000000
0.6655770 0.6301733 0.3998638 201.0635982
-0.7236631 0.6759540 0.1392685 -62.9949355
-0.1825262 -0.3820606 0.9059364 -2.5840213
0.0000000 0.0000000 0.0000000 1.0000000
0.6689408 0.6238989 0.4040684 202.0107382
-0.7194815 0.6800173 0.1411433 -63.8586708
-0.1867143 -0.3851362 0.9037781 -2.8749713
0.0000000 0.0000000 0.0000000 1.0000000
0.6648887 0.6243965 0.4099452 202.9414251
-0.7228746 0.6760893 0.1426689 -64.8834760
-0.1880776 -0.3911980 0.9008874 -3.1425988
0.0000000 0.0000000 0.0000000 1.0000000
0.6677097 0.6165101 0.4172312 203.8421948
-0.7171769 0.6829797 0.1385443 -65.7530608
-0.1995465 -0.3917359 0.8981822 -3.4049258
0.0000000 0.0000000 0.0000000 1.0000000
0.6729503 0.6076464 0.4217894 204.6176333
-0.7090187 0.6923909 0.1337368 -66.5810904
-0.2107784 -0.3890549 0.8967809 -3.6212797
0.0000000 0.0000000 0.0000000 1.0000000
0.6873575 0.5880191 0.4263514 205.5248227
-0.6915327 0.7093062 0.1366198 -67.7077940
-0.2220786 -0.3887427 0.8941853 -3.9019466
0.0000000 0.0000000 0.0000000 1.0000000
0.6887449 0.5842365 0.4293018 206.4916446
-0.6898021 0.7103326 0.1399926 -68.5223073
-0.2231581 -0.3925526 0.8922502 -4.2800381
0.0000000 0.0000000 0.0000000 1.0000000
0.6950159 0.5681073 0.4406913 207.4811791
-0.6801211 0.7182729 0.1466844 -69.5741050
-0.2332041 -0.4016716 0.8855976 -4.5867160
0.0000000 0.0000000 0.0000000 1.0000000
0.6862505 0.5721084 0.4491702 208.2700941
-0.6885158 0.7100518 0.1475437 -70.3258619
-0.2345229 -0.4105133 0.8811840 -4.8648931
0.0000000 0.0000000 0.0000000 1.0000000
0.6792089 0.5755747 0.4554015 209.1618667
-0.6967329 0.7007016 0.1535481 -71.2420228
-0.2307218 -0.4215853 0.8769497 -5.1596721
0.0000000 0.0000000 0.0000000 1.0000000
0.6855662 0.5569694 0.4688135 210.9358648
-0.6857379 0.7102770 0.1589569 -72.9967531
-0.2444530 -0.4304597 0.8688815 -5.7458924
0.0000000 0.0000000 0.0000000 1.0000000
0.6828421 0.5557293 0.4742296 212.6304924
-0.6892480 0.7052494 0.1660053 -74.6886284
-0.2421960 -0.4402181 0.8646137 -6.3641736
0.0000000 0.0000000 0.0000000 1.0000000
0.6862587 0.5432570 0.4836561 213.5275064
-0.6807731 0.7138708 0.1641154 -75.8908155
-0.2561111 -0.4418864 0.8597391 -6.6475984
0.0000000 0.0000000 0.0000000 1.0000000
0.6860758 0.5373176 0.4905020 213.9839163
-0.6782000 0.7163704 0.1638768 -76.4022272
-0.2633274 -0.4450907 0.8558975 -6.8069221
0.0000000 0.0000000 0.0000000 1.0000000
0.6806891 0.5342664 0.5012227 215.0461602
-0.6804112 0.7146302 0.1623009 -77.5771447
-0.2714772 -0.4515142 0.8499664 -7.1835749
0.0000000 0.0000000 0.0000000 1.0000000
0.6800750 0.5292412 0.5073500 216.0616262
-0.6778884 0.7174891 0.1602307 -78.6969854
-0.2792178 -0.4528955 0.8467176 -7.5782908
0.0000000 0.0000000 0.0000000 1.0000000
0.6693984 0.5394200 0.5108176 216.8414865
-0.6909486 0.7046706 0.1613288 -79.4145382
-0.2729344 -0.4609419 0.8444213 -7.9298641
0.0000000 0.0000000 0.0000000 1.0000000
0.6659607 0.5347025 0.5201854 217.7704384
-0.6913467 0.7043315 0.1611055 -80.4860289
-0.2802398 -0.4669182 0.8387260 -8.2250828
0.0000000 0.0000000 0.0000000 1.0000000
0.6669555 0.5273336 0.5263957 218.6518463
-0.6905734 0.7027645 0.1709620 -81.4622908
-0.2797784 -0.4775390 0.8328798 -8.6177221
0.0000000 0.0000000 0.0000000 1.0000000
0.6717211 0.5127130 0.5347136 219.3722948
-0.6815317 0.7106035 0.1747983 -82.3546603
-0.2903482 -0.4818402 0.8267625 -8.7943621
0.0000000 0.0000000 0.0000000 1.0000000
0.6655441 0.5157816 0.5394652 220.0458596
-0.6862220 0.7071174 0.1705323 -83.2354845
-0.2935080 -0.4836898 0.8245638 -9.0415656
0.0000000 0.0000000 0.0000000 1.0000000
0.6660907 0.5099270 0.5443340 220.6740777
-0.6848399 0.7072434 0.1754925 -84.0990438
-0.2954886 -0.4896758 0.8203122 -9.2503734
0.0000000 0.0000000 0.0000000 1.0000000
0.6627293 0.5096402 0.5486883 221.4156833
-0.6879055 0.7038529 0.1771261 -85.2022418
-0.2959255 -0.4948326 0.8170539 -9.5259439
0.0000000 0.0000000 0.0000000 1.0000000
0.6623167 0.5023641 0.5558498 222.2571785
-0.6853330 0.7060020 0.1785392 -86.2065292
-0.3027396 -0.4991918 0.8118895 -9.8436402
0.0000000 0.0000000 0.0000000 1.0000000
0.6556126 0.5047222 0.5616315 223.3448055
-0.6909496 0.7009944 0.1766134 -87.3544443
-0.3045599 -0.5038493 0.8083241 -10.3235386
0.0000000 0.0000000 0.0000000 1.0000000
0.6506087 0.5121845 0.5606942 224.1834000
-0.6993508 0.6918725 0.1794940 -88.1298439
-0.2959949 -0.5089025 0.8083403 -10.7137477
0.0000000 0.0000000 0.0000000 1.0000000
0.6554842 0.5017079 0.5644752 224.8449357
-0.6922976 0.6978424 0.1836762 -88.9810616
-0.3017630 -0.5111818 0.8047615 -10.9558252
0.0000000 0.0000000 0.0000000 1.0000000
0.6462631 0.5055599 0.5716256 225.6787026
-0.7004202 0.6903019 0.1813607 -89.9196111
-0.3029057 -0.5175850 0.8002267 -11.3186868
0.0000000 0.0000000 0.0000000 1.0000000
0.6369271 0.5071063 0.5806629 226.6540152
-0.7091779 0.6807612 0.1833780 -91.0870823
-0.3023005 -0.5285923 0.7932299 -11.7673155
0.0000000 0.0000000 0.0000000 1.0000000
0.6289310 0.5113759 0.5856134 227.3666385
-0.7199095 0.6674621 0.1903194 -92.0102482
-0.2935499 -0.5412869 0.7879380 -12.0689278
0.0000000 0.0000000 0.0000000 1.0000000
0.6084442 0.5220165 0.5977434 228.2436196
-0.7392748 0.6467005 0.1877452 -92.9574308
-0.2885548 -0.5561296 0.7794008 -12.4402022
0.0000000 0.0000000 0.0000000 1.0000000
0.6098561 0.5115256 0.6053256 228.9440838
-0.7356099 0.6495580 0.1922196 -93.8894774
-0.2948687 -0.5625105 0.7724270 -12.7192867
0.0000000 0.0000000 0.0000000 1.0000000
0.5986633 0.5211474 0.6082842 229.7245402
-0.7488513 0.6336675 0.1941209 -94.8917152
-0.2842841 -0.5717284 0.7696223 -13.0855867
0.0000000 0.0000000 0.0000000 1.0000000
0.5718603 0.5485828 0.6099465 230.9007458
-0.7771430 0.6003813 0.1886453 -96.5538351
-0.2627126 -0.5818954 0.7696683 -13.5739485
0.0000000 0.0000000 0.0000000 1.0000000
0.5598773 0.5614031 0.6093982 231.6256198
-0.7904863 0.5823286 0.1897917 -97.6100541
-0.2483202 -0.5879815 0.7698208 -13.8968102
0.0000000 0.0000000 0.0000000 1.0000000
0.5463628 0.5656301 0.6176994 232.4028241
-0.8020381 0.5658002 0.1913144 -98.8031796
-0.2412811 -0.5999462 0.7627958 -14.2182148
0.0000000 0.0000000 0.0000000 1.0000000
0.5259165 0.5785500 0.6234537 233.1403741
-0.8206972 0.5376338 0.1933980 -99.9833012
-0.2232992 -0.6133786 0.7575711 -14.5729594
0.0000000 0.0000000 0.0000000 1.0000000
0.5247700 0.5818183 0.6213749 233.6635128
-0.8223499 0.5350640 0.1935049 -100.8796909
-0.2198903 -0.6125338 0.7592499 -14.7966570
0.0000000 0.0000000 0.0000000 1.0000000
0.4832255 0.6133029 0.6247843 234.6714476
-0.8551364 0.4836333 0.1866479 -102.4740133
-0.1876945 -0.6244695 0.7581678 -15.1990331
0.0000000 0.0000000 0.0000000 1.0000000
0.4523933 0.6348612 0.6263343 235.8037020
-0.8768883 0.4446160 0.1827036 -104.4449227
-0.1624865 -0.6318797 0.7578497 -15.6688946
0.0000000 0.0000000 0.0000000 1.0000000
0.4234792 0.6519436 0.6289978 236.5503229
-0.8957912 0.4048111 0.1835297 -106.1294913
-0.1349740 -0.6411725 0.7554404 -15.8605462
0.0000000 0.0000000 0.0000000 1.0000000
0.4151302 0.6543846 0.6320214 237.2714797
-0.9013711 0.3899679 0.1882882 -107.7951329
-0.1232548 -0.6478505 0.7517368 -16.0748924
0.0000000 0.0000000 0.0000000 1.0000000
0.3935796 0.6641565 0.6356057 237.9388387
-0.9135635 0.3596168 0.1899337 -109.2157331
-0.1024284 -0.6554208 0.7482931 -16.3169479
0.0000000 0.0000000 0.0000000 1.0000000
0.3916630 0.6647270 0.6361929 238.5042486
-0.9150340 0.3538941 0.1935682 -110.7001980
-0.0964745 -0.6579521 0.7468615 -16.3783194
0.0000000 0.0000000 0.0000000 1.0000000
0.3773566 0.6688406 0.6405138 239.0776258
-0.9220056 0.3360387 0.1923041 -112.1466578
-0.0866163 -0.6631252 0.7434873 -16.4755840
0.0000000 0.0000000 0.0000000 1.0000000
0.3690428 0.6690754 0.6450962 239.5022303
-0.9259924 0.3241592 0.1935351 -113.3796495
-0.0796238 -0.6687775 0.7391938 -16.5102057
0.0000000 0.0000000 0.0000000 1.0000000
0.3617733 0.6703409 0.6478943 239.9022792
-0.9294398 0.3133907 0.1947432 -114.5186649
-0.0724993 -0.6726324 0.7364242 -16.5344093
0.0000000 0.0000000 0.0000000 1.0000000
0.3384132 0.6816851 0.6486799 240.4462906
-0.9393427 0.2855578 0.1899711 -116.0311814
-0.0557347 -0.6736220 0.7369790 -16.6050466
0.0000000 0.0000000 0.0000000 1.0000000
0.3307489 0.6847290 0.6494266 240.8383514
-0.9421354 0.2793857 0.1852587 -117.2960346
-0.0545881 -0.6731225 0.7375210 -16.6497703
0.0000000 0.0000000 0.0000000 1.0000000
0.3317515 0.6851667 0.6484529 241.2012692
-0.9417601 0.2806049 0.1853247 -118.7299133
-0.0549803 -0.6721692 0.7383608 -16.6558859
0.0000000 0.0000000 0.0000000 1.0000000
0.3251500 0.6840043 0.6530078 241.8622018
-0.9441848 0.2733644 0.1838024 -120.3775420
-0.0527871 -0.6763238 0.7347181 -16.8099524
0.0000000 0.0000000 0.0000000 1.0000000
0.3263433 0.6829893 0.6534749 242.1571668
-0.9435297 0.2770399 0.1816510 -121.8635677
-0.0569726 -0.6758539 0.7348380 -16.7251111
0.0000000 0.0000000 0.0000000 1.0000000
0.3251619 0.6800466 0.6571224 242.4378166
-0.9433607 0.2816432 0.1753397 -122.9986643
-0.0658346 -0.6769175 0.7331163 -16.6891911
0.0000000 0.0000000 0.0000000 1.0000000
0.3421593 0.6716668 0.6571102 242.8113345
-0.9363057 0.3025605 0.1782819 -124.2771336
-0.0790693 -0.6762568 0.7324174 -16.6847288
0.0000000 0.0000000 0.0000000 1.0000000
0.3487370 0.6677091 0.6576854 243.2800196
-0.9335772 0.3092741 0.1810484 -125.7124432
-0.0825172 -0.6771385 0.7312216 -16.7644798
0.0000000 0.0000000 0.0000000 1.0000000
0.3603780 0.6623930 0.6567850 243.5627625
-0.9282816 0.3239073 0.1826828 -126.7757130
-0.0917294 -0.6755162 0.7316245 -16.7780702
0.0000000 0.0000000 0.0000000 1.0000000
0.3668528 0.6552408 0.6603648 243.9944088
-0.9253445 0.3300099 0.1866162 -127.9355382
-0.0956479 -0.6795259 0.7273973 -16.8731397
0.0000000 0.0000000 0.0000000 1.0000000
0.3583230 0.6590618 0.6612453 244.3001486
-0.9294335 0.3186176 0.1860945 -128.9601362
-0.0880362 -0.6812656 0.7267308 -16.9209651
0.0000000 0.0000000 0.0000000 1.0000000
0.3670783 0.6569455 0.6585433 244.6411807
-0.9255604 0.3284752 0.1882464 -130.3329226
-0.0926471 -0.6786230 0.7286276 -16.9131898
0.0000000 0.0000000 0.0000000 1.0000000
0.3605345 0.6624137 0.6566781 245.0901197
-0.9285327 0.3216953 0.1852936 -131.3462179
-0.0885088 -0.6765521 0.7310638 -17.0172951
0.0000000 0.0000000 0.0000000 1.0000000
0.3655451 0.6604004 0.6559353 245.5528043
-0.9262430 0.3276546 0.1863081 -132.6328846
-0.0918818 -0.6756599 0.7314727 -17.0817869
0.0000000 0.0000000 0.0000000 1.0000000
0.3687573 0.6574620 0.6570880 245.7399731
-0.9248455 0.3303264 0.1885175 -134.0039778
-0.0931098 -0.6772227 0.7298704 -16.8842279
0.0000000 0.0000000 0.0000000 1.0000000
0.3780591 0.6493695 0.6598434 246.2332029
-0.9202597 0.3412958 0.1913964 -135.5468599
-0.1009142 -0.6795871 0.7266281 -16.8557442
0.0000000 0.0000000 0.0000000 1.0000000
0.3811951 0.6496656 0.6577443 246.6190574
-0.9190608 0.3432924 0.1935741 -137.1931101
-0.1000396 -0.6782970 0.7279533 -16.7998498
0.0000000 0.0000000 0.0000000 1.0000000
0.3980187 0.6400726 0.6571842 247.9074212
-0.9103914 0.3638009 0.1970527 -140.0561725
-0.1129556 -0.6767260 0.7275258 -17.1265898
0.0000000 0.0000000 0.0000000 1.0000000
0.4044318 0.6357412 0.6574732 248.4715178
-0.9073030 0.3693025 0.2010234 -141.5568800
-0.1150069 -0.6778283 0.7261771 -17.2155570
0.0000000 0.0000000 0.0000000 1.0000000
0.4126053 0.6363064 0.6518237 249.1262798
-0.9030531 0.3794891 0.2011885 -143.0358887
-0.1193416 -0.6716434 0.7312072 -17.4046594
0.0000000 0.0000000 0.0000000 1.0000000
0.4187595 0.6342710 0.6498796 249.4831598
-0.8989542 0.3908128 0.1978379 -144.2241538
-0.1284976 -0.6670591 0.7338471 -17.3980724
0.0000000 0.0000000 0.0000000 1.0000000
0.4188247 0.6343050 0.6498044 250.0383214
-0.8984723 0.3931908 0.1952987 -145.3248092
-0.1316173 -0.6656277 0.7345935 -17.5174988
0.0000000 0.0000000 0.0000000 1.0000000
0.4275198 0.6317912 0.6465828 250.5041620
-0.8939983 0.4015812 0.1987267 -146.4926705
-0.1341008 -0.6630043 0.7365143 -17.5924244
0.0000000 0.0000000 0.0000000 1.0000000
0.4239542 0.6329385 0.6478073 250.9460713
-0.8951524 0.4015681 0.1934878 -147.6677109
-0.1376718 -0.6619172 0.7368332 -17.6072466
0.0000000 0.0000000 0.0000000 1.0000000
0.4178823 0.6359584 0.6487942 251.4413617
-0.8987231 0.3938379 0.1928238 -148.6485197
-0.1328908 -0.6636650 0.7361385 -17.7438173
0.0000000 0.0000000 0.0000000 1.0000000
0.4103539 0.6403180 0.6493113 252.0352364
-0.9020502 0.3894914 0.1859951 -149.9610510
-0.1338041 -0.6620363 0.7374385 -17.9373242
0.0000000 0.0000000 0.0000000 1.0000000
0.4062929 0.6434972 0.6487215 252.3969436
-0.9036390 0.3882214 0.1808643 -150.9520331
-0.1354606 -0.6596954 0.7392317 -17.9844746
0.0000000 0.0000000 0.0000000 1.0000000
0.4092928 0.6442476 0.6460855 252.7357025
-0.9007737 0.3979861 0.1737952 -151.9036863
-0.1451646 -0.6531114 0.7432252 -18.0528631
0.0000000 0.0000000 0.0000000 1.0000000
0.4016724 0.6497601 0.6453473 253.2336418
-0.9050365 0.3892591 0.1713979 -153.3779568
-0.1398385 -0.6529101 0.7444223 -18.1895138
0.0000000 0.0000000 0.0000000 1.0000000
0.4002312 0.6461751 0.6498270 253.8414467
-0.9044903 0.3925247 0.1667729 -154.6979793
-0.1473074 -0.6545114 0.7415704 -18.3415402
0.0000000 0.0000000 0.0000000 1.0000000
0.3900862 0.6504601 0.6517182 254.3191937
-0.9091458 0.3842108 0.1607114 -156.2448204
-0.1458600 -0.6551989 0.7412490 -18.4571679
0.0000000 0.0000000 0.0000000 1.0000000
0.3987153 0.6468660 0.6500713 254.4701805
-0.9041455 0.3958588 0.1606526 -157.0717366
-0.1534152 -0.6518140 0.7427066 -18.3531765
0.0000000 0.0000000 0.0000000 1.0000000
0.3929904 0.6517030 0.6487247 254.8993196
-0.9081914 0.3855650 0.1628482 -158.4573163
-0.1439961 -0.6531645 0.7434056 -18.3581155
0.0000000 0.0000000 0.0000000 1.0000000
0.3757347 0.6643823 0.6460820 255.4546353
-0.9178755 0.3628965 0.1606335 -159.4898830
-0.1277382 -0.6533785 0.7461839 -18.5703650
0.0000000 0.0000000 0.0000000 1.0000000
0.3887313 0.6576014 0.6453301 255.8144270
-0.9100133 0.3835570 0.1573297 -160.6229956
-0.1440600 -0.6484180 0.7475372 -18.5887078
0.0000000 0.0000000 0.0000000 1.0000000
0.3795629 0.6577658 0.6505987 256.4491949
-0.9133629 0.3783623 0.1503413 -162.4019383
-0.1472720 -0.6512968 0.7444021 -18.7575284
0.0000000 0.0000000 0.0000000 1.0000000
0.3696553 0.6615174 0.6524971 257.0648768
-0.9179349 0.3688375 0.1461063 -163.4969622
-0.1440129 -0.6529588 0.7435835 -19.0469413
0.0000000 0.0000000 0.0000000 1.0000000
0.3571690 0.6637581 0.6571591 257.3758685
-0.9228521 0.3593207 0.1386555 -164.4216727
-0.1440967 -0.6559838 0.7408999 -19.0993963
0.0000000 0.0000000 0.0000000 1.0000000
0.3638372 0.6581413 0.6591475 257.7569042
-0.9198233 0.3653626 0.1429298 -165.5094085
-0.1467595 -0.6583017 0.7383169 -19.1517188
0.0000000 0.0000000 0.0000000 1.0000000
0.3548708 0.6616113 0.6605607 258.1651959
-0.9233590 0.3587545 0.1367375 -166.2542689
-0.1465117 -0.6584582 0.7382268 -19.3446888
0.0000000 0.0000000 0.0000000 1.0000000
0.3617602 0.6519153 0.6664376 258.5932409
-0.9187373 0.3706434 0.1361577 -167.4142969
-0.1582472 -0.6615368 0.7330337 -19.4548585
0.0000000 0.0000000 0.0000000 1.0000000
0.3495892 0.6520494 0.6727719 259.0267702
-0.9243298 0.3572634 0.1340553 -168.5314093
-0.1529458 -0.6687268 0.7276150 -19.6138002
0.0000000 0.0000000 0.0000000 1.0000000
0.3394318 0.6566455 0.6735029 259.7099205
-0.9288829 0.3467846 0.1300426 -170.3891562
-0.1481684 -0.6697452 0.7276671 -19.8114339
0.0000000 0.0000000 0.0000000 1.0000000
0.3457915 0.6509330 0.6758088 260.0470873
-0.9243851 0.3599343 0.1263047 -171.4809919
-0.1610307 -0.6683822 0.7261860 -19.9095927
0.0000000 0.0000000 0.0000000 1.0000000
0.3413188 0.6486448 0.6802680 260.4766872
-0.9251426 0.3597575 0.1211580 -172.7152081
-0.1661430 -0.6706976 0.7228920 -20.0416956
0.0000000 0.0000000 0.0000000 1.0000000
0.3375476 0.6496762 0.6811648 260.9390323
-0.9262193 0.3582660 0.1172880 -174.1350420
-0.1678390 -0.6704975 0.7226858 -20.2228743
0.0000000 0.0000000 0.0000000 1.0000000
0.3376146 0.6415274 0.6888121 261.5631890
-0.9236435 0.3667803 0.1111221 -175.7003551
-0.1813549 -0.6737325 0.7163844 -20.4590321
0.0000000 0.0000000 0.0000000 1.0000000
0.3334923 0.6383177 0.6937843 262.2334127
-0.9257227 0.3609510 0.1128969 -177.7692690
-0.1783581 -0.6799012 0.7112907 -20.7395494
0.0000000 0.0000000 0.0000000 1.0000000
0.3487847 0.6212844 0.7016825 262.7455772
-0.9133280 0.3932251 0.1058265 -179.0657945
-0.2101709 -0.6777765 0.7045986 -20.9745073
0.0000000 0.0000000 0.0000000 1.0000000
0.3540364 0.6186776 0.7013556 263.1935807
