1.0000000 0.0000000 0.0000000 0.0000000
0.0000000 1.0000000 0.0000000 0.0000000
0.0000000 0.0000000 1.0000000 0.0000000
0.0000000 0.0000000 0.0000000 1.0000000
0.9996373 -0.0261561 0.0064084 0.6426406
0.0261737 0.9996539 -0.0026651 -0.0481158
-0.0063365 0.0028319 0.9999760 -0.0019329
0.0000000 0.0000000 0.0000000 1.0000000
0.9997481 -0.0159355 0.0158245 1.4246563
0.0159138 0.9998727 0.0014955 -0.0116742
-0.0158463 -0.0012433 0.9998738 0.0383861
0.0000000 0.0000000 0.0000000 1.0000000
0.9994587 -0.0112436 0.0309310 2.2884347
0.0111166 0.9999295 0.0042770 -0.1267908
-0.0309769 -0.0039309 0.9995125 0.0324403
0.0000000 0.0000000 0.0000000 1.0000000
0.9993426 -0.0154987 0.0327943 3.0361828
0.0153603 0.9998721 0.0044678 -0.0753334
-0.0328594 -0.0039612 0.9994523 0.0706859
0.0000000 0.0000000 0.0000000 1.0000000
0.9993843 0.0020164 0.0350529 3.8091824
-0.0023602 0.9999496 0.0097710 -0.2035243
-0.0350314 -0.0098477 0.9993380 0.0700007
0.0000000 0.0000000 0.0000000 1.0000000
0.9990759 0.0117255 0.0413805 4.6879538
-0.0123489 0.9998138 0.0148421 -0.3570865
-0.0411988 -0.0153393 0.9990336 0.0440545
0.0000000 0.0000000 0.0000000 1.0000000
0.9987685 0.0015628 0.0496169 5.3439803
-0.0027427 0.9997151 0.0237220 -0.2516654
-0.0495657 -0.0238288 0.9984870 0.0585889
0.0000000 0.0000000 0.0000000 1.0000000
0.9982781 -0.0232987 0.0538532 6.2969517
0.0219617 0.9994390 0.0252865 -0.2611529
-0.0544121 -0.0240602 0.9982291 0.0019885
0.0000000 0.0000000 0.0000000 1.0000000
0.9984551 -0.0034202 0.0554815 6.9347044
0.0020584 0.9996957 0.0245852 -0.4084853
-0.0555487 -0.0244330 0.9981575 -0.0413291
0.0000000 0.0000000 0.0000000 1.0000000
0.9984044 -0.0012627 0.0564725 8.0920456
-0.0005335 0.9994954 0.0317800 -0.2326066
-0.0564841 -0.0317594 0.9978990 -0.0926132
0.0000000 0.0000000 0.0000000 1.0000000
0.9978111 0.0169060 0.0639454 8.9659508
-0.0194549 0.9990329 0.0394500 -0.2978964
-0.0632166 -0.0406076 0.9971741 -0.1066994
0.0000000 0.0000000 0.0000000 1.0000000
0.9975760 -0.0172381 0.0674264 9.9746788
0.0143352 0.9989599 0.0433016 -0.2125479
-0.0681026 -0.0422301 0.9967849 -0.1419106
0.0000000 0.0000000 0.0000000 1.0000000
0.9977867 0.0117274 0.0654541 10.7817525
-0.0141785 0.9992114 0.0371077 -0.2878691
-0.0649671 -0.0379536 0.9971663 -0.1704873
0.0000000 0.0000000 0.0000000 1.0000000
0.9976931 -0.0052765 0.0676756 11.9045372
0.0027707 0.9993094 0.0370655 -0.3880497
-0.0678243 -0.0367925 0.9970195 -0.2071603
0.0000000 0.0000000 0.0000000 1.0000000
0.9971818 -0.0128841 0.0739111 12.8824536
0.0102419 0.9992994 0.0360149 -0.5306037
-0.0743232 -0.0351564 0.9966152 -0.2476173
0.0000000 0.0000000 0.0000000 1.0000000
0.9970957 -0.0099069 0.0755165 13.6912281
0.0074839 0.9994511 0.0323006 -0.6232631
-0.0757949 -0.0316416 0.9966222 -0.3095551
0.0000000 0.0000000 0.0000000 1.0000000
0.9968090 -0.0333719 0.0725210 14.7054781
0.0311374 0.9990125 0.0317254 -0.5921002
-0.0735080 -0.0293661 0.9968631 -0.3713915
0.0000000 0.0000000 0.0000000 1.0000000
0.9972478 -0.0059979 0.0739019 15.7861492
0.0037249 0.9995179 0.0308534 -0.7063719
-0.0740511 -0.0304932 0.9967892 -0.4279048
0.0000000 0.0000000 0.0000000 1.0000000
0.9967950 -0.0074179 0.0796523 16.6086378
0.0051534 0.9995786 0.0285946 -0.6728020
-0.0798306 -0.0280924 0.9964136 -0.4990554
0.0000000 0.0000000 0.0000000 1.0000000
0.9969320 -0.0195548 0.0757890 18.0126109
0.0163371 0.9989489 0.0428430 -0.5349781
-0.0765469 -0.0414734 0.9962041 -0.5808019
0.0000000 0.0000000 0.0000000 1.0000000
0.9965542 -0.0199454 0.0805069 18.8909257
0.0165776 0.9989685 0.0422844 -0.5042019
-0.0812671 -0.0408041 0.9958579 -0.6807576
0.0000000 0.0000000 0.0000000 1.0000000
0.9963352 -0.0266016 0.0812866 20.0588859
0.0232569 0.9988551 0.0418181 -0.4782181
-0.0823058 -0.0397744 0.9958143 -0.7245716
0.0000000 0.0000000 0.0000000 1.0000000
0.9967843 -0.0100246 0.0794958 21.1767184
0.0069386 0.9992161 0.0389970 -0.5443589
-0.0798241 -0.0383199 0.9960734 -0.7944471
0.0000000 0.0000000 0.0000000 1.0000000
0.9968808 -0.0247292 0.0749396 22.0162566
0.0215986 0.9988727 0.0422956 -0.6596952
-0.0759008 -0.0405451 0.9962920 -0.8876705
0.0000000 0.0000000 0.0000000 1.0000000
0.9969867 -0.0036697 0.0774780 23.1002774
0.0005579 0.9991949 0.0401404 -0.6475867
-0.0775627 -0.0399762 0.9961870 -0.9922506
0.0000000 0.0000000 0.0000000 1.0000000
0.9957627 -0.0342441 0.0853363 24.3139002
0.0307662 0.9986561 0.0417346 -0.5728806
-0.0866505 -0.0389323 0.9954791 -1.0306279
0.0000000 0.0000000 0.0000000 1.0000000
0.9962144 -0.0072783 0.0866178 25.0529801
0.0036160 0.9990975 0.0423547 -0.6262112
-0.0868476 -0.0418811 0.9953424 -1.0922705
0.0000000 0.0000000 0.0000000 1.0000000
0.9962930 0.0107649 0.0853425 25.9322936
-0.0141809 0.9991197 0.0395136 -0.7749917
-0.0848417 -0.0405774 0.9955695 -1.1594792
0.0000000 0.0000000 0.0000000 1.0000000
0.9953718 0.0481265 0.0831719 27.0073616
-0.0518442 0.9977249 0.0431221 -0.8858119
-0.0809070 -0.0472345 0.9956036 -1.2608606
0.0000000 0.0000000 0.0000000 1.0000000
0.9942517 0.0686349 0.0821737 28.0282854
-0.0723661 0.9964388 0.0433103 -1.0066400
-0.0789081 -0.0490078 0.9956784 -1.3524745
0.0000000 0.0000000 0.0000000 1.0000000
0.9933317 0.0828982 0.0801290 28.7025872
-0.0865256 0.9953275 0.0428939 -1.1837716
-0.0761985 -0.0495410 0.9958631 -1.3925233
0.0000000 0.0000000 0.0000000 1.0000000
0.9911844 0.1049378 0.0808858 29.5359106
-0.1090891 0.9928395 0.0487144 -1.2527172
-0.0751944 -0.0571086 0.9955341 -1.4671084
0.0000000 0.0000000 0.0000000 1.0000000
0.9858665 0.1458911 0.0823626 30.1314116
-0.1501789 0.9874715 0.0484728 -1.4080592
-0.0742587 -0.0601567 0.9954247 -1.5041923
0.0000000 0.0000000 0.0000000 1.0000000
0.9846759 0.1515067 0.0863664 30.7324295
-0.1561605 0.9864719 0.0498993 -1.7528220
-0.0776377 -0.0626215 0.9950148 -1.5086374
0.0000000 0.0000000 0.0000000 1.0000000
0.9754891 0.1999887 0.0917942 31.1308447
-0.2054275 0.9771763 0.0541120 -1.8559396
-0.0788771 -0.0716426 0.9943084 -1.5275598
0.0000000 0.0000000 0.0000000 1.0000000
0.9756998 0.1961103 0.0977316 31.9551835
-0.2024419 0.9774780 0.0596336 -1.9903193
-0.0838355 -0.0779692 0.9934263 -1.5597972
0.0000000 0.0000000 0.0000000 1.0000000
0.9705505 0.2197651 0.0986691 32.4292933
-0.2264132 0.9720554 0.0620343 -2.2704799
-0.0822786 -0.0825473 0.9931867 -1.5594264
0.0000000 0.0000000 0.0000000 1.0000000
0.9708032 0.2162758 0.1037595 33.0294691
-0.2236564 0.9724594 0.0655957 -2.3121737
-0.0867149 -0.0868868 0.9924389 -1.5825724
0.0000000 0.0000000 0.0000000 1.0000000
0.9751858 0.1912461 0.1115233 33.4124165
-0.1997887 0.9772538 0.0711453 -2.4543129
-0.0953801 -0.0916608 0.9912137 -1.5824395
0.0000000 0.0000000 0.0000000 1.0000000
0.9740229 0.1968420 0.1119462 33.7799507
-0.2055812 0.9759398 0.0726610 -2.5652217
-0.0949498 -0.0937874 0.9910560 -1.5965937
0.0000000 0.0000000 0.0000000 1.0000000
0.9738641 0.1940228 0.1180859 34.7231716
-0.2041292 0.9756349 0.0804311 -2.5855445
-0.0996031 -0.1024335 0.9897426 -1.6946291
0.0000000 0.0000000 0.0000000 1.0000000
0.9679216 0.2193410 0.1225450 34.7101324
-0.2301278 0.9696991 0.0820104 -2.7276680
-0.1008433 -0.1075804 0.9890708 -1.6338941
0.0000000 0.0000000 0.0000000 1.0000000
0.9675465 0.2196044 0.1250159 35.7384559
-0.2312342 0.9689529 0.0875259 -2.9272688
-0.1019134 -0.1135929 0.9882886 -1.7389972
0.0000000 0.0000000 0.0000000 1.0000000
0.9639782 0.2342453 0.1260006 36.1779609
-0.2458410 0.9654983 0.0858778 -3.0020899
-0.1015368 -0.1137601 0.9883081 -1.7589158
0.0000000 0.0000000 0.0000000 1.0000000
0.9651820 0.2301238 0.1243707 36.7203348
-0.2416873 0.9664036 0.0874651 -3.0389228
-0.1000646 -0.1144781 0.9883754 -1.8434296
0.0000000 0.0000000 0.0000000 1.0000000
0.9585731 0.2554593 0.1260150 37.4135617
-0.2677130 0.9590789 0.0921726 -3.1720770
-0.0973121 -0.1220896 0.9877390 -1.8962231
0.0000000 0.0000000 0.0000000 1.0000000
0.9512430 0.2801755 0.1289960 38.4851201
-0.2933096 0.9510581 0.0972405 -3.1807948
-0.0954384 -0.1303346 0.9868679 -2.0325177
0.0000000 0.0000000 0.0000000 1.0000000
0.9482672 0.2895434 0.1302126 38.8790544
-0.3032519 0.9474812 0.1015663 -3.4012690
-0.0939663 -0.1357988 0.9862723 -2.0509966
0.0000000 0.0000000 0.0000000 1.0000000
0.9408277 0.3121766 0.1318768 39.4205795
-0.3260636 0.9399121 0.1012265 -3.4824767
-0.0923522 -0.1382364 0.9860862 -2.0999416
0.0000000 0.0000000 0.0000000 1.0000000
0.9271937 0.3511437 0.1304305 39.5086908
-0.3651361 0.9249597 0.1054712 -3.5037693
-0.0836075 -0.1454167 0.9858336 -2.1127545
0.0000000 0.0000000 0.0000000 1.0000000
0.9058377 0.4033765 0.1294111 39.5368047
-0.4167513 0.9033513 0.1013598 -3.5984510
-0.0760177 -0.1457475 0.9863989 -2.1137325
0.0000000 0.0000000 0.0000000 1.0000000
0.8965314 0.4241545 0.1277711 40.1346422
-0.4373145 0.8934350 0.1026083 -3.8472114
-0.0706336 -0.1478674 0.9864836 -2.1600560
0.0000000 0.0000000 0.0000000 1.0000000
0.8781612 0.4592827 0.1337677 40.3136546
-0.4726315 0.8761896 0.0943934 -3.8015847
-0.0738528 -0.1461151 0.9865090 -2.1549947
0.0000000 0.0000000 0.0000000 1.0000000
0.8579456 0.4969287 0.1303578 40.5942255
-0.5096645 0.8551868 0.0943251 -3.9870111
-0.0646076 -0.1473642 0.9869719 -2.1799063
0.0000000 0.0000000 0.0000000 1.0000000
0.8353882 0.5360559 0.1215433 41.0713499
-0.5471816 0.8320161 0.0913287 -4.2402590
-0.0521689 -0.1428008 0.9883776 -2.2095973
0.0000000 0.0000000 0.0000000 1.0000000
0.8146183 0.5682948 0.1159305 41.2451371
-0.5785735 0.8102214 0.0937689 -4.4624357
-0.0406413 -0.1434598 0.9888233 -2.2220519
0.0000000 0.0000000 0.0000000 1.0000000
0.7969958 0.5926139 0.1166550 41.5307727
-0.6029498 0.7919562 0.0962057 -4.5854084
-0.0353731 -0.1470122 0.9885039 -2.2172649
0.0000000 0.0000000 0.0000000 1.0000000
0.7826924 0.6119316 0.1137298 41.6821161
-0.6216944 0.7773926 0.0956875 -4.7449529
-0.0298587 -0.1455986 0.9888951 -2.2136224
0.0000000 0.0000000 0.0000000 1.0000000
0.7674138 0.6314689 0.1110191 42.1090323
-0.6407174 0.7616931 0.0964560 -5.0091550
-0.0236538 -0.1451531 0.9891285 -2.1644393
0.0000000 0.0000000 0.0000000 1.0000000
0.7496817 0.6528828 0.1082787 42.0186109
-0.6615786 0.7435692 0.0970471 -5.2312055
-0.0171526 -0.1443889 0.9893745 -2.1531259
0.0000000 0.0000000 0.0000000 1.0000000
0.7478657 0.6547557 0.1095183 42.0726518
-0.6635131 0.7425176 0.0917520 -5.3643558
-0.0212443 -0.1412845 0.9897433 -2.1320927
0.0000000 0.0000000 0.0000000 1.0000000
0.7560520 0.6456021 0.1076359 41.9786957
-0.6542064 0.7504527 0.0939967 -5.4226321
-0.0200913 -0.1414819 0.9897392 -2.1067320
0.0000000 0.0000000 0.0000000 1.0000000
0.7404868 0.6627079 0.1118067 42.3035501
-0.6718300 0.7343884 0.0965381 -5.5321302
-0.0181332 -0.1465997 0.9890320 -2.1066656
0.0000000 0.0000000 0.0000000 1.0000000
0.7307490 0.6730722 0.1139412 42.1703097
-0.6822503 0.7257862 0.0881539 -5.7343780
-0.0233632 -0.1421542 0.9895710 -2.0438806
0.0000000 0.0000000 0.0000000 1.0000000
0.7161746 0.6892908 0.1094296 42.1231316
-0.6977214 0.7108921 0.0884251 -5.8715445
-0.0168422 -0.1396786 0.9900560 -2.0055650
0.0000000 0.0000000 0.0000000 1.0000000
0.6908104 0.7151058 0.1068062 42.0120147
-0.7229874 0.6849534 0.0901675 -5.8637784
-0.0086781 -0.1395077 0.9901853 -1.9539988
0.0000000 0.0000000 0.0000000 1.0000000
0.6691518 0.7367754 0.0969565 42.0042443
-0.7431250 0.6638526 0.0840643 -6.2284025
-0.0024285 -0.1283020 0.9917345 -1.9149183
0.0000000 0.0000000 0.0000000 1.0000000
0.6462766 0.7565119 0.1000948 41.9354320
-0.7630987 0.6412798 0.0802676 -6.1754225
-0.0034656 -0.1282567 0.9917373 -1.8756653
0.0000000 0.0000000 0.0000000 1.0000000
0.6450855 0.7583302 0.0938250 41.7020356
-0.7641140 0.6402396 0.0789036 -6.2877456
-0.0002357 -0.1225920 0.9924595 -1.8495278
0.0000000 0.0000000 0.0000000 1.0000000
0.6324200 0.7692245 0.0913349 41.7730844
-0.7745912 0.6268096 0.0843840 -6.4467413
0.0076604 -0.1241128 0.9922410 -1.8188560
0.0000000 0.0000000 0.0000000 1.0000000
0.6329061 0.7691087 0.0889085 41.6268952
-0.7742140 0.6279311 0.0793523 -6.4377383
0.0052019 -0.1190562 0.9928763 -1.7780035
0.0000000 0.0000000 0.0000000 1.0000000
0.6070332 0.7894605 0.0909109 41.8103001
-0.7946745 0.6026510 0.0728424 -7.0557650
0.0027184 -0.1164618 0.9931939 -1.7193295
0.0000000 0.0000000 0.0000000 1.0000000
0.6263140 0.7747710 0.0863879 41.9524212
-0.7795685 0.6228522 0.0658011 -7.1795025
-0.0028264 -0.1085569 0.9940887 -1.6973062
0.0000000 0.0000000 0.0000000 1.0000000
0.6346446 0.7678952 0.0869792 42.0496450
-0.7727788 0.6315471 0.0629511 -7.4098132
-0.0065918 -0.1071667 0.9942218 -1.6661893
0.0000000 0.0000000 0.0000000 1.0000000
0.6205429 0.7793946 0.0864412 42.3024036
-0.7841467 0.6176778 0.0599162 -7.9410847
-0.0066946 -0.1049625 0.9944563 -1.6386027
0.0000000 0.0000000 0.0000000 1.0000000
0.6255883 0.7755095 0.0850012 42.3004084
-0.7800924 0.6232023 0.0554654 -8.3090076
-0.0099592 -0.1010067 0.9948386 -1.6084665
0.0000000 0.0000000 0.0000000 1.0000000
0.6126071 0.7863156 0.0801303 42.5419838
-0.7903590 0.6103222 0.0532991 -8.7154669
-0.0069955 -0.0959825 0.9953612 -1.5781226
0.0000000 0.0000000 0.0000000 1.0000000
0.6134624 0.7851224 0.0851307 42.6215703
-0.7896569 0.6112645 0.0529112 -8.8295276
-0.0104957 -0.0996824 0.9949668 -1.5527561
0.0000000 0.0000000 0.0000000 1.0000000
0.5746193 0.8140896 0.0840953 42.6034759
-0.8184199 0.5718947 0.0559285 -9.1143815
-0.0025630 -0.1009622 0.9948899 -1.5088522
0.0000000 0.0000000 0.0000000 1.0000000
0.5574759 0.8260943 0.0824029 42.8597816
-0.8301799 0.5540750 0.0616937 -9.5160567
0.0053073 -0.1028012 0.9946908 -1.4825981
0.0000000 0.0000000 0.0000000 1.0000000
0.5334417 0.8416106 0.0844509 43.0440063
-0.8458173 0.5300220 0.0606102 -10.1244812
0.0062492 -0.1037613 0.9945857 -1.4305624
0.0000000 0.0000000 0.0000000 1.0000000
0.4923345 0.8657680 0.0897377 43.1429188
-0.8703550 0.4885278 0.0618533 -10.5144132
0.0097110 -0.1085554 0.9940460 -1.3713005
0.0000000 0.0000000 0.0000000 1.0000000
0.4551634 0.8858886 0.0896021 43.4008543
-0.8903294 0.4514496 0.0592392 -10.9477200
0.0120282 -0.1067382 0.9942175 -1.3456422
0.0000000 0.0000000 0.0000000 1.0000000
0.4336450 0.8965892 0.0898930 43.4419640
-0.9010275 0.4303092 0.0546445 -11.4364514
0.0103116 -0.1046917 0.9944544 -1.3208576
0.0000000 0.0000000 0.0000000 1.0000000
0.3904658 0.9162977 0.0890836 43.5620324
-0.9204150 0.3865012 0.0587867 -11.7656123
0.0194349 -0.1049473 0.9942911 -1.2836663
0.0000000 0.0000000 0.0000000 1.0000000
0.3538648 0.9306861 0.0927559 43.6401468
-0.9351408 0.3502343 0.0533846 -12.0860891
0.0171976 -0.1056301 0.9942601 -1.2266514
0.0000000 0.0000000 0.0000000 1.0000000
0.3065985 0.9471550 0.0943156 43.8641462
-0.9515785 0.3026755 0.0537393 -12.5802098
0.0223520 -0.1062245 0.9940943 -1.1915947
0.0000000 0.0000000 0.0000000 1.0000000
0.2577239 0.9616680 0.0936696 43.7511747
-0.9658537 0.2537392 0.0523895 -13.0863829
0.0266132 -0.1039726 0.9942275 -1.1673654
0.0000000 0.0000000 0.0000000 1.0000000
0.2105464 0.9730605 0.0939391 43.8493687
-0.9773109 0.2072349 0.0437939 -13.3247189
0.0231461 -0.1010278 0.9946178 -1.1365891
0.0000000 0.0000000 0.0000000 1.0000000
0.1865824 0.9779049 0.0942836 43.7198688
-0.9821897 0.1835054 0.0403605 -13.6898753
0.0221666 -0.1001344 0.9947304 -1.0632557
0.0000000 0.0000000 0.0000000 1.0000000
0.1550025 0.9829342 0.0990745 43.6513040
-0.9877259 0.1522328 0.0349446 -14.1298914
0.0192653 -0.1032746 0.9944699 -0.9991825
0.0000000 0.0000000 0.0000000 1.0000000
0.1268792 0.9877701 0.0906277 43.3089684
-0.9917550 0.1246682 0.0296436 -15.9055364
0.0179821 -0.0936412 0.9954471 -0.9094792
0.0000000 0.0000000 0.0000000 1.0000000
0.0923866 0.9918858 0.0873417 42.9994673
-0.9955676 0.0904618 0.0257166 -16.4731022
0.0176061 -0.0893300 0.9958500 -0.8452451
0.0000000 0.0000000 0.0000000 1.0000000
0.0422359 0.9948677 0.0919584 42.9661298
-0.9989127 0.0402273 0.0235556 -16.8959623
0.0197347 -0.0928530 0.9954878 -0.7986360
0.0000000 0.0000000 0.0000000 1.0000000
0.0150040 0.9957139 0.0912752 42.5756498
-0.9996296 0.0128647 0.0239507 -17.5307062
0.0226731 -0.0916005 0.9955413 -0.7416495
0.0000000 0.0000000 0.0000000 1.0000000
-0.0326790 0.9946313 0.0981938 42.3524059
-0.9990657 -0.0352882 0.0249234 -18.0503642
0.0282539 -0.0972873 0.9948590 -0.7086653
0.0000000 0.0000000 0.0000000 1.0000000
-0.0826029 0.9914789 0.1007350 42.3142821
-0.9962272 -0.0848490 0.0181841 -18.5920684
0.0265756 -0.0988526 0.9947510 -0.6692884
0.0000000 0.0000000 0.0000000 1.0000000
-0.1089856 0.9883636 0.1061208 42.1487493
-0.9936705 -0.1112448 0.0155649 -18.8307777
0.0271884 -0.1037526 0.9942353 -0.6190416
0.0000000 0.0000000 0.0000000 1.0000000
-0.1613827 0.9814590 0.1034228 41.9237837
-0.9864674 -0.1634968 0.0122202 -19.5884783
0.0289021 -0.1000510 0.9945664 -0.5190129
0.0000000 0.0000000 0.0000000 1.0000000
-0.1977099 0.9754374 0.0971312 41.6014621
-0.9798243 -0.1996040 0.0100636 -19.8219214
0.0292034 -0.0931817 0.9952246 -0.4526117
0.0000000 0.0000000 0.0000000 1.0000000
-0.2270160 0.9696608 0.0906876 41.3889324
-0.9735036 -0.2285651 0.0069142 -19.9521324
0.0274316 -0.0867150 0.9958592 -0.3942887
0.0000000 0.0000000 0.0000000 1.0000000
-0.2763403 0.9570871 0.0873081 41.1428520
-0.9605928 -0.2778950 0.0059176 -20.6132232
0.0299253 -0.0822321 0.9961676 -0.3456096
0.0000000 0.0000000 0.0000000 1.0000000
-0.3065277 0.9479258 0.0864873 40.6751634
-0.9510907 -0.3086689 0.0122219 -21.3692590
0.0382806 -0.0785108 0.9961819 -0.2515738
0.0000000 0.0000000 0.0000000 1.0000000
-0.3291239 0.9409773 0.0790063 40.2794093
-0.9435175 -0.3310794 0.0126788 -21.5616146
0.0380870 -0.0703708 0.9967974 -0.1912747
0.0000000 0.0000000 0.0000000 1.0000000
-0.3500563 0.9338399 0.0735284 40.0055226
-0.9358914 -0.3519820 0.0146563 -22.0432341
0.0395665 -0.0636840 0.9971895 -0.1692054
0.0000000 0.0000000 0.0000000 1.0000000
-0.3551630 0.9321028 0.0710412 39.4601296
-0.9339234 -0.3571003 0.0162802 -23.3198869
0.0405428 -0.0605649 0.9973446 -0.1034460
0.0000000 0.0000000 0.0000000 1.0000000
-0.3792156 0.9227985 0.0681232 39.3912224
-0.9244543 -0.3810000 0.0149196 -23.3994715
0.0397219 -0.0573190 0.9975695 -0.0755388
0.0000000 0.0000000 0.0000000 1.0000000
-0.3991227 0.9145831 0.0651261 39.1110979
-0.9158130 -0.4010976 0.0201582 -24.0779269
0.0445575 -0.0515976 0.9976775 -0.0416355
0.0000000 0.0000000 0.0000000 1.0000000
-0.4251765 0.9027978 0.0646826 38.7862953
-0.9038746 -0.4272437 0.0217365 -24.9044383
0.0472581 -0.0492230 0.9976734 0.0262169
0.0000000 0.0000000 0.0000000 1.0000000
-0.4345899 0.8985294 0.0614776 38.5767680
-0.8992364 -0.4367004 0.0258078 -25.6638297
0.0500356 -0.0440671 0.9977791 0.0922611
0.0000000 0.0000000 0.0000000 1.0000000
-0.4425604 0.8948460 0.0582605 37.7472406
-0.8951080 -0.4447394 0.0314376 -27.0601667
0.0540417 -0.0382363 0.9978107 0.1804647
0.0000000 0.0000000 0.0000000 1.0000000
-0.4650717 0.8833700 0.0580369 37.6217652
-0.8836520 -0.4671875 0.0299048 -27.7471588
0.0535304 -0.0373765 0.9978710 0.2192176
0.0000000 0.0000000 0.0000000 1.0000000
-0.4708056 0.8805363 0.0547809 37.3744517
-0.8809982 -0.4725268 0.0236473 -28.2149499
0.0467070 -0.0371286 0.9982229 0.3116993
0.0000000 0.0000000 0.0000000 1.0000000
-0.4874945 0.8715239 0.0529025 37.0812161
-0.8719787 -0.4890643 0.0216078 -29.0237081
0.0447035 -0.0355962 0.9983705 0.3288790
0.0000000 0.0000000 0.0000000 1.0000000
-0.5119259 0.8575896 0.0497497 36.4093971
-0.8579091 -0.5133567 0.0213106 -30.6010192
0.0438141 -0.0317713 0.9985390 0.4590976
0.0000000 0.0000000 0.0000000 1.0000000
-0.5136986 0.8568305 0.0442489 35.9458494
-0.8571408 -0.5147862 0.0173907 -31.3082433
0.0376787 -0.0289940 0.9988739 0.5659334
0.0000000 0.0000000 0.0000000 1.0000000
-0.5309215 0.8460251 0.0486478 35.2660282
-0.8462630 -0.5323212 0.0216788 -32.2694911
0.0442362 -0.0296591 0.9985855 0.6464177
0.0000000 0.0000000 0.0000000 1.0000000
-0.5402159 0.8403974 0.0436186 34.7516547
-0.8402056 -0.5415460 0.0279186 -32.8683767
0.0470833 -0.0215666 0.9986630 0.6902849
0.0000000 0.0000000 0.0000000 1.0000000
-0.5367883 0.8425556 0.0442901 34.4523834
-0.8423861 -0.5381500 0.0278734 -33.5121913
0.0473186 -0.0223473 0.9986348 0.7627448
0.0000000 0.0000000 0.0000000 1.0000000
-0.5400266 0.8406304 0.0414107 33.9870025
-0.8405137 -0.5411991 0.0252243 -34.3696632
0.0436148 -0.0211845 0.9988289 0.8424826
0.0000000 0.0000000 0.0000000 1.0000000
-0.5410141 0.8401665 0.0377796 32.9590607
-0.8399932 -0.5420245 0.0248496 -36.0260779
0.0413543 -0.0182906 0.9989822 0.9336062
0.0000000 0.0000000 0.0000000 1.0000000
-0.5449539 0.8377970 0.0335392 32.5737093
-0.8377997 -0.5456793 0.0179593 -36.9033486
0.0333469 -0.0183122 0.9992814 1.0348405
0.0000000 0.0000000 0.0000000 1.0000000
-0.5635377 0.8254081 0.0336153 32.4488607
-0.8256364 -0.5641094 0.0100967 -37.0810031
0.0272955 -0.0220642 0.9993893 1.0835036
0.0000000 0.0000000 0.0000000 1.0000000
-0.5767747 0.8161572 0.0349581 31.8551945
-0.8163476 -0.5774318 0.0120918 -38.1019183
0.0300537 -0.0215638 0.9993211 1.1609494
0.0000000 0.0000000 0.0000000 1.0000000
-0.5695814 0.8210666 0.0378288 31.4176991
-0.8213072 -0.5703413 0.0127723 -38.7680247
0.0320612 -0.0237943 0.9992082 1.1875909
0.0000000 0.0000000 0.0000000 1.0000000
-0.5799014 0.8137533 0.0390437 31.0097051
-0.8141778 -0.5805660 0.0074484 -39.2901760
0.0287275 -0.0274694 0.9992155 1.2497873
0.0000000 0.0000000 0.0000000 1.0000000
-0.5816671 0.8122864 0.0431127 30.7254439
-0.8129285 -0.5823472 0.0040472 -39.9011768
0.0283930 -0.0326936 0.9990679 1.2907902
0.0000000 0.0000000 0.0000000 1.0000000
-0.5687794 0.8217110 0.0358562 30.4400733
-0.8220566 -0.5693536 0.0075565 -40.3062616
0.0266231 -0.0251780 0.9993343 1.3410303
0.0000000 0.0000000 0.0000000 1.0000000
-0.5899645 0.8067008 0.0343505 30.1163386
-0.8070970 -0.5904066 0.0034387 -40.9366030
0.0230537 -0.0256956 0.9994099 1.4118596
0.0000000 0.0000000 0.0000000 1.0000000
-0.6044389 0.7957021 0.0389372 29.8774555
-0.7961219 -0.6050960 0.0068086 -41.4498707
0.0289774 -0.0268835 0.9992244 1.4771498
0.0000000 0.0000000 0.0000000 1.0000000
-0.5970903 0.8010666 0.0421874 29.2054911
-0.8015985 -0.5978269 0.0063790 -42.2823568
0.0303297 -0.0300086 0.9990954 1.4897137
0.0000000 0.0000000 0.0000000 1.0000000
-0.6339326 0.7721965 0.0429707 28.8212799
-0.7726982 -0.6347341 0.0069117 -43.1873999
0.0326111 -0.0288220 0.9990585 1.5656941
0.0000000 0.0000000 0.0000000 1.0000000
-0.6473564 0.7610348 0.0419508 28.3016696
-0.7615099 -0.6481196 0.0064051 -43.9535372
0.0320626 -0.0277998 0.9991053 1.6450303
0.0000000 0.0000000 0.0000000 1.0000000
-0.6466613 0.7613495 0.0466974 27.6477371
-0.7618294 -0.6476967 0.0101415 -44.3190798
0.0379659 -0.0290176 0.9988638 1.7073114
0.0000000 0.0000000 0.0000000 1.0000000
-0.6625754 0.7476011 0.0457323 27.5980344
-0.7481127 -0.6635230 0.0079716 -44.6924993
0.0363030 -0.0289314 0.9989281 1.7319027
0.0000000 0.0000000 0.0000000 1.0000000
-0.6624187 0.7477464 0.0456377 27.4213304
-0.7483193 -0.6633097 0.0061832 -44.8008206
0.0348943 -0.0300559 0.9989452 1.8031722
0.0000000 0.0000000 0.0000000 1.0000000
-0.6900399 0.7220791 0.0495331 26.7599589
-0.7227058 -0.6911214 0.0069438 -45.8458302
0.0392464 -0.0310067 0.9987547 1.8766981
0.0000000 0.0000000 0.0000000 1.0000000
-0.7140109 0.6981047 0.0533409 25.8156177
-0.6987338 -0.7153290 0.0087399 -47.0784014
0.0442566 -0.0310310 0.9985444 1.9585217
0.0000000 0.0000000 0.0000000 1.0000000
-0.7071801 0.7048106 0.0560741 25.3362180
-0.7056632 -0.7085224 0.0060188 -47.6651327
0.0439708 -0.0353134 0.9984148 2.0222342
0.0000000 0.0000000 0.0000000 1.0000000
-0.7052623 0.7068247 0.0548563 25.1875279
-0.7077880 -0.7064214 0.0024372 -47.8441971
0.0404732 -0.0371081 0.9984977 2.0814974
0.0000000 0.0000000 0.0000000 1.0000000
-0.7135858 0.6986356 0.0520463 24.7417367
-0.6994620 -0.7146644 0.0030185 -48.3644159
0.0393033 -0.0342508 0.9986466 2.1474889
0.0000000 0.0000000 0.0000000 1.0000000
-0.7234023 0.6881365 0.0562355 24.4686581
-0.6891297 -0.7246353 0.0022018 -48.7289841
0.0422642 -0.0371612 0.9984216 2.1914045
0.0000000 0.0000000 0.0000000 1.0000000
-0.7239118 0.6879906 0.0512539 23.7234483
-0.6888460 -0.7249079 0.0011798 -49.3381506
0.0379649 -0.0344523 0.9986915 2.2756426
0.0000000 0.0000000 0.0000000 1.0000000
-0.7383559 0.6725326 0.0503729 22.9179049
-0.6734427 -0.7392390 -0.0016605 -50.2283021
0.0361198 -0.0351497 0.9987357 2.3581148
0.0000000 0.0000000 0.0000000 1.0000000
-0.7456431 0.6645595 0.0488203 22.6554206
-0.6655004 -0.7463859 -0.0043748 -50.5877243
0.0335303 -0.0357523 0.9988047 2.3955722
0.0000000 0.0000000 0.0000000 1.0000000
-0.7404155 0.6703723 0.0489060 22.3737239
-0.6712179 -0.7412600 -0.0013507 -50.8621117
0.0353454 -0.0338271 0.9988093 2.4354460
0.0000000 0.0000000 0.0000000 1.0000000
-0.7468411 0.6631888 0.0491397 21.9535015
-0.6639360 -0.7477895 0.0013151 -51.3330848
0.0376172 -0.0316439 0.9987980 2.4549517
0.0000000 0.0000000 0.0000000 1.0000000
-0.7428382 0.6678796 0.0461893 21.3950945
-0.6686382 -0.7435873 -0.0015099 -51.8992810
0.0333361 -0.0320059 0.9989385 2.5241386
0.0000000 0.0000000 0.0000000 1.0000000
-0.7618416 0.6461571 0.0456549 21.1472191
-0.6467958 -0.7626643 0.0008453 -52.3606451
0.0353644 -0.0288858 0.9989640 2.5104629
0.0000000 0.0000000 0.0000000 1.0000000
-0.7599681 0.6485848 0.0423296 20.4007933
-0.6491321 -0.7606770 0.0008717 -52.9278650
0.0327634 -0.0268154 0.9991104 2.5955883
0.0000000 0.0000000 0.0000000 1.0000000
-0.7570649 0.6521154 0.0400439 19.6058988
-0.6525798 -0.7577199 0.0017114 -53.7584444
0.0314569 -0.0248366 0.9992036 2.6509041
0.0000000 0.0000000 0.0000000 1.0000000
-0.7564615 0.6530654 0.0357401 18.7021487
-0.6535163 -0.7569130 -0.0014858 -54.4729161
0.0260806 -0.0244811 0.9993672 2.6737773
0.0000000 0.0000000 0.0000000 1.0000000
-0.7656928 0.6423211 0.0338270 17.7231422
-0.6428240 -0.7659937 -0.0058759 -55.4977988
0.0221358 -0.0262443 0.9994177 2.7832193
0.0000000 0.0000000 0.0000000 1.0000000
-0.7682631 0.6395896 0.0265289 17.2162353
-0.6398790 -0.7684691 -0.0036480 -55.9429029
0.0180522 -0.0197783 0.9996488 2.8078993
0.0000000 0.0000000 0.0000000 1.0000000
-0.7672851 0.6408485 0.0243494 16.6677969
-0.6411847 -0.7673263 -0.0097742 -56.5123988
0.0124189 -0.0231125 0.9996632 2.8459734
0.0000000 0.0000000 0.0000000 1.0000000
-0.7578539 0.6520478 0.0223030 16.2582490
-0.6523137 -0.7579131 -0.0075763 -56.9593296
0.0119624 -0.0202906 0.9997301 2.8723983
0.0000000 0.0000000 0.0000000 1.0000000
-0.7714460 0.6360187 0.0188997 15.5378233
-0.6362295 -0.7714524 -0.0087229 -57.7139887
0.0090311 -0.0187542 0.9997910 2.9052349
0.0000000 0.0000000 0.0000000 1.0000000
-0.7725961 0.6346516 0.0178538 15.0603607
-0.6348344 -0.7726115 -0.0076989 -58.3987900
0.0089067 -0.0172827 0.9998187 2.8614331
0.0000000 0.0000000 0.0000000 1.0000000
-0.7911669 0.6114835 0.0121951 14.0758548
-0.6115991 -0.7910031 -0.0161899 -59.3479082
-0.0002548 -0.0202679 0.9998022 2.9479305
0.0000000 0.0000000 0.0000000 1.0000000
-0.7911732 0.6114781 0.0120229 13.7914287
-0.6115902 -0.7910192 -0.0157284 -59.8697125
-0.0001085 -0.0197974 0.9998117 2.9217108
0.0000000 0.0000000 0.0000000 1.0000000
-0.7966696 0.6043272 0.0105427 13.3443553
-0.6044131 -0.7965533 -0.0137683 -60.2218843
0.0000760 -0.0173414 0.9998574 2.9156063
0.0000000 0.0000000 0.0000000 1.0000000
-0.7868672 0.6170398 0.0102946 13.0006301
-0.6171182 -0.7867259 -0.0151326 -60.6464837
-0.0012396 -0.0182608 0.9998403 2.9710935
0.0000000 0.0000000 0.0000000 1.0000000
-0.7793258 0.6266180 0.0022421 12.5178961
-0.6265826 -0.7792460 -0.0130870 -60.9869619
-0.0064547 -0.0116043 0.9999197 2.9742808
0.0000000 0.0000000 0.0000000 1.0000000
-0.7935780 0.6084715 -0.0004886 11.6895800
-0.6084113 -0.7935214 -0.0126936 -61.7468168
-0.0081128 -0.0097765 0.9999273 2.9578186
0.0000000 0.0000000 0.0000000 1.0000000
-0.7890160 0.6143763 -0.0003731 11.3894897
-0.6143133 -0.7889538 -0.0131536 -62.2104948
-0.0083770 -0.0101495 0.9999215 2.9488496
0.0000000 0.0000000 0.0000000 1.0000000
-0.7858730 0.6183878 -0.0022520 11.0662405
-0.6183473 -0.7858624 -0.0083162 -62.4728030
-0.0069137 -0.0051433 0.9999710 2.9939744
0.0000000 0.0000000 0.0000000 1.0000000
-0.7913627 0.6113379 -0.0038529 10.6947446
-0.6113011 -0.7913696 -0.0068364 -62.8798578
-0.0072298 -0.0030552 0.9999774 3.0255473
0.0000000 0.0000000 0.0000000 1.0000000
-0.7863805 0.6176999 -0.0074988 10.0118499
-0.6176658 -0.7864204 -0.0058402 -63.1154623
-0.0095061 0.0000388 0.9999631 3.0142539
0.0000000 0.0000000 0.0000000 1.0000000
-0.7896384 0.6134991 -0.0096497 9.6456745
-0.6134643 -0.7897009 -0.0059930 -63.3916626
-0.0112984 0.0011871 0.9999438 3.0351786
0.0000000 0.0000000 0.0000000 1.0000000
-0.7951705 0.6060022 -0.0216413 8.9770005
-0.6061180 -0.7953749 -0.0011181 -63.9010574
-0.0178919 0.0122278 0.9997736 3.1003486
0.0000000 0.0000000 0.0000000 1.0000000
-0.8065271 0.5906929 -0.0244773 7.1511960
-0.5907745 -0.8068266 -0.0042316 -65.2318667
-0.0222499 0.0110473 0.9997000 3.0944696
0.0000000 0.0000000 0.0000000 1.0000000
-0.8028632 0.5955653 -0.0267625 6.7755599
-0.5955970 -0.8032505 -0.0073964 -65.4370430
-0.0259035 0.0100011 0.9996232 3.1134837
0.0000000 0.0000000 0.0000000 1.0000000
-0.8001818 0.5987189 -0.0353247 6.2482289
-0.5986571 -0.8008960 -0.0132928 -65.9579611
-0.0362515 0.0105104 0.9992964 3.1502678
0.0000000 0.0000000 0.0000000 1.0000000
-0.7970226 0.6027154 -0.0386192 5.9761236
-0.6026785 -0.7978665 -0.0137323 -66.0569325
-0.0390911 0.0123297 0.9991687 3.1734001
0.0000000 0.0000000 0.0000000 1.0000000
-0.7904223 0.6112492 -0.0401099 5.5162903
-0.6110949 -0.7913690 -0.0172741 -66.3842035
-0.0423020 0.0108568 0.9990550 3.1766218
0.0000000 0.0000000 0.0000000 1.0000000
-0.7843715 0.6186797 -0.0447045 5.3248367
-0.6183128 -0.7855917 -0.0231395 -66.5142550
-0.0494370 0.0094911 0.9987414 3.2175881
0.0000000 0.0000000 0.0000000 1.0000000
-0.7771182 0.6280093 -0.0411478 5.0442796
-0.6274167 -0.7781989 -0.0274791 -66.7348847
-0.0492798 0.0044620 0.9987843 3.2124635
0.0000000 0.0000000 0.0000000 1.0000000
-0.7715252 0.6349517 -0.0398397 4.7961843
-0.6341842 -0.7725568 -0.0311002 -66.9377907
-0.0505272 0.0012708 0.9987311 3.1732298
0.0000000 0.0000000 0.0000000 1.0000000
-0.7625344 0.6458271 -0.0380824 4.4603369
-0.6447983 -0.7634832 -0.0364598 -67.2411333
-0.0526236 -0.0032467 0.9986183 3.1898235
0.0000000 0.0000000 0.0000000 1.0000000
-0.7567053 0.6520408 -0.0473403 4.0689157
-0.6509841 -0.7581855 -0.0370798 -67.5670503
-0.0600719 0.0027590 0.9981995 3.2336758
0.0000000 0.0000000 0.0000000 1.0000000
-0.7474532 0.6622264 -0.0526399 3.6117776
-0.6609088 -0.7493016 -0.0417947 -67.8223411
-0.0671224 0.0035503 0.9977477 3.2462853
0.0000000 0.0000000 0.0000000 1.0000000
-0.7396151 0.6705081 -0.0582232 3.2527341
-0.6687020 -0.7419043 -0.0491566 -68.0974379
-0.0761577 0.0025767 0.9971019 3.2311547
0.0000000 0.0000000 0.0000000 1.0000000
-0.7335823 0.6770588 -0.0587323 2.9543331
-0.6744929 -0.7359261 -0.0589261 -68.5137611
-0.0831209 -0.0036129 0.9965423 3.2400597
0.0000000 0.0000000 0.0000000 1.0000000
-0.7211028 0.6906231 -0.0552432 2.6300003
-0.6873924 -0.7231424 -0.0675062 -68.7428834
-0.0865719 -0.0107055 0.9961975 3.2340517
0.0000000 0.0000000 0.0000000 1.0000000
-0.7172731 0.6948480 -0.0520294 2.3001803
-0.6907703 -0.7188920 -0.0776609 -69.1013973
-0.0913679 -0.0197642 0.9956305 3.1800882
0.0000000 0.0000000 0.0000000 1.0000000
-0.7156418 0.6965917 -0.0511647 1.9541993
-0.6914024 -0.7169003 -0.0895358 -69.5080159
-0.0990518 -0.0287006 0.9946777 3.1637626
0.0000000 0.0000000 0.0000000 1.0000000
-0.7279697 0.6833621 -0.0554792 1.5497732
-0.6775612 -0.7294347 -0.0940024 -69.8093437
-0.1047081 -0.0308409 0.9940342 3.1165605
0.0000000 0.0000000 0.0000000 1.0000000
-0.7048625 0.7073190 -0.0535755 1.2861702
-0.7002472 -0.7059011 -0.1065752 -69.9392675
-0.1132037 -0.0376053 0.9928695 3.1194151
0.0000000 0.0000000 0.0000000 1.0000000
-0.7129809 0.6990826 -0.0542537 1.0661546
-0.6912023 -0.7137416 -0.1131943 -70.1905153
-0.1178573 -0.0432057 0.9920999 3.0777481
0.0000000 0.0000000 0.0000000 1.0000000
-0.7200190 0.6919897 -0.0521986 0.7832667
-0.6829812 -0.7199581 -0.1232795 -70.4718044
-0.1228910 -0.0531136 0.9910075 3.0120886
0.0000000 0.0000000 0.0000000 1.0000000
-0.7381226 0.6726387 -0.0522884 0.4948594
-0.6624568 -0.7372707 -0.1326042 -70.6907950
-0.1277476 -0.0632402 0.9897982 2.9770191
0.0000000 0.0000000 0.0000000 1.0000000
-0.7428337 0.6673747 -0.0530213 0.4085043
-0.6557069 -0.7412586 -0.1434753 -70.8108407
-0.1350565 -0.0718127 0.9882418 2.9722841
0.0000000 0.0000000 0.0000000 1.0000000
-0.7380597 0.6724177 -0.0559003 0.2036243
-0.6598766 -0.7366239 -0.1481539 -70.9653315
-0.1408011 -0.0724600 0.9873923 2.9921969
0.0000000 0.0000000 0.0000000 1.0000000
-0.7399130 0.6695517 -0.0650547 0.0254065
-0.6557149 -0.7394515 -0.1524836 -71.1797429
-0.1502027 -0.0701681 0.9861717 2.9705867
0.0000000 0.0000000 0.0000000 1.0000000
-0.7480184 0.6602176 -0.0677112 -0.0094431
-0.6447240 -0.7470802 -0.1618785 -71.3855857
-0.1574630 -0.0774340 0.9844940 2.9305572
0.0000000 0.0000000 0.0000000 1.0000000
-0.7453450 0.6628021 -0.0718168 -0.1768227
-0.6459480 -0.7446280 -0.1681749 -71.6312153
-0.1649459 -0.0789594 0.9831467 2.9085034
0.0000000 0.0000000 0.0000000 1.0000000
-0.7512317 0.6555383 -0.0769648 -0.2039764
-0.6380654 -0.7511130 -0.1694218 -71.7231754
-0.1688742 -0.0781674 0.9825429 2.8840713
0.0000000 0.0000000 0.0000000 1.0000000
-0.7438188 0.6638250 -0.0779300 -0.4011779
-0.6461306 -0.7439940 -0.1702650 -71.7963267
-0.1710081 -0.0762943 0.9823211 2.8539088
0.0000000 0.0000000 0.0000000 1.0000000
-0.7591575 0.6457574 -0.0817309 -0.4679109
-0.6270148 -0.7592195 -0.1744704 -71.9202446
-0.1747197 -0.0812050 0.9812737 2.8303573
0.0000000 0.0000000 0.0000000 1.0000000
-0.7553883 0.6498262 -0.0843632 -0.6012819
-0.6296582 -0.7554696 -0.1811021 -71.9421005
-0.1814212 -0.0836834 0.9798483 2.8177684
0.0000000 0.0000000 0.0000000 1.0000000
-0.7530034 0.6523915 -0.0858679 -0.8080232
-0.6317168 -0.7532592 -0.1831282 -72.2571004
-0.1841543 -0.0836531 0.9793409 2.7297725
0.0000000 0.0000000 0.0000000 1.0000000
-0.7533470 0.6513289 -0.0907792 -1.0759431
-0.6293754 -0.7541182 -0.1876003 -72.3259306
-0.1906499 -0.0841951 0.9780508 2.7133629
0.0000000 0.0000000 0.0000000 1.0000000
-0.7550753 0.6491697 -0.0918803 -1.2017353
-0.6262943 -0.7556292 -0.1917855 -72.5439739
-0.1939310 -0.0872696 0.9771358 2.6787655
0.0000000 0.0000000 0.0000000 1.0000000
-0.7464149 0.6586099 -0.0953929 -1.2598963
-0.6345861 -0.7475913 -0.1959835 -72.7481214
-0.2003937 -0.0857512 0.9759656 2.6447649
0.0000000 0.0000000 0.0000000 1.0000000
-0.7529758 0.6509269 -0.0965585 -1.4342954
-0.6268451 -0.7541660 -0.1957050 -72.8035620
-0.2002130 -0.0868350 0.9759069 2.6002708
0.0000000 0.0000000 0.0000000 1.0000000
-0.7701033 0.6299933 -0.1002569 -1.5523423
-0.6046730 -0.7709814 -0.1999006 -73.2222965
-0.2032344 -0.0933228 0.9746828 2.5246207
0.0000000 0.0000000 0.0000000 1.0000000
-0.7688951 0.6305395 -0.1059342 -2.0136106
-0.6037757 -0.7705726 -0.2041427 -73.5384137
-0.2103524 -0.0930051 0.9732018 2.4161912
0.0000000 0.0000000 0.0000000 1.0000000
-0.7784622 0.6185096 -0.1069767 -2.2223432
-0.5908122 -0.7795722 -0.2078687 -73.8593193
-0.2119671 -0.0986161 0.9722988 2.3201573
0.0000000 0.0000000 0.0000000 1.0000000
-0.7705200 0.6270489 -0.1144951 -2.5239558
-0.5974640 -0.7730815 -0.2130310 -74.1343934
-0.2220971 -0.0957392 0.9703232 2.2303436
0.0000000 0.0000000 0.0000000 1.0000000
-0.7598945 0.6388145 -0.1203200 -2.5892291
-0.6073156 -0.7636864 -0.2189777 -74.2650113
-0.2317752 -0.0933289 0.9682925 2.2535592
0.0000000 0.0000000 0.0000000 1.0000000
-0.7639710 0.6334735 -0.1227162 -3.0807749
-0.6022088 -0.7683039 -0.2169177 -74.7652989
-0.2316973 -0.0918193 0.9684555 2.0502173
0.0000000 0.0000000 0.0000000 1.0000000
-0.7600591 0.6363280 -0.1318973 -3.2595682
-0.6026920 -0.7661468 -0.2231175 -74.8138516
-0.2430312 -0.0900902 0.9658366 2.0294330
0.0000000 0.0000000 0.0000000 1.0000000
-0.7664887 0.6283445 -0.1329609 -3.5631233
-0.5934520 -0.7720673 -0.2274351 -75.2354666
-0.2455651 -0.0954216 0.9646831 1.9138970
0.0000000 0.0000000 0.0000000 1.0000000
-0.7641805 0.6306498 -0.1353111 -3.7942538
-0.5946768 -0.7701260 -0.2307930 -75.6189654
-0.2497587 -0.0959024 0.9635581 1.7787898
0.0000000 0.0000000 0.0000000 1.0000000
-0.7466914 0.6507245 -0.1378741 -4.0650707
-0.6123702 -0.7534324 -0.2394612 -75.9604233
-0.2597049 -0.0943747 0.9610764 1.6343608
0.0000000 0.0000000 0.0000000 1.0000000
-0.7479764 0.6495848 -0.1362760 -4.5200043
-0.6104299 -0.7538808 -0.2429793 -76.5077776
-0.2605742 -0.0985570 0.9604212 1.4631771
0.0000000 0.0000000 0.0000000 1.0000000
-0.7391057 0.6583391 -0.1425216 -5.0554666
-0.6162701 -0.7463216 -0.2514260 -77.0041887
-0.2718933 -0.0979997 0.9573357 1.2611204
0.0000000 0.0000000 0.0000000 1.0000000
-0.7383600 0.6591872 -0.1424648 -5.5093128
-0.6156390 -0.7450641 -0.2566467 -77.6625866
-0.2753264 -0.1017920 0.9559578 1.0389746
0.0000000 0.0000000 0.0000000 1.0000000
-0.7386638 0.6583597 -0.1447003 -6.0112462
-0.6141409 -0.7457964 -0.2581051 -78.1499641
-0.2778456 -0.1017878 0.9552291 0.8251599
0.0000000 0.0000000 0.0000000 1.0000000
-0.7464810 0.6508891 -0.1382356 -6.3816311
-0.6062194 -0.7509075 -0.2619834 -78.7220120
-0.2743269 -0.1117658 0.9551309 0.5779375
0.0000000 0.0000000 0.0000000 1.0000000
-0.7565999 0.6394340 -0.1366757 -6.9741814
-0.5949928 -0.7599548 -0.2616327 -79.2785802
-0.2711668 -0.1166316 0.9554515 0.3167790
0.0000000 0.0000000 0.0000000 1.0000000
-0.7458600 0.6484864 -0.1521762 -7.5557651
-0.6019324 -0.7540265 -0.2629082 -79.6918435
-0.2852401 -0.1044941 0.9527546 0.1264385
0.0000000 0.0000000 0.0000000 1.0000000
-0.7517227 0.6423960 -0.1491283 -8.0190833
-0.5953114 -0.7583098 -0.2656492 -80.1003105
-0.2837402 -0.1109180 0.9524763 -0.1271425
0.0000000 0.0000000 0.0000000 1.0000000
-0.7588342 0.6341791 -0.1482781 -8.5178181
-0.5880538 -0.7650363 -0.2625089 -80.4980932
-0.2799184 -0.1120065 0.9534793 -0.4142116
0.0000000 0.0000000 0.0000000 1.0000000
-0.7399660 0.6540822 -0.1569283 -9.0070604
-0.6066772 -0.7497478 -0.2642359 -80.9998764
-0.2904915 -0.1003219 0.9516160 -0.6164272
0.0000000 0.0000000 0.0000000 1.0000000
-0.7518282 0.6406988 -0.1557533 -9.4927305
-0.5917437 -0.7598440 -0.2692141 -81.3655685
-0.2908361 -0.1102380 0.9504130 -0.7976788
0.0000000 0.0000000 0.0000000 1.0000000
-0.7387419 0.6546009 -0.1604921 -10.4740461
-0.6029734 -0.7482964 -0.2765416 -82.2043072
-0.3011227 -0.1075217 0.9475164 -1.1395534
0.0000000 0.0000000 0.0000000 1.0000000
-0.7396243 0.6538914 -0.1593173 -10.9135374
-0.6003713 -0.7480241 -0.2828675 -82.5982532
-0.3041403 -0.1135674 0.9458457 -1.3185638
0.0000000 0.0000000 0.0000000 1.0000000
-0.7352342 0.6574122 -0.1650443 -11.3988115
-0.6022056 -0.7453277 -0.2860677 -83.0088718
-0.3110790 -0.1109374 0.9438993 -1.4899064
0.0000000 0.0000000 0.0000000 1.0000000
-0.7259328 0.6668614 -0.1682773 -11.9014542
-0.6098701 -0.7372634 -0.2906903 -83.3823671
-0.3179176 -0.1083956 0.9419141 -1.6582335
0.0000000 0.0000000 0.0000000 1.0000000
-0.7265523 0.6653866 -0.1714121 -12.2344073
-0.6062539 -0.7382059 -0.2958174 -83.6768016
-0.3233734 -0.1110088 0.9397502 -1.7976425
0.0000000 0.0000000 0.0000000 1.0000000
-0.7114948 0.6796271 -0.1785559 -12.7512575
-0.6182996 -0.7262448 -0.3004566 -84.2348384
-0.3338770 -0.1033734 0.9369439 -2.0730083
0.0000000 0.0000000 0.0000000 1.0000000
-0.7026023 0.6894133 -0.1762369 -12.8428512
-0.6252192 -0.7163667 -0.3097097 -84.3093489
-0.3397716 -0.1074172 0.9343665 -2.0362443
0.0000000 0.0000000 0.0000000 1.0000000
-0.6872009 0.7024653 -0.1851968 -13.3350927
-0.6357013 -0.7048708 -0.3147087 -84.7855194
-0.3516153 -0.0985393 0.9309571 -2.2447573
0.0000000 0.0000000 0.0000000 1.0000000
-0.6910604 0.6995504 -0.1818385 -13.6373045
-0.6323500 -0.7070035 -0.3166703 -85.1498899
-0.3500909 -0.1038538 0.9309539 -2.4426768
0.0000000 0.0000000 0.0000000 1.0000000
-0.6862497 0.7049336 -0.1792484 -14.2344725
-0.6349543 -0.7008083 -0.3251169 -85.8793851
-0.3548083 -0.1092980 0.9285416 -2.7682588
0.0000000 0.0000000 0.0000000 1.0000000
-0.6850848 0.7060293 -0.1793921 -14.4768839
-0.6342795 -0.6992584 -0.3297390 -86.2274609
-0.3582507 -0.1121156 0.9268825 -2.9374269
0.0000000 0.0000000 0.0000000 1.0000000
-0.6900498 0.7015681 -0.1778581 -14.8977133
-0.6270563 -0.7022417 -0.3371313 -86.7402778
-0.3614239 -0.1211117 0.9245158 -3.1766804
