1.0000000 0.0000000 0.0000000 0.0000000
0.0000000 1.0000000 0.0000000 0.0000000
0.0000000 0.0000000 1.0000000 0.0000000
0.0000000 0.0000000 0.0000000 1.0000000
0.9978060 -0.0655502 -0.0092670 2.7467854
0.0655450 0.9978491 -0.0008807 0.1781985
0.0093048 0.0002713 0.9999567 0.0101882
0.0000000 0.0000000 0.0000000 1.0000000
0.9975942 -0.0690291 -0.0063779 3.4516564
0.0690487 0.9976091 0.0028933 0.2493020
0.0061630 -0.0033268 0.9999755 0.0199239
0.0000000 0.0000000 0.0000000 1.0000000
0.9967510 -0.0805186 0.0020737 4.7709006
0.0805090 0.9967444 0.0043795 0.3774317
-0.0024196 -0.0041983 0.9999883 0.0271213
0.0000000 0.0000000 0.0000000 1.0000000
0.9975122 -0.0704920 0.0005671 6.2302570
0.0704856 0.9974817 0.0078187 0.4293868
-0.0011168 -0.0077593 0.9999693 0.0444236
0.0000000 0.0000000 0.0000000 1.0000000
0.9963874 -0.0848971 0.0024248 7.4655609
0.0848708 0.9963458 0.0095576 0.4251066
-0.0032274 -0.0093173 0.9999514 0.0156486
0.0000000 0.0000000 0.0000000 1.0000000
0.9951100 -0.0987262 -0.0031729 8.6936419
0.0987564 0.9950479 0.0112290 1.0943422
0.0020485 -0.0114874 0.9999320 0.0165638
0.0000000 0.0000000 0.0000000 1.0000000
0.9952470 -0.0973884 -0.0009186 10.2418168
0.0973928 0.9951678 0.0124481 1.3578403
-0.0002981 -0.0124784 0.9999222 -0.0076597
0.0000000 0.0000000 0.0000000 1.0000000
0.9932194 -0.1162586 0.0005210 11.6440227
0.1162466 0.9931629 0.0106587 1.3327516
-0.0017566 -0.0105258 0.9999432 0.0051539
0.0000000 0.0000000 0.0000000 1.0000000
0.9938504 -0.1105993 -0.0055010 14.1067497
0.1106866 0.9936631 0.0195473 1.7860419
0.0033042 -0.0200360 0.9997941 0.0261182
0.0000000 0.0000000 0.0000000 1.0000000
0.9925956 -0.1213200 -0.0059889 14.9163079
0.1214293 0.9923108 0.0239595 2.2019212
0.0030361 -0.0245093 0.9996953 0.0205687
0.0000000 0.0000000 0.0000000 1.0000000
0.9930622 -0.1173046 -0.0082257 16.2647981
0.1174861 0.9927065 0.0270336 2.3618001
0.0049945 -0.0278125 0.9996011 0.0371766
0.0000000 0.0000000 0.0000000 1.0000000
0.9904519 -0.1375168 -0.0097160 18.6534573
0.1376914 0.9902609 0.0206018 2.6689036
0.0067883 -0.0217429 0.9997410 0.1157340
0.0000000 0.0000000 0.0000000 1.0000000
0.9911694 -0.1324305 -0.0067641 20.1198276
0.1325421 0.9909665 0.0204482 3.0119765
0.0039950 -0.0211642 0.9997685 0.1544292
0.0000000 0.0000000 0.0000000 1.0000000
0.9905196 -0.1371866 -0.0071492 21.8119118
0.1373192 0.9902407 0.0237992 3.0199173
0.0038145 -0.0245553 0.9996917 0.2253785
0.0000000 0.0000000 0.0000000 1.0000000
0.9924008 -0.1228449 -0.0070909 23.5581272
0.1229646 0.9922063 0.0201479 3.3377944
0.0045606 -0.0208667 0.9997725 0.2365976
0.0000000 0.0000000 0.0000000 1.0000000
0.9934024 -0.1145001 -0.0064656 24.8321290
0.1146204 0.9931396 0.0231293 3.5681856
0.0037729 -0.0237178 0.9997123 0.2401009
0.0000000 0.0000000 0.0000000 1.0000000
0.9946371 -0.1032103 -0.0067029 26.2426730
0.1033434 0.9943513 0.0241811 3.3845524
0.0041693 -0.0247441 0.9996859 0.2517447
0.0000000 0.0000000 0.0000000 1.0000000
0.9942891 -0.1061911 -0.0106401 27.8009364
0.1064414 0.9939605 0.0266908 3.4850686
0.0077415 -0.0276709 0.9995880 0.2925701
0.0000000 0.0000000 0.0000000 1.0000000
0.9927844 -0.1196619 -0.0078149 30.1891464
0.1198357 0.9923992 0.0279750 3.5859927
0.0044080 -0.0287096 0.9995790 0.3961040
0.0000000 0.0000000 0.0000000 1.0000000
0.9929118 -0.1182945 -0.0115969 32.2809220
0.1185955 0.9924861 0.0301021 3.8506836
0.0079489 -0.0312640 0.9994805 0.4321287
0.0000000 0.0000000 0.0000000 1.0000000
0.9957212 -0.0914789 -0.0131523 34.5679704
0.0918064 0.9954125 0.0269245 3.8008899
0.0106289 -0.0280167 0.9995519 0.4958408
0.0000000 0.0000000 0.0000000 1.0000000
0.9970997 -0.0748833 -0.0136614 36.0235538
0.0752465 0.9967617 0.0283541 3.9126951
0.0114939 -0.0292998 0.9995056 0.5546853
0.0000000 0.0000000 0.0000000 1.0000000
0.9957194 -0.0916489 -0.0120569 37.4778467
0.0919042 0.9955096 0.0226623 4.1085545
0.0099258 -0.0236733 0.9996714 0.5911789
0.0000000 0.0000000 0.0000000 1.0000000
0.9972825 -0.0735715 -0.0040621 38.7634049
0.0736504 0.9969712 0.0249747 4.4018815
0.0022123 -0.0252060 0.9996809 0.6259352
0.0000000 0.0000000 0.0000000 1.0000000
0.9976515 -0.0681551 -0.0068932 40.3627465
0.0683483 0.9971028 0.0333744 4.4011745
0.0045986 -0.0337671 0.9994203 0.6625526
0.0000000 0.0000000 0.0000000 1.0000000
0.9987963 -0.0490318 -0.0017623 41.8874470
0.0490627 0.9983507 0.0297985 4.6722460
0.0002983 -0.0298490 0.9995555 0.7216672
0.0000000 0.0000000 0.0000000 1.0000000
0.9985560 -0.0535602 0.0042482 43.0044237
0.0534087 0.9981176 0.0301216 4.6619604
-0.0058536 -0.0298512 0.9995385 0.7584366
0.0000000 0.0000000 0.0000000 1.0000000
0.9995654 -0.0275590 0.0105203 44.9874400
0.0272105 0.9991184 0.0319373 4.8904489
-0.0113912 -0.0316371 0.9994359 0.7979845
0.0000000 0.0000000 0.0000000 1.0000000
0.9990433 -0.0434161 0.0053443 47.2333539
0.0432239 0.9985538 0.0319394 4.7303620
-0.0067233 -0.0316778 0.9994770 0.7906902
0.0000000 0.0000000 0.0000000 1.0000000
0.9980647 -0.0618091 0.0068609 48.8402815
0.0615588 0.9975868 0.0320747 4.8686648
-0.0088268 -0.0315902 0.9994635 0.8167112
0.0000000 0.0000000 0.0000000 1.0000000
0.9993350 -0.0361885 0.0045752 51.7842393
0.0360505 0.9989758 0.0273185 5.0288031
-0.0055591 -0.0271353 0.9996180 0.8550168
0.0000000 0.0000000 0.0000000 1.0000000
0.9999024 -0.0086846 0.0109715 53.4598269
0.0083498 0.9995084 0.0301933 4.9669533
-0.0112284 -0.0300986 0.9994856 0.9054192
0.0000000 0.0000000 0.0000000 1.0000000
0.9999326 -0.0031108 0.0112225 55.5048488
0.0027321 0.9994309 0.0335970 4.9813072
-0.0113207 -0.0335640 0.9993742 0.9530853
0.0000000 0.0000000 0.0000000 1.0000000
0.9998309 0.0141453 0.0117741 57.0963837
-0.0145234 0.9993590 0.0327050 5.1639972
-0.0113040 -0.0328704 0.9993976 0.9517448
0.0000000 0.0000000 0.0000000 1.0000000
0.9996005 -0.0248330 0.0135152 59.9247204
0.0243269 0.9990398 0.0364193 4.9776943
-0.0144067 -0.0360759 0.9992470 0.9964262
0.0000000 0.0000000 0.0000000 1.0000000
0.9998121 0.0006976 0.0193857 61.7384244
-0.0014566 0.9992301 0.0391923 5.1614776
-0.0193435 -0.0392132 0.9990455 1.0098401
0.0000000 0.0000000 0.0000000 1.0000000
0.9996680 -0.0149728 0.0209756 63.3318882
0.0140439 0.9989421 0.0437721 5.2797112
-0.0216089 -0.0434629 0.9988232 1.0334033
0.0000000 0.0000000 0.0000000 1.0000000
0.9995106 0.0091346 0.0299293 65.1139180
-0.0106240 0.9986920 0.0499959 5.4187454
-0.0294336 -0.0502893 0.9983029 1.0749532
0.0000000 0.0000000 0.0000000 1.0000000
0.9993119 0.0206516 0.0308136 67.8043663
-0.0222880 0.9983047 0.0537491 5.3423486
-0.0296514 -0.0543989 0.9980808 1.0643184
0.0000000 0.0000000 0.0000000 1.0000000
0.9993034 0.0084136 0.0363734 70.2452548
-0.0103249 0.9985570 0.0526816 5.2883125
-0.0358778 -0.0530204 0.9979506 0.9938988
0.0000000 0.0000000 0.0000000 1.0000000
0.9991076 -0.0120799 0.0404975 72.3052020
0.0098919 0.9985022 0.0537940 5.2831266
-0.0410868 -0.0533453 0.9977324 1.0359781
0.0000000 0.0000000 0.0000000 1.0000000
0.9989059 0.0093465 0.0458428 73.5011054
-0.0119779 0.9982751 0.0574605 5.2914771
-0.0452268 -0.0579467 0.9972967 0.9771649
0.0000000 0.0000000 0.0000000 1.0000000
0.9986589 0.0124502 0.0502670 75.2919365
-0.0154202 0.9981301 0.0591362 5.1065409
-0.0494369 -0.0598320 0.9969855 0.9136055
0.0000000 0.0000000 0.0000000 1.0000000
0.9983782 0.0062604 0.0565998 76.8114841
-0.0097763 0.9980242 0.0620547 5.2119054
-0.0560996 -0.0625073 0.9964686 0.8938650
0.0000000 0.0000000 0.0000000 1.0000000
0.9978948 0.0055699 0.0646298 78.8791925
-0.0093191 0.9982811 0.0578515 5.0383059
-0.0641966 -0.0583319 0.9962331 0.7969459
0.0000000 0.0000000 0.0000000 1.0000000
0.9966688 0.0403552 0.0708752 81.1918768
-0.0453536 0.9964871 0.0703945 5.0401518
-0.0677856 -0.0733745 0.9950003 0.7430863
0.0000000 0.0000000 0.0000000 1.0000000
0.9964348 0.0330919 0.0776038 82.8551000
-0.0388127 0.9965454 0.0734164 4.9299262
-0.0749063 -0.0761668 0.9942797 0.6542629
0.0000000 0.0000000 0.0000000 1.0000000
0.9956396 0.0490416 0.0793522 85.6419624
-0.0549764 0.9957093 0.0744268 4.7293220
-0.0753618 -0.0784648 0.9940666 0.4150433
0.0000000 0.0000000 0.0000000 1.0000000
0.9961630 0.0180805 0.0856259 87.8207885
-0.0251209 0.9963248 0.0818790 4.6008019
-0.0838310 -0.0837160 0.9929594 0.3042852
0.0000000 0.0000000 0.0000000 1.0000000
0.9954061 0.0179096 0.0940501 90.0092611
-0.0263416 0.9956646 0.0892005 4.6693036
-0.0920450 -0.0912683 0.9915656 0.1113095
0.0000000 0.0000000 0.0000000 1.0000000
0.9950028 0.0159492 0.0985634 92.0585275
-0.0260648 0.9944201 0.1022178 4.6652094
-0.0963833 -0.1042762 0.9898694 -0.0268329
0.0000000 0.0000000 0.0000000 1.0000000
0.9943528 0.0182423 0.1045377 94.2497419
-0.0290872 0.9942362 0.1031842 4.6024422
-0.1020530 -0.1056425 0.9891560 -0.2418532
0.0000000 0.0000000 0.0000000 1.0000000
0.9941112 0.0136574 0.1074915 96.3696322
-0.0254956 0.9936534 0.1095489 4.5958981
-0.1053134 -0.1116446 0.9881546 -0.4358921
0.0000000 0.0000000 0.0000000 1.0000000
0.9916228 0.0710137 0.1078841 98.4887275
-0.0837636 0.9893937 0.1186662 4.6957275
-0.0983131 -0.1267091 0.9870586 -0.6849813
0.0000000 0.0000000 0.0000000 1.0000000
0.9896126 0.0945605 0.1082728 100.2707745
-0.1075794 0.9867422 0.1215058 4.3875206
-0.0953478 -0.1318919 0.9866704 -0.8592042
0.0000000 0.0000000 0.0000000 1.0000000
0.9898068 0.0866429 0.1130181 102.9660472
-0.1016943 0.9856054 0.1350473 4.0158809
-0.0996906 -0.1451644 0.9843751 -1.0744220
0.0000000 0.0000000 0.0000000 1.0000000
0.9848425 0.1308333 0.1138669 105.2460147
-0.1467421 0.9785053 0.1448838 3.8792413
-0.0924640 -0.1593971 0.9828777 -1.2600030
0.0000000 0.0000000 0.0000000 1.0000000
0.9793534 0.1619425 0.1209918 108.1648766
-0.1794800 0.9719712 0.1518421 3.4486329
-0.0930110 -0.1704231 0.9809743 -1.5226099
0.0000000 0.0000000 0.0000000 1.0000000
0.9729299 0.1953405 0.1234786 111.0925762
-0.2142376 0.9627390 0.1650250 2.8813980
-0.0866418 -0.1870120 0.9785323 -1.7748506
0.0000000 0.0000000 0.0000000 1.0000000
0.9684913 0.2168174 0.1225235 113.0445249
-0.2362924 0.9554037 0.1771093 2.4283266
-0.0786591 -0.2004809 0.9765377 -1.9423501
0.0000000 0.0000000 0.0000000 1.0000000
0.9650269 0.2319930 0.1220645 115.8455064
-0.2526918 0.9471461 0.1976333 1.7842833
-0.0697634 -0.2215669 0.9726494 -2.1264275
0.0000000 0.0000000 0.0000000 1.0000000
0.9648852 0.2306949 0.1255937 117.6377048
-0.2527735 0.9455100 0.2052164 1.3165934
-0.0714078 -0.2297577 0.9706277 -2.2367457
0.0000000 0.0000000 0.0000000 1.0000000
0.9614760 0.2415598 0.1311836 120.7351812
-0.2647943 0.9420126 0.2061387 0.4424543
-0.0737818 -0.2329349 0.9696924 -2.4801200
0.0000000 0.0000000 0.0000000 1.0000000
0.9575529 0.2545519 0.1352493 123.0162276
-0.2792733 0.9354570 0.2166178 -0.0682558
-0.0713795 -0.2451953 0.9668454 -2.6388236
0.0000000 0.0000000 0.0000000 1.0000000
0.9515940 0.2706065 0.1457294 125.5746213
-0.2980032 0.9283923 0.2219874 -0.7215336
-0.0752229 -0.2546706 0.9641008 -2.8211272
0.0000000 0.0000000 0.0000000 1.0000000
0.9420855 0.2999905 0.1499222 128.4477177
-0.3286830 0.9147163 0.2350702 -1.5991877
-0.0666176 -0.2707341 0.9603496 -3.0357991
0.0000000 0.0000000 0.0000000 1.0000000
0.9284906 0.3376081 0.1546699 130.7738999
-0.3671861 0.8968590 0.2466077 -2.2620029
-0.0554604 -0.2857665 0.9566964 -3.2236923
0.0000000 0.0000000 0.0000000 1.0000000
0.9178225 0.3628743 0.1610015 133.0302645
-0.3933959 0.8857917 0.2461893 -3.1767531
-0.0532781 -0.2892962 0.9557591 -3.4510910
0.0000000 0.0000000 0.0000000 1.0000000
0.9240231 0.3419930 0.1709395 136.0517782
-0.3768696 0.8900323 0.2565325 -4.5625168
-0.0644095 -0.3014646 0.9513027 -3.5461087
0.0000000 0.0000000 0.0000000 1.0000000
0.9129913 0.3669505 0.1783042 138.0221347
-0.4037701 0.8753095 0.2660826 -5.4275860
-0.0584324 -0.3149259 0.9473192 -3.6775740
0.0000000 0.0000000 0.0000000 1.0000000
0.9112303 0.3681725 0.1846801 139.6008803
-0.4075003 0.8711334 0.2739844 -6.2291596
-0.0600076 -0.3249210 0.9438389 -3.8106666
0.0000000 0.0000000 0.0000000 1.0000000
0.8924807 0.4100772 0.1879185 141.8955427
-0.4490667 0.8470693 0.2842708 -7.3210012
-0.0426071 -0.3380951 0.9401504 -3.9854733
0.0000000 0.0000000 0.0000000 1.0000000
0.8849669 0.4185681 0.2040405 145.1533033
-0.4630559 0.8372511 0.2908385 -8.8932188
-0.0490976 -0.3518657 0.9347655 -4.1235322
0.0000000 0.0000000 0.0000000 1.0000000
0.8674707 0.4541062 0.2031745 147.2868155
-0.4966544 0.8141014 0.3009492 -9.9541800
-0.0287418 -0.3619734 0.9317488 -4.3358272
0.0000000 0.0000000 0.0000000 1.0000000
0.8697270 0.4493706 0.2040537 149.2495213
-0.4928782 0.8120908 0.3123718 -10.9585610
-0.0253394 -0.3722532 0.9277888 -4.4305936
0.0000000 0.0000000 0.0000000 1.0000000
0.8511022 0.4823901 0.2071750 151.0903882
-0.5249196 0.7886417 0.3201560 -11.8649304
-0.0089467 -0.3812372 0.9244376 -4.5619572
0.0000000 0.0000000 0.0000000 1.0000000
0.8424802 0.4949591 0.2126931 153.2385801
-0.5387178 0.7756350 0.3288913 -13.2454092
-0.0021845 -0.3916677 0.9201078 -4.6065501
0.0000000 0.0000000 0.0000000 1.0000000
0.8335749 0.5095265 0.2133806 155.5159020
-0.5522991 0.7613104 0.3396592 -14.5794173
0.0106166 -0.4009832 0.9160277 -4.6585084
0.0000000 0.0000000 0.0000000 1.0000000
0.8463632 0.4854814 0.2190259 157.5939156
-0.5325999 0.7710974 0.3489153 -15.6674666
0.0005017 -0.4119644 0.9112037 -4.7504521
0.0000000 0.0000000 0.0000000 1.0000000
0.8536823 0.4687883 0.2268446 159.4029441
-0.5207041 0.7760930 0.3557282 -16.6586632
-0.0092912 -0.4218001 0.9066452 -4.8224118
0.0000000 0.0000000 0.0000000 1.0000000
0.8480559 0.4773601 0.2300506 161.4181781
-0.5298947 0.7659478 0.3640485 -17.9071569
-0.0024244 -0.4306383 0.9025254 -4.8487863
0.0000000 0.0000000 0.0000000 1.0000000
0.8486071 0.4740034 0.2349062 162.9764441
-0.5290149 0.7614081 0.3746948 -18.6322308
-0.0012528 -0.4422399 0.8969000 -4.9319928
0.0000000 0.0000000 0.0000000 1.0000000
0.8462167 0.4761636 0.2391218 165.6204890
-0.5328312 0.7563707 0.3794593 -20.1460171
-0.0001799 -0.4485188 0.8937775 -5.0037539
0.0000000 0.0000000 0.0000000 1.0000000
0.8438642 0.4799263 0.2399117 167.6592955
-0.5365000 0.7487025 0.3893685 -21.3340690
0.0072459 -0.4572896 0.8892927 -5.0124738
0.0000000 0.0000000 0.0000000 1.0000000
0.8428223 0.4768039 0.2496036 170.0926357
-0.5381663 0.7429448 0.3980016 -22.6711993
0.0043272 -0.4697757 0.8827796 -5.0809959
0.0000000 0.0000000 0.0000000 1.0000000
0.8435904 0.4718121 0.2564015 171.7470835
-0.5369781 0.7420004 0.4013538 -23.7081120
-0.0008864 -0.4762631 0.8793068 -5.1180420
0.0000000 0.0000000 0.0000000 1.0000000
0.8282976 0.4940765 0.2642064 173.1255888
-0.5601631 0.7206075 0.4085796 -24.5907986
0.0114806 -0.4864271 0.8736503 -5.1477859
0.0000000 0.0000000 0.0000000 1.0000000
0.8174055 0.5087980 0.2701251 174.7557728
-0.5756678 0.7042541 0.4154860 -25.6851193
0.0211619 -0.4951256 0.8685682 -5.1491602
0.0000000 0.0000000 0.0000000 1.0000000
0.8167084 0.5082686 0.2732116 177.2279022
-0.5766903 0.7023525 0.4172823 -27.2732035
0.0202008 -0.4983591 0.8667399 -5.1569666
0.0000000 0.0000000 0.0000000 1.0000000
0.8037808 0.5259372 0.2780649 178.7004280
-0.5941016 0.6851186 0.4214864 -28.3312443
0.0311682 -0.5039843 0.8631549 -5.1465975
0.0000000 0.0000000 0.0000000 1.0000000
0.7922219 0.5397025 0.2847798 180.8910953
-0.6088344 0.6675623 0.4285752 -29.8656208
0.0411951 -0.5129134 0.8574561 -5.1337100
0.0000000 0.0000000 0.0000000 1.0000000
0.7864558 0.5470802 0.2866783 182.6178628
-0.6154322 0.6549111 0.4385545 -31.1484744
0.0521761 -0.5213379 0.8517586 -5.0680771
0.0000000 0.0000000 0.0000000 1.0000000
0.7517032 0.5904529 0.2937716 184.9340223
-0.6533204 0.6058922 0.4539414 -32.7997591
0.0900377 -0.5331594 0.8412150 -4.9651645
0.0000000 0.0000000 0.0000000 1.0000000
0.7387206 0.6030254 0.3010751 187.0936533
-0.6664696 0.5869245 0.4597104 -34.8662735
0.1005093 -0.5402584 0.8354803 -4.6056401
0.0000000 0.0000000 0.0000000 1.0000000
0.7000249 0.6423440 0.3120150 189.0219985
-0.7021364 0.5394277 0.4647773 -36.6023967
0.1302382 -0.5444361 0.8286349 -4.3252227
0.0000000 0.0000000 0.0000000 1.0000000
0.6795149 0.6608481 0.3186423 190.4274931
-0.7174225 0.5076790 0.4770348 -38.0026632
0.1534805 -0.5527569 0.8190921 -4.0612111
0.0000000 0.0000000 0.0000000 1.0000000
0.6553701 0.6771383 0.3346150 191.8236525
-0.7369783 0.4763028 0.4795766 -39.3319499
0.1653626 -0.5609078 0.8112003 -3.7871054
0.0000000 0.0000000 0.0000000 1.0000000
0.6337787 0.6937248 0.3421458 193.2021254
-0.7510867 0.4462033 0.4865864 -40.9519025
0.1848916 -0.5653731 0.8038511 -3.3534193
0.0000000 0.0000000 0.0000000 1.0000000
0.6185147 0.7024911 0.3520497 194.2741568
-0.7614890 0.4253695 0.4890706 -42.0573794
0.1938177 -0.5705833 0.7980461 -3.0887100
0.0000000 0.0000000 0.0000000 1.0000000
0.6094380 0.7074204 0.3579595 195.2759757
-0.7668033 0.4112089 0.4928634 -43.2186139
0.2014666 -0.5748586 0.7930681 -2.8000001
0.0000000 0.0000000 0.0000000 1.0000000
0.6050612 0.7079087 0.3643617 196.1579648
-0.7695399 0.4026105 0.4956894 -44.4536654
0.2042083 -0.5803173 0.7883774 -2.4376796
0.0000000 0.0000000 0.0000000 1.0000000
0.5699657 0.7316947 0.3738388 197.4303301
-0.7894475 0.3615074 0.4960644 -46.2684406
0.2278235 -0.5778700 0.7836905 -1.9197706
0.0000000 0.0000000 0.0000000 1.0000000
0.5509392 0.7418345 0.3822838 198.3958318
-0.7996570 0.3382147 0.4961394 -47.6685361
0.2387608 -0.5790428 0.7795581 -1.4773608
0.0000000 0.0000000 0.0000000 1.0000000
0.5591770 0.7284337 0.3958513 199.4054064
-0.7958861 0.3379862 0.5023195 -49.1447905
0.2321156 -0.5959425 0.7687540 -0.9969960
0.0000000 0.0000000 0.0000000 1.0000000
0.5490209 0.7396251 0.3892605 200.3218520
-0.8003348 0.3309959 0.4999001 -50.5012247
0.2408964 -0.5859990 0.7736811 -0.7827586
0.0000000 0.0000000 0.0000000 1.0000000
0.5522171 0.7359322 0.3917319 201.1799988
-0.7981748 0.3310042 0.5033366 -51.6467512
0.2407579 -0.5906264 0.7701979 -0.4615625
0.0000000 0.0000000 0.0000000 1.0000000
0.5574079 0.7293326 0.3966911 201.9752706
-0.7964119 0.3347325 0.5036633 -52.9086996
0.2345539 -0.5966801 0.7674412 -0.0104915
0.0000000 0.0000000 0.0000000 1.0000000
0.5343242 0.7431084 0.4028412 203.1670905
-0.8075408 0.3079743 0.5030143 -54.6852035
0.2497304 -0.5940887 0.7646582 0.5324341
0.0000000 0.0000000 0.0000000 1.0000000
0.5355529 0.7403137 0.4063396 203.9344326
-0.8074176 0.3078669 0.5032775 -55.9105569
0.2474856 -0.5976229 0.7626315 0.9519871
0.0000000 0.0000000 0.0000000 1.0000000
0.5256895 0.7421673 0.4157304 205.1142153
-0.8110931 0.2899724 0.5079737 -57.6205594
0.2564521 -0.6042383 0.7544121 1.4772464
0.0000000 0.0000000 0.0000000 1.0000000
0.5037062 0.7549342 0.4199380 206.2694888
-0.8188652 0.2624062 0.5104865 -59.5310452
0.2751906 -0.6010134 0.7503746 2.1549449
0.0000000 0.0000000 0.0000000 1.0000000
0.4666450 0.7745043 0.4270592 207.5588101
-0.8297903 0.2162950 0.5144500 -61.7753850
0.3060745 -0.5944406 0.7436183 3.0116972
0.0000000 0.0000000 0.0000000 1.0000000
0.4538888 0.7747304 0.4401954 208.6610519
-0.8366779 0.2006251 0.5096213 -63.7047896
0.3065063 -0.5996189 0.7392704 3.7971543
0.0000000 0.0000000 0.0000000 1.0000000
0.4424688 0.7741925 0.4525941 209.4723342
-0.8430343 0.1870061 0.5042978 -65.0989679
0.3057871 -0.6046939 0.7354243 4.3250777
0.0000000 0.0000000 0.0000000 1.0000000
0.4152375 0.7860996 0.4578425 210.2773001
-0.8487822 0.1537055 0.5059021 -66.7350441
0.3273178 -0.5986841 0.7310610 4.9534174
0.0000000 0.0000000 0.0000000 1.0000000
0.4014129 0.7873315 0.4679443 211.0827480
-0.8518613 0.1332718 0.5065224 -68.3552532
0.3364385 -0.6019544 0.7242033 5.6465719
0.0000000 0.0000000 0.0000000 1.0000000
0.3642443 0.8015097 0.4742395 211.8465965
-0.8548998 0.0857823 0.5116454 -69.8419974
0.3694089 -0.5917978 0.7164654 6.1161635
0.0000000 0.0000000 0.0000000 1.0000000
0.3483637 0.8050838 0.4800814 212.6432009
-0.8573761 0.0666705 0.5103481 -71.7756056
0.3788673 -0.5894035 0.7134940 6.9468913
0.0000000 0.0000000 0.0000000 1.0000000
0.3083450 0.8175309 0.4863765 213.3196522
-0.8605803 0.0218632 0.5088389 -73.4044985
0.4053595 -0.5754706 0.7103012 7.6597459
0.0000000 0.0000000 0.0000000 1.0000000
0.3067695 0.8094854 0.5006210 214.1918189
-0.8607379 0.0114657 0.5089127 -75.4936688
0.4062191 -0.5870293 0.7002808 8.5667927
0.0000000 0.0000000 0.0000000 1.0000000
0.2882167 0.8157454 0.5014837 214.7633547
-0.8579319 -0.0126103 0.5136017 -77.3081952
0.4252939 -0.5782744 0.6962285 9.4169763
0.0000000 0.0000000 0.0000000 1.0000000
0.2651365 0.8212442 0.5052284 215.3672813
-0.8557341 -0.0410284 0.5157796 -78.9603598
0.4443117 -0.5691001 0.6918978 10.1899111
0.0000000 0.0000000 0.0000000 1.0000000
0.2376701 0.8280339 0.5078071 215.8599169
-0.8557445 -0.0688476 0.5127909 -80.5906476
0.4595718 -0.5564349 0.6922315 11.0599379
0.0000000 0.0000000 0.0000000 1.0000000
0.2402043 0.8236233 0.5137526 216.3903175
-0.8554177 -0.0705738 0.5131011 -82.1963997
0.4588617 -0.5627290 0.6875990 11.8120372
0.0000000 0.0000000 0.0000000 1.0000000
0.1941245 0.8294951 0.5236880 217.0423804
-0.8496310 -0.1246670 0.5124244 -84.1041474
0.4903428 -0.5444224 0.6805725 12.7400714
0.0000000 0.0000000 0.0000000 1.0000000
0.1557680 0.8321395 0.5322364 217.5747191
-0.8438483 -0.1679769 0.5096052 -86.2866135
0.5134691 -0.5285134 0.6760427 14.0349563
0.0000000 0.0000000 0.0000000 1.0000000
0.1348980 0.8264022 0.5466781 218.0126915
-0.8385711 -0.1986744 0.5072679 -88.2655668
0.5278216 -0.5268643 0.6662049 15.1950795
0.0000000 0.0000000 0.0000000 1.0000000
0.0965947 0.8238044 0.5585795 218.4227395
-0.8325780 -0.2406456 0.4988962 -90.0592020
0.5454161 -0.5132581 0.6626450 16.2401870
0.0000000 0.0000000 0.0000000 1.0000000
0.0394741 0.8203061 0.5705565 218.8091852
-0.8174821 -0.3018338 0.4905234 -92.1417662
0.5745966 -0.4857888 0.6586795 17.5634866
0.0000000 0.0000000 0.0000000 1.0000000
-0.0106004 0.8142409 0.5804263 219.0999682
-0.7953062 -0.3587035 0.4886861 -94.2593737
0.6061136 -0.4564423 0.6513815 18.9652444
0.0000000 0.0000000 0.0000000 1.0000000
-0.0671762 0.8046807 0.5898910 219.2217852
-0.7682801 -0.4189264 0.4839839 -96.1206587
0.6365783 -0.4206949 0.6463705 20.3031139
0.0000000 0.0000000 0.0000000 1.0000000
-0.0915477 0.7941560 0.6007747 219.0609130
-0.7591238 -0.4461088 0.4740381 -98.1353259
0.6444760 -0.4126708 0.6437115 22.0359848
0.0000000 0.0000000 0.0000000 1.0000000
-0.1346095 0.7779047 0.6137913 218.8960023
-0.7304227 -0.4964697 0.4690363 -99.9934694
0.6695996 -0.3851956 0.6350371 23.5436400
0.0000000 0.0000000 0.0000000 1.0000000
-0.1440445 0.7686700 0.6232118 218.6096150
-0.7278915 -0.5089450 0.4595035 -101.3113409
0.6703923 -0.3874470 0.6328273 24.8265463
0.0000000 0.0000000 0.0000000 1.0000000
-0.1877854 0.7514292 0.6325242 218.2048722
-0.6920411 -0.5582041 0.4576923 -103.4243021
0.6970061 -0.3517901 0.6248503 26.7809151
0.0000000 0.0000000 0.0000000 1.0000000
-0.2349195 0.7308121 0.6408764 217.8422557
-0.6607069 -0.6036452 0.4461765 -105.2009889
0.7129384 -0.3186211 0.6246686 28.4422432
0.0000000 0.0000000 0.0000000 1.0000000
-0.2435051 0.7206240 0.6491548 217.4532087
-0.6577476 -0.6145678 0.4355102 -106.4597059
0.7127944 -0.3209361 0.6236472 29.7151644
0.0000000 0.0000000 0.0000000 1.0000000
-0.2751622 0.7027308 0.6560877 217.0030308
-0.6361216 -0.6447630 0.4238214 -107.7033932
0.7208590 -0.3007369 0.6244446 31.0648091
0.0000000 0.0000000 0.0000000 1.0000000
-0.3085241 0.6809638 0.6641516 216.3449720
-0.6070227 -0.6785043 0.4137030 -109.2956126
0.7323520 -0.2755227 0.6227034 32.8878366
0.0000000 0.0000000 0.0000000 1.0000000
-0.3239291 0.6707157 0.6672378 215.6926303
-0.5938576 -0.6931613 0.4084789 -110.6103413
0.7364826 -0.2639307 0.6228528 34.4617002
0.0000000 0.0000000 0.0000000 1.0000000
-0.3430414 0.6559649 0.6723305 215.0748398
-0.5808762 -0.7106312 0.3969643 -111.6241896
0.7381804 -0.2543701 0.6248182 35.7770939
0.0000000 0.0000000 0.0000000 1.0000000
-0.3365078 0.6563211 0.6752785 214.4603772
-0.5812766 -0.7089443 0.3993871 -112.6562299
0.7408676 -0.2581313 0.6200773 37.0690356
0.0000000 0.0000000 0.0000000 1.0000000
-0.3530860 0.6428088 0.6797963 213.8916245
-0.5628676 -0.7263367 0.3944737 -113.9267910
0.7473392 -0.2433565 0.6182834 38.5441683
0.0000000 0.0000000 0.0000000 1.0000000
-0.3694888 0.6334499 0.6798642 213.0841316
-0.5466726 -0.7398083 0.3922083 -115.4241783
0.7514199 -0.2267510 0.6196485 40.3888713
0.0000000 0.0000000 0.0000000 1.0000000
-0.3660322 0.6282575 0.6865196 212.2708211
-0.5523381 -0.7403872 0.3830720 -116.7165361
0.7489642 -0.2389788 0.6180240 42.0028312
0.0000000 0.0000000 0.0000000 1.0000000
-0.3843142 0.6101748 0.6928098 211.5306280
-0.5310760 -0.7599570 0.3747242 -117.9891351
0.7551589 -0.2239273 0.6161196 43.5262135
0.0000000 0.0000000 0.0000000 1.0000000
-0.4070355 0.5928391 0.6948814 210.4880892
-0.5122793 -0.7780058 0.3636915 -119.4051016
0.7562383 -0.2079425 0.6203832 45.4512384
0.0000000 0.0000000 0.0000000 1.0000000
-0.4330860 0.5671126 0.7005826 209.7585700
-0.4836229 -0.8021030 0.3503343 -120.5870335
0.7606239 -0.1870974 0.6216566 46.9680704
0.0000000 0.0000000 0.0000000 1.0000000
-0.4452466 0.5527137 0.7044567 208.9390829
-0.4689940 -0.8141438 0.3423576 -121.6817803
0.7627601 -0.1779570 0.6217228 48.4556004
0.0000000 0.0000000 0.0000000 1.0000000
-0.4578595 0.5353153 0.7097873 208.0898238
-0.4538100 -0.8272642 0.3311860 -122.7810705
0.7644757 -0.1704765 0.6217113 50.0034122
0.0000000 0.0000000 0.0000000 1.0000000
-0.4620385 0.5240676 0.7154506 207.1147912
-0.4401967 -0.8358498 0.3279879 -123.7653454
0.7699014 -0.1634007 0.6168968 51.5323239
0.0000000 0.0000000 0.0000000 1.0000000
-0.4916542 0.4917731 0.7186318 206.1081791
-0.3982325 -0.8608847 0.3166744 -124.8858480
0.7743953 -0.1304929 0.6191067 53.2785773
0.0000000 0.0000000 0.0000000 1.0000000
-0.5034340 0.4725508 0.7233578 205.1348361
-0.3759550 -0.8735821 0.3090422 -125.8537050
0.7779547 -0.1163724 0.6174575 54.9051464
0.0000000 0.0000000 0.0000000 1.0000000
-0.5238191 0.4436506 0.7271755 204.0471175
-0.3407100 -0.8915221 0.2984958 -126.7200744
0.7807253 -0.0914028 0.6181614 56.5539300
0.0000000 0.0000000 0.0000000 1.0000000
-0.5275942 0.4267617 0.7345173 202.8892881
-0.3381261 -0.8987011 0.2792892 -127.3880139
0.7793059 -0.1010128 0.6184572 58.3056474
0.0000000 0.0000000 0.0000000 1.0000000
-0.5266946 0.4236884 0.7369383 202.0541907
-0.3375942 -0.8998865 0.2760979 -127.8559375
0.7801445 -0.1033717 0.6170085 59.4063646
0.0000000 0.0000000 0.0000000 1.0000000
-0.5183804 0.4172087 0.7464688 200.7981710
-0.3456855 -0.9006425 0.2633250 -128.5550059
0.7821670 -0.1215459 0.6111069 61.2070601
0.0000000 0.0000000 0.0000000 1.0000000
-0.5243345 0.4075344 0.7476538 200.1655324
-0.3442957 -0.9045211 0.2515900 -129.0376448
0.7788045 -0.1255017 0.6145923 62.1417818
0.0000000 0.0000000 0.0000000 1.0000000
-0.5268966 0.4045375 0.7474803 199.6101073
-0.3503495 -0.9046420 0.2426397 -129.4034908
0.7743628 -0.1340384 0.6183905 62.9586308
0.0000000 0.0000000 0.0000000 1.0000000
-0.5367578 0.3789932 0.7538252 198.8253344
-0.3238383 -0.9175456 0.2307244 -129.9331527
0.7791164 -0.1202794 0.6152408 64.0826680
0.0000000 0.0000000 0.0000000 1.0000000
-0.5409470 0.3663593 0.7570695 197.3296377
-0.3139438 -0.9230334 0.2223576 -130.8580207
0.7802677 -0.1173986 0.6143373 66.2171849
0.0000000 0.0000000 0.0000000 1.0000000
-0.5602263 0.3283095 0.7604974 196.3062932
-0.2725497 -0.9400351 0.2050477 -131.5599647
0.7822181 -0.0924052 0.6161221 67.7988677
0.0000000 0.0000000 0.0000000 1.0000000
-0.5592152 0.3151558 0.7667802 195.1906789
-0.2656605 -0.9442671 0.1943650 -131.9376627
0.7853052 -0.0950164 0.6117823 69.2858839
0.0000000 0.0000000 0.0000000 1.0000000
-0.5597957 0.3012887 0.7719136 194.3084890
-0.2598765 -0.9483875 0.1817119 -132.3083198
0.7868252 -0.0988859 0.6092104 70.5096175
0.0000000 0.0000000 0.0000000 1.0000000
-0.5618340 0.2859612 0.7762507 193.2600553
-0.2529734 -0.9527883 0.1679055 -132.7558504
0.7876214 -0.1020411 0.6076590 71.9761072
0.0000000 0.0000000 0.0000000 1.0000000
-0.5586705 0.2772480 0.7816759 191.9528565
-0.2567144 -0.9539908 0.1548960 -133.2921766
0.7886606 -0.1141372 0.6041494 73.7704854
0.0000000 0.0000000 0.0000000 1.0000000
-0.5628240 0.2554369 0.7861154 190.6634157
-0.2387443 -0.9607498 0.1412582 -133.7525524
0.7913472 -0.1081826 0.6017268 75.5716111
0.0000000 0.0000000 0.0000000 1.0000000
-0.5612654 0.2537632 0.7877701 189.6822560
-0.2507755 -0.9592281 0.1303305 -134.0640951
0.7887284 -0.1244091 0.6020289 76.9294257
0.0000000 0.0000000 0.0000000 1.0000000
-0.5647210 0.2430467 0.7886792 188.7717215
-0.2421533 -0.9623818 0.1231930 -134.3939349
0.7889559 -0.1214173 0.6023414 78.1216092
0.0000000 0.0000000 0.0000000 1.0000000
-0.5705189 0.2295545 0.7885488 187.7484223
-0.2315324 -0.9661511 0.1137479 -134.8329422
0.7879722 -0.1176851 0.6043663 79.5255545
0.0000000 0.0000000 0.0000000 1.0000000
-0.5730690 0.2178891 0.7900081 186.5480355
-0.2308735 -0.9678818 0.0994795 -135.2597828
0.7863139 -0.1253892 0.6049770 81.1909148
0.0000000 0.0000000 0.0000000 1.0000000
-0.5721553 0.2081108 0.7932998 185.5847412
-0.2344433 -0.9684058 0.0849654 -135.5612737
0.7859225 -0.1373764 0.6028783 82.4837131
0.0000000 0.0000000 0.0000000 1.0000000
-0.5812824 0.1772134 0.7941680 184.1437082
-0.1943774 -0.9779772 0.0759637 -136.1523847
0.7901447 -0.1102178 0.6029367 84.4135402
0.0000000 0.0000000 0.0000000 1.0000000
-0.5779342 0.1626260 0.7997134 182.9732181
-0.1825544 -0.9808690 0.0675440 -136.4505073
0.7954033 -0.1069610 0.5965754 85.9008748
0.0000000 0.0000000 0.0000000 1.0000000
-0.5810282 0.1388094 0.8019568 181.8433472
-0.1549004 -0.9861942 0.0584781 -136.9435797
0.7990071 -0.0902519 0.5945177 87.4420474
0.0000000 0.0000000 0.0000000 1.0000000
-0.5889229 0.1084071 0.8008834 180.3875665
-0.1151131 -0.9921072 0.0496502 -137.3845796
0.7999493 -0.0629578 0.5967632 89.4107590
0.0000000 0.0000000 0.0000000 1.0000000
-0.5903047 0.0768038 0.8035160 178.9057683
-0.0788081 -0.9961870 0.0373302 -137.6529872
0.8033244 -0.0412931 0.5941159 91.4117751
0.0000000 0.0000000 0.0000000 1.0000000
-0.5870962 0.0575013 0.8074704 177.6300650
-0.0646685 -0.9976143 0.0240291 -137.8533808
0.8069307 -0.0381163 0.5894229 93.1656243
0.0000000 0.0000000 0.0000000 1.0000000
-0.5936536 0.0273657 0.8042533 176.2304730
-0.0204530 -0.9996082 0.0189223 -138.0575099
0.8044616 -0.0052217 0.5939898 95.1009004
0.0000000 0.0000000 0.0000000 1.0000000
-0.5967875 0.0006077 0.8023972 174.9164226
0.0131457 -0.9998546 0.0105411 -138.1208214
0.8022922 0.0168334 0.5967019 96.8748626
0.0000000 0.0000000 0.0000000 1.0000000
-0.6003174 -0.0364803 0.7989274 173.5689902
0.0650669 -0.9978716 0.0033338 -138.0539881
0.7971111 0.0539798 0.6014227 98.7302547
0.0000000 0.0000000 0.0000000 1.0000000
-0.6008985 -0.0790678 0.7954031 172.0963855
0.1145754 -0.9933356 -0.0121792 -137.8635224
0.7910715 0.0838100 0.6059627 100.6783952
0.0000000 0.0000000 0.0000000 1.0000000
-0.6032007 -0.0889763 0.7926091 170.9956163
0.1160632 -0.9929686 -0.0231336 -137.6973643
0.7891003 0.0780333 0.6092954 102.1834758
0.0000000 0.0000000 0.0000000 1.0000000
-0.6052739 -0.0965522 0.7901383 169.5546009
0.1250308 -0.9918237 -0.0254127 -137.3661265
0.7861375 0.0834047 0.6124061 103.9735437
0.0000000 0.0000000 0.0000000 1.0000000
-0.6073274 -0.1280541 0.7840617 168.3399121
0.1571603 -0.9867823 -0.0394210 -137.1504327
0.7787522 0.0992768 0.6194342 105.6965613
0.0000000 0.0000000 0.0000000 1.0000000
-0.6087217 -0.1363600 0.7815763 166.9923518
0.1749221 -0.9839410 -0.0354234 -136.7774324
0.7738616 0.1151469 0.6228077 107.2357433
0.0000000 0.0000000 0.0000000 1.0000000
-0.6039141 -0.1736092 0.7779110 165.4540996
0.2179876 -0.9747521 -0.0483023 -136.3208518
0.7666625 0.1403996 0.6265198 109.2057536
0.0000000 0.0000000 0.0000000 1.0000000
-0.6010538 -0.1899193 0.7763136 163.2179063
0.2299431 -0.9713736 -0.0596012 -135.6747666
0.7654167 0.1426795 0.6275271 112.1368048
0.0000000 0.0000000 0.0000000 1.0000000
-0.5926257 -0.2204470 0.7747230 161.7369539
0.2634161 -0.9619713 -0.0722211 -135.2306567
0.7611891 0.1612695 0.6281670 113.9979406
0.0000000 0.0000000 0.0000000 1.0000000
-0.5938708 -0.2326563 0.7701859 159.6390324
0.2728288 -0.9587892 -0.0792510 -134.3508529
0.7568909 0.1630592 0.6328808 116.7593638
0.0000000 0.0000000 0.0000000 1.0000000
-0.5942486 -0.2400683 0.7676153 158.0014980
0.2600562 -0.9604948 -0.0990613 -133.6356035
0.7610785 0.1407511 0.6332127 119.0144455
0.0000000 0.0000000 0.0000000 1.0000000
-0.5918355 -0.2590196 0.7633065 156.9981020
0.2738090 -0.9552545 -0.1118480 -133.1298775
0.7581292 0.1427995 0.6362845 120.3621093
0.0000000 0.0000000 0.0000000 1.0000000
-0.5746852 -0.3020766 0.7605813 155.5302468
0.3312753 -0.9356987 -0.1213130 -132.4771086
0.7483278 0.1822403 0.6378116 122.2239572
0.0000000 0.0000000 0.0000000 1.0000000
-0.5693016 -0.3180965 0.7580944 154.2499439
0.3459812 -0.9291789 -0.1300573 -131.6377449
0.7457831 0.1882400 0.6390479 123.8284174
0.0000000 0.0000000 0.0000000 1.0000000
-0.5601988 -0.3483259 0.7515603 151.9092092
0.3711470 -0.9166676 -0.1481951 -130.2267383
0.7405581 0.1959161 0.6428057 126.9651461
0.0000000 0.0000000 0.0000000 1.0000000
-0.5473086 -0.3768057 0.7473067 150.8060035
0.4064877 -0.9002022 -0.1561897 -129.4268143
0.7315871 0.2182827 0.6458648 128.4482202
0.0000000 0.0000000 0.0000000 1.0000000
-0.5563148 -0.3751195 0.7414822 149.8185347
0.3970943 -0.9038391 -0.1593195 -128.5444728
0.7299510 0.2058021 0.6517864 129.8416584
0.0000000 0.0000000 0.0000000 1.0000000
-0.5383675 -0.4069405 0.7379408 148.3763418
0.4366383 -0.8836658 -0.1687421 -127.4083011
0.7207674 0.2313638 0.6534322 131.7954752
0.0000000 0.0000000 0.0000000 1.0000000
-0.5406162 -0.4141776 0.7322486 147.1535889
0.4375642 -0.8818435 -0.1757323 -126.3308047
0.7185194 0.2253978 0.6579775 133.5123049
0.0000000 0.0000000 0.0000000 1.0000000
-0.5366667 -0.4265583 0.7280341 145.9885080
0.4475752 -0.8753325 -0.1829250 -125.4132640
0.7153062 0.2276761 0.6606883 135.0610839
0.0000000 0.0000000 0.0000000 1.0000000
-0.5219866 -0.4520770 0.7232934 144.9898795
0.4792214 -0.8569324 -0.1897521 -124.5779268
0.7056027 0.2475654 0.6639615 136.4468475
0.0000000 0.0000000 0.0000000 1.0000000
-0.5067996 -0.4758904 0.7188041 143.7146521
0.5050361 -0.8396474 -0.1998074 -123.3517653
0.6986353 0.2617556 0.6658840 138.2451917
0.0000000 0.0000000 0.0000000 1.0000000
-0.4907977 -0.4976920 0.7151345 142.4213168
0.5244223 -0.8242055 -0.2136791 -121.9444757
0.6957709 0.2701553 0.6655281 140.1165326
0.0000000 0.0000000 0.0000000 1.0000000
-0.4736518 -0.5134637 0.7155459 141.0363647
0.5485648 -0.8076130 -0.2164022 -120.3837568
0.6890060 0.2900201 0.6642047 142.0323367
0.0000000 0.0000000 0.0000000 1.0000000
-0.4728886 -0.5222200 0.7096899 139.9278619
0.5520784 -0.8033413 -0.2232582 -118.8888288
0.6867205 0.2862240 0.6682065 143.7345763
0.0000000 0.0000000 0.0000000 1.0000000
-0.4551144 -0.5417621 0.7066550 138.7126301
0.5734195 -0.7854637 -0.2328691 -117.4491806
0.6812194 0.2992235 0.6681424 145.4986690
0.0000000 0.0000000 0.0000000 1.0000000
-0.4476956 -0.5551671 0.7009671 136.9289346
0.5831928 -0.7755264 -0.2417359 -115.2096338
0.6778301 0.3005707 0.6709787 148.1630519
0.0000000 0.0000000 0.0000000 1.0000000
-0.4257986 -0.5733018 0.7000122 135.5660519
0.6027357 -0.7567256 -0.2531150 -113.5876838
0.6748368 0.3141422 0.6677716 150.2258634
0.0000000 0.0000000 0.0000000 1.0000000
-0.4048836 -0.5971670 0.6924284 134.3911813
0.6300447 -0.7310100 -0.2620279 -111.8991496
0.6626548 0.3301662 0.6722257 152.1732130
0.0000000 0.0000000 0.0000000 1.0000000
-0.3899977 -0.6179801 0.6826407 133.3247820
0.6536749 -0.7079415 -0.2674286 -110.5151505
0.6485437 0.3419247 0.6800639 153.8150165
0.0000000 0.0000000 0.0000000 1.0000000
-0.3747581 -0.6341797 0.6762901 132.5548011
0.6770331 -0.6855400 -0.2676773 -109.0176635
0.6333879 0.3575529 0.6862828 155.2253016
0.0000000 0.0000000 0.0000000 1.0000000
-0.3550292 -0.6578569 0.6642100 131.5945500
0.7057704 -0.6545398 -0.2710286 -107.2682773
0.6130583 0.3725533 0.6966866 156.9597605
0.0000000 0.0000000 0.0000000 1.0000000
-0.3455551 -0.6737356 0.6531988 130.9551976
0.7164248 -0.6389786 -0.2800586 -105.8606245
0.6060740 0.3711886 0.7034929 158.0847439
0.0000000 0.0000000 0.0000000 1.0000000
-0.3244092 -0.6895349 0.6475311 130.1927482
0.7375157 -0.6130286 -0.2832971 -104.2798770
0.5923071 0.3856566 0.7074250 159.4041455
0.0000000 0.0000000 0.0000000 1.0000000
-0.3140824 -0.6993974 0.6420213 129.5702721
0.7482763 -0.5985673 -0.2859912 -102.9571665
0.5843238 0.3905805 0.7113519 160.4862694
0.0000000 0.0000000 0.0000000 1.0000000
-0.2758356 -0.7191135 0.6377982 128.7764941
0.7784618 -0.5563566 -0.2906130 -101.1155876
0.5638364 0.4163367 0.7132751 161.9041844
0.0000000 0.0000000 0.0000000 1.0000000
-0.2705002 -0.7295983 0.6281014 128.4673007
0.7862609 -0.5439045 -0.2931768 -99.6781582
0.5555381 0.4145435 0.7207912 162.7378074
0.0000000 0.0000000 0.0000000 1.0000000
-0.2448487 -0.7440784 0.6216045 127.6412588
0.8049429 -0.5133895 -0.2974710 -97.3025967
0.5404767 0.4275176 0.7246534 164.4227150
0.0000000 0.0000000 0.0000000 1.0000000
-0.2183627 -0.7574268 0.6153194 126.9842018
0.8277792 -0.4776918 -0.2942486 -95.1037639
0.5168144 0.4450931 0.7313027 165.8900490
0.0000000 0.0000000 0.0000000 1.0000000
-0.1766328 -0.7734151 0.6087905 126.3344780
0.8535749 -0.4283449 -0.2965148 -92.9608358
0.4901110 0.4672719 0.7358376 167.2788610
0.0000000 0.0000000 0.0000000 1.0000000
-0.1444249 -0.7808446 0.6077983 125.9540538
0.8704597 -0.3923610 -0.2972258 -90.7802109
0.4705735 0.4861353 0.7363707 168.4195497
0.0000000 0.0000000 0.0000000 1.0000000
-0.1322423 -0.7830331 0.6077555 125.7829401
0.8735066 -0.3818642 -0.3019211 -88.5060095
0.4685042 0.4909501 0.7344934 169.3835267
0.0000000 0.0000000 0.0000000 1.0000000
-0.1222573 -0.7878979 0.6035443 125.5203058
0.8783769 -0.3690016 -0.3037789 -87.0874920
0.4620654 0.4929988 0.7371949 170.1377864
0.0000000 0.0000000 0.0000000 1.0000000
-0.1145857 -0.7933893 0.5978288 125.1545742
0.8799769 -0.3603200 -0.3095160 -85.4963062
0.4609863 0.4906080 0.7394621 171.0519424
0.0000000 0.0000000 0.0000000 1.0000000
-0.1033963 -0.7951853 0.5974822 124.9785629
0.8820726 -0.3508907 -0.3143466 -83.8887436
0.4596249 0.4945190 0.7377021 171.8091552
0.0000000 0.0000000 0.0000000 1.0000000
-0.1278878 -0.7961672 0.5914034 124.6243923
0.8687043 -0.3776336 -0.3205247 -81.6828043
0.4785352 0.4727615 0.7399387 173.0166386
0.0000000 0.0000000 0.0000000 1.0000000
-0.1324485 -0.8017659 0.5827727 124.3007568
0.8626082 -0.3828409 -0.3306508 -79.6594570
0.4882241 0.4589081 0.7423268 174.0746239
0.0000000 0.0000000 0.0000000 1.0000000
-0.1195326 -0.8088987 0.5756649 123.9938108
0.8685033 -0.3661307 -0.3341258 -78.5741052
0.4810525 0.4600259 0.7463061 174.7375615
0.0000000 0.0000000 0.0000000 1.0000000
-0.1031526 -0.8157667 0.5691040 123.6687614
0.8757811 -0.3457371 -0.3368414 -76.2373479
0.4715540 0.4636627 0.7501077 176.0162516
0.0000000 0.0000000 0.0000000 1.0000000
-0.0961024 -0.8177433 0.5674990 123.3051819
0.8769548 -0.3392636 -0.3403517 -74.6796641
0.4708618 0.4649606 0.7497390 176.9506454
0.0000000 0.0000000 0.0000000 1.0000000
-0.0978705 -0.8200899 0.5637989 123.0228735
0.8735252 -0.3422278 -0.3461538 -73.0195289
0.4768344 0.4586125 0.7498741 177.8759592
0.0000000 0.0000000 0.0000000 1.0000000
-0.1022861 -0.8195263 0.5638346 123.0484265
0.8695609 -0.3489379 -0.3494216 -71.6579065
0.4831133 0.4545456 0.7483301 178.4955665
0.0000000 0.0000000 0.0000000 1.0000000
-0.0944825 -0.8223455 0.5610846 122.8320773
0.8699357 -0.3422257 -0.3550804 -70.7350111
0.4840260 0.4545567 0.7477331 179.0391385
0.0000000 0.0000000 0.0000000 1.0000000
-0.0886941 -0.8236534 0.5601103 122.6893863
0.8698522 -0.3380088 -0.3592997 -69.1416337
0.4852706 0.4553436 0.7464467 179.8540102
0.0000000 0.0000000 0.0000000 1.0000000
-0.0960024 -0.8276689 0.5529403 122.3831672
0.8669578 -0.3424552 -0.3620743 -67.8378079
0.4890449 0.4446139 0.7504409 180.7676853
0.0000000 0.0000000 0.0000000 1.0000000
-0.0903920 -0.8284212 0.5527589 122.2012702
0.8698492 -0.3359481 -0.3612336 -66.8545155
0.4849615 0.4481624 0.7509796 181.3298123
0.0000000 0.0000000 0.0000000 1.0000000
-0.1003884 -0.8305260 0.5478535 122.0569485
0.8645490 -0.3453336 -0.3650872 -65.1085554
0.4924168 0.4369934 0.7527087 182.2530139
0.0000000 0.0000000 0.0000000 1.0000000
-0.1257840 -0.8285696 0.5455688 121.8512178
