1.0000000 0.0000000 0.0000000 0.0000000
0.0000000 1.0000000 0.0000000 0.0000000
0.0000000 0.0000000 1.0000000 0.0000000
0.0000000 0.0000000 0.0000000 1.0000000
0.9999055 -0.0133922 -0.0030727 0.5838784
0.0133771 0.9998987 -0.0048653 -0.0424430
0.0031376 0.0048237 0.9999834 -0.0108045
0.0000000 0.0000000 0.0000000 1.0000000
0.9999907 -0.0044100 0.0000178 0.8172481
0.0044100 0.9999774 -0.0051329 -0.0230262
0.0000048 0.0051329 0.9999870 -0.0034559
0.0000000 0.0000000 0.0000000 1.0000000
0.9999220 0.0094490 -0.0082059 1.1997044
-0.0095046 0.9999327 -0.0067402 0.0214908
0.0081416 0.0068177 0.9999439 -0.0487226
0.0000000 0.0000000 0.0000000 1.0000000
0.9990855 0.0409997 -0.0121448 1.7893186
-0.0411056 0.9991182 -0.0085877 0.2397127
0.0117820 0.0090791 0.9998898 -0.0496742
0.0000000 0.0000000 0.0000000 1.0000000
0.9989624 0.0441392 -0.0112563 2.5879945
-0.0442279 0.9989914 -0.0077590 0.2335084
0.0109024 0.0082488 0.9999071 -0.0488962
0.0000000 0.0000000 0.0000000 1.0000000
0.9982002 0.0585177 -0.0131369 3.2227430
-0.0586248 0.9982486 -0.0079227 0.3658312
0.0126503 0.0086786 0.9998829 -0.0615541
0.0000000 0.0000000 0.0000000 1.0000000
0.9969078 0.0769446 -0.0159953 3.9531380
-0.0771162 0.9969678 -0.0104068 0.3434503
0.0151461 0.0116081 0.9998186 -0.0814665
0.0000000 0.0000000 0.0000000 1.0000000
0.9947086 0.1015516 -0.0156216 4.6933793
-0.1016983 0.9947754 -0.0089124 0.2857761
0.0146350 0.0104540 0.9998390 -0.0691247
0.0000000 0.0000000 0.0000000 1.0000000
0.9949751 0.0981592 -0.0197825 5.2571448
-0.0983577 0.9951076 -0.0093342 0.3053243
0.0187695 0.0112330 0.9997615 -0.0814082
0.0000000 0.0000000 0.0000000 1.0000000
0.9901670 0.1367665 -0.0294325 6.7355561
-0.1369826 0.9905585 -0.0054565 0.2008679
0.0284083 0.0094346 0.9995526 -0.0583659
0.0000000 0.0000000 0.0000000 1.0000000
0.9895488 0.1423279 -0.0231918 7.1788850
-0.1426157 0.9897139 -0.0112764 0.0456707
0.0213483 0.0144660 0.9996682 -0.0617334
0.0000000 0.0000000 0.0000000 1.0000000
0.9846506 0.1733784 -0.0201192 7.8998661
-0.1736673 0.9847092 -0.0136662 -0.0917305
0.0174421 0.0169505 0.9997050 -0.0976815
0.0000000 0.0000000 0.0000000 1.0000000
0.9834519 0.1803216 -0.0175374 9.0036257
-0.1806527 0.9833498 -0.0196631 -0.3316243
0.0136997 0.0225059 0.9996537 -0.0751706
0.0000000 0.0000000 0.0000000 1.0000000
0.9782074 0.2066920 -0.0197533 10.0320851
-0.2071000 0.9780815 -0.0215558 -0.3612471
0.0148650 0.0251770 0.9995734 -0.0355328
0.0000000 0.0000000 0.0000000 1.0000000
0.9751534 0.2209698 -0.0157833 10.7292115
-0.2212987 0.9749181 -0.0236599 -0.4255111
0.0101593 0.0265648 0.9995965 0.0134194
0.0000000 0.0000000 0.0000000 1.0000000
0.9690797 0.2459640 -0.0196711 11.5104926
-0.2463085 0.9690301 -0.0176243 -0.4648592
0.0147269 0.0219245 0.9996523 0.0305824
0.0000000 0.0000000 0.0000000 1.0000000
0.9674912 0.2523378 -0.0169595 12.2831118
-0.2526273 0.9673954 -0.0179696 -0.6381018
0.0118721 0.0216699 0.9996959 0.0734855
0.0000000 0.0000000 0.0000000 1.0000000
0.9648723 0.2620069 -0.0193488 13.0078849
-0.2623587 0.9647878 -0.0187153 -0.8788440
0.0137639 0.0231342 0.9996389 0.0964333
0.0000000 0.0000000 0.0000000 1.0000000
0.9632045 0.2680694 -0.0193725 14.1140125
-0.2684251 0.9631123 -0.0189980 -1.1543730
0.0135651 0.0234991 0.9996331 0.1428424
0.0000000 0.0000000 0.0000000 1.0000000
0.9616184 0.2741238 -0.0120704 15.0860274
-0.2743358 0.9613653 -0.0227090 -1.3964773
0.0053789 0.0251488 0.9996706 0.2379597
0.0000000 0.0000000 0.0000000 1.0000000
0.9475077 0.3197050 -0.0041909 16.4171410
-0.3197083 0.9471992 -0.0244839 -1.6766585
-0.0038581 0.0245386 0.9996928 0.2875342
0.0000000 0.0000000 0.0000000 1.0000000
0.9484409 0.3169345 -0.0033815 17.1084982
-0.3169482 0.9483299 -0.0146121 -1.8649162
-0.0014243 0.0149305 0.9998890 0.3059420
0.0000000 0.0000000 0.0000000 1.0000000
0.9397930 0.3417207 -0.0039884 18.1257436
-0.3417421 0.9397003 -0.0132300 -2.1574851
-0.0007731 0.0137965 0.9999059 0.3360974
0.0000000 0.0000000 0.0000000 1.0000000
0.9365527 0.3505115 -0.0032364 19.0160575
-0.3505252 0.9365240 -0.0073491 -2.4946836
0.0004550 0.0080172 0.9999692 0.3366563
0.0000000 0.0000000 0.0000000 1.0000000
0.9313506 0.3640940 -0.0047108 19.6465752
-0.3641009 0.9313591 -0.0009024 -2.7139064
0.0040588 0.0025556 0.9999901 0.3546500
0.0000000 0.0000000 0.0000000 1.0000000
0.9327475 0.3605007 -0.0047262 20.5938071
-0.3605072 0.9327562 -0.0008156 -3.0699793
0.0041143 0.0024646 0.9999901 0.3940608
0.0000000 0.0000000 0.0000000 1.0000000
0.9340971 0.3569655 -0.0062606 21.4379219
-0.3569860 0.9341059 -0.0026723 -3.3850858
0.0048941 0.0047312 0.9999784 0.4542165
0.0000000 0.0000000 0.0000000 1.0000000
0.9212842 0.3888794 0.0029309 22.6702041
-0.3888677 0.9212862 -0.0036441 -3.9320267
-0.0041174 0.0022175 0.9999907 0.4704507
0.0000000 0.0000000 0.0000000 1.0000000
0.9256451 0.3782189 0.0114987 23.7209305
-0.3782349 0.9257094 -0.0007419 -4.2651677
-0.0109251 -0.0036625 0.9999353 0.5158546
0.0000000 0.0000000 0.0000000 1.0000000
0.9265330 0.3757793 0.0180989 24.3892653
-0.3757510 0.9267075 -0.0049908 -4.6172760
-0.0186479 -0.0021766 0.9998255 0.5252218
0.0000000 0.0000000 0.0000000 1.0000000
0.9286485 0.3701283 0.0248552 25.7773841
-0.3700417 0.9289800 -0.0081092 -5.0440083
-0.0260915 -0.0016669 0.9996599 0.5375227
0.0000000 0.0000000 0.0000000 1.0000000
0.9242566 0.3805519 0.0304950 26.7934183
-0.3805732 0.9247360 -0.0052603 -5.2983787
-0.0302017 -0.0067438 0.9995229 0.5516878
0.0000000 0.0000000 0.0000000 1.0000000
0.9223589 0.3850957 0.0309069 27.4149676
-0.3851851 0.9228339 -0.0031806 -5.5299643
-0.0297468 -0.0089713 0.9995192 0.5372016
0.0000000 0.0000000 0.0000000 1.0000000
0.9195654 0.3904819 0.0438569 28.3444276
-0.3909855 0.9203911 0.0032499 -5.9083017
-0.0390965 -0.0201359 0.9990345 0.5787810
0.0000000 0.0000000 0.0000000 1.0000000
0.9157548 0.3995282 0.0420807 29.7147262
-0.3999586 0.9165309 0.0020290 -6.5753722
-0.0377578 -0.0186887 0.9991142 0.5349462
0.0000000 0.0000000 0.0000000 1.0000000
0.9182273 0.3932279 0.0472301 30.8571801
-0.3940997 0.9190077 0.0104817 -7.1005603
-0.0392832 -0.0282380 0.9988312 0.5589496
0.0000000 0.0000000 0.0000000 1.0000000
0.9089467 0.4127985 0.0584245 31.8144591
-0.4141562 0.9101142 0.0128959 -7.4365897
-0.0478497 -0.0359187 0.9982107 0.5557029
0.0000000 0.0000000 0.0000000 1.0000000
0.8975883 0.4357399 0.0668297 32.3194156
-0.4376449 0.8989979 0.0164084 -7.7413106
-0.0529301 -0.0439757 0.9976317 0.5594505
0.0000000 0.0000000 0.0000000 1.0000000
0.8894471 0.4508741 0.0748042 33.2311647
-0.4526434 0.8916574 0.0077281 -7.9653457
-0.0632155 -0.0407334 0.9971705 0.5363916
0.0000000 0.0000000 0.0000000 1.0000000
0.8798459 0.4682172 0.0815041 34.0777182
-0.4700888 0.8826075 0.0043581 -8.2825527
-0.0698957 -0.0421487 0.9966656 0.4725228
0.0000000 0.0000000 0.0000000 1.0000000
0.8795427 0.4675819 0.0881526 34.8203962
-0.4694751 0.8829447 0.0008638 -8.7141579
-0.0774302 -0.0421453 0.9961089 0.4217559
0.0000000 0.0000000 0.0000000 1.0000000
0.8777487 0.4701414 0.0923215 35.5581852
-0.4713706 0.8818848 -0.0093599 -9.1802464
-0.0858175 -0.0353021 0.9956876 0.3893765
0.0000000 0.0000000 0.0000000 1.0000000
0.8751634 0.4735375 0.0992454 36.3257517
-0.4749764 0.8799398 -0.0100827 -9.5976884
-0.0921047 -0.0383152 0.9950144 0.3493022
0.0000000 0.0000000 0.0000000 1.0000000
0.8672625 0.4855431 0.1100096 37.0568839
-0.4876589 0.8729909 -0.0085889 -10.0215862
-0.1002079 -0.0461984 0.9938958 0.2860195
0.0000000 0.0000000 0.0000000 1.0000000
0.8760037 0.4692206 0.1115711 37.6210809
-0.4708386 0.8821221 -0.0130170 -10.3264064
-0.1045275 -0.0411291 0.9936735 0.2284265
0.0000000 0.0000000 0.0000000 1.0000000
0.8789923 0.4628353 0.1146916 38.3055453
-0.4650321 0.8852527 -0.0084114 -10.6700407
-0.1054244 -0.0459418 0.9933679 0.1203078
0.0000000 0.0000000 0.0000000 1.0000000
0.8866682 0.4470950 0.1179982 39.0922897
-0.4486927 0.8935731 -0.0141408 -11.0932915
-0.1117625 -0.0404069 0.9929156 0.0668965
0.0000000 0.0000000 0.0000000 1.0000000
0.8859943 0.4474116 0.1218012 40.2163978
-0.4491557 0.8933387 -0.0142751 -11.5005157
-0.1151968 -0.0420602 0.9924545 -0.0509896
0.0000000 0.0000000 0.0000000 1.0000000
0.8832404 0.4522061 0.1240736 40.7623952
-0.4534572 0.8910619 -0.0195839 -11.8345152
-0.1194134 -0.0389649 0.9920824 -0.1327996
0.0000000 0.0000000 0.0000000 1.0000000
0.8796234 0.4575211 0.1301357 41.4952128
-0.4584472 0.8883825 -0.0245177 -12.2107031
-0.1268279 -0.0380941 0.9911958 -0.2114267
0.0000000 0.0000000 0.0000000 1.0000000
0.8713740 0.4724197 0.1323846 42.2318742
-0.4735047 0.8804308 -0.0251646 -12.6087625
-0.1284441 -0.0407570 0.9908817 -0.3140915
0.0000000 0.0000000 0.0000000 1.0000000
0.8760428 0.4634795 0.1331677 42.9345131
-0.4644467 0.8852300 -0.0255957 -13.0275358
-0.1297473 -0.0394264 0.9907657 -0.3925658
0.0000000 0.0000000 0.0000000 1.0000000
0.8901572 0.4336592 0.1398485 43.3228117
-0.4338807 0.9004529 -0.0305005 -13.3925818
-0.1391540 -0.0335274 0.9897059 -0.4514333
0.0000000 0.0000000 0.0000000 1.0000000
0.8909607 0.4278835 0.1519965 44.1593177
-0.4285798 0.9030099 -0.0298284 -13.6910077
-0.1500179 -0.0385668 0.9879337 -0.5848322
0.0000000 0.0000000 0.0000000 1.0000000
0.8966641 0.4144260 0.1557001 44.9024851
-0.4144651 0.9094374 -0.0337618 -14.1351300
-0.1555917 -0.0342593 0.9872302 -0.6937965
0.0000000 0.0000000 0.0000000 1.0000000
0.8996668 0.4032325 0.1673366 45.6071958
-0.4033523 0.9143816 -0.0348025 -14.5484174
-0.1670435 -0.0361850 0.9852884 -0.7796178
0.0000000 0.0000000 0.0000000 1.0000000
0.9010376 0.3979329 0.1725665 46.6185107
-0.3989698 0.9164672 -0.0301550 -15.0384523
-0.1701517 -0.0416781 0.9845393 -0.9074019
0.0000000 0.0000000 0.0000000 1.0000000
0.9089007 0.3784499 0.1751371 47.7834319
-0.3795587 0.9247295 -0.0284375 -15.7201574
-0.1727170 -0.0406281 0.9841364 -1.0841791
0.0000000 0.0000000 0.0000000 1.0000000
0.8962721 0.4075236 0.1749797 49.5780745
-0.4098397 0.9118309 -0.0243599 -16.5079404
-0.1694795 -0.0498807 0.9842737 -1.4196620
0.0000000 0.0000000 0.0000000 1.0000000
0.8927148 0.4144272 0.1769354 50.3649293
-0.4168418 0.9086316 -0.0250824 -17.0015930
-0.1711641 -0.0513629 0.9839059 -1.5368052
0.0000000 0.0000000 0.0000000 1.0000000
0.8950933 0.4087975 0.1780122 51.5561514
-0.4114902 0.9111164 -0.0232411 -17.6737896
-0.1716910 -0.0524475 0.9837568 -1.7428597
0.0000000 0.0000000 0.0000000 1.0000000
0.8934785 0.4111281 0.1807367 52.6312030
-0.4142141 0.9099101 -0.0221043 -18.3300676
-0.1735420 -0.0551142 0.9832862 -1.8906819
0.0000000 0.0000000 0.0000000 1.0000000
0.8998236 0.3942764 0.1867079 53.7784570
-0.3967503 0.9175704 -0.0255372 -18.9480345
-0.1813866 -0.0510977 0.9820866 -2.0953121
0.0000000 0.0000000 0.0000000 1.0000000
0.8980767 0.3939087 0.1956774 54.8675844
-0.3959060 0.9177837 -0.0304881 -19.4181914
-0.1915992 -0.0500894 0.9801975 -2.3139625
0.0000000 0.0000000 0.0000000 1.0000000
0.8899559 0.4082334 0.2032719 55.7594311
-0.4110160 0.9111234 -0.0303112 -19.8005741
-0.1975800 -0.0565726 0.9786563 -2.4856535
0.0000000 0.0000000 0.0000000 1.0000000
0.8884297 0.4094508 0.2074555 56.7414794
-0.4136160 0.9101091 -0.0249329 -20.2462272
-0.1990161 -0.0636561 0.9779300 -2.6676202
0.0000000 0.0000000 0.0000000 1.0000000
0.8752213 0.4368826 0.2076434 57.9050212
-0.4418981 0.8967398 -0.0241168 -20.7842349
-0.1967384 -0.0706500 0.9779106 -2.9321670
0.0000000 0.0000000 0.0000000 1.0000000
0.8731763 0.4411454 0.2072401 58.9104785
-0.4469887 0.8943071 -0.0203431 -21.2900159
-0.1943106 -0.0748712 0.9780819 -3.1233483
0.0000000 0.0000000 0.0000000 1.0000000
0.8722098 0.4436935 0.2058665 59.7730396
-0.4510745 0.8924014 -0.0122299 -21.6981753
-0.1891420 -0.0821944 0.9785071 -3.3297790
0.0000000 0.0000000 0.0000000 1.0000000
0.8692560 0.4524101 0.1992810 60.8354210
-0.4599340 0.8879010 -0.0094891 -22.3477297
-0.1812346 -0.0834081 0.9798999 -3.5644839
0.0000000 0.0000000 0.0000000 1.0000000
0.8651418 0.4591140 0.2018352 62.0807607
-0.4671003 0.8841571 -0.0090000 -22.7670214
-0.1825859 -0.0864914 0.9793817 -3.8051830
0.0000000 0.0000000 0.0000000 1.0000000
0.8541663 0.4804420 0.1989197 63.1921024
-0.4896346 0.8719195 -0.0033854 -23.2298351
-0.1750683 -0.0945067 0.9800135 -4.0679702
0.0000000 0.0000000 0.0000000 1.0000000
0.8524558 0.4816016 0.2034040 64.0335785
-0.4915554 0.8708430 -0.0018036 -23.7490142
-0.1780016 -0.0984472 0.9790967 -4.2142855
0.0000000 0.0000000 0.0000000 1.0000000
0.8449124 0.4932894 0.2068393 65.3154514
-0.5039432 0.8637342 -0.0013505 -24.3701052
-0.1793203 -0.1030946 0.9783776 -4.4417903
0.0000000 0.0000000 0.0000000 1.0000000
0.8366319 0.5066607 0.2081714 66.1010432
-0.5178018 0.8554981 -0.0011236 -24.7099127
-0.1786594 -0.1068520 0.9780954 -4.6218176
0.0000000 0.0000000 0.0000000 1.0000000
0.8308365 0.5177476 0.2040608 67.1403127
-0.5289034 0.8486801 0.0001698 -25.2930905
-0.1730942 -0.1080700 0.9789620 -4.8599629
0.0000000 0.0000000 0.0000000 1.0000000
0.8248630 0.5238263 0.2126028 67.9725711
-0.5360513 0.8441836 -0.0001502 -25.8117525
-0.1795542 -0.1138427 0.9771426 -5.0195166
0.0000000 0.0000000 0.0000000 1.0000000
0.8210558 0.5240748 0.2262865 69.0076841
-0.5375890 0.8432022 -0.0022344 -26.4435422
-0.1919761 -0.1198152 0.9740621 -5.2172931
0.0000000 0.0000000 0.0000000 1.0000000
0.8086551 0.5424541 0.2276246 69.9436687
-0.5570903 0.8304502 0.0000782 -27.1057853
-0.1889882 -0.1268714 0.9737529 -5.4200920
0.0000000 0.0000000 0.0000000 1.0000000
0.8165023 0.5288838 0.2315137 70.6197342
-0.5435450 0.8393781 -0.0005314 -27.4230070
-0.1946084 -0.1254049 0.9728353 -5.5709436
0.0000000 0.0000000 0.0000000 1.0000000
0.8157605 0.5279396 0.2362355 71.3932065
-0.5451086 0.8383165 0.0089008 -27.8801435
-0.1933408 -0.1360357 0.9716589 -5.7197462
0.0000000 0.0000000 0.0000000 1.0000000
0.8302142 0.5047371 0.2365943 72.3580588
-0.5205587 0.8538083 0.0052064 -28.3349142
-0.1993780 -0.1274845 0.9715984 -5.9373878
0.0000000 0.0000000 0.0000000 1.0000000
0.8139021 0.5268754 0.2448628 73.5300986
-0.5456242 0.8379615 0.0105723 -29.0435798
-0.1996151 -0.1422088 0.9695040 -6.1883281
0.0000000 0.0000000 0.0000000 1.0000000
0.8060694 0.5372635 0.2481774 74.4449092
-0.5563621 0.8308966 0.0083066 -29.5333607
-0.2017467 -0.1447731 0.9686830 -6.4466097
0.0000000 0.0000000 0.0000000 1.0000000
0.8068244 0.5329524 0.2549266 75.2812858
-0.5532679 0.8329444 0.0097097 -30.0065459
-0.2071648 -0.1488776 0.9669157 -6.6514272
0.0000000 0.0000000 0.0000000 1.0000000
0.8097946 0.5248517 0.2622109 76.1147153
-0.5459737 0.8377483 0.0092989 -30.5866581
-0.2147861 -0.1506914 0.9649698 -6.8815864
0.0000000 0.0000000 0.0000000 1.0000000
0.8181800 0.5130735 0.2594762 76.9244273
-0.5342659 0.8452078 0.0134022 -31.1223286
-0.2124348 -0.1495958 0.9656605 -7.0928422
0.0000000 0.0000000 0.0000000 1.0000000
0.8219463 0.5020631 0.2689383 77.8651742
-0.5234652 0.8519934 0.0093380 -31.7650981
-0.2244453 -0.1484562 0.9631162 -7.3053236
0.0000000 0.0000000 0.0000000 1.0000000
0.8318730 0.4869710 0.2661548 78.4472877
-0.5071088 0.8618417 0.0081280 -32.0358391
-0.2254252 -0.1417318 0.9639001 -7.4696647
0.0000000 0.0000000 0.0000000 1.0000000
0.8429924 0.4619636 0.2755809 79.4304723
-0.4836579 0.8751666 0.0124474 -32.5569912
-0.2354290 -0.1437810 0.9612012 -7.7008207
0.0000000 0.0000000 0.0000000 1.0000000
0.8475239 0.4488145 0.2833028 80.3284039
-0.4705156 0.8823353 0.0097895 -32.9186499
-0.2455746 -0.1415963 0.9589845 -7.9283833
0.0000000 0.0000000 0.0000000 1.0000000
0.8491213 0.4443054 0.2856168 81.0081502
-0.4675017 0.8838641 0.0149358 -33.2851125
-0.2458104 -0.1462098 0.9582316 -8.1253671
0.0000000 0.0000000 0.0000000 1.0000000
0.8382898 0.4595259 0.2934236 81.8682190
-0.4853613 0.8741326 0.0176960 -33.6763705
-0.2483594 -0.1572521 0.9558228 -8.3237931
0.0000000 0.0000000 0.0000000 1.0000000
0.8447302 0.4428427 0.3005182 83.0061648
-0.4711492 0.8816932 0.0251177 -34.3781687
-0.2538418 -0.1628079 0.9534492 -8.6253392
0.0000000 0.0000000 0.0000000 1.0000000
0.8414245 0.4484634 0.3014561 83.8146172
-0.4777891 0.8780445 0.0273942 -34.7433634
-0.2524068 -0.1670839 0.9530904 -8.8601419
0.0000000 0.0000000 0.0000000 1.0000000
0.8460795 0.4372859 0.3048290 84.1354846
-0.4678591 0.8832362 0.0315749 -35.0583084
-0.2554289 -0.1693333 0.9518876 -8.9509142
0.0000000 0.0000000 0.0000000 1.0000000
0.8462530 0.4347829 0.3079125 84.9620673
-0.4659436 0.8842319 0.0320311 -35.4037429
-0.2583397 -0.1705776 0.9508794 -9.1929325
0.0000000 0.0000000 0.0000000 1.0000000
0.8502684 0.4253433 0.3100272 85.5140156
-0.4572560 0.8886479 0.0348856 -35.7238144
-0.2606670 -0.1714254 0.9500915 -9.3905737
0.0000000 0.0000000 0.0000000 1.0000000
0.8531843 0.4182752 0.3116285 86.0616140
-0.4515112 0.8913770 0.0397497 -36.1206485
-0.2611523 -0.1746191 0.9493763 -9.5508888
0.0000000 0.0000000 0.0000000 1.0000000
0.8535720 0.4166607 0.3127277 86.7261320
-0.4496016 0.8924096 0.0381825 -36.4229624
-0.2631724 -0.1731959 0.9490792 -9.7723494
0.0000000 0.0000000 0.0000000 1.0000000
0.8516234 0.4171370 0.3173707 87.2276449
-0.4509050 0.8917652 0.0378690 -36.7673400
-0.2672240 -0.1753557 0.9475490 -9.9142903
0.0000000 0.0000000 0.0000000 1.0000000
0.8506723 0.4165885 0.3206246 87.8412163
-0.4520691 0.8910020 0.0417531 -37.0625573
-0.2682837 -0.1804643 0.9462895 -10.1034215
0.0000000 0.0000000 0.0000000 1.0000000
0.8612272 0.3950236 0.3197394 88.3978933
-0.4319449 0.9004535 0.0510044 -37.4096743
-0.2677628 -0.1820379 0.9461358 -10.2563824
0.0000000 0.0000000 0.0000000 1.0000000
0.8599680 0.3966444 0.3211184 88.4956174
-0.4329725 0.9001418 0.0476839 -37.4421740
-0.2701388 -0.1800437 0.9458420 -10.3005324
0.0000000 0.0000000 0.0000000 1.0000000
0.8671231 0.3806358 0.3212521 88.9644391
-0.4175106 0.9071743 0.0520961 -37.7641687
-0.2716022 -0.1793016 0.9455640 -10.4607896
0.0000000 0.0000000 0.0000000 1.0000000
0.8636974 0.3853016 0.3248983 89.2353924
-0.4240175 0.9039683 0.0551804 -37.8682361
-0.2724370 -0.1854234 0.9441421 -10.5258498
0.0000000 0.0000000 0.0000000 1.0000000
0.8710754 0.3646432 0.3290169 89.7769873
-0.4035504 0.9132193 0.0563173 -38.1583323
-0.2799292 -0.1818332 0.9426476 -10.7097904
0.0000000 0.0000000 0.0000000 1.0000000
0.8629466 0.3805105 0.3324509 90.2816329
-0.4202412 0.9057948 0.0541051 -38.3999846
-0.2805449 -0.1864011 0.9415718 -10.8423159
0.0000000 0.0000000 0.0000000 1.0000000
0.8566288 0.3935275 0.3336337 90.4084400
-0.4334031 0.8997200 0.0515752 -38.5475515
-0.2798807 -0.1887805 0.9412954 -10.8928429
0.0000000 0.0000000 0.0000000 1.0000000
0.8446314 0.4188155 0.3334352 90.7568786
-0.4594955 0.8867597 0.0501505 -38.8179494
-0.2746731 -0.1955725 0.9414427 -11.0121302
0.0000000 0.0000000 0.0000000 1.0000000
0.8584208 0.3934115 0.3291343 90.6833982
-0.4321991 0.9003262 0.0510906 -38.8817678
-0.2762288 -0.1861104 0.9429045 -11.0100694
0.0000000 0.0000000 0.0000000 1.0000000
0.8530414 0.4019050 0.3328370 91.0386692
-0.4422614 0.8953530 0.0523572 -39.0820930
-0.2769641 -0.1918656 0.9415344 -11.1681776
0.0000000 0.0000000 0.0000000 1.0000000
0.8479412 0.4099932 0.3359883 91.3876345
-0.4498615 0.8918546 0.0470505 -39.2387560
-0.2803621 -0.1910460 0.9406950 -11.2923867
0.0000000 0.0000000 0.0000000 1.0000000
0.8432181 0.4208304 0.3344729 91.4466889
-0.4606173 0.8864032 0.0459886 -39.3869326
-0.2771243 -0.1928441 0.9412874 -11.3480992
0.0000000 0.0000000 0.0000000 1.0000000
0.8400070 0.4250589 0.3371957 91.7170879
-0.4657869 0.8836745 0.0464321 -39.6209205
-0.2782348 -0.1960663 0.9402937 -11.4141423
0.0000000 0.0000000 0.0000000 1.0000000
0.8371827 0.4263423 0.3425574 91.7817969
-0.4702254 0.8809638 0.0527753 -39.7311745
-0.2792803 -0.2052635 0.9380183 -11.4084447
0.0000000 0.0000000 0.0000000 1.0000000
0.8339784 0.4290780 0.3469291 91.7496301
-0.4745567 0.8785505 0.0542183 -39.7150336
-0.2815308 -0.2098563 0.9363278 -11.3989320
0.0000000 0.0000000 0.0000000 1.0000000
0.8245669 0.4489463 0.3442732 91.6172246
-0.4949052 0.8672358 0.0544531 -39.7688466
-0.2741193 -0.2152847 0.9372941 -11.3900057
0.0000000 0.0000000 0.0000000 1.0000000
0.8196715 0.4555758 0.3472421 91.7728125
-0.5025930 0.8628062 0.0544119 -39.9272724
-0.2748136 -0.2191233 0.9362007 -11.4539362
0.0000000 0.0000000 0.0000000 1.0000000
0.8028862 0.4839856 0.3480216 91.7825484
-0.5306232 0.8462862 0.0472567 -40.0471635
-0.2716540 -0.2226119 0.9362998 -11.4455792
0.0000000 0.0000000 0.0000000 1.0000000
0.7857392 0.5097053 0.3504305 91.9294332
-0.5577391 0.8287865 0.0451081 -39.9754103
-0.2674398 -0.2308937 0.9355070 -11.5147630
0.0000000 0.0000000 0.0000000 1.0000000
0.7649039 0.5400850 0.3510238 91.9770345
-0.5886802 0.8073418 0.0406160 -40.3173224
-0.2614597 -0.2377098 0.9354904 -11.5293098
0.0000000 0.0000000 0.0000000 1.0000000
0.7497630 0.5594441 0.3533632 92.0674017
-0.6084369 0.7927886 0.0358525 -40.3267432
-0.2600846 -0.2418816 0.9348043 -11.5778509
0.0000000 0.0000000 0.0000000 1.0000000
0.7262078 0.5879630 0.3562433 92.3717613
-0.6370611 0.7703268 0.0272893 -40.7052132
-0.2583783 -0.2467679 0.9340000 -11.7041597
0.0000000 0.0000000 0.0000000 1.0000000
0.7004587 0.6180532 0.3568695 92.4873461
-0.6673723 0.7444342 0.0206601 -40.9037308
-0.2528966 -0.2526377 0.9339312 -11.7506164
0.0000000 0.0000000 0.0000000 1.0000000
0.6695192 0.6534076 0.3532571 92.6296022
-0.7032083 0.7107488 0.0181430 -41.1133062
-0.2392220 -0.2605617 0.9353559 -11.8012894
0.0000000 0.0000000 0.0000000 1.0000000
0.6435913 0.6774158 0.3562110 92.6002891
-0.7299937 0.6831642 0.0197566 -41.1908301
-0.2299669 -0.2727482 0.9342023 -11.7608941
0.0000000 0.0000000 0.0000000 1.0000000
0.6070586 0.7100789 0.3567292 92.8017834
-0.7625772 0.6468116 0.0102258 -41.5302466
-0.2234753 -0.2782425 0.9341574 -11.8387594
0.0000000 0.0000000 0.0000000 1.0000000
0.5786276 0.7332551 0.3570927 92.8195027
-0.7856372 0.6186769 0.0026590 -41.9100431
-0.2189751 -0.2820851 0.9340707 -11.8549170
0.0000000 0.0000000 0.0000000 1.0000000
0.5552848 0.7511173 0.3570297 93.0174087
-0.8044829 0.5939683 0.0016328 -42.0893435
-0.2108379 -0.2881321 0.9340972 -11.9033984
0.0000000 0.0000000 0.0000000 1.0000000
0.5334198 0.7664122 0.3578602 93.0465549
-0.8212411 0.5705711 0.0021778 -42.2917833
-0.2025156 -0.2950523 0.9337784 -11.9016076
0.0000000 0.0000000 0.0000000 1.0000000
0.4994399 0.7897089 0.3562417 93.3407319
-0.8454531 0.5340413 0.0014633 -42.7384227
-0.1890922 -0.3019176 0.9343985 -11.9981043
0.0000000 0.0000000 0.0000000 1.0000000
0.4560388 0.8148276 0.3578727 93.3927285
-0.8725431 0.4885300 -0.0004145 -42.8095072
-0.1751692 -0.3120715 0.9337762 -12.0524991
0.0000000 0.0000000 0.0000000 1.0000000
0.4019317 0.8445233 0.3538644 93.4316174
-0.9014348 0.4328134 -0.0090431 -43.1045661
-0.1607943 -0.3153519 0.9352590 -12.1012920
0.0000000 0.0000000 0.0000000 1.0000000
0.3472011 0.8670356 0.3573360 93.6125310
-0.9265332 0.3760101 -0.0120752 -43.6018118
-0.1448315 -0.3268920 0.9339040 -12.1452913
0.0000000 0.0000000 0.0000000 1.0000000
0.3049726 0.8832824 0.3560794 93.5045524
-0.9430342 0.3322755 -0.0165356 -43.9006310
-0.1329221 -0.3307529 0.9343156 -12.1166230
0.0000000 0.0000000 0.0000000 1.0000000
0.2629066 0.8964955 0.3566008 93.5706083
-0.9573333 0.2883441 -0.0190816 -44.1704873
-0.1199303 -0.3363698 0.9340683 -12.1580915
0.0000000 0.0000000 0.0000000 1.0000000
0.2292017 0.9057638 0.3564366 93.4648903
-0.9668675 0.2541317 -0.0240448 -44.7136559
-0.1123608 -0.3391165 0.9340165 -12.1581989
0.0000000 0.0000000 0.0000000 1.0000000
0.1953466 0.9125750 0.3592146 93.4937521
-0.9754904 0.2186160 -0.0248852 -45.2378977
-0.1012397 -0.3455498 0.9329296 -12.1709034
0.0000000 0.0000000 0.0000000 1.0000000
0.1515417 0.9201473 0.3610435 93.4863108
-0.9841264 0.1745746 -0.0318326 -45.7492905
-0.0923199 -0.3504890 0.9320120 -12.1321867
0.0000000 0.0000000 0.0000000 1.0000000
0.0965292 0.9256913 0.3657393 93.3590470
-0.9927059 0.1161924 -0.0320666 -45.9393637
-0.0721801 -0.3599767 0.9301712 -12.1133757
0.0000000 0.0000000 0.0000000 1.0000000
0.0559371 0.9274547 0.3697119 93.2652755
-0.9965949 0.0743179 -0.0356353 -46.1802680
-0.0605266 -0.3664603 0.9284693 -12.0805870
0.0000000 0.0000000 0.0000000 1.0000000
0.0095443 0.9278349 0.3728526 93.1274223
-0.9990986 0.0242475 -0.0347506 -46.1838935
-0.0412837 -0.3721856 0.9272462 -12.0534407
0.0000000 0.0000000 0.0000000 1.0000000
-0.0148958 0.9252230 0.3791152 93.0287545
-0.9993836 -0.0017547 -0.0349712 -46.2750614
-0.0316911 -0.3794032 0.9246951 -11.9939466
0.0000000 0.0000000 0.0000000 1.0000000
-0.0407318 0.9269157 0.3730359 93.0003478
-0.9988220 -0.0279540 -0.0395878 -46.3914656
-0.0262670 -0.3742096 0.9269786 -11.9746625
0.0000000 0.0000000 0.0000000 1.0000000
-0.0631917 0.9271733 0.3692477 92.8835741
-0.9978177 -0.0516469 -0.0410646 -46.4427536
-0.0190037 -0.3710373 0.9284300 -11.9057201
0.0000000 0.0000000 0.0000000 1.0000000
-0.0830777 0.9260693 0.3680777 92.8129977
-0.9964145 -0.0713167 -0.0454536 -46.5251363
-0.0158434 -0.3705346 0.9286901 -11.8605936
0.0000000 0.0000000 0.0000000 1.0000000
-0.1040782 0.9222815 0.3722264 92.7017538
-0.9945295 -0.0932404 -0.0470403 -46.5990313
-0.0086781 -0.3750864 0.9269560 -11.7825405
0.0000000 0.0000000 0.0000000 1.0000000
-0.1117577 0.9186850 0.3788354 92.7192676
-0.9936650 -0.0988222 -0.0534743 -46.6562993
-0.0116891 -0.3824121 0.9239247 -11.8037582
0.0000000 0.0000000 0.0000000 1.0000000
-0.1347863 0.9135938 0.3836242 92.6169898
-0.9908250 -0.1204555 -0.0612502 -46.7454919
-0.0097486 -0.3883608 0.9214627 -11.7142363
0.0000000 0.0000000 0.0000000 1.0000000
-0.1336649 0.9118698 0.3880922 92.3295078
-0.9909204 -0.1172900 -0.0656878 -47.0860794
-0.0143800 -0.3933493 0.9192836 -11.5886704
0.0000000 0.0000000 0.0000000 1.0000000
-0.1368452 0.9109128 0.3892294 92.2420653
-0.9904484 -0.1191595 -0.0693395 -47.2429467
-0.0167825 -0.3950012 0.9185343 -11.5127643
0.0000000 0.0000000 0.0000000 1.0000000
-0.1350892 0.9094921 0.3931457 92.1949583
-0.9907402 -0.1185930 -0.0660666 -47.4378655
-0.0134632 -0.3984310 0.9171065 -11.5011443
0.0000000 0.0000000 0.0000000 1.0000000
-0.1391733 0.9080368 0.3950805 92.0637636
-0.9901623 -0.1218222 -0.0687963 -47.7053994
-0.0143406 -0.4007692 0.9160739 -11.4566674
0.0000000 0.0000000 0.0000000 1.0000000
-0.1336378 0.9054536 0.4028436 92.0251473
-0.9909434 -0.1167562 -0.0662912 -47.9520671
-0.0129897 -0.4080550 0.9128721 -11.4480270
0.0000000 0.0000000 0.0000000 1.0000000
-0.1257971 0.9066279 0.4027265 91.8960638
-0.9919321 -0.1085805 -0.0653914 -48.3901239
-0.0155580 -0.4077041 0.9129887 -11.4558650
0.0000000 0.0000000 0.0000000 1.0000000
-0.1352533 0.9055265 0.4021397 91.7796621
-0.9906366 -0.1160144 -0.0719346 -49.1746738
-0.0184853 -0.4081045 0.9127554 -11.4122328
0.0000000 0.0000000 0.0000000 1.0000000
-0.1394172 0.9027078 0.4070255 91.6891365
-0.9899532 -0.1173034 -0.0789157 -49.7577359
-0.0234931 -0.4139392 0.9100087 -11.3734274
0.0000000 0.0000000 0.0000000 1.0000000
-0.1467696 0.9009977 0.4082274 91.6926426
-0.9888708 -0.1235124 -0.0829111 -50.2136798
-0.0242823 -0.4158537 0.9091147 -11.3964940
0.0000000 0.0000000 0.0000000 1.0000000
-0.1522152 0.8977501 0.4133558 91.5565929
-0.9880040 -0.1272249 -0.0874986 -51.1238412
-0.0259636 -0.4217168 0.9063632 -11.3554703
0.0000000 0.0000000 0.0000000 1.0000000
-0.1675386 0.8910051 0.4219342 91.5193377
-0.9855878 -0.1412556 -0.0930464 -51.6257433
-0.0233051 -0.4314432 0.9018465 -11.3599176
0.0000000 0.0000000 0.0000000 1.0000000
-0.1948132 0.8817492 0.4295980 91.5506364
-0.9807390 -0.1688740 -0.0981182 -52.3638436
-0.0139687 -0.4404395 0.8976813 -11.3955077
0.0000000 0.0000000 0.0000000 1.0000000
-0.2051549 0.8749275 0.4386363 91.4652198
-0.9785972 -0.1760545 -0.1065214 -52.9258689
-0.0159756 -0.4511033 0.8923366 -11.3846421
0.0000000 0.0000000 0.0000000 1.0000000
-0.2148248 0.8709063 0.4419977 91.3843683
-0.9765817 -0.1861648 -0.1078223 -53.6333058
-0.0116198 -0.4548117 0.8905199 -11.4146671
0.0000000 0.0000000 0.0000000 1.0000000
-0.2268591 0.8664536 0.4447275 91.1543365
-0.9738278 -0.1953372 -0.1161760 -54.9937520
-0.0137905 -0.4594457 0.8881069 -11.4160329
0.0000000 0.0000000 0.0000000 1.0000000
-0.2531187 0.8588648 0.4452772 90.8945172
-0.9674326 -0.2252668 -0.1154272 -55.8747697
0.0011687 -0.4599946 0.8879292 -11.3944051
0.0000000 0.0000000 0.0000000 1.0000000
-0.2480969 0.8534460 0.4583304 90.5281325
-0.9687330 -0.2189351 -0.1166966 -57.0323577
0.0007493 -0.4729539 0.8810951 -11.3257748
0.0000000 0.0000000 0.0000000 1.0000000
-0.2596642 0.8461824 0.4653372 90.1653520
-0.9656860 -0.2297585 -0.1210565 -58.0947461
0.0044782 -0.4808062 0.8768238 -11.1951278
0.0000000 0.0000000 0.0000000 1.0000000
-0.2670988 0.8412405 0.4700654 89.9616831
-0.9636556 -0.2355032 -0.1260930 -59.0541126
0.0046262 -0.4866630 0.8735860 -11.1537392
0.0000000 0.0000000 0.0000000 1.0000000
-0.2833736 0.8331700 0.4748852 89.7894092
-0.9589883 -0.2492390 -0.1349578 -59.8360402
0.0059159 -0.4936558 0.8696457 -11.0973115
0.0000000 0.0000000 0.0000000 1.0000000
-0.2793320 0.8316661 0.4798888 89.4407547
-0.9601659 -0.2455582 -0.1333195 -60.9401979
0.0069621 -0.4980163 0.8671481 -11.0235165
0.0000000 0.0000000 0.0000000 1.0000000
-0.2583473 0.8388814 0.4790847 89.1526798
-0.9660429 -0.2227176 -0.1309517 -61.8520605
-0.0031535 -0.4966505 0.8679531 -10.9880193
0.0000000 0.0000000 0.0000000 1.0000000
-0.2458700 0.8424491 0.4793899 88.9489733
-0.9691973 -0.2065244 -0.1341422 -62.6841137
-0.0140036 -0.4976081 0.8672971 -10.9335254
0.0000000 0.0000000 0.0000000 1.0000000
-0.2486572 0.8356581 0.4897270 88.7191853
-0.9685090 -0.2080859 -0.1366767 -63.5959408
-0.0123110 -0.5082941 0.8611039 -10.8146503
0.0000000 0.0000000 0.0000000 1.0000000
-0.2390664 0.8398448 0.4873348 88.4404448
-0.9707058 -0.1943831 -0.1411918 -64.5830972
-0.0238511 -0.5068163 0.8617324 -10.7593216
0.0000000 0.0000000 0.0000000 1.0000000
-0.2466317 0.8385535 0.4857859 88.1172646
-0.9686965 -0.1987570 -0.1487051 -65.5877618
-0.0281455 -0.5072576 0.8613431 -10.7139700
0.0000000 0.0000000 0.0000000 1.0000000
-0.2377508 0.8395929 0.4884112 87.8411112
-0.9702733 -0.1819218 -0.1595767 -66.4992217
-0.0451287 -0.5118350 0.8579060 -10.6769145
0.0000000 0.0000000 0.0000000 1.0000000
-0.2458874 0.8373008 0.4883168 87.5486901
-0.9682695 -0.1890233 -0.1634433 -67.6660882
-0.0445498 -0.5130142 0.8572316 -10.7309964
0.0000000 0.0000000 0.0000000 1.0000000
-0.2671583 0.8294490 0.4905375 87.1755512
-0.9626449 -0.2064944 -0.1751104 -69.0331362
-0.0439539 -0.5189990 0.8536523 -10.7268560
0.0000000 0.0000000 0.0000000 1.0000000
-0.2547253 0.8278734 0.4997273 87.0163945
-0.9658365 -0.1923728 -0.1736129 -69.6904913
-0.0475976 -0.5268822 0.8486130 -10.7385390
0.0000000 0.0000000 0.0000000 1.0000000
-0.2284440 0.8331268 0.5036860 86.7458218
-0.9718249 -0.1643371 -0.1689349 -70.8519334
-0.0579720 -0.5280902 0.8472157 -10.7990622
0.0000000 0.0000000 0.0000000 1.0000000
-0.2344180 0.8309205 0.5045846 86.6826611
-0.9706078 -0.1710049 -0.1693130 -71.3698979
-0.0544012 -0.5294472 0.8466054 -10.8158214
0.0000000 0.0000000 0.0000000 1.0000000
-0.2478770 0.8259450 0.5063184 86.4703280
-0.9671059 -0.1801919 -0.1795140 -72.3022363
-0.0570364 -0.5341648 0.8434628 -10.7992207
0.0000000 0.0000000 0.0000000 1.0000000
-0.2495652 0.8254830 0.5062429 86.2596172
-0.9666215 -0.1811122 -0.1811907 -72.9441867
-0.0578853 -0.5345679 0.8431497 -10.8247729
0.0000000 0.0000000 0.0000000 1.0000000
-0.2463028 0.8262921 0.5065202 86.1768089
-0.9668639 -0.1733096 -0.1874222 -73.5567091
-0.0670830 -0.5359021 0.8416197 -10.8268287
0.0000000 0.0000000 0.0000000 1.0000000
-0.2576359 0.8195744 0.5117694 86.0514022
-0.9643169 -0.1847152 -0.1896379 -74.2671202
-0.0608931 -0.5423689 0.8379396 -10.9057992
0.0000000 0.0000000 0.0000000 1.0000000
-0.2389508 0.8242763 0.5132808 85.8923636
-0.9681464 -0.1615497 -0.1912674 -74.8530999
-0.0747392 -0.5426378 0.8366440 -10.9370976
0.0000000 0.0000000 0.0000000 1.0000000
-0.2372297 0.8212957 0.5188270 85.7061683
-0.9678731 -0.1540404 -0.1987011 -75.6544091
-0.0832746 -0.5492999 0.8314746 -10.9062640
0.0000000 0.0000000 0.0000000 1.0000000
-0.2658636 0.8136310 0.5170174 85.6300064
-0.9618321 -0.1878884 -0.1989109 -76.3007685
-0.0647009 -0.5501705 0.8325510 -11.0220094
0.0000000 0.0000000 0.0000000 1.0000000
-0.2705053 0.8069204 0.5250641 85.4393942
-0.9604100 -0.1884796 -0.2051259 -77.0368678
-0.0665589 -0.5597681 0.8259811 -11.0367227
0.0000000 0.0000000 0.0000000 1.0000000
-0.2643182 0.8128850 0.5189794 85.1942758
-0.9610433 -0.1769394 -0.2123127 -77.5790418
-0.0807606 -0.5548833 0.8280080 -10.9787964
0.0000000 0.0000000 0.0000000 1.0000000
-0.2777462 0.8076414 0.5201520 84.9524637
-0.9575051 -0.1889684 -0.2178606 -78.5480073
-0.0776636 -0.5585616 0.8258282 -11.0026574
0.0000000 0.0000000 0.0000000 1.0000000
-0.2661459 0.8142354 0.5159192 84.6494848
-0.9591015 -0.1701942 -0.2261565 -79.2635834
-0.0963410 -0.5550127 0.8262531 -10.9472841
0.0000000 0.0000000 0.0000000 1.0000000
-0.2814358 0.8128835 0.5099019 84.3724652
-0.9555400 -0.1887255 -0.2265272 -80.0512991
-0.0879114 -0.5509874 0.8298790 -10.9298047
0.0000000 0.0000000 0.0000000 1.0000000
-0.2869071 0.8102632 0.5110220 84.0668624
-0.9544668 -0.1963111 -0.2245979 -80.9538819
-0.0816665 -0.5521949 0.8297145 -10.9661469
0.0000000 0.0000000 0.0000000 1.0000000
-0.2982251 0.8044365 0.5137404 83.7842062
-0.9519572 -0.2114822 -0.2214519 -81.8037777
-0.0694993 -0.5551044 0.8288810 -10.9484639
0.0000000 0.0000000 0.0000000 1.0000000
-0.2987845 0.8093202 0.5056820 83.4409098
-0.9520739 -0.2164895 -0.2160463 -82.8191231
-0.0653780 -0.5460006 0.8352389 -10.9347588
0.0000000 0.0000000 0.0000000 1.0000000
-0.2944931 0.8086652 0.5092348 83.1987632
-0.9533601 -0.2117440 -0.2150743 -83.7337879
-0.0660979 -0.5488250 0.8333289 -10.9848283
0.0000000 0.0000000 0.0000000 1.0000000
-0.3316542 0.7956892 0.5068234 82.9499819
-0.9426437 -0.2580542 -0.2117039 -84.3776395
-0.0376647 -0.5479695 0.8356589 -10.9661589
0.0000000 0.0000000 0.0000000 1.0000000
-0.3305546 0.7995949 0.5013656 82.5252900
-0.9429008 -0.2568553 -0.2120132 -85.1506210
-0.0407483 -0.5428236 0.8388666 -10.7610543
0.0000000 0.0000000 0.0000000 1.0000000
-0.3272414 0.8064671 0.4924529 82.4331947
-0.9435337 -0.2505011 -0.2167485 -85.6149556
-0.0514428 -0.5355782 0.8429263 -10.7570105
0.0000000 0.0000000 0.0000000 1.0000000
-0.3455852 0.8034350 0.4848183 82.3844142
-0.9371831 -0.2694097 -0.2215669 -86.1443857
-0.0474021 -0.5309371 0.8460933 -10.7376061
0.0000000 0.0000000 0.0000000 1.0000000
-0.3503042 0.8024687 0.4830288 82.1863822
-0.9356617 -0.2763744 -0.2194087 -86.4028428
-0.0425741 -0.5288146 0.8476779 -10.6458747
0.0000000 0.0000000 0.0000000 1.0000000
-0.3492937 0.8017718 0.4849141 81.9526605
-0.9362168 -0.2773802 -0.2157401 -86.6842015
-0.0384709 -0.5293448 0.8475431 -10.4597514
0.0000000 0.0000000 0.0000000 1.0000000
-0.3498565 0.8004093 0.4867560 81.7484566
-0.9361091 -0.2787876 -0.2143906 -87.1932389
-0.0359008 -0.5306659 0.8468295 -10.4590276
0.0000000 0.0000000 0.0000000 1.0000000
-0.3344575 0.8062645 0.4879160 81.5698694
-0.9414860 -0.2630027 -0.2107608 -87.6990102
-0.0416078 -0.5298598 0.8470731 -10.4162816
0.0000000 0.0000000 0.0000000 1.0000000
-0.3320799 0.8079565 0.4867389 81.3957369
-0.9423542 -0.2617580 -0.2084157 -88.1882678
-0.0409850 -0.5278942 0.8483297 -10.3497136
0.0000000 0.0000000 0.0000000 1.0000000
-0.3126528 0.8137602 0.4899267 81.0643875
-0.9484217 -0.2390664 -0.2081547 -88.9123088
-0.0522650 -0.5297407 0.8465568 -10.2421127
0.0000000 0.0000000 0.0000000 1.0000000
-0.3099252 0.8134333 0.4921972 80.8785079
-0.9491488 -0.2346394 -0.2098713 -89.5378992
-0.0552295 -0.5322161 0.8448141 -10.2134166
0.0000000 0.0000000 0.0000000 1.0000000
-0.3083106 0.8161177 0.4887560 80.6924637
-0.9489417 -0.2278607 -0.2181137 -90.1151804
-0.0666404 -0.5310514 0.8447243 -10.1903545
0.0000000 0.0000000 0.0000000 1.0000000
-0.3220009 0.8121844 0.4864756 80.3076101
-0.9447364 -0.2423069 -0.2207823 -90.9104184
-0.0614418 -0.5306872 0.8453472 -10.0830818
0.0000000 0.0000000 0.0000000 1.0000000
-0.3170412 0.8118935 0.4902042 79.9410282
-0.9461337 -0.2350093 -0.2226784 -91.6106017
-0.0655909 -0.5344009 0.8426918 -9.9875026
0.0000000 0.0000000 0.0000000 1.0000000
-0.3048514 0.8121696 0.4974259 79.7042145
-0.9494221 -0.2179329 -0.2260258 -92.2333822
-0.0751682 -0.5411754 0.8375529 -9.9740331
0.0000000 0.0000000 0.0000000 1.0000000
-0.3214061 0.8065819 0.4960953 79.3655075
-0.9445925 -0.2362628 -0.2278379 -93.0075107
-0.0665634 -0.5418401 0.8378513 -9.9788044
0.0000000 0.0000000 0.0000000 1.0000000
-0.2900542 0.8130106 0.5048451 79.0989154
-0.9535435 -0.2007009 -0.2246314 -93.6218181
-0.0813073 -0.5465508 0.8334792 -9.9652850
0.0000000 0.0000000 0.0000000 1.0000000
-0.2871147 0.8107914 0.5100676 78.9466765
-0.9543863 -0.1966357 -0.2246462 -94.2162123
-0.0818461 -0.5513048 0.8302894 -9.9462385
0.0000000 0.0000000 0.0000000 1.0000000
-0.2941858 0.8110147 0.5056643 78.6638277
-0.9523087 -0.2039332 -0.2269479 -95.0788063
-0.0809389 -0.5483169 0.8323545 -9.9538648
0.0000000 0.0000000 0.0000000 1.0000000
-0.2837194 0.8148499 0.5054792 78.4059429
-0.9545312 -0.1897300 -0.2299088 -95.8176206
-0.0914392 -0.5477287 0.8316541 -9.9445532
0.0000000 0.0000000 0.0000000 1.0000000
-0.2549769 0.8221993 0.5088827 78.3218973
-0.9617927 -0.1614165 -0.2211015 -96.4296056
-0.0996499 -0.5458186 0.8319666 -9.9957375
0.0000000 0.0000000 0.0000000 1.0000000
-0.2654624 0.8202484 0.5066643 78.1832122
-0.9589729 -0.1704387 -0.2265121 -97.0879064
-0.0994435 -0.5460110 0.8318651 -10.0250133
0.0000000 0.0000000 0.0000000 1.0000000
-0.2606434 0.8245212 0.5022111 78.0603763
-0.9593600 -0.1629625 -0.2303437 -97.7727306
-0.1080845 -0.5418416 0.8335118 -10.0879485
0.0000000 0.0000000 0.0000000 1.0000000
-0.2554811 0.8245794 0.5047620 77.8218694
-0.9606071 -0.1574588 -0.2289711 -98.6563394
-0.1093283 -0.5433785 0.8323485 -10.1252873
0.0000000 0.0000000 0.0000000 1.0000000
-0.2510704 0.8270892 0.5028658 77.6191960
-0.9605281 -0.1486144 -0.2351306 -99.5230068
-0.1197437 -0.5420539 0.8317789 -10.1519695
0.0000000 0.0000000 0.0000000 1.0000000
-0.2438182 0.8335032 0.4957946 77.3601859
-0.9594303 -0.1326882 -0.2487460 -100.6009760
-0.1415478 -0.5363318 0.8320636 -10.2735973
0.0000000 0.0000000 0.0000000 1.0000000
-0.2577315 0.8255485 0.5020274 77.3404291
-0.9577258 -0.1495646 -0.2457225 -101.2627042
-0.1277735 -0.5441378 0.8292197 -10.4011917
0.0000000 0.0000000 0.0000000 1.0000000
-0.2839795 0.8207582 0.4956797 77.2846054
-0.9501636 -0.1715583 -0.2602789 -101.9753177
-0.1285916 -0.5448931 0.8285967 -10.5256968
0.0000000 0.0000000 0.0000000 1.0000000
-0.2727297 0.8241853 0.4963107 77.0535018
-0.9539869 -0.1648757 -0.2504250 -102.9207573
-0.1245702 -0.5417751 0.8312515 -10.6289345
0.0000000 0.0000000 0.0000000 1.0000000
-0.2599127 0.8267999 0.4988331 76.9166902
-0.9568815 -0.1511600 -0.2480244 -103.6420875
-0.1296661 -0.5417917 0.8304610 -10.6758929
0.0000000 0.0000000 0.0000000 1.0000000
-0.2873494 0.8179565 0.4983618 76.8592346
-0.9496055 -0.1752847 -0.2598305 -104.4111030
-0.1251783 -0.5479122 0.8271273 -10.8238826
0.0000000 0.0000000 0.0000000 1.0000000
-0.2913091 0.8131930 0.5038284 76.5599983
-0.9490824 -0.1796794 -0.2587364 -105.4343048
-0.1198783 -0.5535501 0.8241532 -10.9912274
0.0000000 0.0000000 0.0000000 1.0000000
-0.2852337 0.8147987 0.5047099 76.3086669
-0.9485678 -0.1645480 -0.2704256 -106.4246673
-0.1372970 -0.5558894 0.8198499 -11.0698579
0.0000000 0.0000000 0.0000000 1.0000000
-0.3024841 0.8111508 0.5005246 76.2032750
-0.9443209 -0.1837327 -0.2729216 -106.9536409
-0.1294214 -0.5552139 0.8215869 -11.1158832
0.0000000 0.0000000 0.0000000 1.0000000
-0.3088197 0.8049894 0.5065661 76.0296562
-0.9424027 -0.1870585 -0.2772575 -107.8381523
-0.1284355 -0.5630156 0.8164159 -11.2529300
0.0000000 0.0000000 0.0000000 1.0000000
-0.3292717 0.8004567 0.5008354 75.9369583
-0.9359930 -0.2067977 -0.2848452 -108.5309566
-0.1244383 -0.5625739 0.8173390 -11.3795232
0.0000000 0.0000000 0.0000000 1.0000000
-0.3307210 0.8012033 0.4986823 75.8182399
-0.9356868 -0.2095766 -0.2838182 -109.2553523
-0.1228876 -0.5604793 0.8190111 -11.5158508
0.0000000 0.0000000 0.0000000 1.0000000
-0.3377411 0.7998969 0.4960679 75.5416138
-0.9337473 -0.2184095 -0.2835449 -110.0046708
-0.1184644 -0.5589713 0.8206919 -11.5586875
0.0000000 0.0000000 0.0000000 1.0000000
-0.3504003 0.7956219 0.4941589 75.3878147
