1.0000000 0.0000000 0.0000000 0.0000000
0.0000000 1.0000000 0.0000000 0.0000000
0.0000000 0.0000000 1.0000000 0.0000000
0.0000000 0.0000000 0.0000000 1.0000000
0.9999595 0.0053989 0.0072221 0.8961700
-0.0053612 0.9999722 -0.0052243 -0.0652648
-0.0072501 0.0051854 0.9999604 0.0129988
0.0000000 0.0000000 0.0000000 1.0000000
0.9990939 0.0422808 0.0049630 1.9119628
-0.0422582 0.9990966 -0.0045710 -0.3075428
-0.0051517 0.0043571 0.9999775 0.0301227
0.0000000 0.0000000 0.0000000 1.0000000
0.9985082 0.0539003 0.0087761 3.4387345
-0.0538800 0.9985446 -0.0025340 -0.4350381
-0.0088999 0.0020574 0.9999586 0.0206472
0.0000000 0.0000000 0.0000000 1.0000000
0.9974251 0.0713381 0.0073546 4.7342469
-0.0713473 0.9974514 0.0010016 -0.3916294
-0.0072644 -0.0015238 0.9999728 0.0172966
0.0000000 0.0000000 0.0000000 1.0000000
0.9980613 0.0614224 0.0100591 5.4866613
-0.0614169 0.9981116 -0.0008699 -0.5626280
-0.0100935 0.0002504 0.9999493 0.0174109
0.0000000 0.0000000 0.0000000 1.0000000
0.9982395 0.0570909 0.0160683 6.5847390
-0.0571378 0.9983626 0.0024624 -0.6282288
-0.0159014 -0.0033762 0.9998682 0.0764579
0.0000000 0.0000000 0.0000000 1.0000000
0.9989468 0.0423582 0.0176265 7.7398791
-0.0423929 0.9990994 0.0015924 -0.8196271
-0.0175431 -0.0023380 0.9998438 0.0614235
0.0000000 0.0000000 0.0000000 1.0000000
0.9992225 0.0360977 0.0158076 8.6147801
-0.0361366 0.9993445 0.0021908 -0.8209596
-0.0157182 -0.0027603 0.9998731 0.1013178
0.0000000 0.0000000 0.0000000 1.0000000
0.9994298 0.0262192 0.0212507 9.4389301
-0.0264211 0.9996077 0.0092737 -0.9749641
-0.0209992 -0.0098299 0.9997317 0.0810683
0.0000000 0.0000000 0.0000000 1.0000000
0.9997468 0.0131626 0.0182132 10.6791531
-0.0133866 0.9998354 0.0122388 -0.8693399
-0.0180491 -0.0124795 0.9997597 0.0642564
0.0000000 0.0000000 0.0000000 1.0000000
0.9996808 0.0100247 0.0231755 11.4391984
-0.0103278 0.9998619 0.0129954 -0.7065555
-0.0230420 -0.0132306 0.9996474 0.0863057
0.0000000 0.0000000 0.0000000 1.0000000
0.9996130 -0.0051781 0.0273063 12.6060977
0.0048465 0.9999134 0.0121964 -0.6903112
-0.0273671 -0.0120593 0.9995532 0.0727684
0.0000000 0.0000000 0.0000000 1.0000000
0.9983414 0.0485332 0.0309488 14.6469623
-0.0488899 0.9987449 0.0108742 -0.5907797
-0.0303822 -0.0123693 0.9994624 0.0520094
0.0000000 0.0000000 0.0000000 1.0000000
0.9984403 0.0427120 0.0359313 16.2187632
-0.0429480 0.9990603 0.0058242 -0.6428400
-0.0356487 -0.0073583 0.9993379 0.0372984
0.0000000 0.0000000 0.0000000 1.0000000
0.9984627 0.0331827 0.0443822 18.1155179
-0.0334710 0.9994232 0.0057733 -0.9064414
-0.0441650 -0.0072499 0.9989987 -0.0049562
0.0000000 0.0000000 0.0000000 1.0000000
0.9981757 0.0357328 0.0486571 19.4763892
-0.0359946 0.9993421 0.0045176 -0.7524181
-0.0484637 -0.0062608 0.9988061 -0.0605214
0.0000000 0.0000000 0.0000000 1.0000000
0.9978494 0.0416362 0.0506208 20.8432570
-0.0419988 0.9990991 0.0061230 -0.8561023
-0.0503203 -0.0082358 0.9987001 -0.1057825
0.0000000 0.0000000 0.0000000 1.0000000
0.9964407 0.0607346 0.0584587 22.1077030
-0.0611214 0.9981189 0.0048508 -0.9181141
-0.0580542 -0.0084066 0.9982790 -0.0899470
0.0000000 0.0000000 0.0000000 1.0000000
0.9952009 0.0753981 0.0623734 23.2871874
-0.0757356 0.9971234 0.0030600 -1.0793965
-0.0619633 -0.0077692 0.9980492 -0.1451296
0.0000000 0.0000000 0.0000000 1.0000000
0.9954167 0.0728019 0.0620214 24.5998849
-0.0733182 0.9972903 0.0060833 -1.0926258
-0.0614105 -0.0106027 0.9980574 -0.1972953
0.0000000 0.0000000 0.0000000 1.0000000
0.9941095 0.0873115 0.0642285 26.0702521
-0.0881454 0.9960550 0.0102549 -1.5759016
-0.0630799 -0.0158559 0.9978837 -0.3321202
0.0000000 0.0000000 0.0000000 1.0000000
0.9910922 0.1153130 0.0666427 27.3125200
-0.1164930 0.9930919 0.0140837 -1.4892037
-0.0645584 -0.0217216 0.9976786 -0.4032118
0.0000000 0.0000000 0.0000000 1.0000000
0.9902232 0.1217604 0.0680722 28.4108533
-0.1228119 0.9923639 0.0114645 -1.6568640
-0.0661565 -0.0197125 0.9976156 -0.4954241
0.0000000 0.0000000 0.0000000 1.0000000
0.9875941 0.1399585 0.0712093 29.9435320
-0.1413218 0.9898585 0.0144561 -1.7023261
-0.0684639 -0.0243401 0.9973577 -0.5582614
0.0000000 0.0000000 0.0000000 1.0000000
0.9866805 0.1450766 0.0735980 31.1255878
-0.1468777 0.9889597 0.0196514 -1.9137042
-0.0699346 -0.0301995 0.9970954 -0.6329261
0.0000000 0.0000000 0.0000000 1.0000000
0.9855810 0.1524399 0.0734427 31.9124005
-0.1544723 0.9877346 0.0228046 -1.8638138
-0.0690657 -0.0338207 0.9970397 -0.7030359
0.0000000 0.0000000 0.0000000 1.0000000
0.9821981 0.1728108 0.0736632 32.9604830
-0.1751794 0.9841686 0.0269599 -2.0189133
-0.0678381 -0.0393842 0.9969198 -0.8064970
0.0000000 0.0000000 0.0000000 1.0000000
0.9822974 0.1720471 0.0741305 34.3079116
-0.1743926 0.9843242 0.0263752 -2.2829737
-0.0684308 -0.0388361 0.9969009 -0.8877706
0.0000000 0.0000000 0.0000000 1.0000000
0.9791734 0.1879507 0.0767902 35.6529960
-0.1906309 0.9812305 0.0291431 -2.4001505
-0.0698714 -0.0431747 0.9966225 -0.9902378
0.0000000 0.0000000 0.0000000 1.0000000
0.9800262 0.1812161 0.0819271 36.6866141
-0.1840715 0.9824954 0.0286992 -2.7144760
-0.0752922 -0.0432064 0.9962263 -1.0909974
0.0000000 0.0000000 0.0000000 1.0000000
0.9776402 0.1908680 0.0882693 38.0446514
-0.1936832 0.9807615 0.0244366 -2.9748086
-0.0819069 -0.0409866 0.9957981 -1.2364394
0.0000000 0.0000000 0.0000000 1.0000000
0.9810243 0.1718768 0.0897352 38.7562486
-0.1747843 0.9842768 0.0255616 -3.2299878
-0.0839308 -0.0407609 0.9956390 -1.3320595
0.0000000 0.0000000 0.0000000 1.0000000
0.9789491 0.1791781 0.0977586 40.0362457
-0.1826187 0.9828041 0.0273926 -3.6675586
-0.0911693 -0.0446685 0.9948345 -1.4716677
0.0000000 0.0000000 0.0000000 1.0000000
0.9776194 0.1831499 0.1035337 41.0820560
-0.1870539 0.9819156 0.0292652 -3.8925181
-0.0963014 -0.0479767 0.9941967 -1.5413281
0.0000000 0.0000000 0.0000000 1.0000000
0.9700260 0.2177338 0.1079095 42.8876771
-0.2218056 0.9747153 0.0271425 -4.5844328
-0.0992711 -0.0502639 0.9937915 -1.7070634
0.0000000 0.0000000 0.0000000 1.0000000
0.9685478 0.2234239 0.1095437 43.5775780
-0.2278098 0.9732715 0.0291476 -4.7304975
-0.1001034 -0.0531860 0.9935560 -1.8250388
0.0000000 0.0000000 0.0000000 1.0000000
0.9661628 0.2296160 0.1175094 44.7976205
-0.2348236 0.9715000 0.0323861 -5.0007089
-0.1067239 -0.0588841 0.9925451 -1.9904377
0.0000000 0.0000000 0.0000000 1.0000000
0.9673789 0.2268250 0.1128291 46.1815283
-0.2315472 0.9723469 0.0304964 -5.2608118
-0.1027916 -0.0556268 0.9931479 -2.1987795
0.0000000 0.0000000 0.0000000 1.0000000
0.9610702 0.2492699 0.1192069 47.1790988
-0.2551280 0.9662213 0.0364556 -5.5927884
-0.1060929 -0.0654493 0.9922016 -2.2352004
0.0000000 0.0000000 0.0000000 1.0000000
0.9594362 0.2553721 0.1194515 48.1578699
-0.2613080 0.9645576 0.0367301 -5.8550123
-0.1058379 -0.0664538 0.9921620 -2.3332594
0.0000000 0.0000000 0.0000000 1.0000000
0.9591527 0.2575739 0.1169742 49.3596311
-0.2633069 0.9640311 0.0362678 -6.0635506
-0.1034250 -0.0655864 0.9924741 -2.5117074
0.0000000 0.0000000 0.0000000 1.0000000
0.9562589 0.2680809 0.1170570 50.4568928
-0.2744084 0.9607192 0.0414783 -6.4802152
-0.1013393 -0.0717854 0.9922603 -2.6114133
0.0000000 0.0000000 0.0000000 1.0000000
0.9587401 0.2588442 0.1175487 51.1186322
-0.2658855 0.9627832 0.0485284 -6.7653176
-0.1006125 -0.0777806 0.9918823 -2.6847055
0.0000000 0.0000000 0.0000000 1.0000000
0.9614299 0.2483998 0.1181137 52.0380032
-0.2556340 0.9654593 0.0504143 -7.0836350
-0.1015109 -0.0786637 0.9917211 -2.7794755
0.0000000 0.0000000 0.0000000 1.0000000
0.9640018 0.2397060 0.1150746 52.9558823
-0.2474312 0.9671605 0.0581375 -7.4610922
-0.0973595 -0.0845177 0.9916559 -2.8919496
0.0000000 0.0000000 0.0000000 1.0000000
0.9578623 0.2645679 0.1118178 54.3191835
-0.2723810 0.9602342 0.0613226 -7.8132324
-0.0911471 -0.0891957 0.9918365 -3.0345730
0.0000000 0.0000000 0.0000000 1.0000000
0.9528772 0.2810653 0.1141315 55.7741796
-0.2893999 0.9550511 0.0642429 -7.9463936
-0.0909447 -0.0942454 0.9913882 -3.1878974
0.0000000 0.0000000 0.0000000 1.0000000
0.9563234 0.2724828 0.1058205 56.6558689
-0.2808377 0.9568967 0.0740424 -8.4847569
-0.0810837 -0.1005270 0.9916267 -3.2887237
0.0000000 0.0000000 0.0000000 1.0000000
0.9671198 0.2318367 0.1045504 57.4233542
-0.2403851 0.9675251 0.0781907 -8.5886890
-0.0830274 -0.1007524 0.9914430 -3.3797665
0.0000000 0.0000000 0.0000000 1.0000000
0.9725932 0.2080402 0.1038368 58.9697147
-0.2170547 0.9724828 0.0846690 -8.8745491
-0.0833647 -0.1048869 0.9909859 -3.5372839
0.0000000 0.0000000 0.0000000 1.0000000
0.9717116 0.2123255 0.1034165 60.5658780
-0.2219961 0.9705862 0.0931895 -9.3415185
-0.0805878 -0.1135115 0.9902650 -3.6065671
0.0000000 0.0000000 0.0000000 1.0000000
0.9851568 0.1410383 0.0978506 61.6084466
-0.1508872 0.9832912 0.1018616 -9.4745414
-0.0818490 -0.1151142 0.9899767 -3.6865201
0.0000000 0.0000000 0.0000000 1.0000000
0.9860704 0.1316241 0.1016893 63.2828578
-0.1421281 0.9843637 0.1040783 -9.7640633
-0.0863998 -0.1170816 0.9893590 -3.7613690
0.0000000 0.0000000 0.0000000 1.0000000
0.9857830 0.1347297 0.1004003 65.3611509
-0.1460037 0.9825784 0.1150073 -10.0009145
-0.0831560 -0.1280312 0.9882800 -3.9395750
0.0000000 0.0000000 0.0000000 1.0000000
0.9913061 0.0820710 0.1028467 67.0030948
-0.0947565 0.9875922 0.1252479 -10.0718288
-0.0912911 -0.1339045 0.9867826 -4.0642109
0.0000000 0.0000000 0.0000000 1.0000000
0.9928239 0.0593408 0.1038244 68.7769556
-0.0731734 0.9881473 0.1349605 -10.0274533
-0.0945849 -0.1415894 0.9853987 -4.1871671
0.0000000 0.0000000 0.0000000 1.0000000
0.9941216 0.0324692 0.1032899 70.6005429
-0.0467840 0.9891391 0.1393534 -10.1736830
-0.0976431 -0.1433667 0.9848433 -4.3536833
0.0000000 0.0000000 0.0000000 1.0000000
0.9944449 0.0285666 0.1013143 72.2405014
-0.0428423 0.9889874 0.1416759 -10.1880119
-0.0961512 -0.1452295 0.9847172 -4.4758672
0.0000000 0.0000000 0.0000000 1.0000000
0.9947177 0.0019678 0.1026298 73.8244984
-0.0173128 0.9887090 0.1488567 -10.2042653
-0.1011778 -0.1498474 0.9835209 -4.6035973
0.0000000 0.0000000 0.0000000 1.0000000
0.9948841 -0.0124080 0.1002630 75.2218067
-0.0025143 0.9890806 0.1473672 -10.1664612
-0.1009965 -0.1468655 0.9839892 -4.7358107
0.0000000 0.0000000 0.0000000 1.0000000
0.9954283 0.0052662 0.0953727 76.9490908
-0.0194332 0.9887612 0.1482479 -10.1445799
-0.0935199 -0.1494237 0.9843430 -4.8657007
0.0000000 0.0000000 0.0000000 1.0000000
0.9955392 0.0024080 0.0943272 78.8446043
-0.0168072 0.9882130 0.1521729 -10.1609927
-0.0928487 -0.1530796 0.9838446 -5.0487521
0.0000000 0.0000000 0.0000000 1.0000000
0.9956970 0.0198360 0.0905287 79.9344660
-0.0334940 0.9878206 0.1519616 -10.1448811
-0.0864116 -0.1543400 0.9842341 -5.1126120
0.0000000 0.0000000 0.0000000 1.0000000
0.9952554 0.0405976 0.0884316 80.9893630
-0.0543296 0.9858001 0.1589039 -10.1970974
-0.0807246 -0.1629544 0.9833280 -5.1611940
0.0000000 0.0000000 0.0000000 1.0000000
0.9924330 0.0858529 0.0877952 82.1946244
-0.0984313 0.9836550 0.1507895 -10.4741624
-0.0734144 -0.1582903 0.9846620 -5.1909269
0.0000000 0.0000000 0.0000000 1.0000000
0.9923692 0.0882518 0.0861210 83.4335713
-0.1006427 0.9832166 0.1521805 -10.6172275
-0.0712453 -0.1596867 0.9845958 -5.2462653
0.0000000 0.0000000 0.0000000 1.0000000
0.9918183 0.0940632 0.0863201 84.6811482
-0.1063502 0.9827927 0.1510340 -10.8602646
-0.0706280 -0.1589784 0.9847549 -5.2869437
0.0000000 0.0000000 0.0000000 1.0000000
0.9910568 0.1070952 0.0796181 85.6990359
-0.1183842 0.9809292 0.1541650 -11.0199497
-0.0615893 -0.1622118 0.9848344 -5.3348495
0.0000000 0.0000000 0.0000000 1.0000000
0.9893978 0.1205109 0.0810615 87.0545844
-0.1316706 0.9798050 0.1504930 -11.2748463
-0.0612883 -0.1595709 0.9852846 -5.3797961
0.0000000 0.0000000 0.0000000 1.0000000
0.9807001 0.1810067 0.0739280 88.1321000
-0.1902839 0.9705010 0.1480632 -11.3315328
-0.0449467 -0.1592729 0.9862135 -5.4718828
0.0000000 0.0000000 0.0000000 1.0000000
0.9784074 0.1931280 0.0736374 89.7245991
-0.2021784 0.9682799 0.1468350 -11.5593945
-0.0429436 -0.1585523 0.9864189 -5.4481322
0.0000000 0.0000000 0.0000000 1.0000000
0.9761154 0.2035969 0.0758281 90.6676213
-0.2128592 0.9660888 0.1461747 -11.5429529
-0.0434959 -0.1588240 0.9863511 -5.4625365
0.0000000 0.0000000 0.0000000 1.0000000
0.9767129 0.2032554 0.0687140 92.1551026
-0.2112663 0.9669441 0.1427899 -11.8507469
-0.0374197 -0.1539816 0.9873676 -5.5083687
0.0000000 0.0000000 0.0000000 1.0000000
0.9824166 0.1734345 0.0691372 93.1228422
-0.1816063 0.9736068 0.1382512 -11.8544263
-0.0433348 -0.1483761 0.9879839 -5.5533683
0.0000000 0.0000000 0.0000000 1.0000000
0.9794100 0.1896291 0.0692725 94.9122835
-0.1976663 0.9705020 0.1380499 -12.0767206
-0.0410508 -0.1489004 0.9880025 -5.6529233
0.0000000 0.0000000 0.0000000 1.0000000
0.9755671 0.2100442 0.0644389 95.6574715
-0.2169449 0.9672908 0.1314822 -11.9041495
-0.0347140 -0.1422494 0.9892248 -5.6971453
0.0000000 0.0000000 0.0000000 1.0000000
0.9740610 0.2174066 0.0627835 96.6456734
-0.2239830 0.9657901 0.1307130 -12.1773909
-0.0322178 -0.1413850 0.9894331 -5.7268416
0.0000000 0.0000000 0.0000000 1.0000000
0.9769191 0.2055259 0.0582193 97.7888797
-0.2115480 0.9686422 0.1303236 -12.3261067
-0.0296088 -0.1396320 0.9897636 -5.7467836
0.0000000 0.0000000 0.0000000 1.0000000
0.9818688 0.1812260 0.0556051 98.5757733
-0.1869652 0.9742069 0.1263691 -12.3028947
-0.0312695 -0.1344742 0.9904266 -5.7805335
0.0000000 0.0000000 0.0000000 1.0000000
0.9797348 0.1912515 0.0595274 99.3917129
-0.1973658 0.9724441 0.1241093 -12.4053423
-0.0341510 -0.1333430 0.9904845 -5.8309762
0.0000000 0.0000000 0.0000000 1.0000000
0.9841222 0.1673780 0.0590679 100.3269222
-0.1734703 0.9774441 0.1204791 -12.3795359
-0.0375701 -0.1288128 0.9909603 -5.8620060
0.0000000 0.0000000 0.0000000 1.0000000
0.9827642 0.1752757 0.0587677 101.4478689
-0.1812846 0.9759925 0.1207425 -12.4250346
-0.0361936 -0.1293153 0.9909461 -5.9387153
0.0000000 0.0000000 0.0000000 1.0000000
0.9800736 0.1906483 0.0557694 102.4999952
-0.1961609 0.9731129 0.1207336 -12.4358620
-0.0312523 -0.1292677 0.9911204 -6.0186488
0.0000000 0.0000000 0.0000000 1.0000000
0.9779327 0.2003724 0.0591601 103.4154897
-0.2059514 0.9721498 0.1118608 -12.6657385
-0.0350987 -0.1215765 0.9919646 -6.0379237
0.0000000 0.0000000 0.0000000 1.0000000
0.9775633 0.2008335 0.0635390 104.5818571
-0.2067986 0.9723855 0.1081878 -12.8425838
-0.0400567 -0.1189003 0.9921013 -6.0534805
0.0000000 0.0000000 0.0000000 1.0000000
0.9688388 0.2400420 0.0610987 106.2652823
-0.2454550 0.9635050 0.1068362 -12.9953930
-0.0332238 -0.1185041 0.9924009 -6.1196431
0.0000000 0.0000000 0.0000000 1.0000000
0.9645416 0.2568834 0.0605936 107.1361359
-0.2621176 0.9591943 0.1060398 -13.1708826
-0.0308812 -0.1181625 0.9925173 -6.1856144
0.0000000 0.0000000 0.0000000 1.0000000
0.9635965 0.2599101 0.0626856 108.5406473
-0.2653489 0.9583963 0.1052153 -13.5701608
-0.0327311 -0.1180187 0.9924752 -6.2359002
0.0000000 0.0000000 0.0000000 1.0000000
0.9611463 0.2674944 0.0681629 109.6945203
-0.2734006 0.9565448 0.1013818 -13.9221595
-0.0380818 -0.1160786 0.9925132 -6.2275021
0.0000000 0.0000000 0.0000000 1.0000000
0.9556785 0.2856657 0.0712450 110.6342905
-0.2917268 0.9514317 0.0983746 -13.9099271
-0.0396825 -0.1147986 0.9925995 -6.2553678
0.0000000 0.0000000 0.0000000 1.0000000
0.9492091 0.3062943 0.0720253 111.7452650
-0.3121559 0.9454358 0.0933491 -14.1337134
-0.0395031 -0.1110910 0.9930285 -6.3165481
0.0000000 0.0000000 0.0000000 1.0000000
0.9499860 0.3030610 0.0753834 113.0784591
-0.3091751 0.9467154 0.0902501 -14.5282708
-0.0440154 -0.1090431 0.9930658 -6.3611282
0.0000000 0.0000000 0.0000000 1.0000000
0.9368060 0.3424923 0.0713777 114.2929513
-0.3478811 0.9335516 0.0863969 -14.9438697
-0.0370445 -0.1057682 0.9937043 -6.4340331
0.0000000 0.0000000 0.0000000 1.0000000
0.9454757 0.3186174 0.0675241 115.2365104
-0.3237608 0.9419910 0.0885220 -15.2100754
-0.0354025 -0.1055572 0.9937866 -6.4630270
0.0000000 0.0000000 0.0000000 1.0000000
0.9464895 0.3157042 0.0670053 116.6864620
-0.3207451 0.9431743 0.0868840 -15.4728557
-0.0357681 -0.1037265 0.9939664 -6.4954200
0.0000000 0.0000000 0.0000000 1.0000000
0.9410802 0.3311565 0.0685940 117.6937833
-0.3362743 0.9378389 0.0859178 -15.7740787
-0.0358780 -0.1039220 0.9939421 -6.5377473
0.0000000 0.0000000 0.0000000 1.0000000
0.9427736 0.3264585 0.0678578 118.7169864
-0.3314013 0.9398542 0.0827719 -16.1968914
-0.0367549 -0.1005233 0.9942596 -6.5618619
0.0000000 0.0000000 0.0000000 1.0000000
0.9387973 0.3372260 0.0702852 120.0117958
-0.3423816 0.9359107 0.0827699 -16.6787510
-0.0378685 -0.1017686 0.9940911 -6.5548428
0.0000000 0.0000000 0.0000000 1.0000000
0.9424861 0.3269037 0.0696885 121.3308769
-0.3319833 0.9397552 0.0815631 -17.0541767
-0.0388269 -0.1000075 0.9942329 -6.5796503
0.0000000 0.0000000 0.0000000 1.0000000
0.9412614 0.3300326 0.0714618 122.7491130
-0.3352796 0.9385881 0.0815191 -17.5583255
-0.0401692 -0.1006906 0.9941107 -6.5992166
0.0000000 0.0000000 0.0000000 1.0000000
0.9392761 0.3355770 0.0717624 123.8752210
-0.3406637 0.9370106 0.0772321 -17.6129815
-0.0413249 -0.0969892 0.9944313 -6.6005334
0.0000000 0.0000000 0.0000000 1.0000000
0.9468375 0.3127452 0.0754395 124.8725457
-0.3183859 0.9445565 0.0803056 -17.8384792
-0.0461416 -0.1000553 0.9939157 -6.6186037
0.0000000 0.0000000 0.0000000 1.0000000
0.9447644 0.3179114 0.0797113 125.9550431
-0.3235275 0.9435060 0.0716361 -18.2416817
-0.0524341 -0.0934682 0.9942450 -6.6585344
0.0000000 0.0000000 0.0000000 1.0000000
0.9473500 0.3085182 0.0857102 127.1638146
-0.3143540 0.9470329 0.0656924 -18.4377882
-0.0609031 -0.0891771 0.9941564 -6.6818616
0.0000000 0.0000000 0.0000000 1.0000000
0.9499515 0.2989350 0.0907268 128.5687797
-0.3051123 0.9501645 0.0640286 -18.8836436
-0.0670650 -0.0885061 0.9938198 -6.7454134
0.0000000 0.0000000 0.0000000 1.0000000
0.9491357 0.3005655 0.0938240 129.6365169
-0.3062900 0.9504164 0.0538611 -19.1501722
-0.0729831 -0.0798590 0.9941352 -6.8296210
0.0000000 0.0000000 0.0000000 1.0000000
0.9546690 0.2810547 0.0980626 130.3913879
-0.2864123 0.9570314 0.0454416 -19.1768212
-0.0810774 -0.0714682 0.9941467 -6.8713093
0.0000000 0.0000000 0.0000000 1.0000000
0.9545867 0.2809297 0.0992136 131.6604720
-0.2861691 0.9572157 0.0430187 -19.5313612
-0.0828836 -0.0694571 0.9941402 -6.9439631
0.0000000 0.0000000 0.0000000 1.0000000
0.9518629 0.2888557 0.1025648 132.8910515
-0.2934669 0.9554069 0.0328674 -19.8648698
-0.0884972 -0.0613848 0.9941876 -7.0220724
0.0000000 0.0000000 0.0000000 1.0000000
0.9529093 0.2858982 0.1011286 134.3647601
-0.2898665 0.9566965 0.0267390 -20.1368758
-0.0891048 -0.0547938 0.9945184 -7.1482284
0.0000000 0.0000000 0.0000000 1.0000000
0.9517013 0.2894095 0.1025056 136.2421025
-0.2930638 0.9558358 0.0223151 -20.6119803
-0.0915202 -0.0512782 0.9944866 -7.3311971
0.0000000 0.0000000 0.0000000 1.0000000
0.9460766 0.3074327 0.1021003 137.2698258
-0.3103008 0.9505507 0.0131681 -20.8329856
-0.0930031 -0.0441401 0.9946914 -7.3915010
0.0000000 0.0000000 0.0000000 1.0000000
0.9501968 0.2933836 0.1051299 138.3522269
-0.2957027 0.9552584 0.0068942 -21.1378749
-0.0984035 -0.0376383 0.9944391 -7.4752480
0.0000000 0.0000000 0.0000000 1.0000000
0.9392509 0.3248247 0.1108911 139.6024911
-0.3268515 0.9450788 0.0001475 -21.3989839
-0.1047529 -0.0363837 0.9938370 -7.5494827
0.0000000 0.0000000 0.0000000 1.0000000
0.9349449 0.3355957 0.1151245 140.8159582
-0.3375671 0.9413015 -0.0024662 -21.7386542
-0.1091944 -0.0365566 0.9933526 -7.6707747
0.0000000 0.0000000 0.0000000 1.0000000
0.9304505 0.3467192 0.1185214 141.4725597
-0.3482824 0.9373598 -0.0078859 -21.9053976
-0.1138313 -0.0339417 0.9929248 -7.7477524
0.0000000 0.0000000 0.0000000 1.0000000
0.9263511 0.3565260 0.1215049 142.4053491
-0.3577543 0.9337388 -0.0122616 -21.9841141
-0.1178254 -0.0321105 0.9925198 -7.8695453
0.0000000 0.0000000 0.0000000 1.0000000
0.9234827 0.3636481 0.1222349 143.1471294
-0.3644141 0.9310894 -0.0167955 -22.2960581
-0.1199193 -0.0290339 0.9923638 -7.9352269
0.0000000 0.0000000 0.0000000 1.0000000
0.9195231 0.3727975 0.1245055 144.0762298
-0.3731173 0.9275370 -0.0215881 -22.5571029
-0.1235315 -0.0266045 0.9919889 -8.0389588
0.0000000 0.0000000 0.0000000 1.0000000
0.9111511 0.3915911 0.1283071 144.9835729
-0.3917832 0.9197286 -0.0247688 -22.9453110
-0.1277069 -0.0277006 0.9914300 -8.0932062
0.0000000 0.0000000 0.0000000 1.0000000
0.9001507 0.4156017 0.1304099 145.8302015
-0.4153921 0.9091493 -0.0300828 -23.1302455
-0.1310645 -0.0270923 0.9910085 -8.1501790
0.0000000 0.0000000 0.0000000 1.0000000
0.8983774 0.4201616 0.1280035 147.0848667
-0.4200911 0.9070278 -0.0288455 -24.0260731
-0.1282225 -0.0278591 0.9913590 -8.3267100
0.0000000 0.0000000 0.0000000 1.0000000
0.8883199 0.4407574 0.1289303 147.9118363
-0.4406664 0.8971483 -0.0307612 -23.9837774
-0.1292277 -0.0294896 0.9911813 -8.4434637
0.0000000 0.0000000 0.0000000 1.0000000
0.8750147 0.4653638 0.1333726 149.6334047
-0.4656603 0.8844297 -0.0308626 -24.8092606
-0.1323209 -0.0351012 0.9905903 -8.6862291
0.0000000 0.0000000 0.0000000 1.0000000
0.8696432 0.4745634 0.1360606 150.4416549
-0.4744267 0.8795833 -0.0355005 -25.3529415
-0.1365238 -0.0336782 0.9900691 -8.8029845
0.0000000 0.0000000 0.0000000 1.0000000
0.8778600 0.4594628 0.1351207 151.2284271
-0.4594928 0.8875795 -0.0328104 -25.9667563
-0.1350054 -0.0332842 0.9902907 -8.9433421
0.0000000 0.0000000 0.0000000 1.0000000
0.8705101 0.4713406 0.1416059 151.9222891
-0.4724404 0.8809264 -0.0278659 -26.2979600
-0.1378786 -0.0426430 0.9895357 -9.0296119
0.0000000 0.0000000 0.0000000 1.0000000
0.8610313 0.4871907 0.1458522 153.1617860
-0.4883584 0.8721276 -0.0301290 -27.0278123
-0.1418801 -0.0452864 0.9888525 -9.1815192
0.0000000 0.0000000 0.0000000 1.0000000
0.8575423 0.4930098 0.1468517 153.8809751
-0.4942745 0.8687821 -0.0303074 -27.3493631
-0.1425239 -0.0465954 0.9886992 -9.3039275
0.0000000 0.0000000 0.0000000 1.0000000
0.8534836 0.4986023 0.1515391 154.8340455
-0.4998457 0.8655084 -0.0325218 -27.9936153
-0.1473737 -0.0479895 0.9879212 -9.4217914
0.0000000 0.0000000 0.0000000 1.0000000
0.8520138 0.5019695 0.1486666 155.5530780
-0.5030703 0.8636253 -0.0328591 -28.6026904
-0.1448863 -0.0467935 0.9883465 -9.5639850
0.0000000 0.0000000 0.0000000 1.0000000
0.8438370 0.5140597 0.1538967 156.5032433
-0.5153123 0.8563031 -0.0347311 -29.3290268
-0.1496360 -0.0499977 0.9874815 -9.7005642
0.0000000 0.0000000 0.0000000 1.0000000
0.8532444 0.4963149 0.1601530 157.4103456
-0.4971675 0.8668458 -0.0375724 -29.8330976
-0.1574756 -0.0475645 0.9863821 -9.8475511
0.0000000 0.0000000 0.0000000 1.0000000
0.8532000 0.4966781 0.1592598 158.0409922
-0.4972968 0.8667170 -0.0388045 -30.4496504
-0.1573064 -0.0460915 0.9864791 -9.9615450
0.0000000 0.0000000 0.0000000 1.0000000
0.8552326 0.4908519 0.1662681 158.9286575
-0.4925306 0.8696409 -0.0338669 -30.9676882
-0.1612171 -0.0529281 0.9855042 -10.1145499
0.0000000 0.0000000 0.0000000 1.0000000
0.8632509 0.4767938 0.1657383 159.8673272
-0.4781143 0.8776275 -0.0344440 -31.5951895
-0.1618790 -0.0495082 0.9855734 -10.2636010
0.0000000 0.0000000 0.0000000 1.0000000
0.8628420 0.4763538 0.1691007 160.7548048
-0.4791392 0.8773413 -0.0265997 -31.8694028
-0.1610298 -0.0580715 0.9852451 -10.4253369
0.0000000 0.0000000 0.0000000 1.0000000
0.8684800 0.4652672 0.1710939 161.9221853
-0.4677261 0.8834307 -0.0281432 -32.5983722
-0.1642436 -0.0555833 0.9848581 -10.6607994
0.0000000 0.0000000 0.0000000 1.0000000
0.8700649 0.4606562 0.1754649 162.9362041
-0.4626850 0.8859638 -0.0316470 -33.1925872
-0.1700338 -0.0536501 0.9839823 -10.8353450
0.0000000 0.0000000 0.0000000 1.0000000
0.8674776 0.4665458 0.1726904 163.9410545
-0.4694876 0.8825634 -0.0259468 -33.6083953
-0.1645155 -0.0585678 0.9846398 -11.0499524
0.0000000 0.0000000 0.0000000 1.0000000
0.8551421 0.4880751 0.1746985 165.3139011
-0.4920535 0.8702734 -0.0227664 -34.4075174
-0.1631470 -0.0664926 0.9843643 -11.3051448
0.0000000 0.0000000 0.0000000 1.0000000
0.8556193 0.4868138 0.1758785 166.5496595
-0.4913326 0.8707516 -0.0198700 -35.0113937
-0.1628194 -0.0694137 0.9842169 -11.5256324
0.0000000 0.0000000 0.0000000 1.0000000
0.8470930 0.5021844 0.1739212 167.8146147
-0.5079739 0.8612841 -0.0127448 -35.9790536
-0.1561957 -0.0775514 0.9846826 -11.7930733
0.0000000 0.0000000 0.0000000 1.0000000
0.8465381 0.5012818 0.1791491 168.7618971
-0.5086524 0.8609602 -0.0054962 -36.5191569
-0.1569953 -0.0864718 0.9838122 -11.9524916
0.0000000 0.0000000 0.0000000 1.0000000
0.8289837 0.5297899 0.1792008 169.9291637
-0.5373493 0.8433330 -0.0074213 -37.1633157
-0.1550575 -0.0901413 0.9837903 -12.1488769
0.0000000 0.0000000 0.0000000 1.0000000
0.8252248 0.5353655 0.1799756 171.2752504
-0.5427448 0.8398484 -0.0096299 -37.8583084
-0.1563074 -0.0897341 0.9836298 -12.3864796
0.0000000 0.0000000 0.0000000 1.0000000
0.8179767 0.5448774 0.1844629 171.9113766
-0.5534049 0.8328953 -0.0062192 -38.1498046
-0.1570267 -0.0969955 0.9828257 -12.4830594
0.0000000 0.0000000 0.0000000 1.0000000
0.8195114 0.5435824 0.1814481 173.1388471
-0.5520903 0.8337798 -0.0042852 -38.8097782
-0.1536168 -0.0966640 0.9833970 -12.6555742
0.0000000 0.0000000 0.0000000 1.0000000
0.8222070 0.5394088 0.1817063 174.0282239
-0.5473796 0.8368587 -0.0073899 -39.4599532
-0.1560482 -0.0933863 0.9833310 -12.8143594
0.0000000 0.0000000 0.0000000 1.0000000
0.8093089 0.5595691 0.1786191 175.0306689
-0.5691421 0.8222408 0.0028991 -39.7674137
-0.1452451 -0.1040059 0.9839200 -12.9946331
0.0000000 0.0000000 0.0000000 1.0000000
0.8009427 0.5710356 0.1800347 175.9387753
-0.5804195 0.8143244 -0.0006590 -40.3844248
-0.1469825 -0.1039679 0.9836659 -13.1550443
0.0000000 0.0000000 0.0000000 1.0000000
0.8007302 0.5698235 0.1847571 176.8523698
-0.5792756 0.8151315 -0.0034140 -41.1451476
-0.1525461 -0.1042916 0.9827842 -13.3364733
0.0000000 0.0000000 0.0000000 1.0000000
0.8038351 0.5641001 0.1887956 178.1735208
-0.5751177 0.8180656 0.0044245 -41.7063855
-0.1519509 -0.1121362 0.9820123 -13.5580618
0.0000000 0.0000000 0.0000000 1.0000000
0.8154414 0.5452828 0.1942304 179.5761290
-0.5569500 0.8305264 0.0066671 -42.9227698
-0.1576775 -0.1136133 0.9809391 -13.7796671
0.0000000 0.0000000 0.0000000 1.0000000
0.7991706 0.5689943 0.1938449 180.7181897
-0.5812374 0.8137033 0.0078496 -43.5246203
-0.1532654 -0.1189430 0.9810067 -14.0109939
0.0000000 0.0000000 0.0000000 1.0000000
0.8025322 0.5637007 0.1954165 181.7090551
-0.5761663 0.8172934 0.0086434 -44.1955358
-0.1548400 -0.1195289 0.9806881 -14.1252774
0.0000000 0.0000000 0.0000000 1.0000000
0.7997174 0.5659494 0.2003929 183.0486698
-0.5799091 0.8145709 0.0137884 -45.0696770
-0.1554304 -0.1272363 0.9796245 -14.3605078
0.0000000 0.0000000 0.0000000 1.0000000
0.7865000 0.5841810 0.2003864 184.1237177
-0.5988168 0.8007332 0.0159776 -46.0622730
-0.1511220 -0.1325609 0.9795925 -14.5523748
0.0000000 0.0000000 0.0000000 1.0000000
0.7893354 0.5789096 0.2044937 184.9588623
-0.5948238 0.8035851 0.0211129 -46.4784740
-0.1521055 -0.1383026 0.9786461 -14.6439979
0.0000000 0.0000000 0.0000000 1.0000000
0.7802249 0.5906304 0.2059329 185.4557210
-0.6070221 0.7944008 0.0214726 -46.9272963
-0.1509107 -0.1417590 0.9783365 -14.7490924
0.0000000 0.0000000 0.0000000 1.0000000
0.7605638 0.6155916 0.2063813 186.8900048
-0.6319021 0.7748569 0.0175024 -48.0556149
-0.1491414 -0.1437242 0.9783213 -14.9943194
0.0000000 0.0000000 0.0000000 1.0000000
0.7428338 0.6365768 0.2072950 187.7625013
-0.6539153 0.7562868 0.0208482 -48.8919269
-0.1435027 -0.1510399 0.9780625 -15.1563183
0.0000000 0.0000000 0.0000000 1.0000000
0.7357853 0.6449927 0.2064165 188.5817899
-0.6620850 0.7491931 0.0190606 -49.8978597
-0.1423516 -0.1506896 0.9782848 -15.3210684
0.0000000 0.0000000 0.0000000 1.0000000
0.7373577 0.6439664 0.2039953 189.5686282
-0.6608877 0.7502080 0.0206309 -50.6084966
-0.1397528 -0.1500302 0.9787608 -15.5219445
0.0000000 0.0000000 0.0000000 1.0000000
0.7346287 0.6457749 0.2080819 190.1335496
-0.6627918 0.7486246 0.0166761 -50.9611378
-0.1450057 -0.1501656 0.9779755 -15.6150186
0.0000000 0.0000000 0.0000000 1.0000000
0.7146558 0.6692503 0.2034056 191.1187566
-0.6866601 0.7266612 0.0217024 -51.6397615
-0.1332822 -0.1551802 0.9788602 -15.7736510
0.0000000 0.0000000 0.0000000 1.0000000
0.7036378 0.6808423 0.2033478 192.0478684
-0.6982280 0.7155987 0.0201462 -52.6586402
-0.1317986 -0.1561586 0.9789056 -15.8980202
0.0000000 0.0000000 0.0000000 1.0000000
0.6978340 0.6862376 0.2052031 192.9823545
-0.7040538 0.7098604 0.0204033 -53.4420118
-0.1316635 -0.1587120 0.9785132 -16.0592861
0.0000000 0.0000000 0.0000000 1.0000000
0.6718616 0.7121520 0.2035784 193.4197407
-0.7301361 0.6830042 0.0204065 -53.9770624
-0.1245119 -0.1623501 0.9788525 -16.1587733
0.0000000 0.0000000 0.0000000 1.0000000
0.6551119 0.7284982 0.2003024 194.5571662
-0.7454529 0.6664099 0.0143944 -54.8713256
-0.1229967 -0.1587458 0.9796349 -16.4153826
0.0000000 0.0000000 0.0000000 1.0000000
0.6240763 0.7551445 0.2007191 195.5362414
-0.7724364 0.6349705 0.0128115 -55.6622242
-0.1177758 -0.1630379 0.9795715 -16.5990787
0.0000000 0.0000000 0.0000000 1.0000000
0.6235528 0.7564977 0.1972194 195.7903557
-0.7726335 0.6348110 0.0078670 -56.2107444
-0.1192452 -0.1572836 0.9803343 -16.6518838
0.0000000 0.0000000 0.0000000 1.0000000
0.5859958 0.7866430 0.1944330 196.3664692
-0.8028595 0.5961234 0.0079336 -56.9840653
-0.1096647 -0.1607512 0.9808903 -16.7546755
0.0000000 0.0000000 0.0000000 1.0000000
0.5520933 0.8106100 0.1952106 197.0481979
-0.8272120 0.5618618 0.0064246 -57.7159895
-0.1044731 -0.1650273 0.9807469 -16.8599822
0.0000000 0.0000000 0.0000000 1.0000000
0.5712633 0.7966027 0.1976995 197.6576652
-0.8135389 0.5814651 0.0078706 -58.9320176
-0.1086850 -0.1653323 0.9802378 -16.9446574
0.0000000 0.0000000 0.0000000 1.0000000
0.5370213 0.8193425 0.2007200 197.9513508
-0.8373998 0.5465150 0.0095930 -59.2898570
-0.1018361 -0.1732343 0.9796084 -16.9595898
0.0000000 0.0000000 0.0000000 1.0000000
0.5119126 0.8364611 0.1956535 198.5181735
-0.8536863 0.5207446 0.0073427 -59.7968842
-0.0957432 -0.1707852 0.9806523 -17.1084349
0.0000000 0.0000000 0.0000000 1.0000000
0.4792682 0.8563357 0.1923349 199.1943111
-0.8730975 0.4875288 0.0050228 -61.0962319
-0.0894672 -0.1703340 0.9813232 -17.1847739
0.0000000 0.0000000 0.0000000 1.0000000
0.4299344 0.8824621 0.1908368 199.9733358
-0.8993905 0.4371285 0.0049074 -62.5850846
-0.0790891 -0.1737463 0.9816163 -17.2592769
0.0000000 0.0000000 0.0000000 1.0000000
0.4078471 0.8924841 0.1927028 200.2128577
-0.9096381 0.4154103 0.0013131 -63.2415046
-0.0788784 -0.1758249 0.9812631 -17.2565807
0.0000000 0.0000000 0.0000000 1.0000000
0.3962878 0.8976755 0.1927052 200.4491907
-0.9148407 0.4038245 0.0002274 -63.7819199
-0.0776145 -0.1763843 0.9812635 -17.2397396
0.0000000 0.0000000 0.0000000 1.0000000
0.3739031 0.9071438 0.1930999 200.8851019
-0.9245990 0.3809511 0.0007248 -64.9712020
-0.0729037 -0.1788106 0.9811857 -17.2717409
0.0000000 0.0000000 0.0000000 1.0000000
0.3716576 0.9085745 0.1906932 201.3128686
-0.9257432 0.3781543 0.0025439 -65.8373132
-0.0697997 -0.1774780 0.9816534 -17.3443973
0.0000000 0.0000000 0.0000000 1.0000000
0.3514455 0.9169354 0.1889874 201.6520691
-0.9334788 0.3586197 -0.0040072 -66.9116629
-0.0714486 -0.1750070 0.9819784 -17.3338137
0.0000000 0.0000000 0.0000000 1.0000000
0.3019941 0.9348310 0.1867930 202.1677518
-0.9514267 0.3078766 -0.0025722 -68.0363129
-0.0599134 -0.1769426 0.9824031 -17.4032459
0.0000000 0.0000000 0.0000000 1.0000000
0.2726807 0.9443155 0.1841572 202.5382440
-0.9608353 0.2771283 0.0016955 -68.6013084
-0.0494336 -0.1774066 0.9829024 -17.4736279
0.0000000 0.0000000 0.0000000 1.0000000
0.2660435 0.9467540 0.1813239 202.8752166
-0.9628781 0.2699293 0.0034098 -69.8753005
-0.0457159 -0.1754994 0.9834247 -17.4870695
0.0000000 0.0000000 0.0000000 1.0000000
0.2193399 0.9584156 0.1825659 203.3407296
-0.9749666 0.2223280 0.0042396 -71.1543074
-0.0365257 -0.1789251 0.9831916 -17.5734709
0.0000000 0.0000000 0.0000000 1.0000000
0.2119434 0.9603363 0.1812034 203.5690726
-0.9767141 0.2144852 0.0057252 -72.0654484
-0.0333669 -0.1781969 0.9834361 -17.5841136
0.0000000 0.0000000 0.0000000 1.0000000
0.1853501 0.9664730 0.1776945 203.7398553
-0.9823116 0.1871514 0.0067644 -72.7092708
-0.0267177 -0.1758045 0.9840696 -17.5847005
0.0000000 0.0000000 0.0000000 1.0000000
0.1652184 0.9695651 0.1806828 203.7996239
-0.9861230 0.1654545 0.0139114 -73.8526372
-0.0164064 -0.1804733 0.9834501 -17.5586777
0.0000000 0.0000000 0.0000000 1.0000000
0.1563834 0.9700727 0.1857496 204.1656020
-0.9876013 0.1562293 0.0155985 -74.3799580
-0.0138876 -0.1858852 0.9824804 -17.5887247
0.0000000 0.0000000 0.0000000 1.0000000
0.1338783 0.9732460 0.1867323 204.2644328
-0.9909192 0.1338888 0.0126547 -75.3525482
-0.0126849 -0.1867302 0.9823366 -17.5854007
0.0000000 0.0000000 0.0000000 1.0000000
0.1147976 0.9749197 0.1906668 204.4664044
-0.9933558 0.1142781 0.0137885 -76.3166341
-0.0083462 -0.1909825 0.9815652 -17.5900233
0.0000000 0.0000000 0.0000000 1.0000000
0.1016711 0.9761007 0.1920716 204.5059898
-0.9948052 0.1008287 0.0142141 -76.9374063
-0.0054918 -0.1925186 0.9812853 -17.5792878
0.0000000 0.0000000 0.0000000 1.0000000
0.0942038 0.9765710 0.1934827 204.5610909
-0.9955550 0.0925120 0.0178138 -77.4613152
-0.0005029 -0.1943004 0.9809493 -17.5266615
0.0000000 0.0000000 0.0000000 1.0000000
0.0786514 0.9780196 0.1931111 204.5466559
-0.9969029 0.0774692 0.0137105 -78.2760346
-0.0015509 -0.1935909 0.9810886 -17.4748516
0.0000000 0.0000000 0.0000000 1.0000000
0.0285465 0.9802280 0.1958016 204.7282232
-0.9995632 0.0264466 0.0133634 -79.3838861
0.0079210 -0.1960971 0.9805601 -17.4366824
0.0000000 0.0000000 0.0000000 1.0000000
-0.0008482 0.9790192 0.2037650 204.7205446
-0.9998536 -0.0043338 0.0166911 -80.4262383
0.0172240 -0.2037206 0.9788852 -17.4000573
0.0000000 0.0000000 0.0000000 1.0000000
-0.0056255 0.9778707 0.2091327 204.8171637
-0.9999174 -0.0079628 0.0103665 -81.4094559
0.0118024 -0.2090566 0.9778399 -17.3838692
0.0000000 0.0000000 0.0000000 1.0000000
-0.0407126 0.9772344 0.2082203 204.8010582
-0.9990342 -0.0432924 0.0078744 -82.8144094
0.0167094 -0.2076981 0.9780579 -17.3239070
0.0000000 0.0000000 0.0000000 1.0000000
-0.0537028 0.9768297 0.2071717 204.8360942
-0.9984477 -0.0556265 0.0034954 -83.6604826
0.0149386 -0.2066621 0.9783059 -17.2981711
0.0000000 0.0000000 0.0000000 1.0000000
-0.0847729 0.9746583 0.2070124 204.6972076
-0.9962694 -0.0863057 -0.0016043 -84.7839125
0.0163026 -0.2063758 0.9783446 -17.2366537
0.0000000 0.0000000 0.0000000 1.0000000
-0.0992012 0.9728551 0.2090704 204.5635730
-0.9949552 -0.1001634 -0.0059804 -85.3572486
0.0151230 -0.2086084 0.9778899 -17.1791331
0.0000000 0.0000000 0.0000000 1.0000000
-0.1138911 0.9705168 0.2124254 204.5587606
-0.9932040 -0.1164045 -0.0006526 -86.2069889
0.0240938 -0.2110556 0.9771848 -17.1863887
0.0000000 0.0000000 0.0000000 1.0000000
-0.1379796 0.9665420 0.2162336 204.7957533
-0.9901347 -0.1400073 -0.0059638 -87.1460032
0.0245098 -0.2149228 0.9763311 -17.1510510
0.0000000 0.0000000 0.0000000 1.0000000
-0.1372918 0.9661718 0.2183163 204.6670522
-0.9902834 -0.1388357 -0.0083028 -87.6695444
0.0222880 -0.2173344 0.9758504 -17.0899093
0.0000000 0.0000000 0.0000000 1.0000000
-0.1777240 0.9595331 0.2184252 204.6340511
-0.9838219 -0.1783610 -0.0169373 -88.3805417
0.0227064 -0.2179012 0.9757144 -17.0564156
0.0000000 0.0000000 0.0000000 1.0000000
-0.2308184 0.9472922 0.2221694 204.6547621
-0.9723802 -0.2327246 -0.0179099 -88.7813487
0.0347381 -0.2201666 0.9748514 -17.0593348
0.0000000 0.0000000 0.0000000 1.0000000
-0.2277760 0.9479361 0.2225616 204.4798074
-0.9728947 -0.2309468 -0.0120111 -89.3438554
0.0400139 -0.2192643 0.9748526 -17.0096919
0.0000000 0.0000000 0.0000000 1.0000000
-0.2477419 0.9431129 0.2217224 204.4201521
-0.9681273 -0.2496998 -0.0195953 -89.7703542
0.0368832 -0.2195097 0.9749210 -16.9519096
0.0000000 0.0000000 0.0000000 1.0000000
-0.2698582 0.9369791 0.2219129 204.1676008
-0.9622015 -0.2711983 -0.0249855 -90.6727683
0.0367712 -0.2202669 0.9747544 -16.8711920
0.0000000 0.0000000 0.0000000 1.0000000
-0.2738805 0.9359893 0.2211598 204.2077889
-0.9609937 -0.2755424 -0.0239035 -90.9221528
0.0385652 -0.2190794 0.9749528 -16.8517968
0.0000000 0.0000000 0.0000000 1.0000000
-0.2839727 0.9334655 0.2190878 203.9539949
-0.9581684 -0.2847844 -0.0285338 -91.4092577
0.0357571 -0.2180254 0.9752961 -16.7531068
0.0000000 0.0000000 0.0000000 1.0000000
-0.2896762 0.9316213 0.2194699 203.7685923
-0.9564485 -0.2903918 -0.0297031 -91.9800568
0.0360599 -0.2185153 0.9751753 -16.7229128
0.0000000 0.0000000 0.0000000 1.0000000
-0.3192035 0.9223786 0.2175420 203.6197393
-0.9467332 -0.3206741 -0.0294701 -92.3857899
0.0425772 -0.2153605 0.9756143 -16.6570736
0.0000000 0.0000000 0.0000000 1.0000000
-0.3258558 0.9197804 0.2186787 203.3083081
-0.9445612 -0.3266021 -0.0337576 -93.4052606
0.0403710 -0.2175548 0.9752213 -16.5758643
0.0000000 0.0000000 0.0000000 1.0000000
-0.3349596 0.9164287 0.2189949 203.1284252
-0.9411802 -0.3364176 -0.0317283 -93.7751458
0.0445967 -0.2167408 0.9752185 -16.5268372
0.0000000 0.0000000 0.0000000 1.0000000
-0.3463802 0.9126307 0.2170786 202.9187051
-0.9373143 -0.3461481 -0.0403323 -94.4663297
0.0383324 -0.2174406 0.9753290 -16.4763110
0.0000000 0.0000000 0.0000000 1.0000000
-0.3468749 0.9116061 0.2205660 202.6701265
-0.9371384 -0.3464324 -0.0419524 -95.0437531
0.0381667 -0.2212525 0.9744779 -16.3958173
0.0000000 0.0000000 0.0000000 1.0000000
-0.3696307 0.9011592 0.2264563 202.1316079
-0.9281933 -0.3693437 -0.0452391 -95.9584445
0.0428721 -0.2269163 0.9729789 -16.3291300
0.0000000 0.0000000 0.0000000 1.0000000
-0.3827679 0.8946881 0.2302598 201.9088548
-0.9225320 -0.3834578 -0.0435771 -96.9690544
0.0493065 -0.2291014 0.9721617 -16.2639725
0.0000000 0.0000000 0.0000000 1.0000000
-0.3985044 0.8868352 0.2339121 201.8093464
-0.9157856 -0.3987486 -0.0483693 -97.5724241
0.0503760 -0.2334883 0.9710625 -16.2114387
0.0000000 0.0000000 0.0000000 1.0000000
-0.4032008 0.8835481 0.2382646 201.8101256
-0.9137976 -0.4026975 -0.0530307 -98.3305275
0.0490928 -0.2391073 0.9697602 -16.1747242
0.0000000 0.0000000 0.0000000 1.0000000
-0.4011882 0.8849120 0.2365954 201.3971227
-0.9151136 -0.3985523 -0.0610472 -99.6226262
0.0402736 -0.2410028 0.9696974 -16.1038294
0.0000000 0.0000000 0.0000000 1.0000000
-0.4065031 0.8811943 0.2413519 201.1518307
-0.9128088 -0.4030527 -0.0658222 -100.5810154
0.0392747 -0.2470648 0.9682117 -16.0156668
0.0000000 0.0000000 0.0000000 1.0000000
-0.4164891 0.8763760 0.2418694 200.9219754
-0.9081440 -0.4135123 -0.0654659 -101.5821199
0.0426425 -0.2469179 0.9681067 -16.0237240
0.0000000 0.0000000 0.0000000 1.0000000
-0.4194909 0.8753499 0.2403920 200.5824503
-0.9065647 -0.4175800 -0.0614058 -102.5089291
0.0466306 -0.2436899 0.9687405 -16.0133384
0.0000000 0.0000000 0.0000000 1.0000000
-0.3980089 0.8837323 0.2461796 200.2935229
-0.9164357 -0.3952156 -0.0628774 -103.2834060
0.0417265 -0.2506333 0.9671915 -15.9666627
0.0000000 0.0000000 0.0000000 1.0000000
-0.4176336 0.8755381 0.2429261 199.9969831
-0.9075578 -0.4148743 -0.0649698 -104.3078167
0.0438996 -0.2476029 0.9678756 -15.9208744
0.0000000 0.0000000 0.0000000 1.0000000
-0.4444847 0.8617276 0.2446579 199.7096593
-0.8943415 -0.4424173 -0.0665113 -105.4391242
0.0509255 -0.2483708 0.9673347 -15.8830183
0.0000000 0.0000000 0.0000000 1.0000000
-0.4530427 0.8586138 0.2398607 199.1868402
-0.8901328 -0.4505217 -0.0685352 -106.5804273
0.0492164 -0.2445571 0.9683943 -15.7848965
0.0000000 0.0000000 0.0000000 1.0000000
-0.4758192 0.8455160 0.2422753 198.9048818
-0.8776666 -0.4744314 -0.0679648 -107.6011281
0.0574769 -0.2449758 0.9678333 -15.7566261
0.0000000 0.0000000 0.0000000 1.0000000
-0.4795163 0.8429849 0.2438004 198.3803969
-0.8756900 -0.4776785 -0.0706604 -108.7183252
0.0568917 -0.2473764 0.9672571 -15.6302405
0.0000000 0.0000000 0.0000000 1.0000000
-0.4817097 0.8418949 0.2432421 197.9840462
-0.8747797 -0.4784827 -0.0762722 -109.7416437
0.0521731 -0.2495242 0.9669713 -15.6219178
0.0000000 0.0000000 0.0000000 1.0000000
-0.4844631 0.8405443 0.2424427 197.4062052
-0.8733592 -0.4806905 -0.0786312 -110.8370822
0.0504460 -0.2498334 0.9669831 -15.5275267
0.0000000 0.0000000 0.0000000 1.0000000
-0.5168289 0.8192500 0.2484246 196.3645128
-0.8533850 -0.5160801 -0.0734664 -112.9844981
