1.0000000 0.0000000 0.0000000 0.0000000
0.0000000 1.0000000 0.0000000 0.0000000
0.0000000 0.0000000 1.0000000 0.0000000
0.0000000 0.0000000 0.0000000 1.0000000
0.9999951 0.0026594 -0.0016363 0.0120133
-0.0026580 0.9999961 0.0008228 -0.1007532
0.0016384 -0.0008185 0.9999984 -0.0349201
0.0000000 0.0000000 0.0000000 1.0000000
0.9999968 0.0019852 0.0013159 0.1319993
-0.0019899 0.9999915 0.0036173 -0.1446702
-0.0013087 -0.0036199 0.9999927 -0.0505318
0.0000000 0.0000000 0.0000000 1.0000000
0.9996491 0.0263562 0.0023990 0.3344040
-0.0263791 0.9996008 0.0101052 -0.0190665
-0.0021317 -0.0101649 0.9999462 -0.0785471
0.0000000 0.0000000 0.0000000 1.0000000
0.9990100 0.0442768 0.0043305 0.4037299
-0.0443157 0.9989739 0.0093426 0.0000768
-0.0039124 -0.0095253 0.9999471 -0.0863750
0.0000000 0.0000000 0.0000000 1.0000000
0.9986396 0.0511226 0.0102328 0.3891174
-0.0511877 0.9986701 0.0062148 -0.0154792
-0.0099015 -0.0067301 0.9999286 -0.0630319
0.0000000 0.0000000 0.0000000 1.0000000
0.9994865 0.0312331 0.0071217 0.5475998
-0.0313452 0.9993772 0.0162242 0.0545102
-0.0066105 -0.0164391 0.9998433 -0.0878138
0.0000000 0.0000000 0.0000000 1.0000000
0.9983718 0.0568936 0.0039883 0.8493866
-0.0569107 0.9983701 0.0043704 -0.0402692
-0.0037331 -0.0045903 0.9999829 -0.1498649
0.0000000 0.0000000 0.0000000 1.0000000
0.9987941 0.0487503 0.0057402 0.9651520
-0.0487606 0.9988094 0.0017222 -0.0715311
-0.0056494 -0.0020000 0.9999825 -0.1717996
0.0000000 0.0000000 0.0000000 1.0000000
0.9983698 0.0568931 0.0046074 0.7915588
-0.0569094 0.9983736 0.0034984 0.0041400
-0.0044009 -0.0037549 0.9999838 -0.2138958
0.0000000 0.0000000 0.0000000 1.0000000
0.9992198 0.0392704 -0.0042293 0.9419146
-0.0392327 0.9991934 0.0086306 -0.0117800
0.0045648 -0.0084579 0.9999545 -0.2379922
0.0000000 0.0000000 0.0000000 1.0000000
0.9986117 0.0519279 -0.0088702 0.9000511
-0.0518361 0.9986034 0.0102712 -0.0834347
0.0093912 -0.0097971 0.9999087 -0.2427924
0.0000000 0.0000000 0.0000000 1.0000000
0.9988919 0.0462221 -0.0088881 0.8133059
-0.0461207 0.9988721 0.0113094 -0.0493166
0.0094008 -0.0108869 0.9998973 -0.2530176
0.0000000 0.0000000 0.0000000 1.0000000
0.9987888 0.0481623 -0.0101055 1.0042841
-0.0480703 0.9988019 0.0091950 0.0373526
0.0105363 -0.0086981 0.9999074 -0.3026945
0.0000000 0.0000000 0.0000000 1.0000000
0.9984429 0.0551458 -0.0084917 1.0242614
-0.0550057 0.9983579 0.0160084 0.0139854
0.0093605 -0.0155164 0.9998365 -0.3151692
0.0000000 0.0000000 0.0000000 1.0000000
0.9981616 0.0597047 -0.0104726 1.2175225
-0.0595503 0.9981195 0.0145356 0.0246775
0.0113208 -0.0138852 0.9998403 -0.3458301
0.0000000 0.0000000 0.0000000 1.0000000
0.9976808 0.0669998 -0.0120464 1.2593966
-0.0667532 0.9975721 0.0198640 0.0525260
0.0133481 -0.0190138 0.9997309 -0.3553273
0.0000000 0.0000000 0.0000000 1.0000000
0.9985453 0.0531152 -0.0093508 1.4923684
-0.0529446 0.9984408 0.0177035 0.1309128
0.0102766 -0.0171827 0.9998005 -0.3614849
0.0000000 0.0000000 0.0000000 1.0000000
0.9987304 0.0493231 -0.0103077 1.6116853
-0.0491273 0.9986205 0.0185470 0.1873084
0.0112083 -0.0180171 0.9997759 -0.3881055
0.0000000 0.0000000 0.0000000 1.0000000
0.9993758 0.0343901 -0.0081954 1.8737752
-0.0342283 0.9992300 0.0192044 0.1956856
0.0088495 -0.0189119 0.9997832 -0.3686176
0.0000000 0.0000000 0.0000000 1.0000000
0.9998228 0.0157956 -0.0103374 2.2717652
-0.0156142 0.9997262 0.0174598 0.1401255
0.0106104 -0.0172953 0.9997954 -0.3990640
0.0000000 0.0000000 0.0000000 1.0000000
0.9996919 -0.0225566 -0.0104154 2.5342124
0.0227391 0.9995832 0.0178078 0.1157747
0.0100093 -0.0180392 0.9997885 -0.4223520
0.0000000 0.0000000 0.0000000 1.0000000
0.9979966 -0.0613933 -0.0153540 3.2574973
0.0616460 0.9979605 0.0166161 0.2037447
0.0143026 -0.0175294 0.9997454 -0.4302443
0.0000000 0.0000000 0.0000000 1.0000000
0.9975890 -0.0674321 -0.0164470 3.9074154
0.0677884 0.9974522 0.0222400 0.2182036
0.0149054 -0.0233013 0.9996188 -0.4570977
0.0000000 0.0000000 0.0000000 1.0000000
0.9948514 -0.1002954 -0.0145787 4.0756515
0.1006281 0.9946266 0.0243505 0.2416053
0.0120581 -0.0256922 0.9995987 -0.5131012
0.0000000 0.0000000 0.0000000 1.0000000
0.9885758 -0.1502983 -0.0113799 4.5543416
0.1505565 0.9882305 0.0270940 0.2236606
0.0071737 -0.0284978 0.9995698 -0.5267573
0.0000000 0.0000000 0.0000000 1.0000000
0.9810182 -0.1936110 -0.0109452 5.1715183
0.1938345 0.9806933 0.0258866 0.3141002
0.0057219 -0.0275168 0.9996067 -0.5142319
0.0000000 0.0000000 0.0000000 1.0000000
0.9738114 -0.2271347 -0.0101472 5.6439766
0.2273464 0.9732757 0.0323994 0.4791925
0.0025170 -0.0338578 0.9994253 -0.5123192
0.0000000 0.0000000 0.0000000 1.0000000
0.9612794 -0.2752618 -0.0131947 6.0828952
0.2755418 0.9608204 0.0300366 0.6032914
0.0044098 -0.0325092 0.9994636 -0.5017878
0.0000000 0.0000000 0.0000000 1.0000000
0.9440364 -0.3296706 -0.0106569 6.4684598
0.3298397 0.9436684 0.0263998 0.6221547
0.0013533 -0.0284374 0.9995966 -0.4822520
0.0000000 0.0000000 0.0000000 1.0000000
0.9258060 -0.3778914 -0.0090791 6.8638666
0.3779770 0.9252219 0.0331496 0.8393073
-0.0041268 -0.0341218 0.9994112 -0.4728843
0.0000000 0.0000000 0.0000000 1.0000000
0.9129765 -0.4079466 -0.0073861 7.2445667
0.4079030 0.9121641 0.0396610 1.0054325
-0.0094423 -0.0392224 0.9991879 -0.4598447
0.0000000 0.0000000 0.0000000 1.0000000
0.8870986 -0.4615780 0.0016267 7.4546474
0.4611053 0.8863426 0.0421780 1.0407702
-0.0209102 -0.0366660 0.9991108 -0.4491417
0.0000000 0.0000000 0.0000000 1.0000000
0.8625145 -0.5059989 0.0058434 7.4983465
0.5053325 0.8618753 0.0425429 1.1386274
-0.0265629 -0.0337410 0.9990797 -0.4330830
0.0000000 0.0000000 0.0000000 1.0000000
0.8415300 -0.5401646 0.0070894 7.8417056
0.5394682 0.8409916 0.0413237 1.3040488
-0.0282837 -0.0309506 0.9991229 -0.4092779
0.0000000 0.0000000 0.0000000 1.0000000
0.8020622 -0.5971838 0.0082781 8.3238055
0.5964329 0.8016234 0.0408452 1.5167650
-0.0310280 -0.0278231 0.9991335 -0.3932541
0.0000000 0.0000000 0.0000000 1.0000000
0.7915535 -0.6109663 0.0128298 8.6580453
0.6099123 0.7911507 0.0456985 1.6872773
-0.0380705 -0.0283477 0.9988752 -0.3900834
0.0000000 0.0000000 0.0000000 1.0000000
0.7692770 -0.6388693 0.0076815 8.8242247
0.6377616 0.7685572 0.0508048 1.6848735
-0.0383613 -0.0341841 0.9986814 -0.3841224
0.0000000 0.0000000 0.0000000 1.0000000
0.7536786 -0.6571966 0.0078696 9.0714041
0.6559214 0.7528702 0.0543681 1.8790923
-0.0416554 -0.0358143 0.9984924 -0.3499091
0.0000000 0.0000000 0.0000000 1.0000000
0.7277153 -0.6858626 0.0047854 9.2428731
0.6844448 0.7266298 0.0595515 2.1422581
-0.0443214 -0.0400613 0.9982162 -0.3370161
0.0000000 0.0000000 0.0000000 1.0000000
0.7163564 -0.6976668 0.0097332 9.6883354
0.6956718 0.7152436 0.0668525 2.6761088
-0.0536024 -0.0411191 0.9977179 -0.3571542
0.0000000 0.0000000 0.0000000 1.0000000
0.6876777 -0.7259880 0.0063992 9.8487550
0.7238661 0.6862953 0.0708405 2.8701895
-0.0558211 -0.0440834 0.9974697 -0.3249596
0.0000000 0.0000000 0.0000000 1.0000000
0.6807886 -0.7324482 0.0068268 10.0049484
0.7304988 0.6796052 0.0671551 3.0681942
-0.0538272 -0.0407315 0.9977219 -0.2957397
0.0000000 0.0000000 0.0000000 1.0000000
0.6767758 -0.7361832 0.0030066 10.3403057
0.7338497 0.6749468 0.0768947 3.5077397
-0.0586379 -0.0498341 0.9970375 -0.2666629
0.0000000 0.0000000 0.0000000 1.0000000
0.6732582 -0.7393379 0.0101518 10.5690346
0.7367687 0.6719537 0.0751755 3.7720207
-0.0624017 -0.0431330 0.9971215 -0.2372711
0.0000000 0.0000000 0.0000000 1.0000000
0.6755612 -0.7372771 0.0062705 10.9405786
0.7342424 0.6735094 0.0852875 4.3563596
-0.0671038 -0.0530129 0.9963395 -0.2125493
0.0000000 0.0000000 0.0000000 1.0000000
0.6575617 -0.7533230 0.0108037 11.3356147
0.7492711 0.6553923 0.0951558 4.8328958
-0.0787638 -0.0544760 0.9954067 -0.2451243
0.0000000 0.0000000 0.0000000 1.0000000
0.6371528 -0.7705427 0.0173077 11.7243538
0.7662425 0.6357021 0.0935708 5.3654687
-0.0831028 -0.0463571 0.9954653 -0.2187030
0.0000000 0.0000000 0.0000000 1.0000000
0.6416129 -0.7667786 0.0195650 12.2573217
0.7622045 0.6402295 0.0956595 5.7678068
-0.0858758 -0.0464639 0.9952248 -0.2044140
0.0000000 0.0000000 0.0000000 1.0000000
0.6321949 -0.7743781 0.0258375 12.5861885
0.7690872 0.6312254 0.1002978 6.0433586
-0.0939777 -0.0435365 0.9946250 -0.1723281
0.0000000 0.0000000 0.0000000 1.0000000
0.6328080 -0.7733228 0.0390531 12.8942736
0.7673250 0.6330637 0.1021917 6.3953261
-0.1037504 -0.0347013 0.9940010 -0.1284188
0.0000000 0.0000000 0.0000000 1.0000000
0.6059613 -0.7938180 0.0516102 13.1809784
0.7869899 0.6076840 0.1066202 6.8098480
-0.1159998 -0.0239910 0.9929627 -0.0468280
0.0000000 0.0000000 0.0000000 1.0000000
0.6039100 -0.7942196 0.0671385 13.4538720
0.7865122 0.6074617 0.1113095 7.1418673
-0.1291885 -0.0144156 0.9915186 0.0075363
0.0000000 0.0000000 0.0000000 1.0000000
0.6123239 -0.7872393 0.0728936 13.7573369
0.7791009 0.6165172 0.1136196 7.5385376
-0.1343862 -0.0127805 0.9908500 0.0491335
0.0000000 0.0000000 0.0000000 1.0000000
0.6214410 -0.7795944 0.0777377 14.2747938
0.7705947 0.6261301 0.1189350 8.0790653
-0.1413951 -0.0140067 0.9898576 0.0159394
0.0000000 0.0000000 0.0000000 1.0000000
0.6236665 -0.7774353 0.0814495 14.7098628
0.7671510 0.6287401 0.1271464 8.5699634
-0.1500588 -0.0168128 0.9885377 -0.0628342
0.0000000 0.0000000 0.0000000 1.0000000
0.6295330 -0.7727635 0.0807777 15.5218979
0.7620191 0.6343721 0.1300028 9.2890492
-0.1517048 -0.0202869 0.9882212 -0.1992700
0.0000000 0.0000000 0.0000000 1.0000000
0.5910524 -0.8010485 0.0947587 16.2108913
0.7893821 0.5985750 0.1363285 9.8956920
-0.1659260 -0.0057764 0.9861250 -0.2587294
0.0000000 0.0000000 0.0000000 1.0000000
0.6001700 -0.7944903 0.0926343 16.7753982
0.7816682 0.6071342 0.1427724 10.8285219
-0.1696729 -0.0132784 0.9854148 -0.3240030
0.0000000 0.0000000 0.0000000 1.0000000
0.5696005 -0.8159754 0.0986883 17.3839910
0.8025516 0.5780689 0.1474751 11.3966436
-0.1773850 -0.0047994 0.9841336 -0.4425672
0.0000000 0.0000000 0.0000000 1.0000000
0.5776549 -0.8099982 0.1010815 17.9318120
0.7949961 0.5863584 0.1554555 12.1426138
-0.1851890 -0.0094401 0.9826614 -0.5828549
0.0000000 0.0000000 0.0000000 1.0000000
0.5691091 -0.8156369 0.1041685 18.5954907
0.7989558 0.5784736 0.1644366 12.9626376
-0.1943796 -0.0103562 0.9808755 -0.6985410
0.0000000 0.0000000 0.0000000 1.0000000
0.5585341 -0.8227230 0.1056707 19.0680261
0.8062583 0.5684095 0.1638879 13.6654379
-0.1948988 -0.0063390 0.9808068 -0.8095899
0.0000000 0.0000000 0.0000000 1.0000000
0.5313884 -0.8406379 0.1046647 19.5708075
0.8228577 0.5415746 0.1720568 14.5234584
-0.2013214 -0.0053048 0.9795148 -0.9922036
0.0000000 0.0000000 0.0000000 1.0000000
0.5065461 -0.8553975 0.1081981 20.1967835
0.8366688 0.5179753 0.1780135 15.5393520
-0.2083165 0.0003540 0.9780655 -1.1860543
0.0000000 0.0000000 0.0000000 1.0000000
0.5121640 -0.8517819 0.1102553 20.6179035
0.8318474 0.5238956 0.1832068 16.1609163
-0.2138147 -0.0021162 0.9768761 -1.3119912
0.0000000 0.0000000 0.0000000 1.0000000
0.4935830 -0.8633690 0.1047410 21.1626037
0.8417847 0.5045340 0.1919522 17.1884717
-0.2185711 -0.0065749 0.9758032 -1.5063120
0.0000000 0.0000000 0.0000000 1.0000000
0.5088396 -0.8536430 0.1112479 21.5943686
0.8312303 0.5208211 0.1944303 17.9600593
-0.2239146 -0.0064612 0.9745918 -1.6673619
0.0000000 0.0000000 0.0000000 1.0000000
0.5287819 -0.8424281 0.1034620 22.0123435
0.8193408 0.5384648 0.1968198 18.8551227
-0.2215175 -0.0193041 0.9749698 -1.8641277
0.0000000 0.0000000 0.0000000 1.0000000
0.5092231 -0.8553170 0.0955188 22.5697123
0.8299594 0.5174087 0.2084630 19.9956302
-0.2277246 -0.0268774 0.9733591 -2.1312282
0.0000000 0.0000000 0.0000000 1.0000000
0.4983903 -0.8615658 0.0964940 23.0099319
0.8352000 0.5070024 0.2130508 20.6362015
-0.2324803 -0.0255907 0.9722690 -2.2826142
0.0000000 0.0000000 0.0000000 1.0000000
0.4531921 -0.8871036 0.0875412 23.5810581
0.8580865 0.4607444 0.2267212 21.9412751
-0.2414595 -0.0276304 0.9700221 -2.5491184
0.0000000 0.0000000 0.0000000 1.0000000
0.4384711 -0.8942007 0.0902641 24.0377924
0.8644582 0.4470898 0.2298338 22.7451206
-0.2458739 -0.0227459 0.9690397 -2.7432680
0.0000000 0.0000000 0.0000000 1.0000000
0.4402873 -0.8935614 0.0877141 24.4258590
0.8637567 0.4482098 0.2302879 23.5975678
-0.2450909 -0.0256292 0.9691662 -2.9401090
0.0000000 0.0000000 0.0000000 1.0000000
0.4526805 -0.8875737 0.0853932 25.0968795
0.8561758 0.4594166 0.2364302 24.6300380
-0.2490805 -0.0339158 0.9678937 -3.1805941
0.0000000 0.0000000 0.0000000 1.0000000
0.4525941 -0.8867370 0.0940976 25.4652509
0.8547843 0.4614841 0.2374347 25.2929246
-0.2539668 -0.0270284 0.9668402 -3.3961375
0.0000000 0.0000000 0.0000000 1.0000000
0.4490334 -0.8896870 0.0826031 26.0078702
0.8559845 0.4548454 0.2457727 26.2740226
-0.2562325 -0.0396533 0.9658065 -3.5664014
0.0000000 0.0000000 0.0000000 1.0000000
0.4489810 -0.8894489 0.0854058 26.3856570
0.8543749 0.4553264 0.2504397 27.2435380
-0.2616411 -0.0394742 0.9643627 -3.8495055
0.0000000 0.0000000 0.0000000 1.0000000
0.4436543 -0.8924910 0.0814132 26.9151571
0.8580960 0.4492458 0.2486908 28.1416243
-0.2585288 -0.0404726 0.9651603 -4.0965855
0.0000000 0.0000000 0.0000000 1.0000000
0.4654614 -0.8821406 0.0719119 27.2551638
0.8469107 0.4675252 0.2532977 29.0847216
-0.2570647 -0.0569976 0.9647168 -4.3444920
0.0000000 0.0000000 0.0000000 1.0000000
0.4550067 -0.8874409 0.0735856 27.8471710
0.8496507 0.4573969 0.2624471 30.0813960
-0.2665640 -0.0568934 0.9621415 -4.6147866
0.0000000 0.0000000 0.0000000 1.0000000
0.4578056 -0.8863921 0.0687064 28.3112751
0.8473519 0.4584219 0.2680323 31.0586675
-0.2690782 -0.0644885 0.9609620 -4.8478692
0.0000000 0.0000000 0.0000000 1.0000000
0.4621843 -0.8838358 0.0722295 28.7679005
0.8432763 0.4632511 0.2725450 31.7254497
-0.2743455 -0.0650569 0.9594331 -5.0477400
0.0000000 0.0000000 0.0000000 1.0000000
0.4510640 -0.8896195 0.0715269 29.3740539
0.8480352 0.4521992 0.2763151 32.7359028
-0.2781599 -0.0639788 0.9584069 -5.3433466
0.0000000 0.0000000 0.0000000 1.0000000
0.4449249 -0.8927763 0.0706429 29.8193380
0.8484756 0.4454614 0.2857461 33.4179260
-0.2865761 -0.0671972 0.9557032 -5.5877592
0.0000000 0.0000000 0.0000000 1.0000000
0.4360001 -0.8974201 0.0673769 30.2489490
0.8510270 0.4354942 0.2934209 34.1710785
-0.2926642 -0.0705924 0.9536113 -5.8222214
0.0000000 0.0000000 0.0000000 1.0000000
0.4293261 -0.9006351 0.0673341 30.7244385
0.8538197 0.4290529 0.2947945 34.8948079
-0.2943924 -0.0690722 0.9531907 -6.0563601
0.0000000 0.0000000 0.0000000 1.0000000
0.4206876 -0.9054375 0.0565967 31.3856174
0.8590126 0.4176302 0.2961090 36.1725334
-0.2917448 -0.0759526 0.9534813 -6.4695340
0.0000000 0.0000000 0.0000000 1.0000000
0.4066085 -0.9124871 0.0451176 31.8311773
0.8674559 0.4011002 0.2943407 36.9546073
-0.2866786 -0.0805445 0.9546404 -6.7185390
0.0000000 0.0000000 0.0000000 1.0000000
0.3991666 -0.9158070 0.0442962 32.2982591
0.8703128 0.3936563 0.2959524 38.0444593
-0.2884726 -0.0795834 0.9541804 -7.0588255
0.0000000 0.0000000 0.0000000 1.0000000
0.3976334 -0.9164071 0.0456584 32.8148140
0.8690211 0.3921105 0.3017439 38.9833158
-0.2944232 -0.0803059 0.9523005 -7.3547285
0.0000000 0.0000000 0.0000000 1.0000000
0.3789611 -0.9245057 0.0409495 33.1424641
0.8781488 0.3732190 0.2992652 39.7579086
-0.2919553 -0.0774508 0.9532963 -7.5485057
0.0000000 0.0000000 0.0000000 1.0000000
0.3841383 -0.9221342 0.0458835 33.6636105
0.8737811 0.3791537 0.3045425 40.8835939
-0.2982257 -0.0768950 0.9513984 -7.8674559
0.0000000 0.0000000 0.0000000 1.0000000
0.3982810 -0.9159264 0.0494993 34.3879191
0.8635282 0.3926059 0.3165073 42.2593602
-0.3093308 -0.0833154 0.9473033 -8.3054269
0.0000000 0.0000000 0.0000000 1.0000000
0.3799498 -0.9240005 0.0431332 34.6511691
0.8723099 0.3734329 0.3156278 43.2933807
-0.3077474 -0.0822979 0.9479079 -8.6557799
0.0000000 0.0000000 0.0000000 1.0000000
0.3903376 -0.9198485 0.0389306 35.0639906
0.8680257 0.3817859 0.3174426 44.3658534
-0.3068622 -0.0901177 0.9474836 -9.0274300
0.0000000 0.0000000 0.0000000 1.0000000
0.3748291 -0.9263205 0.0378582 35.4118128
0.8737898 0.3666340 0.3194832 45.3874457
-0.3098239 -0.0866722 0.9468411 -9.3279921
0.0000000 0.0000000 0.0000000 1.0000000
0.3297654 -0.9435798 0.0301927 35.6686071
0.8897179 0.3213213 0.3242747 46.1533709
-0.3156808 -0.0800723 0.9454869 -9.5663027
0.0000000 0.0000000 0.0000000 1.0000000
0.3310375 -0.9431936 0.0282896 35.9263611
0.8881834 0.3215779 0.3282035 46.9548812
-0.3186569 -0.0835220 0.9441892 -9.7688187
0.0000000 0.0000000 0.0000000 1.0000000
0.3299583 -0.9436512 0.0255056 36.2708966
0.8884705 0.3195707 0.3293839 47.8395564
-0.3189742 -0.0860227 0.9438576 -10.0661312
0.0000000 0.0000000 0.0000000 1.0000000
0.3167423 -0.9483024 0.0199390 36.5926736
0.8919175 0.3049343 0.3339116 48.5178144
-0.3227290 -0.0879808 0.9423996 -10.2675594
0.0000000 0.0000000 0.0000000 1.0000000
0.3076167 -0.9513055 0.0197570 36.7192935
0.8922504 0.2956131 0.3413227 49.1640032
-0.3305426 -0.0873692 0.9397445 -10.4698970
0.0000000 0.0000000 0.0000000 1.0000000
0.3040184 -0.9526169 0.0096549 36.8837447
0.8917642 0.2881377 0.3489014 49.8245296
-0.3351515 -0.0974633 0.9371157 -10.6664107
0.0000000 0.0000000 0.0000000 1.0000000
0.3137385 -0.9494656 0.0090806 37.2394079
0.8914815 0.2978473 0.3413886 50.5187013
-0.3268414 -0.0990124 0.9398845 -10.9061333
0.0000000 0.0000000 0.0000000 1.0000000
0.3266812 -0.9450601 0.0118214 37.3291744
0.8831459 0.3096905 0.3523389 51.0577947
-0.3366424 -0.1046634 0.9358040 -11.0762771
0.0000000 0.0000000 0.0000000 1.0000000
0.3225444 -0.9464899 0.0110108 37.5923415
0.8817031 0.3046614 0.3602486 51.6090772
-0.3443263 -0.1064888 0.9327976 -11.2833470
0.0000000 0.0000000 0.0000000 1.0000000
0.3443164 -0.9388406 0.0048347 37.7441895
0.8748312 0.3227061 0.3612871 52.4673638
-0.3407511 -0.1201685 0.9324482 -11.5794390
0.0000000 0.0000000 0.0000000 1.0000000
0.3420858 -0.9396586 0.0041977 37.9473067
0.8757997 0.3204545 0.3609443 53.1018101
-0.3405094 -0.1197985 0.9325842 -11.7951011
0.0000000 0.0000000 0.0000000 1.0000000
0.3023348 -0.9531920 0.0041500 38.2131386
0.8873191 0.2830306 0.3640814 53.4448970
-0.3482139 -0.1063931 0.9313642 -11.8579273
0.0000000 0.0000000 0.0000000 1.0000000
0.3082206 -0.9513139 0.0009680 38.3759728
0.8864989 0.2875939 0.3625013 53.9050612
-0.3451308 -0.1108732 0.9319892 -12.0517714
0.0000000 0.0000000 0.0000000 1.0000000
0.3234532 -0.9462355 -0.0039404 38.5823412
0.8819273 0.2999607 0.3636280 54.4527819
-0.3428956 -0.1210928 0.9315423 -12.2249384
0.0000000 0.0000000 0.0000000 1.0000000
0.3007437 -0.9536896 -0.0053113 38.9934824
0.8902758 0.2787448 0.3601496 55.2932169
-0.3419903 -0.1130422 0.9328859 -12.5040650
0.0000000 0.0000000 0.0000000 1.0000000
0.2911094 -0.9566879 -0.0015722 39.1262655
0.8900244 0.2702253 0.3671950 56.0225697
-0.3508660 -0.1082942 0.9301492 -12.7483346
0.0000000 0.0000000 0.0000000 1.0000000
0.2968230 -0.9549226 0.0041176 39.4035903
0.8844649 0.2765467 0.3758207 56.4156171
-0.3600185 -0.1079112 0.9266899 -12.8556050
0.0000000 0.0000000 0.0000000 1.0000000
0.3037376 -0.9526410 0.0147238 39.6033574
0.8804460 0.2865614 0.3777502 57.5005449
-0.3640799 -0.1017742 0.9257971 -13.2967981
0.0000000 0.0000000 0.0000000 1.0000000
0.2943729 -0.9555882 0.0139284 39.8472555
0.8778525 0.2761336 0.3913093 57.8842739
-0.3777769 -0.1029646 0.9201605 -13.4319677
0.0000000 0.0000000 0.0000000 1.0000000
0.3209959 -0.9468609 0.0203504 40.0247757
0.8635466 0.3014435 0.4042486 58.1387394
-0.3889021 -0.1121894 0.9144294 -13.5301384
0.0000000 0.0000000 0.0000000 1.0000000
0.2867614 -0.9578199 0.0186316 40.2254288
0.8707904 0.2687182 0.4117187 58.6665132
-0.3993595 -0.1018416 0.9111273 -13.7467180
0.0000000 0.0000000 0.0000000 1.0000000
0.3000139 -0.9537767 0.0173139 40.4845461
0.8675667 0.2803567 0.4107623 59.0754934
-0.3966300 -0.1082144 0.9115849 -13.9206551
0.0000000 0.0000000 0.0000000 1.0000000
0.3551547 -0.9346242 0.0184483 40.5966956
0.8462193 0.3298254 0.4184798 59.8822032
-0.3972065 -0.1330147 0.9080456 -14.2988821
0.0000000 0.0000000 0.0000000 1.0000000
0.3522724 -0.9356506 0.0214446 40.9153522
0.8448683 0.3277867 0.4227899 60.0370486
-0.4026135 -0.1308201 0.9059809 -14.3805917
0.0000000 0.0000000 0.0000000 1.0000000
0.3899895 -0.9204405 0.0263594 40.9370693
0.8261032 0.3623807 0.4315460 60.7086374
-0.4067655 -0.1465235 0.9017127 -14.6278989
0.0000000 0.0000000 0.0000000 1.0000000
0.4415613 -0.8964880 0.0364687 41.1318222
0.8035923 0.4132337 0.4283409 61.0468302
-0.3990737 -0.1598335 0.9028880 -14.7475687
0.0000000 0.0000000 0.0000000 1.0000000
0.4813142 -0.8753867 0.0450735 41.3074511
0.7794663 0.4509654 0.4348118 61.4573571
-0.4009563 -0.1741483 0.8993997 -14.8940463
0.0000000 0.0000000 0.0000000 1.0000000
0.5131941 -0.8567075 0.0517801 41.7879763
0.7580081 0.4807171 0.4408332 62.1141659
-0.4025580 -0.1869838 0.8961014 -15.1642828
0.0000000 0.0000000 0.0000000 1.0000000
0.5409275 -0.8386204 0.0641155 41.8525023
0.7393117 0.5104491 0.4391578 62.3209506
-0.4010159 -0.1901516 0.8961263 -15.2973506
0.0000000 0.0000000 0.0000000 1.0000000
0.5675347 -0.8205332 0.0680269 42.0204881
0.7207654 0.5350667 0.4406822 62.8770293
-0.3979947 -0.2010715 0.8950889 -15.5493029
0.0000000 0.0000000 0.0000000 1.0000000
0.6207170 -0.7799041 0.0803661 42.4026118
0.6806764 0.5869224 0.4384082 63.6212488
-0.3890863 -0.2174247 0.8951828 -15.8940987
0.0000000 0.0000000 0.0000000 1.0000000
0.6528504 -0.7530520 0.0818408 42.8042194
0.6554362 0.6157545 0.4373213 64.1307937
-0.3797207 -0.2318645 0.8955808 -16.1641155
0.0000000 0.0000000 0.0000000 1.0000000
0.6778415 -0.7301533 0.0860554 43.2390104
0.6295700 0.6369103 0.4449570 64.7186739
-0.3796977 -0.2474330 0.8914149 -16.4122867
0.0000000 0.0000000 0.0000000 1.0000000
0.7140374 -0.6942210 0.0905895 43.4561357
0.5951678 0.6700503 0.4436302 65.1304894
-0.3686780 -0.2628531 0.8916271 -16.5847901
0.0000000 0.0000000 0.0000000 1.0000000
0.7617443 -0.6402823 0.0989100 43.6814261
0.5405219 0.7122427 0.4478245 65.5445497
-0.3571832 -0.2876653 0.8886412 -16.8055932
0.0000000 0.0000000 0.0000000 1.0000000
0.7995323 -0.5904864 0.1098760 43.9082656
0.4898513 0.7469342 0.4495938 65.9025107
-0.3475502 -0.3056425 0.8864568 -16.9804546
0.0000000 0.0000000 0.0000000 1.0000000
0.8179461 -0.5647077 0.1098570 44.2136307
0.4646996 0.7611220 0.4524900 66.4520432
-0.3391401 -0.3190625 0.8849843 -17.2560990
0.0000000 0.0000000 0.0000000 1.0000000
0.8393835 -0.5309840 0.1161506 44.5782773
0.4317771 0.7811932 0.4508939 66.8802437
-0.3301545 -0.3283222 0.8849952 -17.5107004
0.0000000 0.0000000 0.0000000 1.0000000
0.8473470 -0.5189310 0.1127549 44.8478534
0.4219558 0.7868561 0.4503452 67.1461284
-0.3224211 -0.3340216 0.8857136 -17.6540709
0.0000000 0.0000000 0.0000000 1.0000000
0.8751840 -0.4692591 0.1176817 45.3851315
0.3737323 0.8102490 0.4514645 67.5798207
-0.3072061 -0.3511334 0.8845020 -17.9671146
0.0000000 0.0000000 0.0000000 1.0000000
0.9004741 -0.4179853 0.1201473 45.5518183
0.3252723 0.8306471 0.4519097 67.5392785
-0.2886923 -0.3678526 0.8839429 -17.9886140
0.0000000 0.0000000 0.0000000 1.0000000
0.9165282 -0.3813017 0.1207719 45.6423390
0.2910430 0.8429168 0.4525312 67.7098130
-0.2743522 -0.3796080 0.8835398 -18.1227694
0.0000000 0.0000000 0.0000000 1.0000000
0.9341774 -0.3338152 0.1260165 46.0348188
0.2449338 0.8567720 0.4538148 67.8413393
-0.2594581 -0.3930780 0.8821479 -18.2663338
0.0000000 0.0000000 0.0000000 1.0000000
0.9417130 -0.3097228 0.1313335 46.3738066
0.2213558 0.8644431 0.4513743 67.8926468
-0.2533317 -0.3959940 0.8826244 -18.3824935
0.0000000 0.0000000 0.0000000 1.0000000
0.9559977 -0.2601048 0.1357013 46.7299657
0.1740631 0.8752264 0.4513087 67.9704072
-0.2361576 -0.4078295 0.8819971 -18.4979763
0.0000000 0.0000000 0.0000000 1.0000000
0.9645334 -0.2227553 0.1416205 47.1668822
0.1387779 0.8843269 0.4457637 67.8780895
-0.2245358 -0.4103000 0.8838846 -18.5074237
0.0000000 0.0000000 0.0000000 1.0000000
0.9760078 -0.1672701 0.1393929 47.6863734
0.0887667 0.8902501 0.4467374 67.8172200
-0.1988210 -0.4236457 0.8837472 -18.5060833
0.0000000 0.0000000 0.0000000 1.0000000
0.9810577 -0.1314961 0.1422528 48.3170082
0.0544420 0.8918902 0.4489623 67.7983107
-0.1859113 -0.4327133 0.8821626 -18.5786022
0.0000000 0.0000000 0.0000000 1.0000000
0.9834567 -0.1034851 0.1486759 48.8929367
0.0256673 0.8920890 0.4511289 67.7257452
-0.1793180 -0.4398498 0.8799953 -18.6112356
0.0000000 0.0000000 0.0000000 1.0000000
0.9860370 -0.0645559 0.1535062 49.4181284
-0.0111392 0.8941787 0.4475704 67.5686909
-0.1661560 -0.4430310 0.8809825 -18.6422041
0.0000000 0.0000000 0.0000000 1.0000000
0.9877581 -0.0357239 0.1518487 49.9440011
-0.0368258 0.8925205 0.4494997 67.5349965
-0.1515866 -0.4495891 0.8802873 -18.6650818
0.0000000 0.0000000 0.0000000 1.0000000
0.9879825 -0.0192076 0.1533651 50.5025287
-0.0537083 0.8877641 0.4571537 67.4786303
-0.1449334 -0.4598974 0.8760727 -18.6847551
0.0000000 0.0000000 0.0000000 1.0000000
0.9874927 -0.0041626 0.1576084 51.3436607
-0.0691608 0.8869128 0.4567295 67.4205370
-0.1416867 -0.4619178 0.8755408 -18.8154423
0.0000000 0.0000000 0.0000000 1.0000000
0.9865979 -0.0092198 0.1629068 52.2411234
-0.0684980 0.8827724 0.4647798 67.2439241
-0.1480954 -0.4697102 0.8703189 -18.8927337
0.0000000 0.0000000 0.0000000 1.0000000
0.9861769 0.0276771 0.1633632 53.1130127
-0.1023430 0.8771467 0.4691895 67.1707468
-0.1303083 -0.4794237 0.8678638 -19.0080429
0.0000000 0.0000000 0.0000000 1.0000000
0.9851747 0.0398651 0.1668509 53.9348283
-0.1155449 0.8731236 0.4736069 66.9839131
-0.1268016 -0.4858653 0.8647955 -18.9844292
0.0000000 0.0000000 0.0000000 1.0000000
0.9844800 0.0524503 0.1674663 54.6085587
-0.1270983 0.8711327 0.4743133 66.8786748
-0.1210079 -0.4882379 0.8642892 -19.0310059
0.0000000 0.0000000 0.0000000 1.0000000
0.9841561 0.0507120 0.1698893 55.7462788
-0.1277518 0.8672751 0.4811570 66.6037678
-0.1229409 -0.4952382 0.8600230 -19.0165518
0.0000000 0.0000000 0.0000000 1.0000000
0.9840611 0.0446530 0.1721233 57.3497195
-0.1234673 0.8681812 0.4806412 66.4086061
-0.1279726 -0.4942332 0.8598671 -19.1909753
0.0000000 0.0000000 0.0000000 1.0000000
0.9836625 0.0430753 0.1747831 58.4175561
-0.1233682 0.8684011 0.4802700 66.2157168
-0.1310945 -0.4939877 0.8595381 -19.2811444
0.0000000 0.0000000 0.0000000 1.0000000
0.9827868 0.0478333 0.1784334 59.1829433
-0.1298943 0.8657413 0.4833416 66.0474405
-0.1313578 -0.4982007 0.8570628 -19.2881703
0.0000000 0.0000000 0.0000000 1.0000000
0.9834723 0.0324746 0.1781144 60.3283791
-0.1156826 0.8694946 0.4802039 65.8431566
-0.1392756 -0.4928730 0.8588910 -19.4012436
0.0000000 0.0000000 0.0000000 1.0000000
0.9832266 0.0334970 0.1792798 61.2819524
-0.1185648 0.8643377 0.4887348 65.7612139
-0.1385877 -0.5017942 0.8538216 -19.5031435
0.0000000 0.0000000 0.0000000 1.0000000
0.9825400 0.0250381 0.1843528 62.5022751
-0.1145745 0.8621458 0.4935349 65.5581565
-0.1465824 -0.5060409 0.8499717 -19.5527669
0.0000000 0.0000000 0.0000000 1.0000000
0.9806939 0.0318227 0.1929373 63.5247420
-0.1254809 0.8591545 0.4960921 65.4275776
-0.1499767 -0.5107254 0.8465709 -19.6605103
0.0000000 0.0000000 0.0000000 1.0000000
0.9802085 0.0259291 0.1962547 64.5979083
-0.1243803 0.8519391 0.5086536 65.3501838
-0.1540089 -0.5229982 0.8383137 -19.7241862
0.0000000 0.0000000 0.0000000 1.0000000
0.9791465 0.0220937 0.2019413 65.3304494
-0.1246733 0.8502099 0.5114671 65.1834355
-0.1603931 -0.5259793 0.8352458 -19.7587318
0.0000000 0.0000000 0.0000000 1.0000000
0.9783355 0.0108535 0.2067307 66.5702414
-0.1193953 0.8453915 0.5206318 65.0342281
-0.1691184 -0.5340371 0.8283836 -19.8725292
0.0000000 0.0000000 0.0000000 1.0000000
0.9775599 0.0228353 0.2094097 67.5283680
-0.1313922 0.8431308 0.5214071 64.9536616
-0.1646542 -0.5372226 0.8272223 -19.9852896
0.0000000 0.0000000 0.0000000 1.0000000
0.9764075 0.0201022 0.2149935 68.1850491
-0.1330503 0.8402112 0.5256817 64.9274169
-0.1700736 -0.5418854 0.8230741 -20.0609855
0.0000000 0.0000000 0.0000000 1.0000000
0.9758283 0.0158677 0.2179568 69.3453445
-0.1316048 0.8389033 0.5281285 64.7173900
-0.1744656 -0.5440477 0.8207250 -20.1550456
0.0000000 0.0000000 0.0000000 1.0000000
0.9741637 -0.0005449 0.2258380 69.8830886
-0.1234020 0.8362350 0.5343051 64.6968368
-0.1891459 -0.5483705 0.8145733 -20.1907532
0.0000000 0.0000000 0.0000000 1.0000000
0.9751053 -0.0124085 0.2213902 70.7360296
-0.1116126 0.8352675 0.5383955 64.6062108
-0.1916018 -0.5497033 0.8130997 -20.3239171
0.0000000 0.0000000 0.0000000 1.0000000
0.9737191 -0.0243359 0.2264452 71.6161623
-0.1048956 0.8346254 0.5407363 64.5369447
-0.2021575 -0.5502789 0.8101491 -20.4965511
0.0000000 0.0000000 0.0000000 1.0000000
0.9731597 -0.0216417 0.2291100 72.3469094
-0.1085053 0.8348181 0.5397260 64.4259827
-0.2029471 -0.5500996 0.8100736 -20.6053462
0.0000000 0.0000000 0.0000000 1.0000000
0.9718301 -0.0295806 0.2338178 73.2439510
-0.1052141 0.8332998 0.5427162 64.2831043
-0.2108956 -0.5520295 0.8067237 -20.6874819
0.0000000 0.0000000 0.0000000 1.0000000
0.9708830 -0.0272274 0.2380006 74.1526800
-0.1103071 0.8311174 0.5450464 64.1823398
-0.2126480 -0.5554301 0.8039247 -20.8708099
0.0000000 0.0000000 0.0000000 1.0000000
0.9693633 -0.0256282 0.2442888 75.0184702
-0.1164898 0.8276263 0.5490575 64.1156791
-0.2162525 -0.5606942 0.7992957 -21.0605281
0.0000000 0.0000000 0.0000000 1.0000000
0.9682481 -0.0285348 0.2483568 75.8819276
-0.1156607 0.8296159 0.5462230 63.9289303
-0.2216286 -0.5576051 0.7999840 -21.1651581
0.0000000 0.0000000 0.0000000 1.0000000
0.9678471 -0.0366695 0.2488522 76.6496513
-0.1091366 0.8301382 0.5467718 63.7682773
-0.2266331 -0.5563509 0.7994550 -21.2445930
0.0000000 0.0000000 0.0000000 1.0000000
0.9684830 -0.0345953 0.2466674 77.5306096
-0.1093187 0.8308047 0.5457223 63.7358314
-0.2238133 -0.5554882 0.8008482 -21.4827937
0.0000000 0.0000000 0.0000000 1.0000000
0.9681801 -0.0259659 0.2489051 78.5192425
-0.1165149 0.8334647 0.5401487 63.6149548
-0.2214804 -0.5519626 0.8039285 -21.7194886
0.0000000 0.0000000 0.0000000 1.0000000
0.9686887 -0.0173765 0.2476701 79.1189909
-0.1217750 0.8360723 0.5349333 63.4522498
-0.2163668 -0.5483441 0.8077879 -21.7256268
0.0000000 0.0000000 0.0000000 1.0000000
0.9676943 -0.0051592 0.2520740 79.8503128
-0.1366112 0.8295873 0.5414077 63.4470601
-0.2119120 -0.5583537 0.8020922 -21.9373102
0.0000000 0.0000000 0.0000000 1.0000000
0.9672612 -0.0088445 0.2536300 80.5658518
-0.1329805 0.8335508 0.5361991 63.3366279
-0.2161574 -0.5523727 0.8050950 -22.1151452
0.0000000 0.0000000 0.0000000 1.0000000
0.9674738 -0.0033809 0.2529492 81.1769913
-0.1371222 0.8332729 0.5355878 63.2159610
-0.2125880 -0.5528526 0.8057159 -22.2504981
0.0000000 0.0000000 0.0000000 1.0000000
0.9681618 0.0001820 0.2503243 82.2623800
-0.1356477 0.8408390 0.5240129 62.8993365
-0.2103885 -0.5412856 0.8141033 -22.3363491
0.0000000 0.0000000 0.0000000 1.0000000
0.9685803 -0.0063701 0.2486193 82.9441628
-0.1280351 0.8442550 0.5204233 62.8079739
-0.2132147 -0.5359038 0.8169237 -22.4384370
0.0000000 0.0000000 0.0000000 1.0000000
0.9684443 0.0054689 0.2491693 83.4932734
-0.1402233 0.8384748 0.5265902 62.8229389
-0.2060436 -0.5449128 0.8127938 -22.5819881
0.0000000 0.0000000 0.0000000 1.0000000
0.9695440 0.0382310 0.2419147 84.4594724
-0.1648185 0.8324707 0.5289869 62.6499858
-0.1811644 -0.5527482 0.8134289 -22.6610307
0.0000000 0.0000000 0.0000000 1.0000000
0.9689629 0.0493814 0.2422253 84.8672501
-0.1752771 0.8282142 0.5322964 62.6776815
-0.1743302 -0.5582320 0.8111745 -22.7496423
0.0000000 0.0000000 0.0000000 1.0000000
0.9684596 0.0585766 0.2421891 85.6932199
-0.1832554 0.8260331 0.5329982 62.5185724
-0.1688362 -0.5605696 0.8107245 -22.7434711
0.0000000 0.0000000 0.0000000 1.0000000
0.9659563 0.0867727 0.2437212 86.3243011
-0.2079196 0.8209794 0.5317540 62.2971262
-0.1539497 -0.5643253 0.8110824 -22.6390142
0.0000000 0.0000000 0.0000000 1.0000000
0.9640646 0.1006846 0.2458521 86.8772490
-0.2194248 0.8234926 0.5231750 62.2953882
-0.1497833 -0.5583199 0.8160035 -22.6961316
0.0000000 0.0000000 0.0000000 1.0000000
0.9628869 0.0919799 0.2537519 87.5592424
-0.2148660 0.8302038 0.5143865 62.1278940
-0.1633543 -0.5498178 0.8191665 -22.6845856
0.0000000 0.0000000 0.0000000 1.0000000
0.9607198 0.0881985 0.2631366 88.5485997
-0.2178971 0.8269327 0.5183649 61.8784531
-0.1718792 -0.5553389 0.8136794 -22.7987562
0.0000000 0.0000000 0.0000000 1.0000000
0.9598474 0.1041220 0.2604879 89.1795158
-0.2310905 0.8199105 0.5237781 61.7341098
-0.1590418 -0.5629424 0.8110610 -22.8117492
0.0000000 0.0000000 0.0000000 1.0000000
0.9581301 0.1023415 0.2674237 89.7697895
-0.2315249 0.8264330 0.5132291 61.5823426
-0.1684852 -0.5536542 0.8155355 -22.8601581
0.0000000 0.0000000 0.0000000 1.0000000
0.9582275 0.1122461 0.2630651 90.5307932
-0.2385144 0.8212066 0.5183915 61.2912719
-0.1578454 -0.5594806 0.8136857 -22.8833341
0.0000000 0.0000000 0.0000000 1.0000000
0.9562484 0.1175647 0.2678995 91.1437890
-0.2453249 0.8211396 0.5153106 61.0518094
-0.1594026 -0.5584862 0.8140653 -22.8731808
0.0000000 0.0000000 0.0000000 1.0000000
0.9539454 0.1213637 0.2743400 92.1866560
-0.2519139 0.8206464 0.5129118 60.8136942
-0.1628895 -0.5583986 0.8134350 -23.0154334
0.0000000 0.0000000 0.0000000 1.0000000
0.9519981 0.1273969 0.2783399 93.2403245
-0.2594847 0.8182364 0.5129878 60.5649692
-0.1623970 -0.5605869 0.8120271 -23.1761902
0.0000000 0.0000000 0.0000000 1.0000000
0.9535975 0.1180839 0.2769673 94.5279784
-0.2525630 0.8145004 0.5223033 60.2257072
-0.1639165 -0.5680177 0.8065394 -23.3224659
0.0000000 0.0000000 0.0000000 1.0000000
0.9529258 0.1259282 0.2758221 95.4756995
-0.2593634 0.8097368 0.5263620 60.0362061
-0.1570616 -0.5731211 0.8042902 -23.4550935
0.0000000 0.0000000 0.0000000 1.0000000
0.9496180 0.1408858 0.2799648 96.3311447
-0.2750669 0.8028054 0.5290006 59.8324381
-0.1502307 -0.5793564 0.8011215 -23.5852981
0.0000000 0.0000000 0.0000000 1.0000000
0.9472478 0.1404341 0.2881022 97.4424643
-0.2814501 0.7945130 0.5380845 59.5837001
-0.1533377 -0.5907849 0.7921361 -23.7720767
0.0000000 0.0000000 0.0000000 1.0000000
0.9478912 0.1320231 0.2899577 98.6861688
-0.2765541 0.7928391 0.5430695 59.2950325
-0.1581942 -0.5949591 0.7880466 -23.9865576
0.0000000 0.0000000 0.0000000 1.0000000
0.9504659 0.1085744 0.2912545 99.7751779
-0.2590266 0.7946306 0.5490608 59.0529164
-0.1718279 -0.5973055 0.7834031 -24.1812571
0.0000000 0.0000000 0.0000000 1.0000000
0.9501501 0.1112615 0.2912700 100.6512990
-0.2616228 0.7926914 0.5506305 58.8696922
-0.1696254 -0.5993838 0.7822949 -24.3806014
0.0000000 0.0000000 0.0000000 1.0000000
0.9499481 0.1145025 0.2906723 101.7939790
-0.2652954 0.7870136 0.5569809 58.5563077
-0.1649895 -0.6062163 0.7780098 -24.5493726
0.0000000 0.0000000 0.0000000 1.0000000
0.9460871 0.1327467 0.2954651 102.4791745
-0.2850348 0.7745049 0.5647097 58.4211283
-0.1538780 -0.6184820 0.7705974 -24.6840256
0.0000000 0.0000000 0.0000000 1.0000000
0.9460941 0.1303858 0.2964915 103.6521481
-0.2842016 0.7732745 0.5668113 58.1078447
-0.1553674 -0.6205195 0.7686579 -24.8860847
0.0000000 0.0000000 0.0000000 1.0000000
0.9441709 0.1304466 0.3025337 104.4375704
-0.2883817 0.7712610 0.5674428 57.8788051
-0.1593137 -0.6230076 0.7658323 -24.9822204
0.0000000 0.0000000 0.0000000 1.0000000
0.9425779 0.1310214 0.3072151 105.6677038
-0.2921941 0.7690436 0.5685014 57.4353213
-0.1617781 -0.6256231 0.7631790 -25.1145613
0.0000000 0.0000000 0.0000000 1.0000000
0.9429176 0.1349377 0.3044633 106.9736869
-0.2949074 0.7630547 0.5751314 57.0446769
-0.1547173 -0.6320903 0.7593043 -25.3457082
0.0000000 0.0000000 0.0000000 1.0000000
0.9438186 0.1083483 0.3121968 107.9481031
-0.2793957 0.7661438 0.5787579 56.7549752
-0.1764823 -0.6334691 0.7533853 -25.4337613
0.0000000 0.0000000 0.0000000 1.0000000
0.9405897 0.1295499 0.3138609 108.9646313
-0.2976640 0.7593416 0.5786151 56.5101052
-0.1633704 -0.6376644 0.7528033 -25.6050795
0.0000000 0.0000000 0.0000000 1.0000000
0.9413155 0.1218493 0.3147674 109.5855646
-0.2939845 0.7541544 0.5872165 56.3358145
-0.1658336 -0.6452927 0.7457312 -25.6782168
0.0000000 0.0000000 0.0000000 1.0000000
0.9424655 0.1308929 0.3076145 110.6141855
-0.2968021 0.7510739 0.5897417 56.1390814
-0.1538504 -0.6471116 0.7467229 -25.9485404
0.0000000 0.0000000 0.0000000 1.0000000
0.9453058 0.1103833 0.3069413 111.9299063
-0.2804296 0.7556561 0.5918971 55.8971087
-0.1666087 -0.6455993 0.7452931 -26.2379850
0.0000000 0.0000000 0.0000000 1.0000000
0.9485386 0.0720776 0.3083509 113.6107508
-0.2545548 0.7527599 0.6070864 55.5529961
-0.1883590 -0.6543373 0.7323815 -26.5617739
0.0000000 0.0000000 0.0000000 1.0000000
0.9494595 0.0693036 0.3061457 114.6482752
-0.2522449 0.7489423 0.6127457 55.3590778
-0.1868222 -0.6590009 0.7285837 -26.8108452
0.0000000 0.0000000 0.0000000 1.0000000
0.9448748 0.0678065 0.3203359 115.6569611
-0.2603967 0.7487344 0.6095816 55.3460582
-0.1985152 -0.6593928 0.7251288 -27.2466374
0.0000000 0.0000000 0.0000000 1.0000000
0.9439934 0.0590273 0.3246439 116.6647871
-0.2585504 0.7436133 0.6165956 55.1598837
-0.2050160 -0.6659992 0.7172395 -27.5773527
0.0000000 0.0000000 0.0000000 1.0000000
0.9446598 0.0568445 0.3230911 117.4975500
-0.2560036 0.7436014 0.6176719 55.0160744
-0.2051420 -0.6662026 0.7170146 -27.7915381
0.0000000 0.0000000 0.0000000 1.0000000
0.9444312 0.0136979 0.3284254 118.8010227
-0.2261077 0.7522881 0.6188194 54.7298095
-0.2385963 -0.6586921 0.7135934 -28.1502718
0.0000000 0.0000000 0.0000000 1.0000000
0.9428942 0.0022711 0.3330866 119.6997497
-0.2219916 0.7498198 0.6232891 54.6228121
-0.2483419 -0.6616383 0.7075168 -28.4178906
0.0000000 0.0000000 0.0000000 1.0000000
0.9448119 -0.0127183 0.3273678 120.4726781
-0.2078517 0.7491249 0.6289746 54.4937414
-0.2532412 -0.6623071 0.7051505 -28.7026805
0.0000000 0.0000000 0.0000000 1.0000000
0.9421351 -0.0046146 0.3352034 121.0109416
-0.2211964 0.7427968 0.6319214 54.4292928
-0.2519065 -0.6695016 0.6988061 -28.8612228
0.0000000 0.0000000 0.0000000 1.0000000
0.9439486 -0.0186737 0.3295637 121.7291467
-0.2118432 0.7314035 0.6482059 54.3131376
-0.2531507 -0.6816899 0.6864639 -29.0919658
0.0000000 0.0000000 0.0000000 1.0000000
0.9436021 -0.0327990 0.3294535 122.5950576
-0.2035811 0.7272537 0.6554818 54.1071141
-0.2610977 -0.6855854 0.6795733 -29.3776289
0.0000000 0.0000000 0.0000000 1.0000000
0.9457302 -0.0388388 0.3226235 123.3259018
-0.1973595 0.7200940 0.6652169 54.0211479
-0.2581576 -0.6927897 0.6733620 -29.5854908
0.0000000 0.0000000 0.0000000 1.0000000
0.9466259 -0.0341247 0.3205217 123.8983532
-0.1995121 0.7189806 0.6657792 53.9359551
-0.2531703 -0.6941936 0.6738099 -29.7622572
0.0000000 0.0000000 0.0000000 1.0000000
0.9425023 -0.0348933 0.3323720 124.9706546
-0.2088992 0.7147920 0.6674082 53.7664636
-0.2608669 -0.6984677 0.6664166 -30.0516396
0.0000000 0.0000000 0.0000000 1.0000000
0.9439250 -0.0412359 0.3275743 125.8842700
-0.2057595 0.7024613 0.6813306 53.6122929
-0.2582056 -0.7105283 0.6545985 -30.3241295
0.0000000 0.0000000 0.0000000 1.0000000
0.9456795 -0.0407409 0.3225366 126.7818069
-0.2054182 0.6940925 0.6899557 53.4534401
-0.2519817 -0.7187338 0.6480328 -30.6148821
0.0000000 0.0000000 0.0000000 1.0000000
0.9410962 -0.0427177 0.3354284 127.6876635
-0.2134777 0.6942426 0.6873532 53.2854906
-0.2622329 -0.7184740 0.6442425 -30.8605174
0.0000000 0.0000000 0.0000000 1.0000000
0.9404819 -0.0545235 0.3354408 128.4605824
-0.2063364 0.6926849 0.6910952 53.2565075
-0.2700380 -0.7191777 0.6402203 -31.0793268
0.0000000 0.0000000 0.0000000 1.0000000
0.9416638 -0.0621751 0.3307605 129.0710838
-0.1980919 0.6921274 0.6940597 53.1396459
-0.2720839 -0.7190937 0.6394480 -31.2667448
0.0000000 0.0000000 0.0000000 1.0000000
0.9400169 -0.0526544 0.3370377 130.0081170
-0.2105033 0.6879343 0.6945750 53.0568846
-0.2684344 -0.7238618 0.6355992 -31.5465344
0.0000000 0.0000000 0.0000000 1.0000000
0.9382252 -0.0463391 0.3429057 130.9667152
-0.2219418 0.6797021 0.6991044 52.9113481
-0.2654716 -0.7320250 0.6274423 -31.8395112
0.0000000 0.0000000 0.0000000 1.0000000
0.9337258 -0.0486140 0.3546700 132.1069414
-0.2296540 0.6786634 0.6976208 52.6578102
-0.2746180 -0.7328403 0.6225346 -32.1293962
0.0000000 0.0000000 0.0000000 1.0000000
0.9283109 -0.0613787 0.3667008 133.1926945
-0.2332155 0.6720025 0.7028676 52.4759515
-0.2895674 -0.7380023 0.6095264 -32.4524808
0.0000000 0.0000000 0.0000000 1.0000000
