1.0000000 0.0000000 0.0000000 0.0000000
0.0000000 1.0000000 0.0000000 0.0000000
0.0000000 0.0000000 1.0000000 0.0000000
0.0000000 0.0000000 0.0000000 1.0000000
0.9999964 -0.0015376 0.0022076 0.6351102
0.0015333 0.9999967 0.0020292 -0.0015694
-0.0022107 -0.0020258 0.9999956 0.0104477
0.0000000 0.0000000 0.0000000 1.0000000
0.9998950 -0.0128495 0.0066821 1.7669140
0.0128414 0.9999163 0.0012900 0.2284372
-0.0066981 -0.0012040 0.9999770 0.0520995
0.0000000 0.0000000 0.0000000 1.0000000
0.9999460 -0.0094766 0.0041248 2.2185427
0.0094396 0.9999152 0.0089153 0.1588350
-0.0042089 -0.0088759 0.9999520 0.0307802
0.0000000 0.0000000 0.0000000 1.0000000
0.9999276 -0.0102547 0.0062370 3.0751312
0.0102032 0.9999139 0.0082246 -0.0919297
-0.0063208 -0.0081604 0.9999470 0.0574128
0.0000000 0.0000000 0.0000000 1.0000000
0.9996774 -0.0224491 0.0119368 4.1678027
0.0223324 0.9997018 0.0098708 0.1211613
-0.0121548 -0.0096010 0.9998802 0.0833617
0.0000000 0.0000000 0.0000000 1.0000000
0.9980077 -0.0615913 0.0137166 4.3237385
0.0614230 0.9980348 0.0123923 0.0468769
-0.0144529 -0.0115251 0.9998294 0.0942764
0.0000000 0.0000000 0.0000000 1.0000000
0.9984456 -0.0547756 0.0103676 5.3265291
0.0546084 0.9983841 0.0157573 0.2542673
-0.0112139 -0.0151667 0.9998225 0.0912627
0.0000000 0.0000000 0.0000000 1.0000000
0.9985155 -0.0532319 0.0116071 5.6897232
0.0530158 0.9984293 0.0181574 0.1597613
-0.0125554 -0.0175151 0.9997683 0.1075096
0.0000000 0.0000000 0.0000000 1.0000000
0.9966951 -0.0803878 0.0117639 6.1150960
0.0799941 0.9963207 0.0307762 0.2684216
-0.0141947 -0.0297334 0.9994576 0.1510510
0.0000000 0.0000000 0.0000000 1.0000000
0.9946601 -0.1008009 0.0222099 6.2821078
0.0999650 0.9943407 0.0359841 0.2397609
-0.0257115 -0.0335717 0.9991060 0.2196288
0.0000000 0.0000000 0.0000000 1.0000000
0.9921047 -0.1241247 0.0180071 6.3036443
0.1233152 0.9915324 0.0407218 0.1343027
-0.0229093 -0.0381797 0.9990088 0.2213178
0.0000000 0.0000000 0.0000000 1.0000000
0.9905725 -0.1361786 0.0149682 6.5141279
0.1355203 0.9900213 0.0386447 0.2563913
-0.0200815 -0.0362518 0.9991415 0.2382411
0.0000000 0.0000000 0.0000000 1.0000000
0.9911365 -0.1324853 0.0099246 6.6929253
0.1319149 0.9902348 0.0451109 -0.0309197
-0.0158043 -0.0434018 0.9989332 0.2731242
0.0000000 0.0000000 0.0000000 1.0000000
0.9898832 -0.1416590 0.0081429 6.5637055
0.1410969 0.9887703 0.0492561 -0.2171373
-0.0150292 -0.0476087 0.9987535 0.3201834
0.0000000 0.0000000 0.0000000 1.0000000
0.9841111 -0.1773373 0.0089299 6.4590674
0.1767405 0.9831434 0.0468306 -0.5761367
-0.0170844 -0.0445082 0.9988634 0.3232719
0.0000000 0.0000000 0.0000000 1.0000000
0.9795542 -0.2011870 0.0006159 6.6773423
0.2008576 0.9781008 0.0545581 -0.5237588
-0.0115790 -0.0533188 0.9985109 0.3402672
0.0000000 0.0000000 0.0000000 1.0000000
0.9727105 -0.2320275 -0.0009934 6.5824441
0.2317518 0.9713137 0.0533108 -0.1071205
-0.0114048 -0.0520860 0.9985779 0.2950282
0.0000000 0.0000000 0.0000000 1.0000000
0.9703726 -0.2413112 0.0122067 6.5222288
0.2402974 0.9691018 0.0556779 -0.0552183
-0.0252653 -0.0510949 0.9983745 0.1927195
0.0000000 0.0000000 0.0000000 1.0000000
0.9630854 -0.2689345 0.0119377 6.8289582
0.2680387 0.9620973 0.0502518 -0.0507314
-0.0249999 -0.0451969 0.9986657 0.1967377
0.0000000 0.0000000 0.0000000 1.0000000
0.9596203 -0.2810565 0.0117157 6.9316145
0.2801888 0.9586916 0.0490561 0.0382563
-0.0250195 -0.0437925 0.9987279 0.1715641
0.0000000 0.0000000 0.0000000 1.0000000
0.9575290 -0.2881947 0.0090729 6.9449688
0.2875247 0.9567112 0.0451035 0.0323005
-0.0216789 -0.0405791 0.9989417 0.2417248
0.0000000 0.0000000 0.0000000 1.0000000
0.9619591 -0.2725110 0.0192983 7.6970216
0.2712464 0.9611303 0.0515312 -0.0705967
-0.0325913 -0.0443362 0.9984853 0.2476466
0.0000000 0.0000000 0.0000000 1.0000000
0.9565707 -0.2911534 0.0142210 8.4181158
0.2901165 0.9556383 0.0508911 0.0818642
-0.0284074 -0.0445552 0.9986033 0.2246260
0.0000000 0.0000000 0.0000000 1.0000000
0.9578344 -0.2869105 0.0153692 8.3871476
0.2857959 0.9568832 0.0519372 0.0726451
-0.0296081 -0.0453547 0.9985325 0.2256968
0.0000000 0.0000000 0.0000000 1.0000000
0.9555887 -0.2944596 0.0120413 8.4905944
0.2934149 0.9544226 0.0546593 -0.0959431
-0.0275877 -0.0486987 0.9984328 0.2740710
0.0000000 0.0000000 0.0000000 1.0000000
0.9558560 -0.2934520 0.0150498 9.5747354
0.2921964 0.9546696 0.0568305 0.4676693
-0.0310448 -0.0499242 0.9982708 0.2968778
0.0000000 0.0000000 0.0000000 1.0000000
0.9585635 -0.2840451 0.0218048 9.6778828
0.2821489 0.9571558 0.0651676 0.3231324
-0.0393813 -0.0563150 0.9976364 0.2885712
0.0000000 0.0000000 0.0000000 1.0000000
0.9499960 -0.3114504 0.0225388 9.7664279
0.3095170 0.9487299 0.0641332 0.6618435
-0.0413577 -0.0539501 0.9976871 0.2665887
0.0000000 0.0000000 0.0000000 1.0000000
0.9526104 -0.3034673 0.0210309 9.7715555
0.3017319 0.9514115 0.0614535 0.3585356
-0.0386583 -0.0521955 0.9978888 0.3106559
0.0000000 0.0000000 0.0000000 1.0000000
0.9518706 -0.3058528 0.0199452 9.6543264
0.3039649 0.9503405 0.0667885 0.1463044
-0.0393824 -0.0575113 0.9975682 0.3149700
0.0000000 0.0000000 0.0000000 1.0000000
0.9507217 -0.3096030 0.0166017 9.4787004
0.3079972 0.9492219 0.0641705 0.2847187
-0.0356263 -0.0558949 0.9978013 0.2806881
0.0000000 0.0000000 0.0000000 1.0000000
0.9502975 -0.3110255 0.0141305 9.9659595
0.3095836 0.9487611 0.0633470 -0.0871192
-0.0331091 -0.0558239 0.9978919 0.3036408
0.0000000 0.0000000 0.0000000 1.0000000
0.9504623 -0.3105060 0.0144828 10.0856039
0.3091445 0.9490998 0.0603512 -0.1907582
-0.0324852 -0.0528842 0.9980725 0.3267898
0.0000000 0.0000000 0.0000000 1.0000000
0.9508320 -0.3093347 0.0152493 10.2226642
0.3079455 0.9495102 0.0600242 -0.3752107
-0.0330471 -0.0523770 0.9980808 0.3316852
0.0000000 0.0000000 0.0000000 1.0000000
0.9501490 -0.3113116 0.0174442 10.3832294
0.3098453 0.9489622 0.0589076 -0.3969550
-0.0348927 -0.0505659 0.9981115 0.3390725
0.0000000 0.0000000 0.0000000 1.0000000
0.9522535 -0.3048349 0.0170761 10.7421192
0.3034638 0.9511451 0.0568845 -0.3717661
-0.0335824 -0.0489864 0.9982353 0.3476031
0.0000000 0.0000000 0.0000000 1.0000000
0.9535764 -0.3002571 0.0232445 10.9935008
0.2986705 0.9527770 0.0549067 -0.5095614
-0.0386331 -0.0454152 0.9982215 0.3658524
0.0000000 0.0000000 0.0000000 1.0000000
0.9547043 -0.2967091 0.0224975 11.0587208
0.2950857 0.9537789 0.0568669 -0.4832682
-0.0383307 -0.0476523 0.9981289 0.3529874
0.0000000 0.0000000 0.0000000 1.0000000
0.9515588 -0.3064322 0.0252673 10.9554929
0.3047348 0.9508328 0.0552955 -0.7275375
-0.0409695 -0.0449170 0.9981509 0.3317166
0.0000000 0.0000000 0.0000000 1.0000000
0.9536156 -0.2998694 0.0264219 11.1233536
0.2980547 0.9528493 0.0569652 -0.5286117
-0.0422585 -0.0464477 0.9980271 0.3810571
0.0000000 0.0000000 0.0000000 1.0000000
0.9494755 -0.3126669 0.0271595 12.3268974
0.3108819 0.9488414 0.0552766 -0.2713421
-0.0430535 -0.0440403 0.9981022 0.2783694
0.0000000 0.0000000 0.0000000 1.0000000
0.9500126 -0.3105245 0.0324437 13.2620413
0.3085011 0.9496050 0.0555040 -0.2116649
-0.0480443 -0.0427205 0.9979319 0.2521570
0.0000000 0.0000000 0.0000000 1.0000000
0.9517865 -0.3049223 0.0335597 13.5249516
0.3028832 0.9514468 0.0548957 -0.1549291
-0.0486694 -0.0420843 0.9979287 0.2338606
0.0000000 0.0000000 0.0000000 1.0000000
0.9548185 -0.2954769 0.0318888 14.1900776
0.2934101 0.9542821 0.0570890 -0.1952788
-0.0472996 -0.0451530 0.9978605 0.2061455
0.0000000 0.0000000 0.0000000 1.0000000
0.9604598 -0.2763360 0.0340184 14.8263777
0.2741650 0.9599669 0.0574487 -0.3138420
-0.0485319 -0.0458505 0.9977695 0.1615138
0.0000000 0.0000000 0.0000000 1.0000000
0.9566910 -0.2893547 0.0319259 15.2397294
0.2870885 0.9559431 0.0612963 -0.2567297
-0.0482560 -0.0494760 0.9976098 0.1267024
0.0000000 0.0000000 0.0000000 1.0000000
0.9587926 -0.2820810 0.0339216 16.0580599
0.2794195 0.9578140 0.0672447 -0.0731366
-0.0514593 -0.0549953 0.9971607 0.0544609
0.0000000 0.0000000 0.0000000 1.0000000
0.9607174 -0.2751493 0.0363236 16.7793125
0.2722981 0.9597787 0.0684394 -0.1946474
-0.0536939 -0.0558600 0.9969948 0.0607201
0.0000000 0.0000000 0.0000000 1.0000000
0.9618775 -0.2709718 0.0370157 17.3767647
0.2679495 0.9608211 0.0709309 -0.1452077
-0.0547859 -0.0583084 0.9967951 0.0236951
0.0000000 0.0000000 0.0000000 1.0000000
0.9662437 -0.2543017 0.0413313 17.7086913
0.2510167 0.9653478 0.0714088 -0.2438375
-0.0580587 -0.0586234 0.9965914 0.0240932
0.0000000 0.0000000 0.0000000 1.0000000
0.9634901 -0.2652415 0.0365743 18.1411897
0.2620678 0.9621876 0.0742967 -0.2187668
-0.0548981 -0.0619990 0.9965662 -0.0202484
0.0000000 0.0000000 0.0000000 1.0000000
0.9614166 -0.2725487 0.0374194 18.9152439
0.2693423 0.9602165 0.0737838 -0.1388985
-0.0560407 -0.0608582 0.9965729 -0.1001785
0.0000000 0.0000000 0.0000000 1.0000000
0.9551254 -0.2939733 0.0363286 19.9209471
0.2906600 0.9537777 0.0763522 -0.0810724
-0.0570952 -0.0623665 0.9964198 -0.1274819
0.0000000 0.0000000 0.0000000 1.0000000
0.9473371 -0.3183982 0.0343520 21.8837660
0.3148686 0.9456230 0.0816101 0.6288566
-0.0584688 -0.0664957 0.9960733 -0.3027164
0.0000000 0.0000000 0.0000000 1.0000000
0.9437492 -0.3291784 0.0313727 22.2124734
0.3257712 0.9418355 0.0826062 0.8708411
-0.0567404 -0.0677390 0.9960894 -0.3696472
0.0000000 0.0000000 0.0000000 1.0000000
0.9386220 -0.3434644 0.0320301 22.7080664
0.3398145 0.9366022 0.0854830 1.0711479
-0.0593601 -0.0693517 0.9958258 -0.4193716
0.0000000 0.0000000 0.0000000 1.0000000
0.9389457 -0.3429873 0.0273069 23.6017329
0.3396487 0.9366269 0.0858747 1.5590892
-0.0550306 -0.0713567 0.9959328 -0.4901932
0.0000000 0.0000000 0.0000000 1.0000000
0.9326311 -0.3601701 0.0219502 24.8210421
0.3573835 0.9303795 0.0817100 1.9847186
-0.0498519 -0.0683605 0.9964156 -0.5693349
0.0000000 0.0000000 0.0000000 1.0000000
0.9293921 -0.3685233 0.0206506 25.3393844
0.3659113 0.9272470 0.0795490 2.0563017
-0.0484641 -0.0663757 0.9966183 -0.6544508
0.0000000 0.0000000 0.0000000 1.0000000
0.9249775 -0.3797327 0.0149808 26.2290393
0.3773792 0.9224532 0.0816760 2.3604153
-0.0448344 -0.0698948 0.9965475 -0.6892110
0.0000000 0.0000000 0.0000000 1.0000000
0.9251497 -0.3793870 0.0129692 26.8469576
0.3772842 0.9227138 0.0791338 2.0835543
-0.0419895 -0.0683173 0.9967808 -0.7087567
0.0000000 0.0000000 0.0000000 1.0000000
0.9178721 -0.3967022 0.0119486 27.5901340
0.3946102 0.9154123 0.0794335 2.3241724
-0.0424496 -0.0681946 0.9967698 -0.7656101
0.0000000 0.0000000 0.0000000 1.0000000
0.9078168 -0.4190654 0.0159992 28.1799617
0.4161756 0.9049376 0.0888367 2.4661642
-0.0517068 -0.0739888 0.9959191 -0.8204994
0.0000000 0.0000000 0.0000000 1.0000000
0.9005822 -0.4345622 0.0105411 29.3813491
0.4323188 0.8979272 0.0826615 2.3201363
-0.0453869 -0.0698862 0.9965233 -0.8536819
0.0000000 0.0000000 0.0000000 1.0000000
0.8859759 -0.4635970 0.0113558 30.7142630
0.4612720 0.8835170 0.0814364 2.9345090
-0.0477869 -0.0669124 0.9966153 -0.8521429
0.0000000 0.0000000 0.0000000 1.0000000
0.8710902 -0.4909477 0.0132816 31.0249656
0.4884076 0.8687842 0.0817172 3.0389924
-0.0516579 -0.0646960 0.9965685 -0.7982222
0.0000000 0.0000000 0.0000000 1.0000000
0.8623924 -0.5057840 0.0215848 31.4771879
0.5025406 0.8604466 0.0842065 3.2092363
-0.0611631 -0.0617716 0.9962159 -0.7651421
0.0000000 0.0000000 0.0000000 1.0000000
0.8534650 -0.5208529 0.0177247 31.9886383
0.5174212 0.8509183 0.0906637 3.2989359
-0.0623049 -0.0682070 0.9957252 -0.7723580
0.0000000 0.0000000 0.0000000 1.0000000
0.8440570 -0.5360300 0.0155942 32.4328716
0.5326471 0.8413828 0.0914797 3.3266190
-0.0621568 -0.0689077 0.9956862 -0.7953808
0.0000000 0.0000000 0.0000000 1.0000000
0.8229566 -0.5678415 0.0173809 32.7032733
0.5636274 0.8199133 0.1003614 3.9979739
-0.0712403 -0.0727965 0.9948006 -0.8224006
0.0000000 0.0000000 0.0000000 1.0000000
0.8106401 -0.5852145 0.0197938 33.6155109
0.5803364 0.8074585 0.1059568 4.5606290
-0.0779902 -0.0744055 0.9941752 -0.9198941
0.0000000 0.0000000 0.0000000 1.0000000
0.7926434 -0.6094383 0.0175156 33.9706036
0.6041134 0.7889394 0.1123791 5.2120328
-0.0823070 -0.0784948 0.9935124 -1.0191614
0.0000000 0.0000000 0.0000000 1.0000000
0.7725438 -0.6347076 0.0181020 34.4956012
0.6288946 0.7687727 0.1161335 5.6821293
-0.0876272 -0.0783336 0.9930701 -1.1166378
0.0000000 0.0000000 0.0000000 1.0000000
0.7527288 -0.6579409 0.0227611 34.8809110
0.6511716 0.7491740 0.1213278 6.2376038
-0.0968786 -0.0765052 0.9923530 -1.1742666
0.0000000 0.0000000 0.0000000 1.0000000
0.7447373 -0.6665072 0.0337510 34.9673073
0.6585289 0.7421363 0.1248171 6.6685039
-0.1082393 -0.0707297 0.9916070 -1.1966637
0.0000000 0.0000000 0.0000000 1.0000000
0.7424908 -0.6687378 0.0387561 35.2995929
0.6599169 0.7401713 0.1290786 7.0591789
-0.1150057 -0.0702635 0.9908782 -1.2320624
0.0000000 0.0000000 0.0000000 1.0000000
0.7311228 -0.6812997 0.0359815 35.7188065
0.6722552 0.7283993 0.1323324 7.5896417
-0.1163668 -0.0725621 0.9905536 -1.3023038
0.0000000 0.0000000 0.0000000 1.0000000
0.7246588 -0.6883896 0.0315200 36.0315287
0.6797460 0.7215729 0.1314644 7.9999151
-0.1132425 -0.0738409 0.9908212 -1.3241636
0.0000000 0.0000000 0.0000000 1.0000000
0.7203204 -0.6927140 0.0359209 36.4718433
0.6840230 0.7179662 0.1290051 8.5927415
-0.1151535 -0.0683539 0.9909948 -1.4502710
0.0000000 0.0000000 0.0000000 1.0000000
0.7458703 -0.6649408 0.0391957 37.3011200
0.6563708 0.7437208 0.1267396 9.4883011
-0.1134249 -0.0688041 0.9911631 -1.5406768
0.0000000 0.0000000 0.0000000 1.0000000
0.7419533 -0.6687353 0.0479941 37.6095496
0.6598461 0.7410192 0.1244994 9.7294026
-0.1188215 -0.0607037 0.9910601 -1.5836029
0.0000000 0.0000000 0.0000000 1.0000000
0.7468688 -0.6631480 0.0492600 38.1893219
0.6535759 0.7457022 0.1295162 10.5098219
-0.1226216 -0.0645363 0.9903547 -1.6731298
0.0000000 0.0000000 0.0000000 1.0000000
0.7453664 -0.6655529 0.0383772 38.5991649
0.6570656 0.7431492 0.1264979 11.3429056
-0.1127109 -0.0690708 0.9912259 -1.7534357
0.0000000 0.0000000 0.0000000 1.0000000
0.7466753 -0.6639511 0.0406061 39.3619962
0.6556039 0.7448639 0.1239705 12.0238129
-0.1125562 -0.0659440 0.9914564 -1.8603218
0.0000000 0.0000000 0.0000000 1.0000000
0.7498834 -0.6602172 0.0423271 39.9432449
0.6523014 0.7485298 0.1192171 12.8173451
-0.1103922 -0.0617888 0.9919672 -1.9623600
0.0000000 0.0000000 0.0000000 1.0000000
0.7515887 -0.6583466 0.0411941 40.4491445
0.6501946 0.7499107 0.1220113 13.7921985
-0.1112175 -0.0649179 0.9916750 -2.1152588
0.0000000 0.0000000 0.0000000 1.0000000
0.7508925 -0.6592490 0.0394257 41.1790670
0.6503296 0.7484880 0.1297831 14.4483639
-0.1150690 -0.0718133 0.9907597 -2.2416138
0.0000000 0.0000000 0.0000000 1.0000000
0.7417453 -0.6696904 0.0364974 41.5460771
0.6594295 0.7381401 0.1425087 15.0774178
-0.1223768 -0.0816374 0.9891219 -2.3800126
0.0000000 0.0000000 0.0000000 1.0000000
0.7569992 -0.6527503 0.0295435 41.8593867
0.6426690 0.7519463 0.1468333 15.9320081
-0.1180606 -0.0921657 0.9887214 -2.5536939
0.0000000 0.0000000 0.0000000 1.0000000
0.7767962 -0.6294217 0.0204853 42.5232356
0.6187558 0.7688715 0.1611985 16.9857241
-0.1172125 -0.1125427 0.9867107 -2.7915373
0.0000000 0.0000000 0.0000000 1.0000000
0.7819644 -0.6230924 0.0170587 42.4744119
0.6118386 0.7724892 0.1700631 17.4386692
-0.1191427 -0.1225458 0.9852868 -2.8916704
0.0000000 0.0000000 0.0000000 1.0000000
0.7821045 -0.6228557 0.0191132 43.1317688
0.6104064 0.7719157 0.1776439 17.8728469
-0.1254004 -0.1272690 0.9839105 -2.9981926
0.0000000 0.0000000 0.0000000 1.0000000
0.7809384 -0.6243599 0.0176693 43.6414883
0.6117163 0.7702237 0.1804601 18.7106300
-0.1262813 -0.1301193 0.9834249 -3.2061277
0.0000000 0.0000000 0.0000000 1.0000000
0.7817719 -0.6231648 0.0223717 44.6811419
0.6082048 0.7699309 0.1931332 19.7572521
-0.1375785 -0.1373793 0.9809186 -3.4707447
0.0000000 0.0000000 0.0000000 1.0000000
0.7889603 -0.6140095 0.0231603 46.0405441
0.5989351 0.7769075 0.1941610 20.7147151
-0.1372100 -0.1393135 0.9806974 -3.7105027
0.0000000 0.0000000 0.0000000 1.0000000
0.7970747 -0.6034824 0.0219708 46.9321229
0.5888578 0.7847884 0.1932881 21.3257319
-0.1338883 -0.1411271 0.9808971 -3.8936435
0.0000000 0.0000000 0.0000000 1.0000000
0.8032171 -0.5952896 0.0217803 47.8800092
0.5804893 0.7904009 0.1957145 22.0119416
-0.1337218 -0.1445577 0.9804201 -4.0413038
0.0000000 0.0000000 0.0000000 1.0000000
0.7982693 -0.6021074 0.0153055 48.7773599
0.5881254 0.7847032 0.1958445 22.7124380
-0.1299296 -0.1473348 0.9805167 -4.2297295
0.0000000 0.0000000 0.0000000 1.0000000
0.8068773 -0.5906160 0.0111121 49.3228281
0.5768546 0.7918433 0.2005694 23.2023033
-0.1272584 -0.1554244 0.9796177 -4.3135458
0.0000000 0.0000000 0.0000000 1.0000000
0.7956797 -0.6056959 0.0053863 50.0448825
0.5927984 0.7804955 0.1985491 24.0266635
-0.1244642 -0.1547881 0.9800774 -4.4264221
0.0000000 0.0000000 0.0000000 1.0000000
0.8055695 -0.5924926 -0.0035559 50.4077006
0.5814488 0.7893645 0.1970430 24.7441439
-0.1139395 -0.1607989 0.9803898 -4.6066300
0.0000000 0.0000000 0.0000000 1.0000000
0.8068190 -0.5907705 -0.0059358 51.4536945
0.5804565 0.7907738 0.1942969 25.5274062
-0.1100908 -0.1602073 0.9809263 -4.7414420
0.0000000 0.0000000 0.0000000 1.0000000
0.8026755 -0.5963441 -0.0093710 51.8428677
0.5863940 0.7862120 0.1949773 26.2316241
-0.1089057 -0.1619980 0.9807645 -4.8712525
0.0000000 0.0000000 0.0000000 1.0000000
0.8072762 -0.5900673 -0.0112894 52.9912162
0.5803825 0.7902578 0.1966028 26.7565257
-0.1070872 -0.1652643 0.9804198 -4.9948039
0.0000000 0.0000000 0.0000000 1.0000000
0.8161391 -0.5777115 -0.0129678 53.9127143
0.5687486 0.7990963 0.1948672 27.3300363
-0.1022142 -0.1664136 0.9807454 -5.0799681
0.0000000 0.0000000 0.0000000 1.0000000
0.8205579 -0.5714053 -0.0135136 54.9203306
0.5627066 0.8034602 0.1944643 28.4068593
-0.1002601 -0.1671728 0.9808179 -5.2720946
0.0000000 0.0000000 0.0000000 1.0000000
0.8256448 -0.5638884 -0.0184710 56.0846898
0.5560119 0.8076759 0.1962501 29.0184525
-0.0957445 -0.1723024 0.9803813 -5.3340144
0.0000000 0.0000000 0.0000000 1.0000000
0.8266160 -0.5622759 -0.0235072 56.7232833
0.5553883 0.8083146 0.1953836 29.9151718
-0.0908582 -0.1745623 0.9804466 -5.4563014
0.0000000 0.0000000 0.0000000 1.0000000
0.8247200 -0.5650812 -0.0228382 57.5853925
0.5576474 0.8058107 0.1992536 30.5107811
-0.0941910 -0.1770635 0.9796833 -5.4873670
0.0000000 0.0000000 0.0000000 1.0000000
0.8321455 -0.5541682 -0.0207873 58.3540499
0.5463371 0.8127951 0.2021948 31.2942291
-0.0951539 -0.1796118 0.9791262 -5.5453118
0.0000000 0.0000000 0.0000000 1.0000000
0.8397093 -0.5425616 -0.0227152 59.4384188
0.5354353 0.8202468 0.2012653 32.1282551
-0.0905666 -0.1811663 0.9792750 -5.6521968
0.0000000 0.0000000 0.0000000 1.0000000
0.8450629 -0.5343260 -0.0191052 60.2728661
0.5267860 0.8259530 0.2007523 32.8245137
-0.0914870 -0.1797122 0.9794573 -5.7234979
0.0000000 0.0000000 0.0000000 1.0000000
0.8496508 -0.5270256 -0.0184002 61.1035695
0.5196443 0.8307794 0.1994470 33.1527200
-0.0898270 -0.1790212 0.9797376 -5.7335623
0.0000000 0.0000000 0.0000000 1.0000000
0.8640218 -0.5030531 -0.0201105 62.1968850
0.4968103 0.8454574 0.1959197 34.1693854
-0.0815555 -0.1792692 0.9804154 -5.8801741
0.0000000 0.0000000 0.0000000 1.0000000
0.8756839 -0.4824498 -0.0205017 62.8112786
0.4775197 0.8588494 0.1853538 34.6042355
-0.0718160 -0.1721007 0.9824597 -5.9347574
0.0000000 0.0000000 0.0000000 1.0000000
0.8832130 -0.4688104 -0.0123454 63.7535136
0.4629043 0.8672497 0.1833065 35.1809295
-0.0752295 -0.1676128 0.9829801 -5.9436413
0.0000000 0.0000000 0.0000000 1.0000000
0.8842702 -0.4667799 -0.0135560 64.7469298
0.4616980 0.8695420 0.1753155 35.8425538
-0.0700462 -0.1612844 0.9844209 -6.0174709
0.0000000 0.0000000 0.0000000 1.0000000
0.8876498 -0.4604183 -0.0097068 65.3859339
0.4549937 0.8735342 0.1729806 36.2195294
-0.0711642 -0.1579620 0.9848794 -6.0332717
0.0000000 0.0000000 0.0000000 1.0000000
0.8930177 -0.4499773 -0.0063461 66.5747304
0.4439693 0.8786033 0.1759279 37.0253249
-0.0735878 -0.1599235 0.9843846 -6.1571404
0.0000000 0.0000000 0.0000000 1.0000000
0.8954240 -0.4451036 -0.0099294 67.2083578
0.4399987 0.8813002 0.1723785 37.3323517
-0.0679754 -0.1587202 0.9849828 -6.2198874
0.0000000 0.0000000 0.0000000 1.0000000
0.8973365 -0.4412859 -0.0073139 68.1734402
0.4354481 0.8825122 0.1776515 38.1328628
-0.0719404 -0.1625974 0.9840683 -6.3162970
0.0000000 0.0000000 0.0000000 1.0000000
0.9088055 -0.4172195 0.0004780 69.1646187
0.4106890 0.8947710 0.1752768 38.7407868
-0.0735566 -0.1590955 0.9845211 -6.3443757
0.0000000 0.0000000 0.0000000 1.0000000
0.9152544 -0.4028469 -0.0048725 70.8040029
0.3978973 0.9019688 0.1677274 39.4986529
-0.0631736 -0.1554512 0.9858234 -6.4928231
0.0000000 0.0000000 0.0000000 1.0000000
0.9220045 -0.3871722 0.0023222 72.1108160
0.3816223 0.9097567 0.1634317 40.2841874
-0.0653889 -0.1497978 0.9865540 -6.6247086
0.0000000 0.0000000 0.0000000 1.0000000
0.9283112 -0.3716518 0.0106612 73.1774000
0.3654323 0.9173012 0.1581794 40.9070048
-0.0685673 -0.1429430 0.9873549 -6.6679698
0.0000000 0.0000000 0.0000000 1.0000000
0.9288642 -0.3698730 0.0201162 74.7670779
0.3620817 0.9180654 0.1614183 41.7277514
-0.0781723 -0.1426513 0.9866832 -6.6640000
0.0000000 0.0000000 0.0000000 1.0000000
0.9431058 -0.3317854 0.0216837 75.7855797
0.3244869 0.9326529 0.1577035 42.3296520
-0.0725471 -0.1416943 0.9872507 -6.7095972
0.0000000 0.0000000 0.0000000 1.0000000
0.9495644 -0.3122232 0.0290755 76.6278061
0.3043311 0.9399425 0.1545797 42.8656760
-0.0755927 -0.1379341 0.9875547 -6.7616428
0.0000000 0.0000000 0.0000000 1.0000000
0.9466443 -0.3204301 0.0345002 77.8477178
0.3115978 0.9373296 0.1559641 43.6690687
-0.0823137 -0.1368917 0.9871624 -6.8734617
0.0000000 0.0000000 0.0000000 1.0000000
0.9519700 -0.3034691 0.0407519 79.4476428
0.2947585 0.9442913 0.1464094 44.2374502
-0.0829125 -0.1273647 0.9883866 -6.9424792
0.0000000 0.0000000 0.0000000 1.0000000
0.9534011 -0.2986705 0.0427038 80.7277953
0.2903787 0.9467778 0.1389100 44.7631386
-0.0819194 -0.1200359 0.9893862 -7.0117863
0.0000000 0.0000000 0.0000000 1.0000000
0.9609425 -0.2732181 0.0440670 82.0319522
0.2652748 0.9547165 0.1347184 45.4443802
-0.0788791 -0.1177660 0.9899059 -7.0946417
0.0000000 0.0000000 0.0000000 1.0000000
0.9665016 -0.2517330 0.0500529 83.1719196
0.2433387 0.9607476 0.1332437 46.0485438
-0.0816301 -0.1165998 0.9898210 -7.1933704
0.0000000 0.0000000 0.0000000 1.0000000
0.9669392 -0.2496572 0.0519693 85.3970615
0.2412783 0.9616396 0.1305282 46.7201022
-0.0825632 -0.1136730 0.9900841 -7.3182905
0.0000000 0.0000000 0.0000000 1.0000000
0.9710801 -0.2320929 0.0560084 87.8524942
0.2237642 0.9665195 0.1255928 47.6518150
-0.0832826 -0.1094273 0.9905022 -7.5029499
0.0000000 0.0000000 0.0000000 1.0000000
0.9695384 -0.2378496 0.0585168 89.1077633
0.2298926 0.9660631 0.1177942 48.0555592
-0.0845484 -0.1007527 0.9913151 -7.5863147
0.0000000 0.0000000 0.0000000 1.0000000
0.9682523 -0.2406952 0.0674912 89.9500456
0.2321940 0.9659773 0.1139206 48.3548674
-0.0926153 -0.0946321 0.9911975 -7.6104838
0.0000000 0.0000000 0.0000000 1.0000000
0.9690085 -0.2366423 0.0708837 91.2848513
0.2282676 0.9674426 0.1093268 48.8161458
-0.0944474 -0.0897573 0.9914780 -7.6905675
0.0000000 0.0000000 0.0000000 1.0000000
0.9774174 -0.1986913 0.0719573 92.7325273
0.1911585 0.9764754 0.0997892 49.2080097
-0.0900920 -0.0837797 0.9924061 -7.7648522
0.0000000 0.0000000 0.0000000 1.0000000
0.9751616 -0.2081250 0.0757955 93.8116476
0.2002989 0.9746779 0.0994328 49.5932796
-0.0945709 -0.0817805 0.9921561 -7.7916801
0.0000000 0.0000000 0.0000000 1.0000000
0.9784080 -0.1922410 0.0759124 94.9411078
0.1850704 0.9783731 0.0924052 49.8662796
-0.0920350 -0.0763600 0.9928264 -7.9067545
0.0000000 0.0000000 0.0000000 1.0000000
0.9800815 -0.1804053 0.0830393 96.1042706
0.1724961 0.9804879 0.0942996 50.1647169
-0.0984314 -0.0780966 0.9920777 -7.9705036
0.0000000 0.0000000 0.0000000 1.0000000
0.9842012 -0.1553726 0.0849014 97.3026016
0.1477061 0.9849085 0.0902318 50.5648922
-0.0976399 -0.0762650 0.9922984 -8.0793662
0.0000000 0.0000000 0.0000000 1.0000000
0.9837446 -0.1561109 0.0887500 98.2121531
0.1490236 0.9854596 0.0816375 50.8267955
-0.1002043 -0.0670839 0.9927059 -8.1527643
0.0000000 0.0000000 0.0000000 1.0000000
0.9860680 -0.1397512 0.0902206 99.6344697
0.1324245 0.9877368 0.0827203 51.2110152
-0.1006747 -0.0696197 0.9924838 -8.2273534
0.0000000 0.0000000 0.0000000 1.0000000
0.9872660 -0.1324514 0.0881084 100.6634680
0.1256382 0.9889341 0.0789110 51.6370174
-0.0975855 -0.0668355 0.9929836 -8.3052444
0.0000000 0.0000000 0.0000000 1.0000000
0.9861055 -0.1406089 0.0884666 101.7640880
0.1339919 0.9880013 0.0768285 51.8534994
-0.0982081 -0.0639063 0.9931152 -8.4001033
0.0000000 0.0000000 0.0000000 1.0000000
0.9858579 -0.1375575 0.0957241 102.4818185
0.1303514 0.9884023 0.0779256 52.1116884
-0.1053334 -0.0643450 0.9923565 -8.4021405
0.0000000 0.0000000 0.0000000 1.0000000
0.9852079 -0.1408615 0.0975920 103.1732515
0.1336899 0.9880622 0.0765725 52.2219849
-0.1072133 -0.0623919 0.9922799 -8.4292507
0.0000000 0.0000000 0.0000000 1.0000000
0.9836882 -0.1464858 0.1043990 103.9712163
0.1385461 0.9871441 0.0797096 52.5302828
-0.1147333 -0.0639444 0.9913395 -8.4636850
0.0000000 0.0000000 0.0000000 1.0000000
0.9791459 -0.1749685 0.1032415 105.0954453
0.1667610 0.9824564 0.0835006 52.6377259
-0.1160404 -0.0645418 0.9911486 -8.5521409
0.0000000 0.0000000 0.0000000 1.0000000
0.9796490 -0.1692647 0.1078699 105.7675168
0.1611503 0.9836780 0.0800651 52.8997813
-0.1196616 -0.0610517 0.9909392 -8.6259222
0.0000000 0.0000000 0.0000000 1.0000000
0.9780131 -0.1778192 0.1089434 106.8028888
0.1697487 0.9822794 0.0794680 53.1531457
-0.1211439 -0.0592270 0.9908700 -8.6947972
0.0000000 0.0000000 0.0000000 1.0000000
0.9747886 -0.1917491 0.1140943 107.9294484
0.1834849 0.9798332 0.0791350 53.3548113
-0.1269676 -0.0562046 0.9903167 -8.7924242
0.0000000 0.0000000 0.0000000 1.0000000
0.9753472 -0.1845776 0.1209384 108.6692486
0.1756166 0.9811122 0.0811163 53.6869663
-0.1336265 -0.0578771 0.9893439 -8.8600940
0.0000000 0.0000000 0.0000000 1.0000000
0.9722474 -0.1966131 0.1267881 109.7349987
0.1875193 0.9789808 0.0802232 53.9943154
-0.1398962 -0.0542210 0.9886842 -8.9547454
0.0000000 0.0000000 0.0000000 1.0000000
0.9729888 -0.1901692 0.1308662 110.4252762
0.1799620 0.9799088 0.0859920 54.1000978
-0.1445902 -0.0601177 0.9876673 -9.0129529
0.0000000 0.0000000 0.0000000 1.0000000
0.9740540 -0.1844618 0.1311126 111.1849334
0.1733696 0.9805854 0.0916423 54.5525027
-0.1454718 -0.0665330 0.9871265 -9.1652981
0.0000000 0.0000000 0.0000000 1.0000000
0.9713066 -0.1959894 0.1347203 112.3508184
0.1846371 0.9784640 0.0923060 55.0192530
-0.1499102 -0.0647824 0.9865788 -9.3094073
0.0000000 0.0000000 0.0000000 1.0000000
0.9680403 -0.2068762 0.1417675 113.2944316
0.1950126 0.9763642 0.0931995 55.3942925
-0.1576977 -0.0625738 0.9855068 -9.4130389
0.0000000 0.0000000 0.0000000 1.0000000
0.9698368 -0.2000110 0.1393189 114.3805273
0.1888735 0.9779424 0.0892136 55.5916367
-0.1540897 -0.0602084 0.9862246 -9.5923924
0.0000000 0.0000000 0.0000000 1.0000000
0.9690556 -0.2042187 0.1386517 115.5605086
0.1933891 0.9771946 0.0877231 55.5819691
-0.1534046 -0.0581942 0.9864525 -9.7323455
0.0000000 0.0000000 0.0000000 1.0000000
0.9622094 -0.2319075 0.1427255 116.8422218
0.2213259 0.9713776 0.0862783 55.7561670
-0.1586491 -0.0514282 0.9859988 -9.8672560
0.0000000 0.0000000 0.0000000 1.0000000
0.9618404 -0.2298844 0.1483734 117.8759706
0.2187202 0.9718238 0.0878813 55.9122529
-0.1643956 -0.0520748 0.9850232 -9.9919819
0.0000000 0.0000000 0.0000000 1.0000000
0.9655189 -0.2095376 0.1544825 118.9450998
0.1977043 0.9762550 0.0885609 56.1099336
-0.1693713 -0.0549647 0.9840227 -10.1425832
0.0000000 0.0000000 0.0000000 1.0000000
0.9644856 -0.2113056 0.1584745 120.1152048
0.1989528 0.9758368 0.0903555 56.4669077
-0.1737380 -0.0556171 0.9832244 -10.3330810
0.0000000 0.0000000 0.0000000 1.0000000
0.9645115 -0.2129940 0.1560375 121.0706476
0.2013107 0.9756203 0.0874215 56.3983293
-0.1708537 -0.0529065 0.9838794 -10.4951572
0.0000000 0.0000000 0.0000000 1.0000000
0.9626550 -0.2174022 0.1613357 122.1141751
0.2052576 0.9746809 0.0887083 56.7565252
-0.1765364 -0.0522794 0.9829092 -10.5994276
0.0000000 0.0000000 0.0000000 1.0000000
0.9691916 -0.1825106 0.1653975 123.9700648
0.1703823 0.9817128 0.0849247 56.9750828
-0.1778729 -0.0541268 0.9825684 -10.9160349
0.0000000 0.0000000 0.0000000 1.0000000
0.9692105 -0.1856917 0.1617043 124.7910582
0.1741023 0.9812014 0.0832729 57.0789941
-0.1741279 -0.0525551 0.9833242 -11.0511813
0.0000000 0.0000000 0.0000000 1.0000000
0.9733341 -0.1662936 0.1580068 125.9341508
0.1554990 0.9847123 0.0785112 57.2955941
-0.1686475 -0.0518469 0.9843166 -11.2643173
0.0000000 0.0000000 0.0000000 1.0000000
0.9718295 -0.1724728 0.1606231 127.2512192
0.1607256 0.9834539 0.0835963 57.5706122
-0.1723838 -0.0554243 0.9834742 -11.4346886
0.0000000 0.0000000 0.0000000 1.0000000
0.9739448 -0.1590507 0.1616560 129.0732539
0.1480091 0.9858825 0.0783079 57.9064852
-0.1718290 -0.0523402 0.9837402 -11.7349447
0.0000000 0.0000000 0.0000000 1.0000000
0.9727945 -0.1652608 0.1623521 130.3939696
0.1537451 0.9847679 0.0812272 58.0704878
-0.1733029 -0.0540558 0.9833889 -11.9502877
0.0000000 0.0000000 0.0000000 1.0000000
0.9694934 -0.1793658 0.1670582 131.8463295
0.1663766 0.9820485 0.0888974 58.3589466
-0.1800046 -0.0583902 0.9819361 -12.1625679
0.0000000 0.0000000 0.0000000 1.0000000
0.9679932 -0.1924856 0.1610477 133.2086472
0.1797610 0.9795552 0.0903400 58.6396202
-0.1751444 -0.0584978 0.9828083 -12.4141243
0.0000000 0.0000000 0.0000000 1.0000000
0.9696184 -0.1850853 0.1599458 134.5095202
0.1728377 0.9810562 0.0875216 58.9968884
-0.1731149 -0.0572172 0.9832433 -12.5964091
0.0000000 0.0000000 0.0000000 1.0000000
0.9715760 -0.1800644 0.1536752 136.1629898
0.1689055 0.9821366 0.0829648 59.0719046
-0.1658691 -0.0546493 0.9846375 -12.8371514
0.0000000 0.0000000 0.0000000 1.0000000
0.9705292 -0.1799334 0.1603031 137.6612096
0.1680254 0.9821027 0.0851253 59.4310097
-0.1727511 -0.0556808 0.9833956 -13.0515237
0.0000000 0.0000000 0.0000000 1.0000000
0.9683865 -0.1953913 0.1550817 139.3743927
0.1850613 0.9795772 0.0786456 59.5763110
-0.1672813 -0.0474589 0.9847716 -13.3706363
0.0000000 0.0000000 0.0000000 1.0000000
0.9728270 -0.1759172 0.1505363 140.3946166
0.1667585 0.9833981 0.0715832 59.7706059
-0.1606299 -0.0445341 0.9860148 -13.5625477
0.0000000 0.0000000 0.0000000 1.0000000
0.9709217 -0.1887365 0.1472787 141.6230733
0.1812203 0.9814215 0.0630491 60.0384583
-0.1564423 -0.0345250 0.9870887 -13.7698843
0.0000000 0.0000000 0.0000000 1.0000000
0.9702265 -0.1913082 0.1485374 142.8651715
0.1837651 0.9809435 0.0631180 60.0510847
-0.1577820 -0.0339419 0.9868958 -13.8865774
0.0000000 0.0000000 0.0000000 1.0000000
0.9732048 -0.1741957 0.1500978 143.9948672
0.1661865 0.9839854 0.0644847 60.4556979
-0.1589273 -0.0378118 0.9865712 -14.0545488
0.0000000 0.0000000 0.0000000 1.0000000
0.9732998 -0.1742005 0.1494745 145.4634399
0.1663279 0.9840073 0.0637835 60.7357711
-0.1581953 -0.0372178 0.9867114 -14.2503024
0.0000000 0.0000000 0.0000000 1.0000000
0.9723411 -0.1800752 0.1487499 146.4321622
0.1732446 0.9831822 0.0578163 60.9962666
-0.1566598 -0.0304462 0.9871884 -14.3746356
0.0000000 0.0000000 0.0000000 1.0000000
0.9718351 -0.1772552 0.1552979 148.0168079
0.1696924 0.9836205 0.0608185 61.1237904
-0.1635348 -0.0327518 0.9859990 -14.5821968
0.0000000 0.0000000 0.0000000 1.0000000
0.9734465 -0.1667938 0.1567901 149.1491642
0.1594445 0.9854764 0.0584657 60.9746956
-0.1642649 -0.0319130 0.9859052 -14.7432278
0.0000000 0.0000000 0.0000000 1.0000000
0.9757131 -0.1433368 0.1656530 150.3287816
0.1355972 0.9891130 0.0572197 61.3610747
-0.1720514 -0.0333670 0.9845281 -14.9092999
0.0000000 0.0000000 0.0000000 1.0000000
0.9781318 -0.1239892 0.1669940 151.5640705
0.1158224 0.9915858 0.0578618 61.4457754
-0.1727634 -0.0372539 0.9842640 -15.1372414
0.0000000 0.0000000 0.0000000 1.0000000
0.9806677 -0.0894005 0.1740726 152.7841141
0.0813080 0.9952748 0.0531285 61.5442976
-0.1780001 -0.0379470 0.9833041 -15.3159340
0.0000000 0.0000000 0.0000000 1.0000000
0.9832538 -0.0517258 0.1747548 154.8626865
0.0438768 0.9978609 0.0485211 61.5815641
-0.1768911 -0.0400400 0.9834211 -15.6247435
0.0000000 0.0000000 0.0000000 1.0000000
0.9844403 -0.0058314 0.1756279 155.9782447
-0.0019580 0.9990244 0.0441803 61.5391068
-0.1757144 -0.0438359 0.9834702 -15.7408440
0.0000000 0.0000000 0.0000000 1.0000000
0.9840469 -0.0089611 0.1776854 157.5767274
0.0025951 0.9993490 0.0360625 61.4183006
-0.1778930 -0.0350252 0.9834318 -15.9820240
0.0000000 0.0000000 0.0000000 1.0000000
0.9835363 0.0022488 0.1807009 158.8690499
-0.0084664 0.9993995 0.0336786 61.1190294
-0.1805169 -0.0346531 0.9829668 -16.2041107
0.0000000 0.0000000 0.0000000 1.0000000
0.9828567 0.0293429 0.1820249 160.8535408
-0.0350644 0.9989867 0.0283278 61.2073519
-0.1810094 -0.0342239 0.9828913 -16.5427254
0.0000000 0.0000000 0.0000000 1.0000000
0.9825746 0.0380645 0.1819333 162.7722616
-0.0433940 0.9987371 0.0254351 61.1762088
-0.1807356 -0.0328858 0.9829875 -16.8366939
0.0000000 0.0000000 0.0000000 1.0000000
0.9827434 0.0339003 0.1818471 163.9356130
-0.0386131 0.9990044 0.0224708 61.0410794
-0.1809046 -0.0291038 0.9830757 -17.0464728
0.0000000 0.0000000 0.0000000 1.0000000
0.9830533 0.0356676 0.1798219 165.8284133
-0.0389802 0.9991308 0.0149544 60.8948116
-0.1791325 -0.0217096 0.9835911 -17.3697251
0.0000000 0.0000000 0.0000000 1.0000000
0.9814861 0.0542317 0.1837010 167.1239550
-0.0560363 0.9984207 0.0046750 60.6806878
-0.1831577 -0.0148814 0.9829765 -17.6004513
0.0000000 0.0000000 0.0000000 1.0000000
0.9804067 0.0759535 0.1817594 168.5777021
-0.0760357 0.9970868 -0.0064934 60.6406983
-0.1817234 -0.0074531 0.9833272 -17.8813547
0.0000000 0.0000000 0.0000000 1.0000000
0.9793543 0.0750414 0.1877142 170.0023324
-0.0735001 0.9971834 -0.0151365 60.6048975
-0.1883217 0.0010279 0.9821126 -18.0642118
0.0000000 0.0000000 0.0000000 1.0000000
0.9785642 0.0900134 0.1852361 171.9022213
-0.0872967 0.9959258 -0.0227558 60.4332595
-0.1865301 0.0060985 0.9824361 -18.3505770
0.0000000 0.0000000 0.0000000 1.0000000
0.9784822 0.1018209 0.1794628 173.2176332
-0.0980467 0.9947401 -0.0297682 60.2820847
-0.1815500 0.0115329 0.9833199 -18.5757508
0.0000000 0.0000000 0.0000000 1.0000000
0.9801783 0.0932921 0.1747797 174.6652277
-0.0877355 0.9953743 -0.0392376 59.9518936
-0.1776318 0.0231265 0.9838311 -18.8226275
0.0000000 0.0000000 0.0000000 1.0000000
0.9806015 0.0926683 0.1727267 175.8161987
-0.0858121 0.9952181 -0.0467300 59.8775799
-0.1762313 0.0310025 0.9838663 -18.9487343
0.0000000 0.0000000 0.0000000 1.0000000
0.9774350 0.1167308 0.1760568 177.4681963
-0.1088053 0.9925975 -0.0540190 59.5636713
-0.1810594 0.0336452 0.9829024 -19.2114202
0.0000000 0.0000000 0.0000000 1.0000000
0.9717029 0.1521630 0.1806675 179.4884427
-0.1437635 0.9878693 -0.0587582 58.9856336
-0.1874169 0.0311231 0.9817932 -19.5399269
0.0000000 0.0000000 0.0000000 1.0000000
0.9674206 0.1705742 0.1870895 181.3673438
-0.1611998 0.9848273 -0.0643115 58.6779253
-0.1952210 0.0320585 0.9802411 -19.8379216
0.0000000 0.0000000 0.0000000 1.0000000
0.9653579 0.1822196 0.1867628 182.9640698
-0.1719326 0.9826229 -0.0699841 58.1790026
-0.1962701 0.0354502 0.9799147 -20.1500740
0.0000000 0.0000000 0.0000000 1.0000000
0.9657805 0.1840842 0.1827066 184.4862379
-0.1742392 0.9823095 -0.0686614 57.9272561
-0.1921142 0.0344783 0.9807726 -20.4157076
0.0000000 0.0000000 0.0000000 1.0000000
0.9676847 0.1727979 0.1836519 185.6963696
-0.1614792 0.9840266 -0.0749832 57.7299724
-0.1936755 0.0429053 0.9801329 -20.6195838
0.0000000 0.0000000 0.0000000 1.0000000
0.9664440 0.1743963 0.1886102 187.1099072
-0.1629791 0.9838134 -0.0745319 57.6902292
-0.1985558 0.0412925 0.9792253 -20.8174699
0.0000000 0.0000000 0.0000000 1.0000000
0.9619353 0.2016529 0.1844406 188.1215326
-0.1899635 0.9785984 -0.0791517 57.4082806
-0.1964549 0.0411029 0.9796571 -20.9851224
0.0000000 0.0000000 0.0000000 1.0000000
0.9592526 0.2099718 0.1890731 189.6265604
-0.1959391 0.9764559 -0.0902688 57.1654564
-0.2035759 0.0495449 0.9778108 -21.2629385
0.0000000 0.0000000 0.0000000 1.0000000
0.9475833 0.2614820 0.1836162 190.8740820
-0.2472388 0.9640924 -0.0969828 56.8675137
-0.2023826 0.0465034 0.9782079 -21.5304535
0.0000000 0.0000000 0.0000000 1.0000000
0.9481912 0.2559590 0.1882026 192.9468233
-0.2390369 0.9649821 -0.1080607 56.2244410
-0.2092717 0.0574759 0.9761730 -21.8696011
0.0000000 0.0000000 0.0000000 1.0000000
0.9446605 0.2692833 0.1873637 194.6254168
-0.2519511 0.9613212 -0.1113013 55.9835301
-0.2100888 0.0579365 0.9759702 -22.2317874
0.0000000 0.0000000 0.0000000 1.0000000
0.9440268 0.2719955 0.1866404 196.0249657
-0.2535628 0.9602407 -0.1168316 55.3832820
-0.2109980 0.0629681 0.9754623 -22.4576183
0.0000000 0.0000000 0.0000000 1.0000000
0.9431188 0.2753738 0.1862761 197.2302720
-0.2560747 0.9590315 -0.1212055 55.0836212
-0.2120220 0.0666117 0.9749981 -22.6996274
0.0000000 0.0000000 0.0000000 1.0000000
0.9397402 0.2822102 0.1929962 198.5693974
-0.2616963 0.9570101 -0.1251103 54.7688796
-0.2200073 0.0670659 0.9731960 -22.9729357
0.0000000 0.0000000 0.0000000 1.0000000
0.9343697 0.3013529 0.1901106 200.6250062
-0.2803072 0.9510836 -0.1299013 54.1623075
-0.2199578 0.0680876 0.9731363 -23.4766241
0.0000000 0.0000000 0.0000000 1.0000000
0.9353814 0.3000707 0.1871422 203.0247033
-0.2783407 0.9511188 -0.1338152 53.3167307
-0.2181491 0.0730801 0.9731814 -23.9155382
0.0000000 0.0000000 0.0000000 1.0000000
0.9341335 0.3051583 0.1851342 204.4321841
-0.2829952 0.9493156 -0.1368228 53.0572260
-0.2175038 0.0754199 0.9731474 -24.1540546
0.0000000 0.0000000 0.0000000 1.0000000
0.9271711 0.3221711 0.1912077 205.7431169
-0.2985617 0.9437206 -0.1423364 52.6664397
-0.2263037 0.0748842 0.9711802 -24.4327884
0.0000000 0.0000000 0.0000000 1.0000000
0.9237624 0.3319329 0.1910070 206.8473074
-0.3074301 0.9401572 -0.1469621 52.4469405
-0.2283586 0.0770381 0.9705304 -24.6246137
0.0000000 0.0000000 0.0000000 1.0000000
0.9145004 0.3561205 0.1920064 207.9447981
-0.3301783 0.9311940 -0.1544895 51.9255388
-0.2338124 0.0778858 0.9691633 -24.8777355
0.0000000 0.0000000 0.0000000 1.0000000
0.9055713 0.3795391 0.1894465 209.7987077
-0.3530723 0.9219426 -0.1592784 51.1189849
-0.2351114 0.0773511 0.9688918 -25.3428490
0.0000000 0.0000000 0.0000000 1.0000000
0.9019865 0.3885088 0.1883595 211.9959785
-0.3619973 0.9182638 -0.1604913 50.4853298
-0.2353161 0.0765770 0.9689035 -25.7791665
0.0000000 0.0000000 0.0000000 1.0000000
0.8790321 0.4392158 0.1854442 215.0640780
-0.4123059 0.8956401 -0.1668543 49.4433196
-0.2393765 0.0702122 0.9683909 -26.5012398
0.0000000 0.0000000 0.0000000 1.0000000
0.8701848 0.4562956 0.1859322 216.2248245
-0.4280846 0.8869865 -0.1732255 48.7961770
-0.2439615 0.0711452 0.9671780 -26.8166855
0.0000000 0.0000000 0.0000000 1.0000000
0.8629377 0.4733643 0.1768127 217.5299522
-0.4444236 0.8775080 -0.1802119 48.0069259
-0.2404605 0.0769337 0.9676115 -27.2190093
0.0000000 0.0000000 0.0000000 1.0000000
0.8555141 0.4881682 0.1725811 218.3306168
-0.4573022 0.8687154 -0.1903062 47.3506791
-0.2428253 0.0838897 0.9664422 -27.4820413
0.0000000 0.0000000 0.0000000 1.0000000
0.8567111 0.4862530 0.1720516 219.3671805
-0.4536055 0.8690632 -0.1974327 46.8727521
-0.2455261 0.0911010 0.9651059 -27.7088266
0.0000000 0.0000000 0.0000000 1.0000000
0.8470780 0.5045934 0.1668571 220.7819402
-0.4720306 0.8585852 -0.2000660 45.9252301
-0.2442132 0.0907116 0.9654756 -28.1448928
0.0000000 0.0000000 0.0000000 1.0000000
0.8355537 0.5255942 0.1599901 221.3138520
-0.4926765 0.8456876 -0.2051575 45.4990706
-0.2431313 0.0925986 0.9655694 -28.2565957
0.0000000 0.0000000 0.0000000 1.0000000
0.8306392 0.5335976 0.1590846 222.0575249
-0.5001878 0.8406093 -0.2078350 45.2051225
-0.2446282 0.0930656 0.9651463 -28.4194505
0.0000000 0.0000000 0.0000000 1.0000000
0.8115762 0.5625433 0.1577509 223.0459813
-0.5284644 0.8219729 -0.2123518 44.6107211
-0.2491242 0.0889758 0.9643818 -28.6966781
0.0000000 0.0000000 0.0000000 1.0000000
0.8017271 0.5763491 0.1582769 223.9125233
-0.5407419 0.8122672 -0.2186945 44.0980733
-0.2546077 0.0897482 0.9628769 -28.8781255
0.0000000 0.0000000 0.0000000 1.0000000
0.7823941 0.6025165 0.1575709 224.6487473
-0.5639556 0.7927916 -0.2311753 43.4998751
