1.0000000 0.0000000 0.0000000 0.0000000
0.0000000 1.0000000 0.0000000 0.0000000
0.0000000 0.0000000 1.0000000 0.0000000
0.0000000 0.0000000 0.0000000 1.0000000
0.9999242 0.0066510 0.0103754 0.7451293
-0.0066843 0.9999729 0.0031717 -0.1339080
-0.0103540 -0.0032408 0.9999411 0.0106158
0.0000000 0.0000000 0.0000000 1.0000000
0.9996081 0.0145928 0.0238855 1.4282878
-0.0147693 0.9998652 0.0072141 -0.3935194
-0.0237770 -0.0075640 0.9996887 -0.0086671
0.0000000 0.0000000 0.0000000 1.0000000
0.9995436 0.0128836 0.0273127 2.0113860
-0.0133023 0.9997965 0.0151879 -0.5054004
-0.0271114 -0.0155443 0.9995116 -0.0437220
0.0000000 0.0000000 0.0000000 1.0000000
0.9993544 0.0105176 0.0343439 2.8036160
-0.0112362 0.9997206 0.0207944 -0.6153210
-0.0341156 -0.0211668 0.9991938 -0.1073969
0.0000000 0.0000000 0.0000000 1.0000000
0.9991813 0.0180435 0.0361876 3.5995071
-0.0190495 0.9994363 0.0276391 -0.7801644
-0.0356685 -0.0283058 0.9989629 -0.1504886
0.0000000 0.0000000 0.0000000 1.0000000
0.9986219 0.0220595 0.0475979 4.7951475
-0.0236615 0.9991636 0.0333473 -0.8809737
-0.0468224 -0.0344276 0.9983100 -0.2010038
0.0000000 0.0000000 0.0000000 1.0000000
0.9980418 0.0211231 0.0588606 4.9872496
-0.0235458 0.9988915 0.0407614 -0.9128031
-0.0579343 -0.0420676 0.9974339 -0.2202828
0.0000000 0.0000000 0.0000000 1.0000000
0.9980477 0.0148326 0.0606593 5.8691533
-0.0178588 0.9986071 0.0496459 -0.9275464
-0.0598385 -0.0506323 0.9969234 -0.2974517
0.0000000 0.0000000 0.0000000 1.0000000
0.9980762 0.0193760 0.0588820 6.6983321
-0.0228093 0.9980444 0.0581979 -1.1828614
-0.0576392 -0.0594290 0.9965674 -0.3583611
0.0000000 0.0000000 0.0000000 1.0000000
0.9974424 0.0343814 0.0626507 7.1514469
-0.0384066 0.9971968 0.0642111 -1.2002315
-0.0602674 -0.0664531 0.9959682 -0.4010933
0.0000000 0.0000000 0.0000000 1.0000000
0.9974594 0.0258937 0.0663580 8.1267910
-0.0308087 0.9967713 0.0741432 -1.3323412
-0.0642240 -0.0759992 0.9950378 -0.4717902
0.0000000 0.0000000 0.0000000 1.0000000
0.9967604 0.0451779 0.0665355 8.7695423
-0.0504585 0.9955204 0.0799487 -1.4074379
-0.0626257 -0.0830470 0.9945763 -0.5116435
0.0000000 0.0000000 0.0000000 1.0000000
0.9949315 0.0764706 0.0652938 9.0928459
-0.0821118 0.9926769 0.0885966 -1.4069975
-0.0580407 -0.0935090 0.9939258 -0.5663150
0.0000000 0.0000000 0.0000000 1.0000000
0.9943330 0.0842704 0.0648083 9.8155045
-0.0899575 0.9918230 0.0905177 -1.5080016
-0.0566505 -0.0958347 0.9937844 -0.6491947
0.0000000 0.0000000 0.0000000 1.0000000
0.9917374 0.1074983 0.0700045 10.6212965
-0.1138382 0.9890467 0.0939453 -1.5915880
-0.0591389 -0.1011382 0.9931136 -0.6996706
0.0000000 0.0000000 0.0000000 1.0000000
0.9939135 0.0865670 0.0681308 10.8699954
-0.0929592 0.9909287 0.0970419 -1.7516518
-0.0591123 -0.1027846 0.9929462 -0.7288019
0.0000000 0.0000000 0.0000000 1.0000000
0.9926505 0.0971899 0.0721041 11.4103072
-0.1042535 0.9893352 0.1017113 -1.8777106
-0.0614499 -0.1084809 0.9921982 -0.7558093
0.0000000 0.0000000 0.0000000 1.0000000
0.9887920 0.1283121 0.0763302 11.8581640
-0.1358461 0.9853142 0.1034421 -1.8751756
-0.0619364 -0.1126519 0.9917030 -0.7878442
0.0000000 0.0000000 0.0000000 1.0000000
0.9859874 0.1472781 0.0783455 12.3714228
-0.1550498 0.9823473 0.1046513 -1.9480663
-0.0615498 -0.1153323 0.9914190 -0.8547461
0.0000000 0.0000000 0.0000000 1.0000000
0.9823505 0.1705638 0.0767805 12.9336808
-0.1783219 0.9778990 0.1091483 -2.0716891
-0.0564669 -0.1209135 0.9910566 -0.8956399
0.0000000 0.0000000 0.0000000 1.0000000
0.9806349 0.1800441 0.0770670 13.6982040
-0.1881184 0.9753902 0.1149939 -2.3920820
-0.0544666 -0.1272647 0.9903731 -0.9021865
0.0000000 0.0000000 0.0000000 1.0000000
0.9766453 0.1991314 0.0806851 14.2031582
-0.2078137 0.9708548 0.1193852 -2.3052479
-0.0545603 -0.1333645 0.9895651 -0.9563256
0.0000000 0.0000000 0.0000000 1.0000000
0.9704993 0.2260344 0.0839014 15.0694430
-0.2354716 0.9633629 0.1283873 -2.4564262
-0.0518077 -0.1443562 0.9881697 -1.0192855
0.0000000 0.0000000 0.0000000 1.0000000
0.9615998 0.2573463 0.0953902 15.9509723
-0.2686280 0.9537497 0.1349065 -2.5218793
-0.0562608 -0.1553506 0.9862572 -1.0730381
0.0000000 0.0000000 0.0000000 1.0000000
0.9577684 0.2702494 0.0982067 16.3638842
-0.2819052 0.9498173 0.1355576 -2.6086114
-0.0566441 -0.1575178 0.9858915 -1.0869132
0.0000000 0.0000000 0.0000000 1.0000000
0.9549093 0.2802933 0.0978924 17.6113090
-0.2918679 0.9466657 0.1365146 -2.9938978
-0.0544073 -0.1589308 0.9857907 -1.1490303
0.0000000 0.0000000 0.0000000 1.0000000
0.9497209 0.2952152 0.1042985 18.1769026
-0.3078373 0.9412383 0.1389461 -3.1298272
-0.0571509 -0.1640671 0.9847935 -1.1892613
0.0000000 0.0000000 0.0000000 1.0000000
0.9575120 0.2660265 0.1113584 19.2614235
-0.2799527 0.9501344 0.1373723 -3.3794629
-0.0692609 -0.1627108 0.9842412 -1.2282715
0.0000000 0.0000000 0.0000000 1.0000000
0.9454989 0.3051056 0.1137665 20.0558746
-0.3190278 0.9379394 0.1359820 -3.5962022
-0.0652173 -0.1648656 0.9841589 -1.2495928
0.0000000 0.0000000 0.0000000 1.0000000
0.9390631 0.3241607 0.1143712 21.8368476
-0.3379572 0.9314492 0.1348604 -4.2257230
-0.0628146 -0.1652950 0.9842432 -1.3367344
0.0000000 0.0000000 0.0000000 1.0000000
0.9421444 0.3145501 0.1158569 22.5791692
-0.3289765 0.9339805 0.1394819 -4.3279369
-0.0643341 -0.1695263 0.9834250 -1.4427117
0.0000000 0.0000000 0.0000000 1.0000000
0.9483152 0.2952735 0.1162399 24.0157851
-0.3101117 0.9400138 0.1421440 -4.9506005
-0.0672958 -0.1708447 0.9829986 -1.5131067
0.0000000 0.0000000 0.0000000 1.0000000
0.9419148 0.3138003 0.1196912 25.1199723
-0.3288894 0.9340137 0.1394614 -5.2663172
-0.0680303 -0.1707260 0.9829686 -1.5979476
0.0000000 0.0000000 0.0000000 1.0000000
0.9394945 0.3210801 0.1194045 26.1828684
-0.3360282 0.9315352 0.1390201 -5.7103295
-0.0665930 -0.1707320 0.9830661 -1.6719608
0.0000000 0.0000000 0.0000000 1.0000000
0.9429971 0.3099374 0.1212212 26.9382937
-0.3253025 0.9353104 0.1391845 -5.8312916
-0.0702410 -0.1706843 0.9828206 -1.7557905
0.0000000 0.0000000 0.0000000 1.0000000
0.9399085 0.3202612 0.1183364 28.0358265
-0.3353073 0.9311662 0.1431690 -6.2041180
-0.0643394 -0.1742449 0.9825998 -1.7952531
0.0000000 0.0000000 0.0000000 1.0000000
0.9383499 0.3259247 0.1152011 30.0885280
-0.3405692 0.9287387 0.1464803 -6.9922705
-0.0592502 -0.1766839 0.9824843 -1.9119839
0.0000000 0.0000000 0.0000000 1.0000000
0.9415945 0.3155144 0.1176825 31.5278577
-0.3309428 0.9316231 0.1501835 -7.5646770
-0.0622507 -0.1803583 0.9816308 -1.9539257
0.0000000 0.0000000 0.0000000 1.0000000
0.9385566 0.3233245 0.1207142 33.2894690
-0.3398336 0.9268025 0.1598465 -8.0718903
-0.0601958 -0.1910480 0.9797350 -2.0943549
0.0000000 0.0000000 0.0000000 1.0000000
0.9476508 0.2972518 0.1166106 34.7915534
-0.3134798 0.9355463 0.1627402 -8.7057118
-0.0607197 -0.1907762 0.9797556 -2.1339620
0.0000000 0.0000000 0.0000000 1.0000000
0.9505766 0.2864813 0.1197123 36.4548574
-0.3036967 0.9380944 0.1665769 -9.2413906
-0.0645802 -0.1947007 0.9787362 -2.2267155
0.0000000 0.0000000 0.0000000 1.0000000
0.9547936 0.2695846 0.1252650 37.6122716
-0.2882428 0.9426357 0.1683881 -9.6694299
-0.0726843 -0.1968830 0.9777308 -2.2543802
0.0000000 0.0000000 0.0000000 1.0000000
0.9587824 0.2514860 0.1322468 38.9940601
-0.2719583 0.9470365 0.1707653 -9.9980367
-0.0822974 -0.1996927 0.9763981 -2.3524026
0.0000000 0.0000000 0.0000000 1.0000000
0.9660566 0.2186010 0.1376428 40.7098259
-0.2410330 0.9544462 0.1758878 -10.4555514
-0.0929233 -0.2030945 0.9747418 -2.5080454
0.0000000 0.0000000 0.0000000 1.0000000
0.9629446 0.2301315 0.1406233 41.8693203
-0.2541152 0.9488704 0.1872723 -10.6423994
-0.0903360 -0.2160677 0.9721924 -2.5598889
0.0000000 0.0000000 0.0000000 1.0000000
0.9643596 0.2183712 0.1494030 43.2552263
-0.2446679 0.9509353 0.1893679 -10.8798765
-0.1007200 -0.2191734 0.9704753 -2.6755446
0.0000000 0.0000000 0.0000000 1.0000000
0.9708748 0.1804501 0.1575960 44.7477155
-0.2099300 0.9577325 0.1966661 -11.1561002
-0.1154464 -0.2240228 0.9677240 -2.8244750
0.0000000 0.0000000 0.0000000 1.0000000
0.9733093 0.1662567 0.1581924 46.6365914
-0.1970184 0.9588379 0.2044828 -11.5708226
-0.1176842 -0.2301922 0.9660052 -3.0429082
0.0000000 0.0000000 0.0000000 1.0000000
0.9729531 0.1640146 0.1626633 47.8729056
-0.1959337 0.9589377 0.2050579 -11.7839691
-0.1223515 -0.2313833 0.9651404 -3.1553835
0.0000000 0.0000000 0.0000000 1.0000000
0.9717087 0.1656428 0.1683542 49.7477217
-0.1993121 0.9575482 0.2082700 -12.3700461
-0.1267090 -0.2359331 0.9634752 -3.3021590
0.0000000 0.0000000 0.0000000 1.0000000
0.9709467 0.1662210 0.1721377 51.1517551
-0.2025805 0.9538669 0.2215848 -12.4154940
-0.1273645 -0.2500192 0.9598297 -3.4987252
0.0000000 0.0000000 0.0000000 1.0000000
0.9709970 0.1605461 0.1771675 52.3779052
-0.1987293 0.9539413 0.2247294 -12.7078740
-0.1329280 -0.2534204 0.9581820 -3.6512704
0.0000000 0.0000000 0.0000000 1.0000000
0.9713705 0.1468375 0.1867531 53.6750543
-0.1884521 0.9549157 0.2293946 -12.9639334
-0.1446498 -0.2580215 0.9552516 -3.8472884
0.0000000 0.0000000 0.0000000 1.0000000
0.9762900 0.1053490 0.1890979 55.5090086
-0.1496524 0.9596675 0.2379982 -13.3375226
-0.1563984 -0.2606546 0.9526821 -4.0465475
0.0000000 0.0000000 0.0000000 1.0000000
0.9768972 0.0842615 0.1963935 56.9929954
-0.1308450 0.9624300 0.2379266 -13.6925080
-0.1689670 -0.2581274 0.9512229 -4.2863665
0.0000000 0.0000000 0.0000000 1.0000000
0.9782392 0.0410852 0.2033697 58.6056267
-0.0909185 0.9659604 0.2421910 -13.9122297
-0.1864967 -0.2554113 0.9486774 -4.5523090
0.0000000 0.0000000 0.0000000 1.0000000
0.9780716 -0.0065626 0.2081648 60.3552528
-0.0458581 0.9681871 0.2459935 -14.0526924
-0.2031570 -0.2501457 0.9466569 -4.9238823
0.0000000 0.0000000 0.0000000 1.0000000
0.9761214 -0.0276923 0.2154527 61.4807847
-0.0287408 0.9666572 0.2544611 -14.2033294
-0.2153156 -0.2545777 0.9427802 -5.1118408
0.0000000 0.0000000 0.0000000 1.0000000
0.9758817 -0.0519940 0.2120154 62.8607280
-0.0043063 0.9664476 0.2568342 -14.4558916
-0.2182556 -0.2515535 0.9429160 -5.3787869
0.0000000 0.0000000 0.0000000 1.0000000
0.9751708 -0.0452376 0.2167823 64.0823626
-0.0126940 0.9658855 0.2586652 -14.4309458
-0.2210882 -0.2549953 0.9413302 -5.6529752
0.0000000 0.0000000 0.0000000 1.0000000
0.9734364 -0.0479568 0.2238769 65.2745571
-0.0125036 0.9652238 0.2611319 -14.5242148
-0.2286144 -0.2569952 0.9389857 -5.8959866
0.0000000 0.0000000 0.0000000 1.0000000
0.9724210 -0.0509538 0.2275962 66.7052936
-0.0124775 0.9630811 0.2689275 -14.5494426
-0.2328965 -0.2643512 0.9358862 -6.1915449
0.0000000 0.0000000 0.0000000 1.0000000
0.9680504 -0.0905042 0.2338504 68.3168778
0.0239177 0.9616682 0.2731762 -14.5522401
-0.2496101 -0.2588558 0.9331098 -6.5519425
0.0000000 0.0000000 0.0000000 1.0000000
0.9657421 -0.0973896 0.2405355 70.0394205
0.0287339 0.9613385 0.2738716 -14.4635248
-0.2579084 -0.2575782 0.9312048 -6.9987099
0.0000000 0.0000000 0.0000000 1.0000000
0.9630651 -0.1094279 0.2460299 71.4838587
0.0376270 0.9594257 0.2794446 -14.5384285
-0.2666265 -0.2598664 0.9281086 -7.3270554
0.0000000 0.0000000 0.0000000 1.0000000
0.9577885 -0.1395379 0.2513356 72.9193449
0.0639033 0.9557652 0.2871089 -14.4417716
-0.2802806 -0.2589288 0.9243400 -7.7334482
0.0000000 0.0000000 0.0000000 1.0000000
0.9517775 -0.1662949 0.2578074 74.1287552
0.0888974 0.9537864 0.2870376 -14.3346753
-0.2936263 -0.2502779 0.9225781 -8.1238237
0.0000000 0.0000000 0.0000000 1.0000000
0.9468545 -0.1861310 0.2623375 75.8746639
0.1054086 0.9500852 0.2936479 -14.1317266
-0.3039002 -0.2503896 0.9192147 -8.6618430
0.0000000 0.0000000 0.0000000 1.0000000
0.9413025 -0.2078488 0.2659847 77.0076789
0.1228297 0.9448368 0.3036427 -13.9711845
-0.3144240 -0.2531493 0.9149093 -9.0552345
0.0000000 0.0000000 0.0000000 1.0000000
0.9302807 -0.2536882 0.2649919 79.0722725
0.1658802 0.9351736 0.3129480 -13.6721787
-0.3272051 -0.2471728 0.9120573 -9.7462768
0.0000000 0.0000000 0.0000000 1.0000000
0.9167020 -0.2991418 0.2648996 80.8284711
0.2106922 0.9251838 0.3156680 -13.4363413
-0.3395107 -0.2335615 0.9111463 -10.3135956
0.0000000 0.0000000 0.0000000 1.0000000
0.9086363 -0.3256208 0.2614432 82.0139634
0.2364960 0.9172558 0.3204906 -13.1234854
-0.3441692 -0.2293793 0.9104609 -10.7908357
0.0000000 0.0000000 0.0000000 1.0000000
0.9112795 -0.3233038 0.2550421 83.9643183
0.2339779 0.9161791 0.3253826 -12.4758422
-0.3388622 -0.2368405 0.9105414 -11.5464039
0.0000000 0.0000000 0.0000000 1.0000000
0.8925496 -0.3706428 0.2568681 85.5576177
0.2772744 0.9002788 0.3355894 -12.0500400
-0.3556372 -0.2283074 0.9063138 -12.0993596
0.0000000 0.0000000 0.0000000 1.0000000
0.8817181 -0.3929552 0.2610774 87.3022397
0.2972174 0.8924313 0.3394581 -11.2376357
-0.3663859 -0.2217098 0.9036664 -12.8770442
0.0000000 0.0000000 0.0000000 1.0000000
0.8707862 -0.4194925 0.2564353 88.5512013
0.3218115 0.8806171 0.3477852 -10.7055895
-0.3717150 -0.2203230 0.9018273 -13.4529323
0.0000000 0.0000000 0.0000000 1.0000000
0.8681947 -0.4279021 0.2512763 90.4201106
0.3313068 0.8768245 0.3484514 -9.9620281
-0.3694287 -0.2192742 0.9030218 -14.2476034
0.0000000 0.0000000 0.0000000 1.0000000
0.8638466 -0.4369049 0.2507700 92.3253208
0.3395767 0.8727310 0.3507592 -9.1081201
-0.3721037 -0.2178465 0.9022687 -15.0872432
0.0000000 0.0000000 0.0000000 1.0000000
0.8608476 -0.4443984 0.2478979 93.5645879
0.3441371 0.8672840 0.3597103 -8.6261372
-0.3748530 -0.2243449 0.8995341 -15.6129729
0.0000000 0.0000000 0.0000000 1.0000000
0.8654674 -0.4332069 0.2515950 94.9884187
0.3293063 0.8704256 0.3659517 -7.9689204
-0.3775278 -0.2338677 0.8959830 -16.2439195
0.0000000 0.0000000 0.0000000 1.0000000
0.8485732 -0.4641613 0.2539289 96.7889203
0.3574066 0.8567766 0.3717502 -7.4156947
-0.3901128 -0.2247015 0.8929323 -16.9378673
0.0000000 0.0000000 0.0000000 1.0000000
0.8418610 -0.4754134 0.2554482 98.2517685
0.3634029 0.8492829 0.3829626 -6.7474677
-0.3990138 -0.2295708 0.8877455 -17.5898147
0.0000000 0.0000000 0.0000000 1.0000000
0.8307662 -0.4921187 0.2600931 99.5564861
0.3753602 0.8403433 0.3910648 -6.1193547
-0.4110181 -0.2272550 0.8828512 -18.2064916
0.0000000 0.0000000 0.0000000 1.0000000
0.8225300 -0.5043953 0.2627386 100.8292088
0.3857862 0.8342827 0.3938848 -5.5069869
-0.4178723 -0.2226214 0.8808118 -18.8657974
0.0000000 0.0000000 0.0000000 1.0000000
0.8148209 -0.5180358 0.2602081 102.2933785
0.3958282 0.8251009 0.4031536 -4.6071833
-0.4235462 -0.2255005 0.8773627 -19.6496876
0.0000000 0.0000000 0.0000000 1.0000000
0.8192938 -0.5124940 0.2571193 103.7640143
0.3863686 0.8247901 0.4128501 -3.8622861
-0.4236530 -0.2389028 0.8737569 -20.4078187
0.0000000 0.0000000 0.0000000 1.0000000
0.8247736 -0.5046434 0.2551190 104.8871128
0.3736207 0.8249947 0.4240234 -3.3399107
-0.4244524 -0.2544058 0.8689794 -20.9326415
0.0000000 0.0000000 0.0000000 1.0000000
0.8182392 -0.5146044 0.2562609 106.1329454
0.3763999 0.8164967 0.4377910 -2.5781930
-0.4345254 -0.2617613 0.8617867 -21.6470114
0.0000000 0.0000000 0.0000000 1.0000000
0.7995907 -0.5460786 0.2499123 107.1923071
0.4021613 0.7959412 0.4524919 -2.0562346
-0.4460119 -0.2613033 0.8560384 -22.1574405
0.0000000 0.0000000 0.0000000 1.0000000
0.7914450 -0.5609377 0.2428311 108.1684027
0.4170679 0.7860060 0.4563482 -1.5690024
-0.4468500 -0.2598974 0.8560294 -22.7007435
0.0000000 0.0000000 0.0000000 1.0000000
0.7925811 -0.5561434 0.2500445 109.7628885
0.4077881 0.7883053 0.4607471 -0.6203429
-0.4533533 -0.2632142 0.8515849 -23.6593589
0.0000000 0.0000000 0.0000000 1.0000000
0.7851752 -0.5677915 0.2472149 111.0929974
0.4129585 0.7775408 0.4742357 0.0911672
-0.4614873 -0.2702684 0.8449806 -24.3604577
0.0000000 0.0000000 0.0000000 1.0000000
0.7905305 -0.5563717 0.2559580 112.6662785
0.3924753 0.7810840 0.4856697 0.9971145
-0.4701380 -0.2834794 0.8358334 -25.2839692
0.0000000 0.0000000 0.0000000 1.0000000
0.7840661 -0.5662171 0.2542471 114.7986702
0.3966115 0.7721399 0.4964910 2.0013844
-0.4774367 -0.2884441 0.8299773 -26.4264220
0.0000000 0.0000000 0.0000000 1.0000000
0.7828577 -0.5671216 0.2559487 115.8491712
0.3956431 0.7712133 0.4986990 2.5368551
-0.4802145 -0.2891457 0.8281286 -27.0905517
0.0000000 0.0000000 0.0000000 1.0000000
0.7708248 -0.5834314 0.2558119 116.5424332
0.4070767 0.7599812 0.5066767 3.0325383
-0.4900237 -0.2864236 0.8233143 -27.6249098
0.0000000 0.0000000 0.0000000 1.0000000
0.7535967 -0.6041231 0.2590941 117.7511750
0.4230391 0.7474075 0.5122733 3.6458958
-0.5031252 -0.2764403 0.8188124 -28.3959199
0.0000000 0.0000000 0.0000000 1.0000000
0.7511583 -0.6081826 0.2566648 118.8989332
0.4230729 0.7419994 0.5200479 4.3887668
-0.5067293 -0.2820503 0.8146661 -29.2381539
0.0000000 0.0000000 0.0000000 1.0000000
0.7410693 -0.6218349 0.2532575 119.9314622
0.4311622 0.7298748 0.5304578 5.0892853
-0.5147036 -0.2839107 0.8090012 -29.9727584
0.0000000 0.0000000 0.0000000 1.0000000
0.7415101 -0.6239597 0.2466542 121.1167304
0.4300939 0.7242009 0.5390323 5.8154952
-0.5149615 -0.2936134 0.8053655 -30.8222296
0.0000000 0.0000000 0.0000000 1.0000000
0.7365321 -0.6314500 0.2424738 122.4539465
0.4403954 0.7197566 0.5366622 6.7020478
-0.5133975 -0.2884845 0.8082127 -31.8370024
0.0000000 0.0000000 0.0000000 1.0000000
0.7065951 -0.6676672 0.2344053 124.1900171
0.4711184 0.6910434 0.5481884 7.7519847
-0.5279916 -0.2769147 0.8028394 -33.0310098
0.0000000 0.0000000 0.0000000 1.0000000
0.6967250 -0.6792807 0.2305518 125.4375649
0.4794736 0.6800413 0.5546648 8.5231063
-0.5335578 -0.2759054 0.7995000 -33.9236264
0.0000000 0.0000000 0.0000000 1.0000000
0.6808032 -0.6968858 0.2255192 126.8420598
0.4943373 0.6643451 0.5606068 9.4383504
-0.5405014 -0.2701804 0.7967865 -34.9432406
0.0000000 0.0000000 0.0000000 1.0000000
0.6693743 -0.7083534 0.2239987 127.6903227
0.5039122 0.6544434 0.5637201 10.0728118
-0.5459074 -0.2644642 0.7950168 -35.6076817
0.0000000 0.0000000 0.0000000 1.0000000
0.6461086 -0.7303745 0.2215826 128.9656627
0.5188870 0.6332379 0.5742560 11.0904276
-0.5597366 -0.2560553 0.7881235 -36.6060671
0.0000000 0.0000000 0.0000000 1.0000000
0.6319298 -0.7426863 0.2215493 129.9373689
0.5287665 0.6221417 0.5773646 11.9094910
-0.5666360 -0.2477058 0.7858586 -37.4846606
0.0000000 0.0000000 0.0000000 1.0000000
0.6193743 -0.7526377 0.2234164 130.6537109
0.5337527 0.6123631 0.5832015 12.5503526
-0.5757516 -0.2419707 0.7810051 -38.1440414
0.0000000 0.0000000 0.0000000 1.0000000
0.6012165 -0.7684418 0.2191770 131.6125820
0.5466693 0.5955817 0.5885912 13.4360869
-0.5828364 -0.2340530 0.7781579 -39.0869066
0.0000000 0.0000000 0.0000000 1.0000000
0.5895500 -0.7790080 0.2134936 132.3237697
0.5527132 0.5818093 0.5966659 14.1240194
-0.5890206 -0.2337633 0.7735748 -39.7535504
0.0000000 0.0000000 0.0000000 1.0000000
0.5777945 -0.7874634 0.2146087 132.9780198
0.5565396 0.5724536 0.6021335 14.9245363
-0.5970120 -0.2284708 0.7690165 -40.5356387
0.0000000 0.0000000 0.0000000 1.0000000
0.5794830 -0.7877430 0.2089550 133.5739155
0.5538476 0.5687287 0.6081154 15.5968119
-0.5978773 -0.2366631 0.7658600 -41.2487901
0.0000000 0.0000000 0.0000000 1.0000000
0.5404325 -0.8164147 0.2034740 134.5289201
0.5801527 0.5367268 0.6126591 16.6818326
-0.6093938 -0.2130547 0.7637115 -42.3461067
0.0000000 0.0000000 0.0000000 1.0000000
0.5218736 -0.8293619 0.1995203 135.4294343
0.5926425 0.5207456 0.6144938 17.8367681
-0.6135370 -0.2024437 0.7632805 -43.5248468
0.0000000 0.0000000 0.0000000 1.0000000
0.5202129 -0.8313679 0.1954670 136.4074162
0.5926522 0.5162097 0.6182999 18.9107750
-0.6149369 -0.2058033 0.7612530 -44.5829631
0.0000000 0.0000000 0.0000000 1.0000000
0.5036533 -0.8415055 0.1954571 137.0037487
0.6007460 0.5037392 0.6207698 19.5721238
-0.6208409 -0.1952324 0.7592427 -45.2501930
0.0000000 0.0000000 0.0000000 1.0000000
0.4911676 -0.8507150 0.1871911 137.6163865
0.6047255 0.4876908 0.6296578 20.4771670
-0.6269508 -0.1960680 0.7539885 -46.1368870
0.0000000 0.0000000 0.0000000 1.0000000
0.4836315 -0.8550296 0.1871560 138.0920966
0.6040137 0.4807785 0.6356287 21.0169750
-0.6334618 -0.1943651 0.7489706 -46.7192437
0.0000000 0.0000000 0.0000000 1.0000000
0.4782048 -0.8586903 0.1843187 138.7941513
0.6031649 0.4736537 0.6417542 22.0834158
-0.6383712 -0.1957152 0.7444369 -47.8178494
0.0000000 0.0000000 0.0000000 1.0000000
0.4573781 -0.8708757 0.1799532 139.3296875
0.6115193 0.4549325 0.6473675 22.7686498
-0.6456428 -0.1860468 0.7406352 -48.5119635
0.0000000 0.0000000 0.0000000 1.0000000
0.3929024 -0.9017769 0.1800806 140.2193371
0.6357999 0.4078729 0.6552883 24.0953174
-0.6643736 -0.1429690 0.7336052 -49.8706733
0.0000000 0.0000000 0.0000000 1.0000000
0.3870721 -0.9076211 0.1624884 140.6666885
0.6369971 0.3906325 0.6645644 24.9634344
-0.6666453 -0.1537296 0.7293561 -50.7121899
0.0000000 0.0000000 0.0000000 1.0000000
0.3710973 -0.9154573 0.1556551 141.1948191
0.6404366 0.3736958 0.6709673 25.6849865
-0.6724087 -0.1493069 0.7249710 -51.4569141
0.0000000 0.0000000 0.0000000 1.0000000
0.3235769 -0.9335130 0.1544535 141.7462052
0.6576088 0.3392354 0.6726630 26.8564739
-0.6803353 -0.1160882 0.7236553 -52.6438804
0.0000000 0.0000000 0.0000000 1.0000000
0.3109583 -0.9386322 0.1492593 142.3002804
0.6594908 0.3261772 0.6772634 28.1503229
-0.6843857 -0.1121655 0.7204475 -53.9172038
0.0000000 0.0000000 0.0000000 1.0000000
0.2909499 -0.9464415 0.1400023 142.6959077
0.6662370 0.3054458 0.6803209 28.9246360
-0.6866465 -0.1046646 0.7194244 -54.7017355
0.0000000 0.0000000 0.0000000 1.0000000
0.2832996 -0.9490707 0.1378765 142.8170865
0.6649732 0.2979861 0.6848506 29.6022880
-0.6910564 -0.1023337 0.7155267 -55.3637591
0.0000000 0.0000000 0.0000000 1.0000000
0.2764765 -0.9508623 0.1393748 143.1259793
0.6621984 0.2935951 0.6894206 30.5790437
-0.6964635 -0.0983148 0.7108324 -56.3422449
0.0000000 0.0000000 0.0000000 1.0000000
0.2514535 -0.9584646 0.1346131 143.6446483
0.6676395 0.2724608 0.6928408 31.8711578
-0.7007398 -0.0843442 0.7084206 -57.6744280
0.0000000 0.0000000 0.0000000 1.0000000
0.2397925 -0.9616857 0.1329026 144.0144614
0.6692225 0.2629132 0.6949988 32.8209555
-0.7033120 -0.0777141 0.7066275 -58.6849619
0.0000000 0.0000000 0.0000000 1.0000000
0.2342870 -0.9640470 0.1254032 144.2222151
0.6638705 0.2528848 0.7037973 33.5395629
-0.7102060 -0.0816391 0.6992512 -59.3502568
0.0000000 0.0000000 0.0000000 1.0000000
0.2167423 -0.9691245 0.1175724 144.4518289
0.6654638 0.2347869 0.7085468 34.4550281
-0.7142744 -0.0753319 0.6958068 -60.2389932
0.0000000 0.0000000 0.0000000 1.0000000
0.1892988 -0.9756009 0.1112276 144.7310342
0.6690432 0.2110608 0.7126289 35.4393714
-0.7187169 -0.0604837 0.6926741 -61.2192773
0.0000000 0.0000000 0.0000000 1.0000000
0.1734635 -0.9796762 0.1007367 145.1194991
0.6707307 0.1924148 0.7163116 36.8404049
-0.7211364 -0.0566867 0.6904772 -62.6053631
0.0000000 0.0000000 0.0000000 1.0000000
0.1662226 -0.9816221 0.0937608 145.3228098
0.6681759 0.1820481 0.7213907 37.8837197
-0.7252015 -0.0572628 0.6861582 -63.6916759
0.0000000 0.0000000 0.0000000 1.0000000
0.1530254 -0.9843525 0.0873905 145.4952054
0.6664918 0.1680922 0.7263188 39.0368871
-0.7296425 -0.0529004 0.6817865 -64.8658017
0.0000000 0.0000000 0.0000000 1.0000000
0.1310168 -0.9884392 0.0763286 145.7690961
0.6680940 0.1449123 0.7298329 40.4617870
-0.7324556 -0.0446259 0.6793575 -66.3609776
0.0000000 0.0000000 0.0000000 1.0000000
0.1303258 -0.9888233 0.0724386 146.0042681
0.6627063 0.1412192 0.7354473 42.0233820
-0.7374562 -0.0478424 0.6737054 -68.0788943
0.0000000 0.0000000 0.0000000 1.0000000
0.1125158 -0.9918270 0.0601926 146.3041586
0.6588904 0.1198147 0.7426393 43.7398495
-0.7437806 -0.0438986 0.6669878 -69.8902221
0.0000000 0.0000000 0.0000000 1.0000000
0.1148629 -0.9923072 0.0462168 146.4218832
0.6545694 0.1105992 0.7478716 44.7533429
-0.7472291 -0.0556508 0.6622395 -70.9696938
0.0000000 0.0000000 0.0000000 1.0000000
0.1165116 -0.9925031 0.0369679 146.5133954
0.6524782 0.1045503 0.7505645 45.6029833
-0.7488016 -0.0633290 0.6597693 -71.9174747
0.0000000 0.0000000 0.0000000 1.0000000
0.1186091 -0.9925575 0.0276641 146.5480777
0.6474985 0.0984355 0.7556864 46.5171200
-0.7527846 -0.0717190 0.6543560 -72.9005103
0.0000000 0.0000000 0.0000000 1.0000000
0.1256127 -0.9919613 0.0154187 146.6714605
0.6435158 0.0932960 0.7597297 47.2874083
-0.7550605 -0.0855097 0.6500631 -73.7583993
0.0000000 0.0000000 0.0000000 1.0000000
0.1075595 -0.9941620 0.0086798 146.7085974
0.6504900 0.0769724 0.7556083 48.3972356
-0.7518650 -0.0756268 0.6549731 -75.0343800
0.0000000 0.0000000 0.0000000 1.0000000
0.0648768 -0.9978661 -0.0075087 146.8240095
0.6458214 0.0362479 0.7626314 49.7178514
-0.7607319 -0.0543264 0.6467965 -76.4040661
0.0000000 0.0000000 0.0000000 1.0000000
0.0545624 -0.9984723 -0.0088599 146.9033095
0.6448886 0.0284614 0.7637505 50.8746648
-0.7623317 -0.0473857 0.6454575 -77.7686446
0.0000000 0.0000000 0.0000000 1.0000000
0.0321978 -0.9994161 -0.0115646 146.8821464
0.6403891 0.0117429 0.7679648 51.9069761
-0.7673806 -0.0321327 0.6403944 -79.0041876
0.0000000 0.0000000 0.0000000 1.0000000
0.0306449 -0.9992306 -0.0245338 146.8131238
0.6391545 0.0007169 0.7690822 53.0388061
-0.7684729 -0.0392495 0.6386860 -80.3093518
0.0000000 0.0000000 0.0000000 1.0000000
0.0390036 -0.9987254 -0.0320642 146.7832628
0.6428660 0.0005122 0.7659827 53.8973287
-0.7649903 -0.0504891 0.6420681 -81.2777060
0.0000000 0.0000000 0.0000000 1.0000000
0.0270954 -0.9986686 -0.0439207 146.7836130
0.6423199 -0.0162748 0.7662682 54.8915633
-0.7659631 -0.0489736 0.6410251 -82.4015142
0.0000000 0.0000000 0.0000000 1.0000000
0.0140356 -0.9987561 -0.0478671 146.7541876
0.6433985 -0.0276260 0.7650375 56.0590439
-0.7654090 -0.0415354 0.6422115 -83.7419855
0.0000000 0.0000000 0.0000000 1.0000000
0.0017785 -0.9981840 -0.0602375 146.7232945
0.6369230 -0.0453103 0.7695995 57.4696906
-0.7709316 -0.0397355 0.6356866 -85.3233297
0.0000000 0.0000000 0.0000000 1.0000000
-0.0361435 -0.9972364 -0.0649313 146.6544408
0.6324704 -0.0731341 0.7711287 58.7238592
-0.7737463 -0.0131960 0.6333670 -86.8061869
0.0000000 0.0000000 0.0000000 1.0000000
-0.0281830 -0.9967971 -0.0748591 146.5351806
0.6265040 -0.0759711 0.7757115 59.8717618
-0.7789141 -0.0250378 0.6266398 -88.1159272
0.0000000 0.0000000 0.0000000 1.0000000
-0.0272703 -0.9963112 -0.0813748 146.5093053
0.6226219 -0.0806176 0.7783637 60.7740295
-0.7820533 -0.0294395 0.6225252 -89.1899438
0.0000000 0.0000000 0.0000000 1.0000000
-0.0537516 -0.9942554 -0.0925648 146.3926147
0.6167847 -0.1059617 0.7799718 62.1494301
-0.7852999 -0.0151678 0.6189389 -90.8278593
0.0000000 0.0000000 0.0000000 1.0000000
-0.0685780 -0.9926108 -0.1001121 146.2583929
0.6132461 -0.1210953 0.7805590 63.5131714
-0.7869146 -0.0078642 0.6170210 -92.4906016
0.0000000 0.0000000 0.0000000 1.0000000
-0.0768051 -0.9905063 -0.1140160 146.1205827
0.6050845 -0.1371956 0.7842559 64.8482306
-0.7924530 -0.0087545 0.6098793 -94.0678516
0.0000000 0.0000000 0.0000000 1.0000000
-0.0714412 -0.9893993 -0.1264371 145.8917581
0.5997255 -0.1438992 0.7871655 65.7894224
-0.7970152 -0.0195916 0.6036505 -95.2688169
0.0000000 0.0000000 0.0000000 1.0000000
-0.0787306 -0.9875986 -0.1358337 145.7400918
0.5991882 -0.1557797 0.7853106 67.1917055
-0.7967315 -0.0195621 0.6040251 -96.9819429
0.0000000 0.0000000 0.0000000 1.0000000
-0.0745513 -0.9865168 -0.1456938 145.8403712
0.5967476 -0.1611899 0.7860769 68.2598415
-0.7989625 -0.0283395 0.6007215 -98.2980700
0.0000000 0.0000000 0.0000000 1.0000000
-0.0989358 -0.9837050 -0.1501186 145.6772995
0.5952997 -0.1793979 0.7832250 68.9668647
-0.7973936 -0.0118767 0.6033513 -99.3097541
0.0000000 0.0000000 0.0000000 1.0000000
-0.1050856 -0.9824568 -0.1540630 145.4546733
0.5958253 -0.1862395 0.7812257 70.4755384
-0.7962130 -0.0096993 0.6049469 -101.2840646
0.0000000 0.0000000 0.0000000 1.0000000
-0.1005846 -0.9813394 -0.1638751 145.3319505
0.5924701 -0.1914035 0.7825280 71.4072180
-0.7992914 -0.0183811 0.6006702 -102.4523019
0.0000000 0.0000000 0.0000000 1.0000000
-0.1102322 -0.9810156 -0.1595512 145.2564069
0.5935917 -0.1937383 0.7811021 72.4973038
-0.7971839 -0.0086059 0.6036828 -103.8897465
0.0000000 0.0000000 0.0000000 1.0000000
-0.1355060 -0.9767431 -0.1661636 145.0558390
0.5884576 -0.2142693 0.7796233 73.6981079
-0.7970951 0.0078631 0.6038104 -105.4215678
0.0000000 0.0000000 0.0000000 1.0000000
-0.1208043 -0.9781335 -0.1692943 144.8420990
0.5989822 -0.2078255 0.7733274 74.4887528
-0.7916008 -0.0079833 0.6109943 -106.4804418
0.0000000 0.0000000 0.0000000 1.0000000
-0.1113382 -0.9809685 -0.1590737 144.6800424
0.6012871 -0.1939437 0.7751426 76.1102341
-0.7912412 -0.0093462 0.6114406 -108.6569716
0.0000000 0.0000000 0.0000000 1.0000000
-0.1472983 -0.9760345 -0.1601872 144.5014980
0.5845359 -0.2165494 0.7819403 77.2364050
-0.7978884 0.0215430 0.6024281 -110.0292888
0.0000000 0.0000000 0.0000000 1.0000000
-0.1585139 -0.9731073 -0.1671396 144.2442737
0.5763626 -0.2286431 0.7845605 78.1524718
-0.8016762 0.0280303 0.5971093 -111.2196600
0.0000000 0.0000000 0.0000000 1.0000000
-0.1599671 -0.9733438 -0.1643549 144.0730603
0.5794759 -0.2273890 0.7826294 79.0511352
-0.7991392 0.0299549 0.6004076 -112.4794120
0.0000000 0.0000000 0.0000000 1.0000000
-0.1582386 -0.9732124 -0.1667907 143.7945906
0.5783570 -0.2282656 0.7832019 80.0634845
-0.8002935 0.0274679 0.5989878 -113.7374537
0.0000000 0.0000000 0.0000000 1.0000000
-0.1400294 -0.9754918 -0.1697306 143.6094991
0.5826568 -0.2197814 0.7824413 80.7420389
-0.8005677 0.0106698 0.5991560 -114.6565878
0.0000000 0.0000000 0.0000000 1.0000000
-0.1200225 -0.9765548 -0.1787074 143.4443778
0.5862818 -0.2149910 0.7810633 81.8398597
-0.8011706 -0.0110280 0.5983432 -116.0382781
0.0000000 0.0000000 0.0000000 1.0000000
-0.0937317 -0.9786887 -0.1827121 143.3521467
0.5849528 -0.2026417 0.7853495 82.6485435
-0.8056367 -0.0332662 0.5914839 -117.0402689
0.0000000 0.0000000 0.0000000 1.0000000
-0.0677540 -0.9789979 -0.1922835 143.2612202
0.5849956 -0.1951051 0.7872236 83.2614057
-0.8082043 -0.0591478 0.5859325 -117.8412094
0.0000000 0.0000000 0.0000000 1.0000000
-0.0422632 -0.9801747 -0.1935772 143.2519491
0.5900014 -0.1808467 0.7868926 84.0953119
-0.8062985 -0.0809545 0.5859514 -118.9276350
0.0000000 0.0000000 0.0000000 1.0000000
-0.0360757 -0.9793865 -0.1987513 143.3197410
0.5879889 -0.1816173 0.7882203 84.9679754
-0.8080670 -0.0884285 0.5824241 -120.0414723
0.0000000 0.0000000 0.0000000 1.0000000
-0.0009374 -0.9810902 -0.1935516 143.1991518
0.5978751 -0.1557013 0.7863269 86.2078015
-0.8015925 -0.1149827 0.5867188 -121.7130982
0.0000000 0.0000000 0.0000000 1.0000000
0.0057931 -0.9808005 -0.1949306 143.3294854
0.5964863 -0.1530703 0.7878967 86.8036257
-0.8026062 -0.1208380 0.5841507 -122.4308883
0.0000000 0.0000000 0.0000000 1.0000000
0.0302540 -0.9790134 -0.2015407 143.3639754
0.5983464 -0.1437785 0.7882367 87.3945627
-0.8006702 -0.1444385 0.5814427 -123.0962906
0.0000000 0.0000000 0.0000000 1.0000000
0.0755629 -0.9768714 -0.2000336 143.5941818
0.5949930 -0.1168111 0.7952022 88.0964189
-0.8001751 -0.1791063 0.5724085 -123.9708448
0.0000000 0.0000000 0.0000000 1.0000000
0.0762006 -0.9783688 -0.1923253 143.8459547
0.5927433 -0.1106570 0.7977584 88.8009332
-0.8017826 -0.1747891 0.5714930 -124.8238077
0.0000000 0.0000000 0.0000000 1.0000000
0.0791411 -0.9776523 -0.1947662 144.0852725
0.5939812 -0.1106633 0.7968364 89.2967046
-0.8005810 -0.1787498 0.5719525 -125.4646797
0.0000000 0.0000000 0.0000000 1.0000000
0.0980711 -0.9761548 -0.1936639 144.2893641
0.5953665 -0.0983894 0.7974123 90.2217381
-0.7974505 -0.1935042 0.5715241 -126.6514778
0.0000000 0.0000000 0.0000000 1.0000000
0.1016547 -0.9754639 -0.1952906 144.3723311
0.5960547 -0.0974499 0.7970133 90.5610608
-0.7964867 -0.1974243 0.5715271 -127.0965675
0.0000000 0.0000000 0.0000000 1.0000000
0.1006120 -0.9762061 -0.1920966 144.5845857
0.5940729 -0.0959361 0.7986749 91.0845736
-0.7980982 -0.1944759 0.5702886 -127.7835702
0.0000000 0.0000000 0.0000000 1.0000000
0.1208979 -0.9759268 -0.1815274 144.7436786
0.5944458 -0.0752790 0.8006093 91.2679635
-0.7949995 -0.2047003 0.5710380 -128.0420382
0.0000000 0.0000000 0.0000000 1.0000000
0.1363115 -0.9727770 -0.1874172 144.8820028
0.5974897 -0.0701770 0.7988050 91.8688134
-0.7902100 -0.2208661 0.5716619 -128.9110706
0.0000000 0.0000000 0.0000000 1.0000000
0.1616307 -0.9693705 -0.1849262 145.0218564
0.5933208 -0.0542867 0.8031385 92.4469188
-0.7885758 -0.2395324 0.5663770 -129.6849011
0.0000000 0.0000000 0.0000000 1.0000000
0.1743591 -0.9674852 -0.1832289 145.1168285
0.5896480 -0.0464437 0.8063287 92.8923655
-0.7886186 -0.2486314 0.5623818 -130.2666120
0.0000000 0.0000000 0.0000000 1.0000000
0.1965005 -0.9632419 -0.1831782 145.2992134
0.5943181 -0.0315831 0.8036144 93.4278622
-0.7798578 -0.2667769 0.5662701 -131.0818312
0.0000000 0.0000000 0.0000000 1.0000000
0.1977448 -0.9634291 -0.1808402 145.8085558
0.5922483 -0.0295847 0.8052169 94.1216521
-0.7811168 -0.2663300 0.5647431 -131.9510754
0.0000000 0.0000000 0.0000000 1.0000000
0.1839764 -0.9658049 -0.1826861 145.9340061
0.5936181 -0.0389661 0.8038075 94.7995163
-0.7834370 -0.2563277 0.5661552 -132.8122827
0.0000000 0.0000000 0.0000000 1.0000000
0.1922987 -0.9644665 -0.1811793 145.9684015
0.5971479 -0.0315080 0.8015166 95.0286772
-0.7787414 -0.2623215 0.5698754 -133.2329188
0.0000000 0.0000000 0.0000000 1.0000000
0.2148083 -0.9599278 -0.1799895 146.3952314
0.5906490 -0.0190884 0.8067073 96.0517050
-0.7778134 -0.2795981 0.5628853 -134.5272700
0.0000000 0.0000000 0.0000000 1.0000000
0.2347517 -0.9562980 -0.1743171 146.6741377
0.5875849 -0.0032577 0.8091604 96.6346564
-0.7743629 -0.2923772 0.5611469 -135.3597544
0.0000000 0.0000000 0.0000000 1.0000000
0.2551067 -0.9506695 -0.1764898 147.4331275
0.5866089 0.0070659 0.8098440 97.8568878
-0.7686435 -0.3101265 0.5594791 -136.9357831
0.0000000 0.0000000 0.0000000 1.0000000
0.2802741 -0.9435565 -0.1764874 148.3044629
0.5865459 0.0227952 0.8095995 99.2189549
-0.7598761 -0.3304272 0.5598338 -138.7222086
0.0000000 0.0000000 0.0000000 1.0000000
0.2891589 -0.9407053 -0.1773715 148.2474515
0.5885743 0.0285795 0.8079421 99.6749186
-0.7549623 -0.3380197 0.5619450 -139.3971930
0.0000000 0.0000000 0.0000000 1.0000000
0.3089082 -0.9348741 -0.1748876 148.9154759
0.5824376 0.0405763 0.8118662 100.6955254
-0.7518927 -0.3526529 0.5570464 -140.6836568
0.0000000 0.0000000 0.0000000 1.0000000
0.3328680 -0.9254960 -0.1807099 149.9310003
0.5809125 0.0503028 0.8124146 101.9305533
-0.7427926 -0.3754030 0.5543822 -142.1867594
0.0000000 0.0000000 0.0000000 1.0000000
0.3549210 -0.9165466 -0.1843187 150.8630151
0.5862362 0.0646093 0.8075642 102.9889749
-0.7282580 -0.3946751 0.5602498 -143.5314083
0.0000000 0.0000000 0.0000000 1.0000000
0.3638503 -0.9134609 -0.1822141 151.7277008
0.5822210 0.0703359 0.8099872 103.9820975
-0.7270721 -0.4008020 0.5574336 -144.7504027
0.0000000 0.0000000 0.0000000 1.0000000
0.3698625 -0.9102158 -0.1863036 152.8009694
0.5855753 0.0726948 0.8073566 105.1570459
-0.7213218 -0.4077048 0.5598927 -146.1599036
0.0000000 0.0000000 0.0000000 1.0000000
0.3969136 -0.8986907 -0.1865860 153.6225345
0.5850306 0.0910636 0.8058873 106.1729142
-0.7072491 -0.4290248 0.5619118 -147.3627174
0.0000000 0.0000000 0.0000000 1.0000000
0.4034685 -0.8957311 -0.1867594 153.8997508
0.5865592 0.0965434 0.8041365 106.6387816
-0.7022563 -0.4339879 0.5643572 -148.0558711
0.0000000 0.0000000 0.0000000 1.0000000
0.4020155 -0.8961399 -0.1879289 154.7995483
0.5896467 0.0963533 0.8018983 108.4992872
-0.7005023 -0.4331858 0.5671468 -150.5015741
0.0000000 0.0000000 0.0000000 1.0000000
0.4036506 -0.8958748 -0.1856740 155.6883610
0.5887327 0.0989922 0.8022483 109.8243179
-0.7003303 -0.4331393 0.5673946 -152.1781471
0.0000000 0.0000000 0.0000000 1.0000000
0.4119473 -0.8917160 -0.1874626 155.8445614
0.5876623 0.1027627 0.8025588 110.3515905
-0.6963870 -0.4407756 0.5663662 -152.9289235
0.0000000 0.0000000 0.0000000 1.0000000
0.4253707 -0.8848058 -0.1902066 156.7285198
0.5854585 0.1087558 0.8033794 111.5712386
-0.6901453 -0.4530908 0.5642843 -154.4732422
0.0000000 0.0000000 0.0000000 1.0000000
0.4005909 -0.8967509 -0.1880578 156.8597953
0.5913854 0.0962794 0.8006258 112.7851124
-0.6998522 -0.4319370 0.5688993 -156.1607452
0.0000000 0.0000000 0.0000000 1.0000000
0.3975199 -0.8981467 -0.1879126 157.2644987
0.5965320 0.0973431 0.7966692 113.1806665
-0.6972299 -0.4287868 0.5744746 -156.6258032
0.0000000 0.0000000 0.0000000 1.0000000
0.3888922 -0.9026044 -0.1845780 157.6927292
0.5965132 0.0940105 0.7970835 113.8102346
-0.7020951 -0.4200818 0.5749807 -157.3651947
0.0000000 0.0000000 0.0000000 1.0000000
0.3980555 -0.8990531 -0.1823626 157.8759978
0.5950437 0.1017450 0.7972321 114.1963751
-0.6981956 -0.4258552 0.5754815 -157.9155455
0.0000000 0.0000000 0.0000000 1.0000000
0.3863543 -0.9051870 -0.1771103 159.5422261
0.5939265 0.0972397 0.7986264 115.4444861
-0.7056804 -0.4137423 0.5751886 -159.1647919
0.0000000 0.0000000 0.0000000 1.0000000
0.3986479 -0.8994863 -0.1789020 159.4650762
0.5953653 0.1054406 0.7965118 116.2622158
-0.6975843 -0.4240386 0.5775614 -160.3643967
0.0000000 0.0000000 0.0000000 1.0000000
0.4140947 -0.8926735 -0.1779350 160.0909190
0.5944344 0.1171668 0.7955678 116.9165324
-0.6893306 -0.4352097 0.5791590 -161.1189219
0.0000000 0.0000000 0.0000000 1.0000000
0.4328916 -0.8838400 -0.1772929 160.3287528
0.5913911 0.1300122 0.7958404 117.2828911
-0.6803420 -0.4493604 0.5789814 -161.5662238
0.0000000 0.0000000 0.0000000 1.0000000
0.4564846 -0.8716279 -0.1785692 163.1386742
0.5844089 0.1423985 0.7988724 119.8204601
-0.6708881 -0.4690286 0.5743954 -164.3592004
0.0000000 0.0000000 0.0000000 1.0000000
0.4803190 -0.8581272 -0.1814158 164.1357615
0.5864047 0.1603701 0.7939894 121.5038080
-0.6522467 -0.4877493 0.5802444 -166.3604058
0.0000000 0.0000000 0.0000000 1.0000000
0.4517156 -0.8740977 -0.1786247 166.3448577
0.5897329 0.1423061 0.7949672 123.2608759
-0.6694561 -0.4644379 0.5797716 -168.2409887
0.0000000 0.0000000 0.0000000 1.0000000
0.4607293 -0.8695097 -0.1779962 167.3391734
0.5886829 0.1492915 0.7944641 124.2652501
-0.6642171 -0.4708139 0.5806540 -169.3550746
0.0000000 0.0000000 0.0000000 1.0000000
0.4534732 -0.8735300 -0.1769431 168.7564330
0.5916203 0.1465352 0.7927937 127.0198955
-0.6665970 -0.4641913 0.5832531 -172.7913536
0.0000000 0.0000000 0.0000000 1.0000000
0.4446853 -0.8774911 -0.1796277 170.6484716
0.5919864 0.1374310 0.7941499 129.1842907
-0.6721698 -0.4594813 0.5805812 -175.1429952
0.0000000 0.0000000 0.0000000 1.0000000
0.4506757 -0.8743998 -0.1797756 171.5029394
0.5886998 0.1397242 0.7961907 130.2457945
-0.6710669 -0.4646549 0.5777334 -176.3868520
0.0000000 0.0000000 0.0000000 1.0000000
0.4686073 -0.8651278 -0.1787844 172.9042787
0.5837321 0.1513276 0.7977261 131.4391207
-0.6630772 -0.4781791 0.5759203 -177.6338380
0.0000000 0.0000000 0.0000000 1.0000000
0.4651886 -0.8673826 -0.1767751 174.5310790
0.5838819 0.1505547 0.7977626 133.1959799
-0.6653479 -0.4743230 0.5764898 -179.6204826
0.0000000 0.0000000 0.0000000 1.0000000
0.4736349 -0.8631364 -0.1751240 175.4992151
0.5805445 0.1564393 0.7990652 134.5131353
-0.6623029 -0.4801293 0.5751884 -181.1538851
0.0000000 0.0000000 0.0000000 1.0000000
0.4693193 -0.8657806 -0.1736856 176.8931793
0.5817170 0.1551510 0.7984636 135.9517558
-0.6643440 -0.4757667 0.5764586 -182.7061146
0.0000000 0.0000000 0.0000000 1.0000000
0.4791364 -0.8605142 -0.1730528 177.7989859
0.5803273 0.1626465 0.7979833 137.0722982
-0.6585270 -0.4827661 0.5773134 -184.0431392
0.0000000 0.0000000 0.0000000 1.0000000
0.4922225 -0.8533944 -0.1715774 178.9321341
0.5776271 0.1727578 0.7978177 138.0499426
-0.6512094 -0.4918074 0.5779826 -185.1044666
0.0000000 0.0000000 0.0000000 1.0000000
0.5030410 -0.8470868 -0.1714566 179.7406723
0.5760919 0.1807576 0.7971550 139.0274355
-0.6442649 -0.4997723 0.5789320 -186.1638817
0.0000000 0.0000000 0.0000000 1.0000000
0.5274503 -0.8324780 -0.1696476 180.4820417
0.5637101 0.1935203 0.8029892 140.5896664
-0.6356377 -0.5191652 0.5713526 -187.9873215
0.0000000 0.0000000 0.0000000 1.0000000
0.5367097 -0.8266459 -0.1691259 181.8235831
0.5631129 0.2016423 0.8014084 141.7291318
-0.6283751 -0.5253569 0.5737220 -189.0974797
0.0000000 0.0000000 0.0000000 1.0000000
0.5267497 -0.8334615 -0.1669773 182.3262107
0.5643075 0.1959711 0.8019750 142.2761766
-0.6356897 -0.5166626 0.5735598 -189.6198160
0.0000000 0.0000000 0.0000000 1.0000000
0.5330879 -0.8295891 -0.1661458 183.0306058
