1.0000000 0.0000000 0.0000000 0.0000000
0.0000000 1.0000000 0.0000000 0.0000000
0.0000000 0.0000000 1.0000000 0.0000000
0.0000000 0.0000000 0.0000000 1.0000000
0.9996684 0.0250964 0.0057607 0.9021450
-0.0250773 0.9996794 -0.0033561 -0.3371058
-0.0058431 0.0032105 0.9999777 -0.0824960
0.0000000 0.0000000 0.0000000 1.0000000
0.9961562 0.0868680 0.0112037 2.3732816
-0.0868112 0.9962094 -0.0054646 -0.4595343
-0.0116360 0.0044710 0.9999222 -0.0732482
0.0000000 0.0000000 0.0000000 1.0000000
0.9907141 0.1355146 0.0109735 3.3855904
-0.1353558 0.9906958 -0.0140987 -0.8966222
-0.0127820 0.0124825 0.9998402 -0.1540172
0.0000000 0.0000000 0.0000000 1.0000000
0.9889706 0.1467395 0.0200593 4.8910381
-0.1463756 0.9890542 -0.0185605 -1.3398304
-0.0225633 0.0154196 0.9996263 -0.1606764
0.0000000 0.0000000 0.0000000 1.0000000
0.9799839 0.1972247 0.0270449 5.8067434
-0.1964739 0.9801061 -0.0280962 -1.8318623
-0.0320482 0.0222203 0.9992391 -0.2521412
0.0000000 0.0000000 0.0000000 1.0000000
0.9746816 0.2211926 0.0326789 6.9132942
-0.2201290 0.9749040 -0.0332259 -2.4358093
-0.0392081 0.0251911 0.9989133 -0.3354831
0.0000000 0.0000000 0.0000000 1.0000000
0.9655350 0.2571485 0.0401817 7.4434324
-0.2557165 0.9660222 -0.0375337 -2.7747228
-0.0484682 0.0259650 0.9984871 -0.3875088
0.0000000 0.0000000 0.0000000 1.0000000
0.9540643 0.2965014 0.0429588 8.6645593
-0.2943806 0.9544067 -0.0494673 -3.3551408
-0.0556673 0.0345488 0.9978514 -0.4938292
0.0000000 0.0000000 0.0000000 1.0000000
0.9377107 0.3439405 0.0489860 9.3509156
-0.3408850 0.9381059 -0.0612647 -3.7873473
-0.0670255 0.0407501 0.9969188 -0.5588449
0.0000000 0.0000000 0.0000000 1.0000000
0.9245744 0.3776450 0.0504200 11.4337050
-0.3740554 0.9248934 -0.0682157 -5.0393226
-0.0723945 0.0442108 0.9963959 -0.7167351
0.0000000 0.0000000 0.0000000 1.0000000
0.9156488 0.3981192 0.0555379 12.4727676
-0.3936748 0.9160744 -0.0763253 -5.5084522
-0.0812635 0.0480234 0.9955353 -0.8416755
0.0000000 0.0000000 0.0000000 1.0000000
0.8922270 0.4477315 0.0588424 13.0138506
-0.4422880 0.8927147 -0.0862507 -5.6707718
-0.0911467 0.0509301 0.9945346 -0.9113896
0.0000000 0.0000000 0.0000000 1.0000000
0.8866162 0.4579612 0.0646352 13.7099468
-0.4513547 0.8872555 -0.0951532 -7.0962187
-0.1009245 0.0551912 0.9933624 -1.0647232
0.0000000 0.0000000 0.0000000 1.0000000
0.8730627 0.4829178 0.0674225 14.5760633
-0.4751157 0.8736266 -0.1050631 -7.4213056
-0.1096390 0.0596934 0.9921778 -1.1370486
0.0000000 0.0000000 0.0000000 1.0000000
0.8555196 0.5129684 0.0703152 15.4714582
-0.5040660 0.8562013 -0.1132894 -7.8067494
-0.1183180 0.0614780 0.9910713 -1.2147398
0.0000000 0.0000000 0.0000000 1.0000000
0.8421523 0.5344311 0.0718111 16.9879157
-0.5248718 0.8429524 -0.1180605 -8.6305681
-0.1236287 0.0617336 0.9904070 -1.3614831
0.0000000 0.0000000 0.0000000 1.0000000
0.8157388 0.5735866 0.0745809 17.6234849
-0.5636673 0.8172362 -0.1200047 -9.0300328
-0.1297835 0.0558540 0.9899686 -1.4405182
0.0000000 0.0000000 0.0000000 1.0000000
0.7817633 0.6186972 0.0778040 18.2989617
-0.6082012 0.7840690 -0.1237866 -9.8110679
-0.1375903 0.0494516 0.9892546 -1.5813128
0.0000000 0.0000000 0.0000000 1.0000000
0.7493457 0.6572060 0.0809615 18.4764267
-0.6461355 0.7524580 -0.1277183 -9.9445546
-0.1448575 0.0433933 0.9885012 -1.6021269
0.0000000 0.0000000 0.0000000 1.0000000
0.7234296 0.6856833 0.0805083 20.1500509
-0.6734818 0.7265481 -0.1361833 -11.3449287
-0.1518719 0.0442984 0.9874077 -1.8756469
0.0000000 0.0000000 0.0000000 1.0000000
0.7170422 0.6922703 0.0812810 21.0782531
-0.6792157 0.7201479 -0.1415942 -12.1070862
-0.1565559 0.0463220 0.9865829 -2.0166321
0.0000000 0.0000000 0.0000000 1.0000000
0.6990078 0.7101102 0.0844158 21.3041932
-0.6961284 0.7027153 -0.1469436 -12.2578433
-0.1636666 0.0439507 0.9855368 -2.0518088
0.0000000 0.0000000 0.0000000 1.0000000
0.6850120 0.7237555 0.0832497 21.3574138
-0.7082552 0.6883594 -0.1566260 -12.8041185
-0.1706649 0.0483289 0.9841439 -2.0953946
0.0000000 0.0000000 0.0000000 1.0000000
0.6716092 0.7360580 0.0845805 21.9473458
-0.7198427 0.6752798 -0.1606860 -13.5365471
-0.1753900 0.0470338 0.9833756 -2.1989454
0.0000000 0.0000000 0.0000000 1.0000000
0.6509590 0.7546695 0.0819816 22.5602408
-0.7376270 0.6543501 -0.1665194 -14.6079032
-0.1793120 0.0479257 0.9826250 -2.4042784
0.0000000 0.0000000 0.0000000 1.0000000
0.6405140 0.7632910 0.0843976 23.0581017
-0.7457127 0.6444586 -0.1690615 -15.1144536
-0.1834341 0.0453503 0.9819861 -2.5113708
0.0000000 0.0000000 0.0000000 1.0000000
0.6383308 0.7646422 0.0886035 22.8846081
-0.7462158 0.6429464 -0.1725638 -15.2096089
-0.1889171 0.0440357 0.9810059 -2.4974366
0.0000000 0.0000000 0.0000000 1.0000000
0.6337058 0.7683331 0.0898647 23.3846338
-0.7485893 0.6383748 -0.1791308 -15.7425179
-0.1949998 0.0462448 0.9797132 -2.6141604
0.0000000 0.0000000 0.0000000 1.0000000
0.6257110 0.7746516 0.0916219 23.4180193
-0.7532658 0.6305604 -0.1870291 -15.8384570
-0.2026557 0.0480109 0.9780732 -2.6167365
0.0000000 0.0000000 0.0000000 1.0000000
0.6196984 0.7791597 0.0942220 23.9991883
-0.7562241 0.6249102 -0.1939278 -16.8568017
-0.2099814 0.0489242 0.9764814 -2.8395284
0.0000000 0.0000000 0.0000000 1.0000000
0.6068360 0.7884903 0.1001355 24.3803989
-0.7648778 0.6135775 -0.1961647 -17.7976687
-0.2161153 0.0424487 0.9754456 -3.0038222
0.0000000 0.0000000 0.0000000 1.0000000
0.5989420 0.7942890 0.1018192 25.5079514
-0.7690311 0.6059752 -0.2034226 -19.2922416
-0.2232766 0.0435366 0.9737834 -3.4148374
0.0000000 0.0000000 0.0000000 1.0000000
0.5984407 0.7940785 0.1063103 25.5152253
-0.7669403 0.6061822 -0.2105734 -19.6851178
-0.2316557 0.0444824 0.9717814 -3.4344003
0.0000000 0.0000000 0.0000000 1.0000000
0.5926326 0.7974807 0.1131568 25.4254494
-0.7686639 0.6019272 -0.2164129 -20.0631664
-0.2406978 0.0412741 0.9697233 -3.4657893
0.0000000 0.0000000 0.0000000 1.0000000
0.6023251 0.7897731 0.1160003 25.7790187
-0.7592188 0.6116794 -0.2223288 -20.6167636
-0.2465450 0.0458449 0.9680475 -3.6246238
0.0000000 0.0000000 0.0000000 1.0000000
0.6101761 0.7828097 0.1220145 25.8673578
-0.7494431 0.6202581 -0.2315391 -21.4170733
-0.2569324 0.0498370 0.9651448 -3.7600051
0.0000000 0.0000000 0.0000000 1.0000000
0.6081066 0.7829960 0.1308313 26.0050982
-0.7481499 0.6203741 -0.2353778 -21.8791214
-0.2654650 0.0452536 0.9630591 -3.8576631
0.0000000 0.0000000 0.0000000 1.0000000
0.5931861 0.7936058 0.1353286 26.7578843
-0.7571097 0.6070645 -0.2413566 -22.9787294
-0.2736962 0.0407110 0.9609556 -4.2000418
0.0000000 0.0000000 0.0000000 1.0000000
0.5939365 0.7915973 0.1435495 26.9314605
-0.7538764 0.6099265 -0.2442438 -23.6528175
-0.2808984 0.0368469 0.9590314 -4.3888056
0.0000000 0.0000000 0.0000000 1.0000000
0.5964670 0.7888288 0.1482225 27.3488596
-0.7504112 0.6135914 -0.2457316 -24.1765467
-0.2847893 0.0353430 0.9579399 -4.5264576
0.0000000 0.0000000 0.0000000 1.0000000
0.6269415 0.7637487 0.1537059 27.3529604
-0.7234181 0.6439453 -0.2489889 -24.5784949
-0.2891442 0.0449080 0.9562331 -4.6163196
0.0000000 0.0000000 0.0000000 1.0000000
0.6072872 0.7784453 0.1588026 27.9860585
-0.7388575 0.6268484 -0.2472760 -25.2564968
-0.2920370 0.0328352 0.9558448 -4.8676307
0.0000000 0.0000000 0.0000000 1.0000000
0.6121558 0.7739534 0.1620336 28.1589822
-0.7340844 0.6324054 -0.2473432 -25.9293342
-0.2939041 0.0324664 0.9552849 -5.0580744
0.0000000 0.0000000 0.0000000 1.0000000
0.5987685 0.7826683 0.1700004 28.7300818
-0.7444050 0.6221560 -0.2424420 -26.7453732
-0.2955195 0.0186174 0.9551568 -5.3552148
0.0000000 0.0000000 0.0000000 1.0000000
0.5726069 0.8006622 0.1762259 29.4906969
-0.7651790 0.5991111 -0.2357165 -27.8393382
-0.2943095 0.0001282 0.9557118 -5.7404434
0.0000000 0.0000000 0.0000000 1.0000000
0.5631407 0.8062431 0.1812152 29.7073257
-0.7705020 0.5915506 -0.2374664 -28.4251647
-0.2986548 -0.0058999 0.9543445 -5.9295239
0.0000000 0.0000000 0.0000000 1.0000000
0.5488596 0.8153710 0.1841688 30.2001939
-0.7804410 0.5787677 -0.2365077 -29.2723748
-0.2994335 -0.0139235 0.9540171 -6.1966906
0.0000000 0.0000000 0.0000000 1.0000000
0.5490662 0.8145256 0.1872660 30.6014456
-0.7798482 0.5798858 -0.2357224 -30.0330226
-0.3005958 -0.0166120 0.9536084 -6.4474048
0.0000000 0.0000000 0.0000000 1.0000000
0.5451900 0.8173393 0.1863294 31.8115222
-0.7850893 0.5757408 -0.2283705 -31.7633009
-0.2939346 -0.0217801 0.9555789 -7.0586083
0.0000000 0.0000000 0.0000000 1.0000000
0.5063146 0.8412372 0.1896313 32.2134151
-0.8109660 0.5392641 -0.2269898 -32.5331103
-0.2932145 -0.0388566 0.9552582 -7.3418553
0.0000000 0.0000000 0.0000000 1.0000000
0.5106753 0.8385945 0.1896440 32.8355394
-0.8105415 0.5431453 -0.2191156 -33.0114060
-0.2867541 -0.0418177 0.9570926 -7.5772085
0.0000000 0.0000000 0.0000000 1.0000000
0.5062496 0.8415891 0.1882382 33.3112788
-0.8148006 0.5382872 -0.2152734 -34.0018849
-0.2824986 -0.0443948 0.9582415 -7.8933669
0.0000000 0.0000000 0.0000000 1.0000000
0.5003411 0.8447275 0.1899717 33.8875052
-0.8202287 0.5327065 -0.2084340 -34.5032772
-0.2772698 -0.0515325 0.9594106 -8.0915337
0.0000000 0.0000000 0.0000000 1.0000000
0.5000124 0.8439100 0.1944166 34.6367699
-0.8224727 0.5330411 -0.1984976 -35.4685784
-0.2711468 -0.0606516 0.9606267 -8.3726969
0.0000000 0.0000000 0.0000000 1.0000000
0.4741770 0.8596517 0.1901311 34.9223492
-0.8416482 0.5059822 -0.1886956 -36.0004188
-0.2584160 -0.0705488 0.9634558 -8.5433069
0.0000000 0.0000000 0.0000000 1.0000000
0.4541091 0.8708319 0.1882316 35.5521635
-0.8560645 0.4850192 -0.1786210 -37.0535722
-0.2468451 -0.0800254 0.9657467 -8.8429064
0.0000000 0.0000000 0.0000000 1.0000000
0.4724582 0.8616313 0.1853890 35.8541217
-0.8468892 0.5020734 -0.1752041 -37.5043710
-0.2440405 -0.0742277 0.9669218 -8.9615071
0.0000000 0.0000000 0.0000000 1.0000000
0.4837359 0.8567553 0.1787848 36.1652155
-0.8419519 0.5113205 -0.1722311 -37.9752861
-0.2389764 -0.0672142 0.9686981 -9.1175650
0.0000000 0.0000000 0.0000000 1.0000000
0.4632192 0.8675429 0.1810834 36.5398545
-0.8554965 0.4910695 -0.1642303 -38.3361769
-0.2314014 -0.0788420 0.9696602 -9.2488407
0.0000000 0.0000000 0.0000000 1.0000000
0.4496044 0.8759029 0.1750530 36.6785124
-0.8636618 0.4762982 -0.1649937 -38.7717810
-0.2278959 -0.0770051 0.9706376 -9.3572965
0.0000000 0.0000000 0.0000000 1.0000000
0.4376204 0.8823518 0.1730234 36.9472048
-0.8696391 0.4642465 -0.1679205 -39.5263981
-0.2284903 -0.0769828 0.9704996 -9.4999380
0.0000000 0.0000000 0.0000000 1.0000000
0.4484361 0.8766332 0.1743930 37.8704242
-0.8635525 0.4752682 -0.1684989 -41.3869101
-0.2305950 -0.0750368 0.9701542 -9.9620657
0.0000000 0.0000000 0.0000000 1.0000000
0.4296230 0.8854387 0.1772460 38.4357392
-0.8721269 0.4577528 -0.1727773 -42.4275749
-0.2341186 -0.0803522 0.9688838 -10.2182992
0.0000000 0.0000000 0.0000000 1.0000000
0.4247186 0.8882155 0.1751592 38.6343645
-0.8732018 0.4529906 -0.1797579 -43.2771968
-0.2390093 -0.0766031 0.9679930 -10.3789407
0.0000000 0.0000000 0.0000000 1.0000000
0.4072944 0.8961531 0.1761090 39.0238695
-0.8816359 0.4361287 -0.1802907 -44.0415693
-0.2383744 -0.0818329 0.9677215 -10.5298926
0.0000000 0.0000000 0.0000000 1.0000000
0.4076464 0.8963470 0.1743004 39.3796745
-0.8813904 0.4361354 -0.1814722 -44.7800499
-0.2386806 -0.0796504 0.9678283 -10.7012551
0.0000000 0.0000000 0.0000000 1.0000000
0.3903529 0.9047603 0.1703755 39.7363105
-0.8898100 0.4182627 -0.1824541 -45.3970556
-0.2363390 -0.0803806 0.9683426 -10.8415770
0.0000000 0.0000000 0.0000000 1.0000000
0.3823274 0.9078405 0.1721792 40.1554274
-0.8937468 0.4106332 -0.1805328 -46.1899907
-0.2345975 -0.0848623 0.9683837 -11.0067020
0.0000000 0.0000000 0.0000000 1.0000000
0.3524153 0.9192235 0.1755733 40.7364476
-0.9075806 0.3814624 -0.1754405 -47.2878782
-0.2282437 -0.0975194 0.9687101 -11.2632047
0.0000000 0.0000000 0.0000000 1.0000000
0.3393593 0.9245477 0.1733229 40.8899369
-0.9128608 0.3681541 -0.1764731 -48.0139020
-0.2269674 -0.0983323 0.9689279 -11.3870641
0.0000000 0.0000000 0.0000000 1.0000000
0.3272496 0.9293389 0.1709698 41.3421874
-0.9188223 0.3551965 -0.1720334 -48.8728606
-0.2206052 -0.1007934 0.9701437 -11.5713391
0.0000000 0.0000000 0.0000000 1.0000000
0.2846465 0.9440541 0.1665292 41.6178226
-0.9332922 0.3125862 -0.1767768 -49.7155658
-0.2189415 -0.1051018 0.9700636 -11.7731877
0.0000000 0.0000000 0.0000000 1.0000000
0.2580157 0.9509706 0.1705173 42.0237997
-0.9422783 0.2866758 -0.1729823 -50.6552961
-0.2133843 -0.1160429 0.9700548 -11.9154450
0.0000000 0.0000000 0.0000000 1.0000000
0.2514648 0.9530770 0.1685301 42.3743382
-0.9443684 0.2797466 -0.1729284 -51.3182415
-0.2119598 -0.1156694 0.9704117 -12.0807311
0.0000000 0.0000000 0.0000000 1.0000000
0.2358168 0.9564588 0.1719571 42.6730720
-0.9497086 0.2643317 -0.1678574 -52.2069410
-0.2060024 -0.1237259 0.9707008 -12.2643647
0.0000000 0.0000000 0.0000000 1.0000000
0.2080353 0.9631067 0.1707043 42.9454058
-0.9563025 0.2369290 -0.1713026 -52.9771423
-0.2054274 -0.1276082 0.9703200 -12.4443939
0.0000000 0.0000000 0.0000000 1.0000000
0.2128146 0.9615849 0.1733701 43.1225607
-0.9558636 0.2416720 -0.1670718 -53.8478756
-0.2025523 -0.1301632 0.9705851 -12.5529553
0.0000000 0.0000000 0.0000000 1.0000000
0.2013254 0.9635722 0.1760372 43.3475721
-0.9587885 0.2306368 -0.1659070 -54.6992304
-0.2004640 -0.1353815 0.9703048 -12.7060862
0.0000000 0.0000000 0.0000000 1.0000000
0.1699243 0.9690238 0.1791962 43.6609023
-0.9653909 0.2001964 -0.1671380 -55.8954600
-0.1978350 -0.1445940 0.9695149 -12.8886508
0.0000000 0.0000000 0.0000000 1.0000000
0.1566320 0.9706400 0.1825295 43.8443811
-0.9673299 0.1880659 -0.1699900 -56.7293485
-0.1993264 -0.1499408 0.9683966 -13.0449284
0.0000000 0.0000000 0.0000000 1.0000000
0.1533353 0.9705122 0.1859745 44.0992196
-0.9680716 0.1852982 -0.1688052 -57.7783673
-0.1982882 -0.1541533 0.9679483 -13.2587856
0.0000000 0.0000000 0.0000000 1.0000000
0.1322474 0.9738078 0.1849368 44.2684833
-0.9713297 0.1645031 -0.1716125 -58.7112162
-0.1975402 -0.1569397 0.9676535 -13.4181830
0.0000000 0.0000000 0.0000000 1.0000000
0.1155363 0.9759934 0.1846109 44.5276549
-0.9732920 0.1483530 -0.1751762 -59.8378774
-0.1983581 -0.1594416 0.9670769 -13.6728314
0.0000000 0.0000000 0.0000000 1.0000000
0.1152374 0.9755773 0.1869803 44.7029471
-0.9727275 0.1489730 -0.1777656 -61.0332968
-0.2012789 -0.1613961 0.9661489 -13.8757266
0.0000000 0.0000000 0.0000000 1.0000000
0.1029077 0.9769434 0.1870403 45.0268565
-0.9734028 0.1376019 -0.1831543 -62.3073824
-0.2046684 -0.1632180 0.9651302 -14.1305729
0.0000000 0.0000000 0.0000000 1.0000000
0.1183485 0.9749072 0.1885269 45.2952923
-0.9710196 0.1533272 -0.1833128 -63.5744856
-0.2076190 -0.1613690 0.9648110 -14.3163892
0.0000000 0.0000000 0.0000000 1.0000000
0.1046026 0.9762096 0.1899114 45.5249331
-0.9728626 0.1400699 -0.1841488 -64.4823721
-0.2063684 -0.1654958 0.9643802 -14.4866940
0.0000000 0.0000000 0.0000000 1.0000000
0.1101022 0.9757409 0.1892114 45.6915901
-0.9717354 0.1456714 -0.1857481 -65.6003594
-0.2088044 -0.1634127 0.9642111 -14.7056446
0.0000000 0.0000000 0.0000000 1.0000000
0.0959968 0.9767224 0.1918113 46.1032733
-0.9729095 0.1327850 -0.1892288 -66.9312734
-0.2102934 -0.1684503 0.9630198 -15.0059892
0.0000000 0.0000000 0.0000000 1.0000000
0.0798296 0.9776690 0.1943821 46.5321672
-0.9732163 0.1186175 -0.1969084 -68.0003291
-0.2155682 -0.1734572 0.9609627 -15.1903851
0.0000000 0.0000000 0.0000000 1.0000000
0.0733791 0.9784404 0.1930364 46.8583008
-0.9739255 0.1119665 -0.1972947 -68.9341110
-0.2146546 -0.1735262 0.9611548 -15.3618749
0.0000000 0.0000000 0.0000000 1.0000000
0.0603065 0.9793524 0.1929381 47.1412600
-0.9743037 0.0997753 -0.2019129 -69.7313753
-0.2169941 -0.1758042 0.9602149 -15.4960598
0.0000000 0.0000000 0.0000000 1.0000000
0.0664959 0.9789773 0.1928075 47.3761252
-0.9726179 0.1067230 -0.2064373 -70.8403989
-0.2226743 -0.1738013 0.9592787 -15.6812841
0.0000000 0.0000000 0.0000000 1.0000000
0.0410303 0.9812809 0.1881423 47.7256445
-0.9743768 0.0809728 -0.2098222 -71.8920053
-0.2211289 -0.1747129 0.9594706 -15.8928639
0.0000000 0.0000000 0.0000000 1.0000000
0.0497310 0.9815415 0.1846544 47.8730636
-0.9741017 0.0884969 -0.2080569 -73.4121364
-0.2205577 -0.1695256 0.9605321 -16.2418458
0.0000000 0.0000000 0.0000000 1.0000000
0.0497698 0.9819224 0.1826087 48.0330323
-0.9737267 0.0883830 -0.2098549 -74.8118180
-0.2222007 -0.1673668 0.9605321 -16.5030366
0.0000000 0.0000000 0.0000000 1.0000000
0.0422453 0.9821512 0.1832731 48.2544932
-0.9741091 0.0812656 -0.2109530 -75.3111155
-0.2220815 -0.1696166 0.9601650 -16.5868538
0.0000000 0.0000000 0.0000000 1.0000000
0.0401852 0.9829863 0.1792116 48.4383534
-0.9744289 0.0782358 -0.2106194 -76.3838708
-0.2210567 -0.1661655 0.9610044 -16.8224767
0.0000000 0.0000000 0.0000000 1.0000000
0.0261853 0.9836259 0.1782932 48.6734559
-0.9732573 0.0658024 -0.2200771 -77.4517410
-0.2282057 -0.1677626 0.9590540 -17.0327171
0.0000000 0.0000000 0.0000000 1.0000000
-0.0034877 0.9841556 0.1772567 48.9035474
-0.9732066 0.0374115 -0.2268547 -78.6743854
-0.2298919 -0.1732989 0.9576660 -17.2678799
0.0000000 0.0000000 0.0000000 1.0000000
-0.0136286 0.9839236 0.1780549 49.0818017
-0.9730483 0.0279441 -0.2288889 -79.7788980
-0.2301849 -0.1763758 0.9570338 -17.5532364
0.0000000 0.0000000 0.0000000 1.0000000
-0.0342300 0.9833287 0.1785709 49.1225339
-0.9736957 0.0074598 -0.2277164 -80.9763435
-0.2252522 -0.1816687 0.9572174 -17.7837088
0.0000000 0.0000000 0.0000000 1.0000000
-0.0472874 0.9827324 0.1788714 49.1161560
-0.9735094 -0.0052385 -0.2285725 -82.1826441
-0.2236886 -0.1849419 0.9569572 -18.0559108
0.0000000 0.0000000 0.0000000 1.0000000
-0.0598482 0.9820337 0.1789475 48.9625484
-0.9737830 -0.0180256 -0.2267482 -83.5523661
-0.2194487 -0.1878268 0.9573770 -18.3268968
0.0000000 0.0000000 0.0000000 1.0000000
-0.0672789 0.9808520 0.1827492 49.1816937
-0.9730377 -0.0240040 -0.2293800 -84.2932225
-0.2206011 -0.1932546 0.9560312 -18.4866738
0.0000000 0.0000000 0.0000000 1.0000000
-0.0627746 0.9809674 0.1837309 48.9404548
-0.9721500 -0.0184535 -0.2336171 -85.6447479
-0.2257802 -0.1932796 0.9548162 -18.7145372
0.0000000 0.0000000 0.0000000 1.0000000
-0.0866514 0.9779035 0.1902388 49.1387680
-0.9689452 -0.0383363 -0.2442715 -86.4280398
-0.2315810 -0.2054979 0.9508673 -18.8423933
0.0000000 0.0000000 0.0000000 1.0000000
-0.0843033 0.9785826 0.1877879 49.0680979
-0.9678490 -0.0355973 -0.2489868 -87.5012928
-0.2369695 -0.2027412 0.9501313 -19.0623917
0.0000000 0.0000000 0.0000000 1.0000000
-0.1019338 0.9768112 0.1882662 49.1139665
-0.9657907 -0.0518121 -0.2540801 -88.4638236
-0.2384339 -0.2077255 0.9486872 -19.2508451
0.0000000 0.0000000 0.0000000 1.0000000
-0.1056719 0.9759420 0.1906959 49.1311256
-0.9648069 -0.0541888 -0.2573018 -89.2883607
-0.2407782 -0.2111747 0.9473326 -19.4108891
0.0000000 0.0000000 0.0000000 1.0000000
-0.1008410 0.9766507 0.1896828 49.1022537
-0.9654900 -0.0500503 -0.2555734 -89.9149725
-0.2401124 -0.2089096 0.9480036 -19.6155797
0.0000000 0.0000000 0.0000000 1.0000000
-0.1096306 0.9760845 0.1877133 48.9898762
-0.9642777 -0.0586261 -0.2583134 -91.1346151
-0.2411309 -0.2093272 0.9476530 -19.8718627
0.0000000 0.0000000 0.0000000 1.0000000
-0.0842715 0.9793626 0.1836944 49.0260890
-0.9653315 -0.0345356 -0.2587219 -91.9836722
-0.2470387 -0.1991293 0.9483289 -20.0834493
0.0000000 0.0000000 0.0000000 1.0000000
-0.0895720 0.9781527 0.1875920 48.9016485
-0.9642222 -0.0379809 -0.2623504 -92.9469133
-0.2494940 -0.2043801 0.9465674 -20.2533215
0.0000000 0.0000000 0.0000000 1.0000000
-0.0745273 0.9790802 0.1893243 48.9263750
-0.9650778 -0.0230023 -0.2609403 -94.0084253
-0.2511267 -0.2021604 0.9466123 -20.5529288
0.0000000 0.0000000 0.0000000 1.0000000
-0.0716438 0.9780152 0.1958287 48.9219388
-0.9637270 -0.0172704 -0.2663196 -95.3146628
-0.2570828 -0.2078061 0.9437866 -20.8503563
0.0000000 0.0000000 0.0000000 1.0000000
-0.1050822 0.9748768 0.1963875 48.9998498
-0.9596792 -0.0476371 -0.2770204 -96.2177197
-0.2607057 -0.2175794 0.9405848 -21.1322664
0.0000000 0.0000000 0.0000000 1.0000000
-0.0738299 0.9761448 0.2041706 48.9119312
-0.9642639 -0.0176400 -0.2643429 -97.0977947
-0.2544355 -0.2163914 0.9425738 -21.3764527
0.0000000 0.0000000 0.0000000 1.0000000
-0.0510064 0.9770332 0.2068802 48.8463737
-0.9641095 0.0058723 -0.2654279 -97.7939417
-0.2605470 -0.2129942 0.9416778 -21.5324461
0.0000000 0.0000000 0.0000000 1.0000000
-0.0446778 0.9773645 0.2067786 49.0424597
-0.9619802 0.0137348 -0.2727628 -98.4677593
-0.2694291 -0.2111037 0.9396019 -21.7845884
0.0000000 0.0000000 0.0000000 1.0000000
-0.0330923 0.9743689 0.2224984 48.9917299
-0.9607654 0.0303251 -0.2756886 -99.6830382
-0.2753700 -0.2228926 0.9351464 -22.0117797
0.0000000 0.0000000 0.0000000 1.0000000
-0.0065910 0.9755242 0.2197810 49.0117062
-0.9599466 0.0553915 -0.2746423 -100.3230052
-0.2800946 -0.2127887 0.9360964 -22.2080545
0.0000000 0.0000000 0.0000000 1.0000000
0.0228277 0.9760809 0.2161930 49.1262584
-0.9588587 0.0825829 -0.2715968 -101.4099153
-0.2829548 -0.2010989 0.9378189 -22.5380484
0.0000000 0.0000000 0.0000000 1.0000000
0.0311608 0.9752456 0.2189061 49.2329613
-0.9563747 0.0927408 -0.2770224 -102.3433849
-0.2904669 -0.2007244 0.9356001 -22.7953320
0.0000000 0.0000000 0.0000000 1.0000000
0.0417185 0.9736123 0.2243500 49.3799936
-0.9561297 0.1040691 -0.2738259 -103.2511089
-0.2899487 -0.2030844 0.9352516 -23.0681458
0.0000000 0.0000000 0.0000000 1.0000000
0.0775286 0.9721328 0.2212274 49.4765827
-0.9506009 0.1389766 -0.2775569 -104.2262654
-0.3005680 -0.1887807 0.9348957 -23.3733228
0.0000000 0.0000000 0.0000000 1.0000000
0.1342604 0.9640795 0.2291706 49.5500593
-0.9387304 0.1978182 -0.2822194 -105.0010150
-0.3174165 -0.1772388 0.9315806 -23.6273963
0.0000000 0.0000000 0.0000000 1.0000000
0.1581312 0.9599059 0.2314505 49.7052158
-0.9303471 0.2233755 -0.2907779 -105.7896154
-0.3308203 -0.1693485 0.9283793 -23.8956065
0.0000000 0.0000000 0.0000000 1.0000000
0.1717220 0.9575407 0.2315619 49.9424823
-0.9266399 0.2367954 -0.2919946 -106.9280800
-0.3344301 -0.1644328 0.9279696 -24.2945187
0.0000000 0.0000000 0.0000000 1.0000000
0.1891387 0.9529370 0.2369199 50.1688485
-0.9208869 0.2558927 -0.2940752 -108.0090505
-0.3408619 -0.1625557 0.9259578 -24.6727306
0.0000000 0.0000000 0.0000000 1.0000000
0.2100696 0.9465930 0.2445938 50.2873950
-0.9167303 0.2776634 -0.2872319 -108.9831098
-0.3398069 -0.1638883 0.9261106 -25.0281485
0.0000000 0.0000000 0.0000000 1.0000000
0.2222151 0.9431459 0.2471632 50.5034824
-0.9116387 0.2908807 -0.2903395 -109.8563195
-0.3457281 -0.1608060 0.9244580 -25.3451839
0.0000000 0.0000000 0.0000000 1.0000000
0.2463643 0.9356505 0.2526971 50.7644094
-0.9027466 0.3164092 -0.2914239 -110.7964830
-0.3526273 -0.1563252 0.9226190 -25.7150172
0.0000000 0.0000000 0.0000000 1.0000000
0.2516627 0.9328711 0.2577020 51.0066464
-0.9005425 0.3232562 -0.2907293 -111.7675439
-0.3545175 -0.1589061 0.9214531 -26.0405425
0.0000000 0.0000000 0.0000000 1.0000000
0.2432405 0.9357133 0.2554753 51.2469435
-0.9016823 0.3152083 -0.2959856 -112.6320518
-0.3574863 -0.1583620 0.9203992 -26.3978062
0.0000000 0.0000000 0.0000000 1.0000000
0.2356541 0.9342913 0.2675071 51.3258549
-0.9082227 0.3096733 -0.2814757 -113.3161707
-0.3458207 -0.1766255 0.9215319 -26.6282001
0.0000000 0.0000000 0.0000000 1.0000000
0.2617970 0.9227753 0.2827376 51.4312322
-0.9021708 0.3380554 -0.2679579 -114.0998015
-0.3428465 -0.1849274 0.9210146 -26.8879280
0.0000000 0.0000000 0.0000000 1.0000000
0.2544781 0.9200974 0.2977479 51.7372599
-0.9040395 0.3356751 -0.2646324 -115.0871074
-0.3434349 -0.2018331 0.9172382 -27.2651969
0.0000000 0.0000000 0.0000000 1.0000000
0.2625668 0.9104891 0.3194686 52.1082179
-0.9007604 0.3499938 -0.2571586 -115.9964992
-0.3459528 -0.2202440 0.9120413 -27.6276269
0.0000000 0.0000000 0.0000000 1.0000000
0.2558406 0.9057992 0.3377357 52.4658101
-0.9008960 0.3501068 -0.2565293 -116.9927908
-0.3506084 -0.2386349 0.9056143 -28.0313554
0.0000000 0.0000000 0.0000000 1.0000000
0.2515581 0.9034137 0.3472091 52.7266043
-0.9026179 0.3484566 -0.2526953 -118.1170684
-0.3492766 -0.2498305 0.9031062 -28.4600447
0.0000000 0.0000000 0.0000000 1.0000000
0.2437243 0.9048244 0.3491187 53.1485738
-0.9070206 0.3401084 -0.2482645 -119.2628424
-0.3433746 -0.2561508 0.9035990 -28.8706002
0.0000000 0.0000000 0.0000000 1.0000000
0.2411922 0.9039378 0.3531504 53.4192316
-0.9050674 0.3408472 -0.2543040 -119.9489635
-0.3502458 -0.2582901 0.9003468 -29.0752871
0.0000000 0.0000000 0.0000000 1.0000000
0.2106913 0.9111774 0.3540579 53.8475301
-0.9128635 0.3129553 -0.2621707 -121.0414805
-0.3496888 -0.2679706 0.8977305 -29.4652039
0.0000000 0.0000000 0.0000000 1.0000000
0.2250150 0.8960885 0.3826040 54.3057626
-0.9074272 0.3357481 -0.2526725 -122.1954042
-0.3548760 -0.2903318 0.8886963 -29.9011767
0.0000000 0.0000000 0.0000000 1.0000000
0.2514536 0.8851774 0.3914382 54.7175778
-0.8957604 0.3660180 -0.2522676 -123.3074369
-0.3665758 -0.2872027 0.8849562 -30.3160409
0.0000000 0.0000000 0.0000000 1.0000000
0.2345791 0.8908326 0.3890776 54.9907553
-0.8992271 0.3508979 -0.2612592 -124.3644852
-0.3692658 -0.2885845 0.8833869 -30.6832336
0.0000000 0.0000000 0.0000000 1.0000000
0.2536611 0.8826854 0.3956179 55.3041017
-0.8902790 0.3729702 -0.2613255 -125.4786221
-0.3782230 -0.2859236 0.8804577 -31.0460004
0.0000000 0.0000000 0.0000000 1.0000000
0.2233284 0.8905165 0.3963528 55.7360003
-0.8982037 0.3459553 -0.2711813 -126.5807749
-0.3786130 -0.2954444 0.8771406 -31.4986598
0.0000000 0.0000000 0.0000000 1.0000000
0.2339301 0.8857729 0.4008417 56.1247101
-0.8922192 0.3593851 -0.2734638 -127.8196892
-0.3862848 -0.2936684 0.8743878 -32.0150570
0.0000000 0.0000000 0.0000000 1.0000000
0.2373333 0.8835662 0.4037012 56.5460560
-0.8858453 0.3674071 -0.2833451 -128.5635990
-0.3986781 -0.2903708 0.8699147 -32.2957501
0.0000000 0.0000000 0.0000000 1.0000000
0.2434279 0.8803795 0.4070203 57.0202217
-0.8798663 0.3770262 -0.2892752 -129.7297239
-0.4081306 -0.2877072 0.8664093 -32.7938123
0.0000000 0.0000000 0.0000000 1.0000000
0.2575449 0.8725933 0.4150205 57.4909112
-0.8704337 0.3959998 -0.2924431 -130.9649240
-0.4195334 -0.2859320 0.8615368 -33.3248115
0.0000000 0.0000000 0.0000000 1.0000000
0.2716642 0.8625399 0.4268652 58.0197394
-0.8554712 0.4196166 -0.3034545 -132.1687906
-0.4408632 -0.2827346 0.8518872 -33.8499533
0.0000000 0.0000000 0.0000000 1.0000000
0.2911489 0.8518309 0.4354386 58.6400373
-0.8391267 0.4459814 -0.3113843 -133.7262960
-0.4594462 -0.2747306 0.8446557 -34.5915563
0.0000000 0.0000000 0.0000000 1.0000000
0.3255701 0.8333877 0.4466084 59.0782989
-0.8131275 0.4878305 -0.3175511 -134.9587698
-0.4825148 -0.2597659 0.8364879 -35.0891520
0.0000000 0.0000000 0.0000000 1.0000000
0.3494570 0.8189283 0.4552215 59.4917608
-0.7954392 0.5160563 -0.3177361 -136.0625869
-0.4951256 -0.2510675 0.8317612 -35.6677195
0.0000000 0.0000000 0.0000000 1.0000000
0.3713400 0.8012749 0.4691009 60.2049408
-0.7831302 0.5417096 -0.3053705 -137.2901469
-0.4988046 -0.2539727 0.8286752 -36.4572339
0.0000000 0.0000000 0.0000000 1.0000000
0.3437650 0.8015764 0.4891748 60.6131468
-0.7954779 0.5254049 -0.3019230 -137.6773565
-0.4990312 -0.2853398 0.8182664 -36.6038908
0.0000000 0.0000000 0.0000000 1.0000000
0.3476066 0.7957390 0.4959433 61.0498196
-0.7887559 0.5341515 -0.3042021 -138.4426403
-0.5069766 -0.2854381 0.8133331 -37.0456240
0.0000000 0.0000000 0.0000000 1.0000000
0.3491604 0.7947670 0.4964099 61.4542918
-0.7889680 0.5351610 -0.3018689 -139.3973917
-0.5055769 -0.2862533 0.8139176 -37.5999093
0.0000000 0.0000000 0.0000000 1.0000000
0.3434698 0.7912525 0.5059030 61.8946228
-0.7900890 0.5346601 -0.2998171 -140.0074040
-0.5077196 -0.2967328 0.8088146 -38.0312295
0.0000000 0.0000000 0.0000000 1.0000000
0.3337265 0.7885916 0.5164683 62.3504626
-0.7912838 0.5321192 -0.3011832 -140.6812705
-0.5123358 -0.3081627 0.8015974 -38.4746856
0.0000000 0.0000000 0.0000000 1.0000000
0.3309034 0.7860932 0.5220632 62.7927507
-0.7864338 0.5354905 -0.3078382 -141.2398257
-0.5215522 -0.3087060 0.7954211 -38.8923929
0.0000000 0.0000000 0.0000000 1.0000000
0.3459322 0.7771875 0.5256428 63.1130859
-0.7756035 0.5521302 -0.3059132 -142.0434341
-0.5279777 -0.3018682 0.7938046 -39.3979806
0.0000000 0.0000000 0.0000000 1.0000000
0.3292919 0.7798554 0.5323366 63.5494001
-0.7853871 0.5391770 -0.3040507 -142.6243159
-0.5241417 -0.3179720 0.7900505 -39.8795082
0.0000000 0.0000000 0.0000000 1.0000000
0.3325206 0.7750456 0.5373307 63.8501139
-0.7761905 0.5485301 -0.3108611 -143.3395819
-0.5356763 -0.3137064 0.7839961 -40.3360457
0.0000000 0.0000000 0.0000000 1.0000000
0.3289963 0.7740648 0.5409024 64.1956382
-0.7791768 0.5461234 -0.3076103 -143.9196472
-0.5335120 -0.3202592 0.7828216 -40.8431809
0.0000000 0.0000000 0.0000000 1.0000000
0.3106306 0.7808530 0.5420033 64.5297779
-0.7885268 0.5301008 -0.3117857 -144.4522403
-0.5307776 -0.3305372 0.7804045 -41.2694562
0.0000000 0.0000000 0.0000000 1.0000000
0.3035185 0.7806657 0.5462859 64.8987634
-0.7890540 0.5273171 -0.3151542 -145.1681317
-0.5340984 -0.3353974 0.7760531 -41.7338139
0.0000000 0.0000000 0.0000000 1.0000000
0.3023546 0.7770023 0.5521229 65.1980819
-0.7835633 0.5324387 -0.3202015 -145.7239220
-0.5427713 -0.3358124 0.7698313 -42.0976086
0.0000000 0.0000000 0.0000000 1.0000000
0.2921796 0.7734816 0.5624479 65.6025325
-0.7790577 0.5336114 -0.3291192 -146.4980616
-0.5546991 -0.3420210 0.7585126 -42.6241102
0.0000000 0.0000000 0.0000000 1.0000000
0.2893354 0.7731332 0.5643935 65.8919290
-0.7788599 0.5329091 -0.3307206 -147.0945918
-0.5564643 -0.3438979 0.7563677 -43.0330487
0.0000000 0.0000000 0.0000000 1.0000000
0.2769492 0.7744620 0.5687687 66.2574170
-0.7792849 0.5273265 -0.3385743 -147.8416964
-0.5621424 -0.3494688 0.7495851 -43.5736660
0.0000000 0.0000000 0.0000000 1.0000000
0.2763568 0.7707872 0.5740247 66.5566153
-0.7724665 0.5335006 -0.3444760 -148.4857772
-0.5717632 -0.3482202 0.7428596 -44.0040399
0.0000000 0.0000000 0.0000000 1.0000000
0.2739052 0.7714502 0.5743093 66.8663693
-0.7681071 0.5348287 -0.3520819 -149.1560418
-0.5787740 -0.3446975 0.7390640 -44.5032001
0.0000000 0.0000000 0.0000000 1.0000000
0.2737250 0.7676522 0.5794611 67.1186799
-0.7630238 0.5401020 -0.3550721 -149.7402886
-0.5855433 -0.3449541 0.7335917 -44.8968173
0.0000000 0.0000000 0.0000000 1.0000000
0.2554349 0.7732434 0.5803773 67.4580191
-0.7717760 0.5246416 -0.3593109 -150.3045487
-0.5823283 -0.3561442 0.7307981 -45.3784374
0.0000000 0.0000000 0.0000000 1.0000000
0.2525789 0.7703024 0.5855155 67.7867104
-0.7694059 0.5268295 -0.3611878 -150.9559514
-0.5866942 -0.3592744 0.7257567 -45.9245491
0.0000000 0.0000000 0.0000000 1.0000000
0.2371392 0.7736307 0.5875806 68.0783151
-0.7773128 0.5138911 -0.3628933 -151.8818802
-0.5827010 -0.3706818 0.7232325 -46.5847697
0.0000000 0.0000000 0.0000000 1.0000000
0.2339987 0.7732567 0.5893292 68.3511752
-0.7815964 0.5101228 -0.3589876 -152.5122518
-0.5782229 -0.3766192 0.7237589 -47.0722654
0.0000000 0.0000000 0.0000000 1.0000000
0.2110507 0.7787272 0.5907892 68.5513879
-0.7902655 0.4916436 -0.3657291 -153.1391354
-0.5752642 -0.3896970 0.7191789 -47.4263885
0.0000000 0.0000000 0.0000000 1.0000000
0.2004047 0.7906292 0.5785622 68.7952597
-0.7933976 0.4774232 -0.3775959 -153.9535402
-0.5747605 -0.3833618 0.7229767 -47.9271902
0.0000000 0.0000000 0.0000000 1.0000000
0.1738073 0.8038953 0.5688002 68.9884840
-0.8055015 0.4483335 -0.3875000 -154.7248938
-0.5665251 -0.3908224 0.7254781 -48.4007947
0.0000000 0.0000000 0.0000000 1.0000000
0.1597080 0.8088855 0.5658508 69.1219330
-0.8046957 0.4386987 -0.3999990 -155.5868502
-0.5717951 -0.3914580 0.7209866 -48.9165818
0.0000000 0.0000000 0.0000000 1.0000000
0.1594386 0.8111791 0.5626345 69.2532562
-0.7991685 0.4406497 -0.4088385 -156.4361871
-0.5795698 -0.3844583 0.7185414 -49.4219819
0.0000000 0.0000000 0.0000000 1.0000000
0.1570504 0.8096179 0.5655477 69.4570469
-0.7980064 0.4414037 -0.4102926 -157.2173002
-0.5818189 -0.3868773 0.7154187 -49.9082724
0.0000000 0.0000000 0.0000000 1.0000000
0.1569169 0.8116970 0.5625971 69.6985348
-0.7842229 0.4486650 -0.4285858 -158.0642270
-0.6003035 -0.3739523 0.7069702 -50.3654380
0.0000000 0.0000000 0.0000000 1.0000000
0.1570354 0.8090726 0.5663319 69.9691195
-0.7782351 0.4544246 -0.4334045 -158.9543881
-0.6080148 -0.3726828 0.7010255 -50.9736123
0.0000000 0.0000000 0.0000000 1.0000000
0.1414518 0.7965548 0.5877775 70.2892432
-0.7779879 0.4566017 -0.4315567 -160.1346416
-0.6121430 -0.3962429 0.6843128 -51.8566618
0.0000000 0.0000000 0.0000000 1.0000000
0.1508117 0.8079677 0.5695918 70.4784443
-0.7630743 0.4614470 -0.4525215 -160.9236946
-0.6284634 -0.3663985 0.6861467 -52.3298326
0.0000000 0.0000000 0.0000000 1.0000000
0.1562983 0.8100347 0.5651594 70.9569295
-0.7584031 0.4649929 -0.4567245 -162.2135836
-0.6327619 -0.3572364 0.6870267 -53.3603972
0.0000000 0.0000000 0.0000000 1.0000000
0.1431410 0.8165002 0.5593105 71.3022252
-0.7440359 0.4614336 -0.4831979 -163.0238565
-0.6526204 -0.3469844 0.6735720 -53.9120159
0.0000000 0.0000000 0.0000000 1.0000000
0.1628231 0.8257032 0.5400861 71.7061541
-0.7334267 0.4674427 -0.4935309 -164.3155900
-0.6599736 -0.3157578 0.6817202 -54.9339838
0.0000000 0.0000000 0.0000000 1.0000000
0.1210294 0.8305115 0.5436844 72.3022624
-0.7392831 0.4409203 -0.5089596 -165.7228937
-0.6624227 -0.3403403 0.6673644 -56.1275082
0.0000000 0.0000000 0.0000000 1.0000000
0.0988194 0.8386468 0.5356266 72.5647912
-0.7534129 0.4146873 -0.5102878 -166.5154693
-0.6500734 -0.3531240 0.6728437 -56.8695231
0.0000000 0.0000000 0.0000000 1.0000000
0.1042633 0.8366437 0.5377227 72.8926924
-0.7421427 0.4253781 -0.5179458 -168.0717699
-0.6620767 -0.3450664 0.6652775 -58.1590661
0.0000000 0.0000000 0.0000000 1.0000000
0.0910903 0.8470388 0.5236574 73.1758179
-0.7416421 0.4086259 -0.5319608 -168.9395553
-0.6645769 -0.3399117 0.6654385 -58.8370051
0.0000000 0.0000000 0.0000000 1.0000000
0.0867378 0.8497103 0.5200561 73.4050511
-0.7248255 0.4119523 -0.5521903 -170.2402399
-0.6834461 -0.3290558 0.6516402 -59.8105514
0.0000000 0.0000000 0.0000000 1.0000000
0.0717413 0.8530088 0.5169323 73.6314658
-0.7210006 0.4024682 -0.5640639 -171.2146740
-0.6892062 -0.3322436 0.6439100 -60.6601757
0.0000000 0.0000000 0.0000000 1.0000000
0.0324563 0.8494302 0.5266923 73.9124172
-0.7286303 0.3808182 -0.5692683 -172.6035822
-0.6841338 -0.3652897 0.6312968 -61.9410958
0.0000000 0.0000000 0.0000000 1.0000000
-0.0032864 0.8514533 0.5244108 74.0187258
-0.7322089 0.3551156 -0.5811664 -173.5969272
-0.6810688 -0.3858904 0.6222905 -62.7647930
0.0000000 0.0000000 0.0000000 1.0000000
0.1021793 0.8515521 0.5142066 73.9900094
-0.6690428 0.4413639 -0.5979725 -175.6752616
-0.7361639 -0.2829268 0.6148388 -64.4652966
0.0000000 0.0000000 0.0000000 1.0000000
0.1062347 0.8601540 0.4988369 74.2844000
-0.6722077 0.4317967 -0.6013984 -176.9701420
-0.7326991 -0.2714330 0.6240899 -65.7622929
0.0000000 0.0000000 0.0000000 1.0000000
0.0764569 0.8586259 0.5068580 74.6139955
-0.6786678 0.4172288 -0.6044183 -178.5528025
-0.7304525 -0.2977771 0.6146378 -67.4003866
0.0000000 0.0000000 0.0000000 1.0000000
0.0858369 0.8463378 0.5256740 75.0265338
-0.6628786 0.4424067 -0.6040359 -180.0241444
-0.7437880 -0.2966104 0.5990101 -68.7860635
0.0000000 0.0000000 0.0000000 1.0000000
0.0508447 0.8410285 0.5385854 75.2988982
-0.6844347 0.4220708 -0.5944716 -181.5279924
-0.7272967 -0.3384023 0.5971054 -70.3434846
0.0000000 0.0000000 0.0000000 1.0000000
0.0546769 0.8244331 0.5633018 75.4757893
-0.6653513 0.4507317 -0.5950964 -182.8400951
-0.7445234 -0.3422573 0.5731983 -71.5565510
0.0000000 0.0000000 0.0000000 1.0000000
0.0429006 0.8085025 0.5869164 75.7293670
-0.6673938 0.4603487 -0.5853677 -183.8118615
-0.7434661 -0.3665940 0.5593551 -72.5208500
0.0000000 0.0000000 0.0000000 1.0000000
0.0486565 0.8069598 0.5885878 75.9750490
-0.6664139 0.4651710 -0.5826655 -185.3584143
-0.7439904 -0.3638946 0.5604195 -74.2675339
0.0000000 0.0000000 0.0000000 1.0000000
0.0418333 0.8094717 0.5856557 76.1073075
-0.6667763 0.4591575 -0.5870044 -186.1905323
-0.7440806 -0.3659470 0.5589614 -75.0934718
0.0000000 0.0000000 0.0000000 1.0000000
0.0256912 0.8149714 0.5789210 76.1928032
-0.6683561 0.4446544 -0.5962993 -187.1381142
-0.7433948 -0.3716081 0.5561315 -76.1314684
0.0000000 0.0000000 0.0000000 1.0000000
0.0227706 0.8238505 0.5663395 76.3322009
-0.6620677 0.4368893 -0.6089211 -188.0573429
-0.7490957 -0.3610917 0.5554093 -77.1170146
0.0000000 0.0000000 0.0000000 1.0000000
0.0286210 0.8280914 0.5598518 76.3928288
-0.6490647 0.4413403 -0.6196163 -188.8894738
-0.7601922 -0.3456479 0.5501327 -78.0050751
0.0000000 0.0000000 0.0000000 1.0000000
0.0146108 0.8252370 0.5645871 76.5035668
-0.6432816 0.4400350 -0.6265368 -189.5727100
-0.7654877 -0.3540364 0.5373055 -78.7497600
0.0000000 0.0000000 0.0000000 1.0000000
0.0054847 0.8263451 0.5631277 76.5440124
-0.6366229 0.4371567 -0.6352921 -190.2681003
-0.7711536 -0.3550177 0.5284840 -79.4786951
0.0000000 0.0000000 0.0000000 1.0000000
0.0099978 0.8228785 0.5681197 76.6303766
-0.6256787 0.4483343 -0.6383676 -190.8987538
-0.7800149 -0.3490803 0.5193559 -80.1618437
0.0000000 0.0000000 0.0000000 1.0000000
0.0064427 0.8192046 0.5734551 76.6858143
-0.6242802 0.4512807 -0.6376602 -191.5716700
-0.7811721 -0.3538905 0.5143368 -80.9038947
0.0000000 0.0000000 0.0000000 1.0000000
0.0114087 0.8235325 0.5671440 76.8039378
-0.6066192 0.4565866 -0.6507935 -192.2695330
-0.7949089 -0.3366176 0.5047959 -81.7421348
0.0000000 0.0000000 0.0000000 1.0000000
0.0069081 0.8215417 0.5700962 76.9235510
-0.5951410 0.4615231 -0.6578708 -193.1525466
-0.8035903 -0.3347449 0.4921373 -82.8598173
0.0000000 0.0000000 0.0000000 1.0000000
0.0162812 0.8204915 0.5714166 76.9525400
-0.5780398 0.4740346 -0.6641926 -193.8637757
-0.8158455 -0.3194894 0.4820103 -83.7895328
0.0000000 0.0000000 0.0000000 1.0000000
0.0100315 0.8157439 0.5783163 77.1002778
-0.5733175 0.4785373 -0.6650563 -194.5625400
-0.8192714 -0.3248892 0.4724962 -84.8258311
0.0000000 0.0000000 0.0000000 1.0000000
0.0391541 0.8099416 0.5851923 77.3251258
-0.5288943 0.5136763 -0.6755725 -195.7369875
-0.8477841 -0.2830548 0.4485012 -86.5723740
0.0000000 0.0000000 0.0000000 1.0000000
0.0661799 0.7989155 0.5977814 77.5368669
-0.4976183 0.5457019 -0.6742226 -196.3670800
-0.8648680 -0.2528482 0.4336845 -87.6144297
0.0000000 0.0000000 0.0000000 1.0000000
0.0825924 0.7906063 0.6067193 77.8363918
-0.4918530 0.5618244 -0.6651498 -196.9830072
-0.8667520 -0.2434816 0.4352798 -88.6516876
0.0000000 0.0000000 0.0000000 1.0000000
0.0866931 0.7879354 0.6096146 78.0417033
-0.4720232 0.5713600 -0.6713659 -197.6027693
-0.8773135 -0.2295505 0.4214720 -89.8367887
0.0000000 0.0000000 0.0000000 1.0000000
0.1090678 0.7699883 0.6286576 78.4049348
-0.4369262 0.6051963 -0.6654498 -197.8784589
-0.8928611 -0.2020987 0.4024504 -90.4474992
0.0000000 0.0000000 0.0000000 1.0000000
0.1190230 0.7640886 0.6340270 78.6519282
-0.4153331 0.6183286 -0.6672020 -198.3544996
-0.9018497 -0.1839208 0.3909614 -91.5617916
0.0000000 0.0000000 0.0000000 1.0000000
0.1388359 0.7595621 0.6354357 78.9552880
-0.3830586 0.6328947 -0.6728308 -198.6511873
-0.9132320 -0.1499964 0.3788397 -92.4702547
0.0000000 0.0000000 0.0000000 1.0000000
0.1618654 0.7458539 0.6461351 79.2652601
-0.3556389 0.6548617 -0.6668345 -198.9993296
-0.9205011 -0.1218537 0.3712683 -93.3048052
0.0000000 0.0000000 0.0000000 1.0000000
0.1535714 0.7458923 0.6481126 79.5417562
-0.3562606 0.6535764 -0.6677631 -199.3246902
-0.9216813 -0.1283481 0.3661167 -94.2675233
0.0000000 0.0000000 0.0000000 1.0000000
0.1674919 0.7424633 0.6486017 79.8251446
-0.3475111 0.6601325 -0.6659223 -199.6917673
-0.9225964 -0.1138600 0.3685953 -95.3087403
0.0000000 0.0000000 0.0000000 1.0000000
0.1800862 0.7419037 0.6458614 80.2154135
-0.3311335 0.6639990 -0.6704080 -200.0471745
-0.9262402 -0.0931351 0.3652606 -96.4356356
0.0000000 0.0000000 0.0000000 1.0000000
0.1793168 0.7434286 0.6443204 80.4893285
-0.3209731 0.6633089 -0.6760095 -200.3895911
-0.9299586 -0.0855896 0.3575774 -97.4814596
0.0000000 0.0000000 0.0000000 1.0000000
0.1863245 0.7404571 0.6457521 80.7326892
-0.3014692 0.6686450 -0.6797216 -200.7251562
-0.9350946 -0.0680252 0.3478240 -98.5018217
0.0000000 0.0000000 0.0000000 1.0000000
0.1698406 0.7392221 0.6516857 81.1631978
-0.3037183 0.6683690 -0.6789915 -201.1453289
