1.0000000 0.0000000 0.0000000 0.0000000
0.0000000 1.0000000 0.0000000 0.0000000
0.0000000 0.0000000 1.0000000 0.0000000
0.0000000 0.0000000 0.0000000 1.0000000
0.9999793 -0.0061293 -0.0018971 0.7023626
0.0061321 0.9999802 0.0014840 -0.0124557
0.0018879 -0.0014956 0.9999971 0.0079771
0.0000000 0.0000000 0.0000000 1.0000000
0.9999484 -0.0099790 -0.0020305 1.4215306
0.0099818 0.9999492 0.0013891 0.0090316
0.0020165 -0.0014093 0.9999970 0.0097739
0.0000000 0.0000000 0.0000000 1.0000000
0.9998813 -0.0153006 -0.0019148 2.1915993
0.0153062 0.9998786 0.0029329 0.0577988
0.0018697 -0.0029619 0.9999939 0.0149760
0.0000000 0.0000000 0.0000000 1.0000000
0.9998017 -0.0198317 -0.0019187 2.9728805
0.0198353 0.9998013 0.0018858 0.0832049
0.0018809 -0.0019235 0.9999964 0.0266762
0.0000000 0.0000000 0.0000000 1.0000000
0.9996890 -0.0248091 -0.0024720 3.6608913
0.0248120 0.9996915 0.0011573 0.1599196
0.0024426 -0.0012182 0.9999963 0.0556931
0.0000000 0.0000000 0.0000000 1.0000000
0.9996172 -0.0275731 -0.0021878 4.5239201
0.0275823 0.9996101 0.0043505 0.1584819
0.0020670 -0.0044092 0.9999882 0.0628604
0.0000000 0.0000000 0.0000000 1.0000000
0.9995552 -0.0298084 0.0007098 5.2957027
0.0298061 0.9995513 0.0029337 0.2058430
-0.0007969 -0.0029112 0.9999955 0.0669215
0.0000000 0.0000000 0.0000000 1.0000000
0.9993453 -0.0360863 0.0025846 6.1882039
0.0360719 0.9993346 0.0053922 0.2166241
-0.0027775 -0.0052954 0.9999822 0.1054469
0.0000000 0.0000000 0.0000000 1.0000000
0.9992449 -0.0385697 0.0046722 7.0685927
0.0385592 0.9992528 0.0023148 0.2283049
-0.0047580 -0.0021329 0.9999863 0.1723941
0.0000000 0.0000000 0.0000000 1.0000000
0.9991376 -0.0412025 0.0051717 7.7911994
0.0411791 0.9991406 0.0045586 0.3014532
-0.0053551 -0.0043417 0.9999763 0.1433857
0.0000000 0.0000000 0.0000000 1.0000000
0.9989831 -0.0447303 0.0057017 8.5845786
0.0447097 0.9989924 0.0036940 0.2265744
-0.0058612 -0.0034353 0.9999770 0.1554689
0.0000000 0.0000000 0.0000000 1.0000000
0.9989233 -0.0461446 0.0049214 9.4234421
0.0461293 0.9989300 0.0031944 0.2831541
-0.0050636 -0.0029639 0.9999829 0.1841985
0.0000000 0.0000000 0.0000000 1.0000000
0.9988822 -0.0469153 0.0058346 10.3145523
0.0468886 0.9988886 0.0046438 0.2815870
-0.0060459 -0.0043650 0.9999724 0.1547528
0.0000000 0.0000000 0.0000000 1.0000000
0.9988043 -0.0484502 0.0065905 11.1751937
0.0484416 0.9988246 0.0014698 0.3804711
-0.0066539 -0.0011487 0.9999774 0.1471392
0.0000000 0.0000000 0.0000000 1.0000000
0.9986612 -0.0515088 0.0047437 11.9905306
0.0514900 0.9986650 0.0040018 0.4117759
-0.0049435 -0.0037522 0.9999810 0.1418267
0.0000000 0.0000000 0.0000000 1.0000000
0.9985740 -0.0532807 0.0032282 12.8888450
0.0532601 0.9985610 0.0061555 0.4550800
-0.0035515 -0.0059748 0.9999761 0.1660282
0.0000000 0.0000000 0.0000000 1.0000000
0.9984987 -0.0547334 0.0020179 13.8139398
0.0547141 0.9984640 0.0086364 0.5911870
-0.0024875 -0.0085130 0.9999609 0.1715138
0.0000000 0.0000000 0.0000000 1.0000000
0.9984666 -0.0553221 0.0019025 14.6540390
0.0552974 0.9984053 0.0112733 0.5262396
-0.0025231 -0.0111508 0.9999350 0.1940119
0.0000000 0.0000000 0.0000000 1.0000000
0.9984954 -0.0547657 0.0026575 15.6648208
0.0547382 0.9984549 0.0094969 0.6645940
-0.0031735 -0.0093371 0.9999517 0.1988319
0.0000000 0.0000000 0.0000000 1.0000000
0.9983859 -0.0566032 0.0045943 16.6598105
0.0565528 0.9983438 0.0104673 0.6716071
-0.0051792 -0.0101906 0.9999350 0.1966777
0.0000000 0.0000000 0.0000000 1.0000000
0.9983117 -0.0578104 0.0055340 17.5411038
0.0577413 0.9982591 0.0119414 0.7228340
-0.0062147 -0.0116017 0.9999139 0.2220264
0.0000000 0.0000000 0.0000000 1.0000000
0.9981555 -0.0605320 0.0044479 18.4585593
0.0604847 0.9981165 0.0101176 0.7974729
-0.0050520 -0.0098299 0.9999393 0.2062777
0.0000000 0.0000000 0.0000000 1.0000000
0.9980132 -0.0628462 0.0042491 19.2519049
0.0627995 0.9979712 0.0103680 0.8514277
-0.0048921 -0.0100805 0.9999378 0.2256834
0.0000000 0.0000000 0.0000000 1.0000000
0.9980002 -0.0628692 0.0063549 20.2206945
0.0628083 0.9979805 0.0093736 0.9530746
-0.0069314 -0.0089556 0.9999365 0.2356748
0.0000000 0.0000000 0.0000000 1.0000000
0.9980355 -0.0619079 0.0094607 21.2017578
0.0618283 0.9980500 0.0084804 1.0199019
-0.0099672 -0.0078788 0.9999201 0.2756166
0.0000000 0.0000000 0.0000000 1.0000000
0.9980550 -0.0609580 0.0129069 22.0446064
0.0608531 0.9981105 0.0083724 1.0331146
-0.0133929 -0.0075706 0.9998824 0.2603054
0.0000000 0.0000000 0.0000000 1.0000000
0.9980917 -0.0595456 0.0162347 22.9663959
0.0593735 0.9981755 0.0108868 1.1289438
-0.0168534 -0.0099021 0.9998098 0.3030894
0.0000000 0.0000000 0.0000000 1.0000000
0.9982564 -0.0566386 0.0165098 23.8789862
0.0565314 0.9983762 0.0068915 1.1970276
-0.0168734 -0.0059461 0.9998408 0.2852223
0.0000000 0.0000000 0.0000000 1.0000000
0.9983623 -0.0554146 0.0140848 24.8007083
0.0553211 0.9984440 0.0069437 1.2939947
-0.0144477 -0.0061531 0.9998776 0.2764496
0.0000000 0.0000000 0.0000000 1.0000000
0.9984811 -0.0542367 0.0095177 25.7855869
0.0541315 0.9984726 0.0109883 1.3823123
-0.0100991 -0.0104564 0.9998953 0.2771086
0.0000000 0.0000000 0.0000000 1.0000000
0.9985617 -0.0532388 0.0061466 26.7236435
0.0531688 0.9985238 0.0110360 1.4268774
-0.0067251 -0.0106933 0.9999212 0.3056882
0.0000000 0.0000000 0.0000000 1.0000000
0.9985596 -0.0530870 0.0076242 27.6114329
0.0530118 0.9985456 0.0097467 1.4354030
-0.0081306 -0.0093284 0.9999244 0.3219691
0.0000000 0.0000000 0.0000000 1.0000000
0.9985175 -0.0526827 0.0135999 28.5691847
0.0526024 0.9985954 0.0061925 1.4482552
-0.0139070 -0.0054678 0.9998893 0.3003902
0.0000000 0.0000000 0.0000000 1.0000000
0.9984113 -0.0538135 0.0166366 29.5339180
0.0537639 0.9985464 0.0034168 1.4521661
-0.0167963 -0.0025169 0.9998568 0.3068200
0.0000000 0.0000000 0.0000000 1.0000000
0.9984668 -0.0531093 0.0155427 30.5363119
0.0531664 0.9985791 -0.0032796 1.5793771
-0.0153465 0.0041011 0.9998750 0.3122364
0.0000000 0.0000000 0.0000000 1.0000000
0.9983267 -0.0565020 0.0122025 31.5434638
0.0565030 0.9984012 0.0002693 1.4976664
-0.0121983 0.0004207 0.9999265 0.3364982
0.0000000 0.0000000 0.0000000 1.0000000
0.9982913 -0.0578193 0.0082920 32.5848084
0.0578245 0.9983256 -0.0003911 1.5638219
-0.0082556 0.0008700 0.9999668 0.3449403
0.0000000 0.0000000 0.0000000 1.0000000
0.9981015 -0.0609465 0.0087407 33.5592350
0.0609538 0.9981394 -0.0005639 1.6030730
-0.0086901 0.0010957 0.9999630 0.3286523
0.0000000 0.0000000 0.0000000 1.0000000
0.9981351 -0.0600771 0.0106330 34.4804594
0.0601050 0.9981882 -0.0023297 1.7353903
-0.0104738 0.0029645 0.9999422 0.3384736
0.0000000 0.0000000 0.0000000 1.0000000
0.9979950 -0.0619617 0.0127130 35.5581522
0.0619744 0.9980769 -0.0006138 1.7202347
-0.0126505 0.0014005 0.9999205 0.3290768
0.0000000 0.0000000 0.0000000 1.0000000
0.9979372 -0.0626153 0.0139927 36.5964782
0.0625691 0.9980333 0.0037111 1.7781093
-0.0141975 -0.0028279 0.9998967 0.3515216
0.0000000 0.0000000 0.0000000 1.0000000
0.9978456 -0.0636141 0.0159002 37.6874069
0.0635654 0.9979709 0.0035459 1.8536741
-0.0160936 -0.0025275 0.9998690 0.3543264
0.0000000 0.0000000 0.0000000 1.0000000
0.9976579 -0.0657560 0.0187194 38.6515224
0.0656570 0.9978244 0.0058541 1.9502326
-0.0190637 -0.0046113 0.9998094 0.3907394
0.0000000 0.0000000 0.0000000 1.0000000
0.9976906 -0.0649254 0.0198431 39.6003251
0.0647216 0.9978449 0.0107464 2.0229575
-0.0204981 -0.0094373 0.9997471 0.3595986
0.0000000 0.0000000 0.0000000 1.0000000
0.9976450 -0.0657839 0.0193248 40.5977738
0.0655868 0.9977891 0.0106649 2.1528430
-0.0199837 -0.0093723 0.9997582 0.3785119
0.0000000 0.0000000 0.0000000 1.0000000
0.9975902 -0.0671157 0.0174912 41.6671223
0.0668909 0.9976733 0.0131327 2.2166913
-0.0183320 -0.0119310 0.9997626 0.3750292
0.0000000 0.0000000 0.0000000 1.0000000
0.9976274 -0.0671874 0.0149828 42.6136946
0.0669274 0.9976087 0.0172262 2.2873932
-0.0161044 -0.0161826 0.9997413 0.3647630
0.0000000 0.0000000 0.0000000 1.0000000
0.9974674 -0.0693639 0.0157091 43.5137411
0.0690976 0.9974665 0.0169057 2.3210250
-0.0168420 -0.0157774 0.9997355 0.3685721
0.0000000 0.0000000 0.0000000 1.0000000
0.9974152 -0.0697782 0.0171374 44.3874347
0.0694761 0.9974279 0.0176305 2.4229231
-0.0183236 -0.0163942 0.9996995 0.3892795
0.0000000 0.0000000 0.0000000 1.0000000
0.9974116 -0.0694890 0.0184560 45.4604136
0.0691872 0.9974662 0.0165206 2.5122756
-0.0195574 -0.0152008 0.9996951 0.3509167
0.0000000 0.0000000 0.0000000 1.0000000
0.9972897 -0.0718185 0.0159769 46.5093582
0.0716864 0.9973884 0.0087016 2.5506198
-0.0165602 -0.0075326 0.9998364 0.3712900
0.0000000 0.0000000 0.0000000 1.0000000
0.9972260 -0.0736162 0.0109806 47.5215567
0.0734168 0.9971452 0.0175836 2.6353421
-0.0122437 -0.0167286 0.9997870 0.2974198
0.0000000 0.0000000 0.0000000 1.0000000
0.9972711 -0.0731481 0.0100100 48.4175103
0.0729540 0.9971615 0.0185537 2.7295427
-0.0113388 -0.0177727 0.9997797 0.3059116
0.0000000 0.0000000 0.0000000 1.0000000
0.9971364 -0.0745050 0.0130168 49.4629662
0.0743326 0.9971444 0.0132754 2.7714742
-0.0139688 -0.0122697 0.9998291 0.3375270
0.0000000 0.0000000 0.0000000 1.0000000
0.9971578 -0.0735152 0.0165420 50.5212838
0.0732929 0.9972160 0.0136775 2.7696812
-0.0175016 -0.0124261 0.9997717 0.3317300
0.0000000 0.0000000 0.0000000 1.0000000
0.9970937 -0.0742250 0.0172147 51.3476969
0.0740065 0.9971723 0.0130107 2.8679948
-0.0181318 -0.0116988 0.9997692 0.2890725
0.0000000 0.0000000 0.0000000 1.0000000
0.9971026 -0.0742274 0.0166833 52.2516422
0.0740060 0.9971654 0.0135291 2.9291815
-0.0176404 -0.0122551 0.9997713 0.2972846
0.0000000 0.0000000 0.0000000 1.0000000
0.9971016 -0.0742546 0.0166122 53.2379678
0.0739951 0.9971344 0.0157312 3.0264910
-0.0177328 -0.0144564 0.9997403 0.3084416
0.0000000 0.0000000 0.0000000 1.0000000
0.9969930 -0.0756027 0.0169981 54.2269320
0.0753048 0.9970058 0.0175349 3.0883273
-0.0182729 -0.0162021 0.9997037 0.3429091
0.0000000 0.0000000 0.0000000 1.0000000
0.9968529 -0.0764831 0.0208427 55.1548033
0.0762081 0.9969976 0.0136841 3.0915884
-0.0218268 -0.0120526 0.9996911 0.4003129
0.0000000 0.0000000 0.0000000 1.0000000
0.9966173 -0.0776899 0.0267690 56.0740097
0.0774929 0.9969576 0.0083211 3.2097838
-0.0273341 -0.0062184 0.9996091 0.4161909
0.0000000 0.0000000 0.0000000 1.0000000
0.9965365 -0.0779003 0.0290780 57.1538878
0.0776038 0.9969207 0.0111903 3.2947099
-0.0298603 -0.0088949 0.9995167 0.3501214
0.0000000 0.0000000 0.0000000 1.0000000
0.9964601 -0.0797693 0.0265000 58.1063220
0.0794761 0.9967645 0.0119412 3.3079095
-0.0273669 -0.0097927 0.9995797 0.3234540
0.0000000 0.0000000 0.0000000 1.0000000
0.9964502 -0.0820256 0.0189045 59.0609000
0.0817010 0.9965053 0.0173482 3.4247421
-0.0202615 -0.0157420 0.9996730 0.3556843
0.0000000 0.0000000 0.0000000 1.0000000
0.9965401 -0.0818215 0.0145579 60.0481204
0.0815072 0.9964502 0.0210160 3.4607622
-0.0162258 -0.0197566 0.9996756 0.4531402
0.0000000 0.0000000 0.0000000 1.0000000
0.9963778 -0.0836873 0.0150325 60.8828104
0.0833678 0.9963016 0.0207520 3.5474383
-0.0167137 -0.0194235 0.9996742 0.4809263
0.0000000 0.0000000 0.0000000 1.0000000
0.9963072 -0.0841420 0.0170097 61.7950317
0.0838439 0.9963233 0.0175399 3.6322158
-0.0184231 -0.0160489 0.9997040 0.5083931
0.0000000 0.0000000 0.0000000 1.0000000
0.9961801 -0.0852295 0.0189009 62.7529515
0.0848486 0.9961897 0.0201110 3.6873473
-0.0205430 -0.0184304 0.9996218 0.5232451
0.0000000 0.0000000 0.0000000 1.0000000
0.9960449 -0.0868895 0.0185014 63.6100467
0.0864605 0.9959924 0.0228486 3.7452218
-0.0204127 -0.0211586 0.9995703 0.5494108
0.0000000 0.0000000 0.0000000 1.0000000
0.9958688 -0.0886551 0.0195441 64.4352074
0.0882116 0.9958467 0.0224940 3.8039181
-0.0214572 -0.0206771 0.9995585 0.5477859
0.0000000 0.0000000 0.0000000 1.0000000
0.9957017 -0.0905361 0.0194358 65.2773102
0.0900450 0.9956279 0.0248082 3.8804744
-0.0215969 -0.0229515 0.9995058 0.5729003
0.0000000 0.0000000 0.0000000 1.0000000
0.9956151 -0.0912642 0.0204375 66.0904921
0.0907567 0.9955705 0.0245161 3.9782774
-0.0225845 -0.0225537 0.9994930 0.5777844
0.0000000 0.0000000 0.0000000 1.0000000
0.9954887 -0.0923380 0.0217344 66.7984208
0.0917287 0.9954028 0.0275352 4.0109838
-0.0241771 -0.0254173 0.9993870 0.5872626
0.0000000 0.0000000 0.0000000 1.0000000
0.9953475 -0.0931887 0.0243951 67.5963044
0.0925379 0.9953545 0.0265668 4.1237313
-0.0267575 -0.0241857 0.9993519 0.5503239
0.0000000 0.0000000 0.0000000 1.0000000
0.9952331 -0.0935916 0.0273442 68.3034213
0.0928981 0.9953457 0.0256174 4.1952581
-0.0296146 -0.0229551 0.9993004 0.5305754
0.0000000 0.0000000 0.0000000 1.0000000
0.9949774 -0.0957324 0.0291783 69.1563358
0.0949336 0.9950997 0.0276337 4.4077609
-0.0316809 -0.0247250 0.9991948 0.5286293
0.0000000 0.0000000 0.0000000 1.0000000
0.9949810 -0.0967201 0.0255499 69.9609887
0.0958944 0.9948843 0.0317758 4.4392186
-0.0284926 -0.0291663 0.9991710 0.5199277
0.0000000 0.0000000 0.0000000 1.0000000
0.9949807 -0.0979317 0.0204595 70.6580434
0.0972767 0.9947784 0.0308736 4.6139774
-0.0233762 -0.0287285 0.9993164 0.4756208
0.0000000 0.0000000 0.0000000 1.0000000
0.9948709 -0.1000080 0.0150499 71.3782003
0.0995526 0.9946255 0.0284595 4.7290162
-0.0178152 -0.0268153 0.9994842 0.4393866
0.0000000 0.0000000 0.0000000 1.0000000
0.9949181 -0.0997189 0.0138140 72.0486822
0.0992770 0.9946183 0.0296476 4.8254797
-0.0166961 -0.0281256 0.9994676 0.4559712
0.0000000 0.0000000 0.0000000 1.0000000
0.9947398 -0.1009633 0.0172110 72.7676648
0.1004103 0.9944810 0.0304323 4.8912932
-0.0201886 -0.0285441 0.9993913 0.4511617
0.0000000 0.0000000 0.0000000 1.0000000
0.9945575 -0.1023333 0.0194742 73.4400630
0.1017366 0.9943741 0.0294962 4.9155917
-0.0223832 -0.0273545 0.9993780 0.4552462
0.0000000 0.0000000 0.0000000 1.0000000
0.9945647 -0.1025316 0.0179837 74.0879021
0.1019396 0.9943008 0.0312179 4.9972089
-0.0210820 -0.0292150 0.9993536 0.4698985
0.0000000 0.0000000 0.0000000 1.0000000
0.9945967 -0.1029167 0.0134587 74.7286792
0.1025297 0.9943684 0.0268325 5.0455797
-0.0161444 -0.0253077 0.9995522 0.4810430
0.0000000 0.0000000 0.0000000 1.0000000
0.9947110 -0.1022558 0.0094679 75.4607648
0.1019437 0.9943667 0.0290372 5.0738591
-0.0123837 -0.0279185 0.9995364 0.4818083
0.0000000 0.0000000 0.0000000 1.0000000
0.9949611 -0.0998327 0.0090220 75.9559375
0.0995316 0.9946055 0.0292310 5.0856632
-0.0118915 -0.0281858 0.9995350 0.4902587
0.0000000 0.0000000 0.0000000 1.0000000
0.9953938 -0.0951960 0.0111524 76.5935654
0.0947858 0.9949562 0.0328486 5.1853646
-0.0142232 -0.0316403 0.9994011 0.4523260
0.0000000 0.0000000 0.0000000 1.0000000
0.9958633 -0.0896884 0.0143831 77.2117050
0.0891784 0.9954744 0.0328572 5.2143854
-0.0172649 -0.0314388 0.9993597 0.5113995
0.0000000 0.0000000 0.0000000 1.0000000
0.9961751 -0.0849557 0.0203041 77.8536768
0.0843087 0.9959636 0.0308338 5.1669955
-0.0228417 -0.0290042 0.9993214 0.4464461
0.0000000 0.0000000 0.0000000 1.0000000
0.9967365 -0.0769619 0.0242505 78.3023773
0.0762994 0.9967166 0.0271470 5.3027330
-0.0262602 -0.0252082 0.9993404 0.4398123
0.0000000 0.0000000 0.0000000 1.0000000
0.9975301 -0.0659764 0.0240045 78.7860646
0.0651760 0.9973386 0.0327152 5.3875471
-0.0260991 -0.0310700 0.9991796 0.4323601
0.0000000 0.0000000 0.0000000 1.0000000
0.9983518 -0.0523346 0.0234665 79.2842447
0.0514110 0.9979413 0.0383635 5.3695738
-0.0254259 -0.0370940 0.9989915 0.4221507
0.0000000 0.0000000 0.0000000 1.0000000
0.9991506 -0.0333369 0.0241555 79.7811396
0.0322450 0.9985005 0.0442533 5.4219219
-0.0255946 -0.0434369 0.9987316 0.4195372
0.0000000 0.0000000 0.0000000 1.0000000
0.9996206 -0.0112349 0.0250679 80.3384316
0.0101426 0.9990127 0.0432671 5.3691406
-0.0255293 -0.0429965 0.9987523 0.4206468
0.0000000 0.0000000 0.0000000 1.0000000
0.9995499 0.0141269 0.0263880 80.8166401
-0.0151851 0.9990720 0.0403231 5.3626129
-0.0257939 -0.0407058 0.9988415 0.4053943
0.0000000 0.0000000 0.0000000 1.0000000
0.9986358 0.0435398 0.0287508 81.2778550
-0.0446939 0.9981687 0.0407785 5.3600650
-0.0269228 -0.0420079 0.9987579 0.4109439
0.0000000 0.0000000 0.0000000 1.0000000
0.9965919 0.0767794 0.0300710 81.7695863
-0.0779658 0.9961352 0.0404690 5.2863768
-0.0268476 -0.0426758 0.9987315 0.3770173
0.0000000 0.0000000 0.0000000 1.0000000
0.9930797 0.1130781 0.0316279 82.2042582
-0.1142940 0.9926550 0.0396811 5.2471959
-0.0269085 -0.0430215 0.9987151 0.3797515
0.0000000 0.0000000 0.0000000 1.0000000
0.9875296 0.1539248 0.0329631 82.6720484
-0.1551761 0.9870984 0.0394852 5.1753282
-0.0264601 -0.0441080 0.9986796 0.3910456
0.0000000 0.0000000 0.0000000 1.0000000
0.9795197 0.1985138 0.0335665 83.1303071
-0.1997325 0.9791178 0.0379230 5.0493259
-0.0253373 -0.0438508 0.9987201 0.4052035
0.0000000 0.0000000 0.0000000 1.0000000
0.9685185 0.2466725 0.0334480 83.5156243
-0.2478473 0.9680868 0.0371862 4.8977581
-0.0232077 -0.0443057 0.9987517 0.3920337
0.0000000 0.0000000 0.0000000 1.0000000
0.9532996 0.3002977 0.0321762 83.8924954
-0.3014143 0.9527168 0.0385054 4.8045200
-0.0190917 -0.0464057 0.9987434 0.4135683
0.0000000 0.0000000 0.0000000 1.0000000
0.9344621 0.3546607 0.0314789 84.2922657
-0.3557088 0.9338049 0.0385024 4.6302588
-0.0157398 -0.0471765 0.9987659 0.4111741
0.0000000 0.0000000 0.0000000 1.0000000
0.9103006 0.4128120 0.0305556 84.6394839
-0.4137889 0.9094996 0.0399091 4.4260446
-0.0113153 -0.0489730 0.9987394 0.4219324
0.0000000 0.0000000 0.0000000 1.0000000
0.8817802 0.4708022 0.0283429 84.9841453
-0.4716194 0.8808806 0.0403500 4.3022158
-0.0059698 -0.0489471 0.9987869 0.3686491
0.0000000 0.0000000 0.0000000 1.0000000
0.8494313 0.5269527 0.0279699 85.3585074
-0.5276852 0.8485786 0.0382958 3.9662848
-0.0035545 -0.0472891 0.9988782 0.4517574
0.0000000 0.0000000 0.0000000 1.0000000
0.8123964 0.5824539 0.0274621 85.6060834
-0.5831034 0.8114383 0.0395223 3.8294870
0.0007362 -0.0481212 0.9988447 0.4425250
0.0000000 0.0000000 0.0000000 1.0000000
0.7736905 0.6329424 0.0279782 85.9821556
-0.6335616 0.7728332 0.0364998 3.4863661
0.0014799 -0.0459656 0.9989455 0.4310204
0.0000000 0.0000000 0.0000000 1.0000000
0.7312945 0.6813672 0.0307087 86.2445730
-0.6820614 0.7305110 0.0338981 3.1937491
0.0006640 -0.0457348 0.9989570 0.4415729
0.0000000 0.0000000 0.0000000 1.0000000
0.6859591 0.7269735 0.0310760 86.4375978
-0.7276341 0.6851504 0.0334822 2.8775965
0.0030490 -0.0455795 0.9989597 0.4287214
0.0000000 0.0000000 0.0000000 1.0000000
0.6389292 0.7686858 0.0297965 86.7153612
-0.7692434 0.6381336 0.0324619 2.5578690
0.0059389 -0.0436617 0.9990324 0.4270659
0.0000000 0.0000000 0.0000000 1.0000000
0.5923197 0.8052397 0.0272488 86.9384390
-0.8056705 0.5916485 0.0291675 2.2932724
0.0073651 -0.0392301 0.9992068 0.4768916
0.0000000 0.0000000 0.0000000 1.0000000
0.5458829 0.8374060 0.0275500 87.2254175
-0.8377937 0.5451234 0.0307414 2.0300847
0.0107249 -0.0398625 0.9991513 0.4820465
0.0000000 0.0000000 0.0000000 1.0000000
0.4983446 0.8664342 0.0306695 87.2705589
-0.8668734 0.4974170 0.0333154 1.6832449
0.0136101 -0.0431892 0.9989780 0.4981601
0.0000000 0.0000000 0.0000000 1.0000000
0.4523741 0.8912982 0.0306906 87.4354162
-0.8916816 0.4514052 0.0337704 1.3192810
0.0162456 -0.0426432 0.9989622 0.5031571
0.0000000 0.0000000 0.0000000 1.0000000
0.4089739 0.9121739 0.0259928 87.6418040
-0.9123413 0.4081115 0.0328765 0.9290542
0.0193811 -0.0371600 0.9991253 0.4961869
0.0000000 0.0000000 0.0000000 1.0000000
0.3686581 0.9294195 0.0163484 87.7202985
-0.9293989 0.3682019 0.0254398 0.6416449
0.0176248 -0.0245728 0.9995466 0.5269850
0.0000000 0.0000000 0.0000000 1.0000000
0.3345453 0.9422943 0.0125473 87.7982926
-0.9422250 0.3342192 0.0226103 0.2668860
0.0171121 -0.0193866 0.9996696 0.5250575
0.0000000 0.0000000 0.0000000 1.0000000
0.2997484 0.9539125 0.0140905 87.9338395
-0.9538041 0.2993353 0.0256357 -0.1146105
0.0202364 -0.0211238 0.9995759 0.5161732
0.0000000 0.0000000 0.0000000 1.0000000
0.2687060 0.9629616 0.0223262 88.0408128
-0.9628976 0.2679416 0.0321872 -0.4635324
0.0250130 -0.0301469 0.9992364 0.5073817
0.0000000 0.0000000 0.0000000 1.0000000
0.2390946 0.9706565 0.0256279 88.1208798
-0.9705263 0.2380745 0.0374116 -0.8939629
0.0302125 -0.0338176 0.9989753 0.4785651
0.0000000 0.0000000 0.0000000 1.0000000
0.2130733 0.9767567 0.0232977 88.1336501
-0.9765068 0.2121121 0.0379961 -1.3459778
0.0321713 -0.0308464 0.9990103 0.5033960
0.0000000 0.0000000 0.0000000 1.0000000
0.1900881 0.9816113 0.0173939 88.1554496
-0.9811877 0.1893374 0.0377190 -1.8105825
0.0337322 -0.0242367 0.9991411 0.5059441
0.0000000 0.0000000 0.0000000 1.0000000
0.1699823 0.9853659 0.0125224 88.2018841
-0.9846059 0.1692983 0.0434816 -2.2282003
0.0407254 -0.0197207 0.9989799 0.5350802
0.0000000 0.0000000 0.0000000 1.0000000
0.1511585 0.9884451 0.0111405 88.2217795
-0.9873599 0.1504295 0.0499234 -2.5699481
0.0476709 -0.0185461 0.9986951 0.5242930
0.0000000 0.0000000 0.0000000 1.0000000
0.1342463 0.9908571 0.0133305 88.2734960
-0.9898052 0.1334331 0.0498270 -3.0011559
0.0475928 -0.0198837 0.9986731 0.5324234
0.0000000 0.0000000 0.0000000 1.0000000
0.1179103 0.9929554 0.0115865 88.3420806
-0.9920219 0.1172589 0.0463043 -3.4621467
0.0446196 -0.0169538 0.9988644 0.5511217
0.0000000 0.0000000 0.0000000 1.0000000
0.1032908 0.9945702 0.0125917 88.3471660
-0.9937753 0.1026602 0.0432688 -3.8868127
0.0417413 -0.0169826 0.9989884 0.5781802
0.0000000 0.0000000 0.0000000 1.0000000
0.0910883 0.9957773 0.0113281 88.4346983
-0.9950573 0.0905588 0.0407411 -4.3967312
0.0395433 -0.0149832 0.9991099 0.5730513
0.0000000 0.0000000 0.0000000 1.0000000
0.0782384 0.9968457 0.0132274 88.4340364
-0.9962202 0.0776733 0.0388758 -4.9111534
0.0377258 -0.0162190 0.9991611 0.6502898
0.0000000 0.0000000 0.0000000 1.0000000
0.0683487 0.9976121 0.0097780 88.4533244
-0.9968959 0.0679092 0.0398226 -5.6023958
0.0390635 -0.0124694 0.9991636 0.6996744
0.0000000 0.0000000 0.0000000 1.0000000
0.0593435 0.9982018 0.0083124 88.4896080
-0.9974739 0.0589705 0.0395845 -6.0589831
0.0390232 -0.0106405 0.9991866 0.7021202
0.0000000 0.0000000 0.0000000 1.0000000
0.0540634 0.9985037 0.0080853 88.5766913
-0.9977549 0.0536990 0.0399900 -6.6147844
0.0394960 -0.0102291 0.9991722 0.6858976
0.0000000 0.0000000 0.0000000 1.0000000
0.0468577 0.9988549 0.0095896 88.6434846
-0.9980846 0.0464292 0.0408666 -7.1135387
0.0403746 -0.0114862 0.9991234 0.7390572
0.0000000 0.0000000 0.0000000 1.0000000
0.0421150 0.9990823 0.0076625 88.7445692
-0.9982508 0.0417589 0.0418435 -7.5184843
0.0414852 -0.0094114 0.9990997 0.7676720
0.0000000 0.0000000 0.0000000 1.0000000
0.0391821 0.9992130 0.0059873 88.7196327
-0.9983522 0.0388953 0.0421947 -8.1361962
0.0419286 -0.0076307 0.9990964 0.7871098
0.0000000 0.0000000 0.0000000 1.0000000
0.0355487 0.9993444 0.0066674 88.7457752
-0.9985060 0.0352400 0.0417671 -8.6218475
0.0415048 -0.0081422 0.9991101 0.8117543
0.0000000 0.0000000 0.0000000 1.0000000
0.0331886 0.9994181 0.0077103 88.7312350
-0.9985859 0.0328383 0.0418069 -9.1902234
0.0415294 -0.0090869 0.9991008 0.8332762
0.0000000 0.0000000 0.0000000 1.0000000
0.0294167 0.9995593 0.0036487 88.7037634
-0.9987250 0.0292417 0.0411467 -9.7813604
0.0410219 -0.0048544 0.9991512 0.8347313
0.0000000 0.0000000 0.0000000 1.0000000
0.0288014 0.9995761 0.0039982 88.7493279
-0.9987412 0.0286125 0.0411878 -10.5088408
0.0410560 -0.0051794 0.9991482 0.8837905
0.0000000 0.0000000 0.0000000 1.0000000
0.0307976 0.9995204 0.0029215 88.7349017
-0.9986905 0.0306522 0.0409538 -11.2385095
0.0408447 -0.0041789 0.9991618 0.8947126
0.0000000 0.0000000 0.0000000 1.0000000
0.0333612 0.9994382 0.0028329 88.7971218
-0.9986223 0.0332187 0.0406210 -12.0113724
0.0405041 -0.0041841 0.9991756 0.9474532
0.0000000 0.0000000 0.0000000 1.0000000
0.0365285 0.9993230 0.0040575 88.8212316
-0.9985710 0.0363416 0.0392036 -12.6689881
0.0390297 -0.0054837 0.9992280 0.9710401
0.0000000 0.0000000 0.0000000 1.0000000
0.0429107 0.9990770 0.0006035 88.8822713
-0.9982869 0.0428525 0.0398452 -13.4068572
0.0397826 -0.0023122 0.9992107 0.9874792
0.0000000 0.0000000 0.0000000 1.0000000
0.0467822 0.9989022 -0.0014532 88.9281220
-0.9981945 0.0468036 0.0376560 -14.1470099
0.0376827 -0.0003110 0.9992947 0.9942550
0.0000000 0.0000000 0.0000000 1.0000000
0.0505359 0.9987142 0.0035853 88.9513718
-0.9980243 0.0503659 0.0375666 -15.0061949
0.0373378 -0.0054766 0.9992927 1.0311471
0.0000000 0.0000000 0.0000000 1.0000000
0.0548428 0.9984750 0.0059900 88.9858827
-0.9978890 0.0545993 0.0351668 -15.8696281
0.0347862 -0.0079060 0.9993684 1.0619263
0.0000000 0.0000000 0.0000000 1.0000000
0.0588376 0.9982313 0.0082265 89.0434013
-0.9976775 0.0585172 0.0348749 -16.8173614
0.0343319 -0.0102594 0.9993629 1.1069850
0.0000000 0.0000000 0.0000000 1.0000000
0.0660137 0.9977581 0.0107940 89.1740605
-0.9972181 0.0655946 0.0354120 -17.4377574
0.0346246 -0.0131016 0.9993195 1.1428382
0.0000000 0.0000000 0.0000000 1.0000000
0.0688721 0.9975295 0.0136897 89.2085151
-0.9969229 0.0683022 0.0384583 -18.2455044
0.0374283 -0.0162963 0.9991715 1.1749147
0.0000000 0.0000000 0.0000000 1.0000000
0.0716085 0.9972900 0.0167756 89.3385575
-0.9964967 0.0708025 0.0445160 -19.0927563
0.0432077 -0.0199047 0.9988730 1.1774552
0.0000000 0.0000000 0.0000000 1.0000000
0.0710820 0.9972645 0.0201818 89.3094378
-0.9964639 0.0700864 0.0463605 -19.8123516
0.0448194 -0.0234059 0.9987261 1.2400355
0.0000000 0.0000000 0.0000000 1.0000000
0.0713377 0.9971854 0.0229989 89.3817180
-0.9964835 0.0702325 0.0457222 -20.5437850
0.0439784 -0.0261798 0.9986946 1.2590932
0.0000000 0.0000000 0.0000000 1.0000000
0.0719537 0.9972505 0.0176409 89.4569817
-0.9965385 0.0711403 0.0430518 -21.3755128
0.0416786 -0.0206776 0.9989223 1.3880068
0.0000000 0.0000000 0.0000000 1.0000000
0.0716683 0.9972335 0.0196422 89.5263873
-0.9966025 0.0707921 0.0421536 -22.1891529
0.0406466 -0.0225966 0.9989233 1.4531690
0.0000000 0.0000000 0.0000000 1.0000000
0.0720782 0.9970554 0.0261137 89.5439498
-0.9965854 0.0709351 0.0423251 -23.1023610
0.0403483 -0.0290753 0.9987679 1.4706092
0.0000000 0.0000000 0.0000000 1.0000000
0.0726873 0.9969743 0.0274779 89.5739824
-0.9965485 0.0714911 0.0422562 -23.9342031
0.0401641 -0.0304546 0.9987344 1.5336595
0.0000000 0.0000000 0.0000000 1.0000000
0.0714722 0.9969913 0.0299523 89.5920603
-0.9966418 0.0701770 0.0422578 -24.7736322
0.0400288 -0.0328720 0.9986632 1.5540345
0.0000000 0.0000000 0.0000000 1.0000000
0.0698109 0.9970593 0.0315533 89.6047984
-0.9967633 0.0684534 0.0422220 -25.5179102
0.0399381 -0.0343988 0.9986153 1.5990922
0.0000000 0.0000000 0.0000000 1.0000000
0.0673474 0.9972812 0.0298424 89.6869305
-0.9969581 0.0660863 0.0413954 -26.3721044
0.0393109 -0.0325395 0.9987026 1.6914549
0.0000000 0.0000000 0.0000000 1.0000000
0.0642148 0.9976356 0.0244024 89.8036464
-0.9972297 0.0632275 0.0392666 -27.3004793
0.0376310 -0.0268563 0.9989364 1.7488406
0.0000000 0.0000000 0.0000000 1.0000000
0.0597399 0.9978600 0.0265187 89.8740072
-0.9975707 0.0587239 0.0375546 -28.0308593
0.0359171 -0.0286978 0.9989484 1.8151431
0.0000000 0.0000000 0.0000000 1.0000000
0.0551566 0.9980056 0.0306439 89.8660248
-0.9978893 0.0540416 0.0360860 -29.0350222
0.0343581 -0.0325696 0.9988845 1.8533774
0.0000000 0.0000000 0.0000000 1.0000000
0.0478276 0.9984350 0.0289095 89.9667009
-0.9982631 0.0467798 0.0358831 -29.7163196
0.0344747 -0.0305756 0.9989435 1.9059570
0.0000000 0.0000000 0.0000000 1.0000000
0.0381316 0.9988750 0.0281055 89.9416802
-0.9986853 0.0371278 0.0354002 -30.4956545
0.0343170 -0.0294184 0.9989837 1.9766226
0.0000000 0.0000000 0.0000000 1.0000000
0.0282484 0.9991036 0.0314531 90.0268695
-0.9990025 0.0271268 0.0355208 -31.2670138
0.0346359 -0.0324252 0.9988796 2.0264474
0.0000000 0.0000000 0.0000000 1.0000000
0.0168227 0.9993825 0.0307657 90.0073751
-0.9992925 0.0157678 0.0341979 -32.0638469
0.0336917 -0.0313193 0.9989473 2.0849883
0.0000000 0.0000000 0.0000000 1.0000000
0.0063114 0.9996259 0.0265220 89.9926317
-0.9994391 0.0054313 0.0331057 -32.9204086
0.0329494 -0.0267161 0.9991059 2.1452182
0.0000000 0.0000000 0.0000000 1.0000000
-0.0050906 0.9996100 0.0273712 89.9819946
-0.9994575 -0.0059787 0.0324438 -33.6829740
0.0325949 -0.0271912 0.9991047 2.1707825
0.0000000 0.0000000 0.0000000 1.0000000
-0.0158355 0.9995459 0.0255448 89.9907608
-0.9993659 -0.0166394 0.0315471 -34.3227317
0.0319579 -0.0250291 0.9991819 2.2289934
0.0000000 0.0000000 0.0000000 1.0000000
-0.0265785 0.9994385 0.0203032 89.9502726
-0.9991218 -0.0272190 0.0319136 -35.0479177
0.0324483 -0.0194372 0.9992904 2.2578657
0.0000000 0.0000000 0.0000000 1.0000000
-0.0346511 0.9991791 0.0208946 89.9294689
-0.9988386 -0.0353262 0.0328230 -35.8630129
0.0335342 -0.0197330 0.9992489 2.2944467
0.0000000 0.0000000 0.0000000 1.0000000
-0.0462750 0.9987087 0.0208549 89.9181004
-0.9983039 -0.0469763 0.0344575 -36.7957495
0.0353928 -0.0192249 0.9991947 2.3420238
0.0000000 0.0000000 0.0000000 1.0000000
-0.0542437 0.9983614 0.0180930 89.9421316
-0.9978838 -0.0548524 0.0349919 -37.4534143
0.0359271 -0.0161566 0.9992299 2.3737574
0.0000000 0.0000000 0.0000000 1.0000000
-0.0636624 0.9977467 0.0210676 89.8259647
-0.9973115 -0.0643756 0.0350658 -38.1176337
0.0363431 -0.0187786 0.9991691 2.3903606
0.0000000 0.0000000 0.0000000 1.0000000
-0.0731350 0.9970973 0.0210717 89.8051504
-0.9966190 -0.0738622 0.0360387 -38.9200289
0.0374906 -0.0183648 0.9991346 2.4161673
0.0000000 0.0000000 0.0000000 1.0000000
-0.0796614 0.9966001 0.0209353 89.8493308
-0.9961482 -0.0803642 0.0351424 -39.6515628
0.0367054 -0.0180551 0.9991693 2.4579634
0.0000000 0.0000000 0.0000000 1.0000000
-0.0866666 0.9960566 0.0188869 89.6989293
-0.9955632 -0.0872917 0.0351959 -40.4597257
0.0367059 -0.0157528 0.9992084 2.4642207
0.0000000 0.0000000 0.0000000 1.0000000
-0.0915003 0.9956704 0.0162887 89.5757068
-0.9951600 -0.0920193 0.0345500 -41.1330795
0.0358993 -0.0130485 0.9992767 2.5051580
0.0000000 0.0000000 0.0000000 1.0000000
-0.0953434 0.9953778 0.0114209 89.5433196
-0.9948870 -0.0956693 0.0324472 -41.8837380
0.0333898 -0.0082688 0.9994147 2.5279603
0.0000000 0.0000000 0.0000000 1.0000000
-0.0989765 0.9950372 0.0101520 89.4887716
-0.9945818 -0.0992485 0.0310274 -42.6147908
0.0318810 -0.0070260 0.9994737 2.5605522
0.0000000 0.0000000 0.0000000 1.0000000
-0.1015261 0.9947764 0.0105082 89.4892638
-0.9943443 -0.1018034 0.0303603 -43.2657865
0.0312715 -0.0073663 0.9994906 2.5929716
0.0000000 0.0000000 0.0000000 1.0000000
-0.1012977 0.9947586 0.0138684 89.3802234
-0.9943635 -0.1016784 0.0301462 -43.8986591
0.0313984 -0.0107364 0.9994563 2.6063760
0.0000000 0.0000000 0.0000000 1.0000000
-0.1000950 0.9948851 0.0135255 89.3296023
-0.9944435 -0.1004795 0.0314891 -44.6116597
0.0326871 -0.0102984 0.9994196 2.6151228
0.0000000 0.0000000 0.0000000 1.0000000
-0.0971919 0.9951799 0.0130037 89.1739828
-0.9947299 -0.0975619 0.0316271 -45.3229601
0.0327433 -0.0098612 0.9994222 2.6312874
0.0000000 0.0000000 0.0000000 1.0000000
-0.0917518 0.9956644 0.0152447 89.2402018
-0.9952467 -0.0921959 0.0314734 -45.9144181
0.0327424 -0.0122844 0.9993954 2.6558723
0.0000000 0.0000000 0.0000000 1.0000000
-0.0839183 0.9963508 0.0155375 89.1724799
-0.9959169 -0.0843843 0.0321869 -46.4936468
0.0333806 -0.0127729 0.9993682 2.6676021
0.0000000 0.0000000 0.0000000 1.0000000
-0.0714904 0.9973062 0.0163439 89.1137367
-0.9969017 -0.0719834 0.0318196 -47.1593071
0.0329104 -0.0140184 0.9993671 2.7324153
0.0000000 0.0000000 0.0000000 1.0000000
-0.0589159 0.9981529 0.0147548 89.1411721
-0.9977110 -0.0593706 0.0324845 -47.7443446
0.0333005 -0.0128071 0.9993704 2.7569030
0.0000000 0.0000000 0.0000000 1.0000000
-0.0424958 0.9989734 0.0156427 89.0880591
-0.9984887 -0.0430131 0.0343202 -48.3663521
0.0349578 -0.0141605 0.9992958 2.7823745
0.0000000 0.0000000 0.0000000 1.0000000
-0.0203767 0.9996025 0.0194494 89.1610485
-0.9991243 -0.0210730 0.0362578 -48.9377980
0.0366533 -0.0186934 0.9991606 2.8537277
0.0000000 0.0000000 0.0000000 1.0000000
0.0069744 0.9997615 0.0206391 89.1101512
-0.9992726 0.0061913 0.0377475 -49.5255551
0.0376108 -0.0208873 0.9990815 2.8970171
0.0000000 0.0000000 0.0000000 1.0000000
0.0334944 0.9992003 0.0217668 89.1671066
-0.9986865 0.0326138 0.0396123 -50.0428821
0.0388708 -0.0230650 0.9989853 2.8701292
0.0000000 0.0000000 0.0000000 1.0000000
0.0654138 0.9976045 0.0224430 89.2393852
-0.9971524 0.0645024 0.0391706 -50.5222768
0.0376292 -0.0249413 0.9989879 2.9228686
0.0000000 0.0000000 0.0000000 1.0000000
0.1036645 0.9943904 0.0209502 89.2888564
-0.9939989 0.1028355 0.0373896 -51.0262728
0.0350254 -0.0247004 0.9990886 2.9389886
0.0000000 0.0000000 0.0000000 1.0000000
0.1450245 0.9891720 0.0224618 89.3625192
-0.9889698 0.1442263 0.0338229 -51.5181996
0.0302171 -0.0271191 0.9991829 2.9514260
0.0000000 0.0000000 0.0000000 1.0000000
0.1904010 0.9814196 0.0236831 89.4428891
-0.9813715 0.1896477 0.0308084 -52.0941507
0.0257445 -0.0291078 0.9992521 2.9826285
0.0000000 0.0000000 0.0000000 1.0000000
0.2385440 0.9707139 0.0284302 89.6016988
-0.9709281 0.2377882 0.0275854 -52.5447908
0.0200172 -0.0341840 0.9992225 3.0196141
0.0000000 0.0000000 0.0000000 1.0000000
0.2905891 0.9562988 0.0323687 89.7317590
-0.9567255 0.2898385 0.0259917 -53.0266415
0.0154741 -0.0385209 0.9991454 3.0713976
0.0000000 0.0000000 0.0000000 1.0000000
0.3450441 0.9380339 0.0321580 89.8560641
-0.9384996 0.3443366 0.0256195 -53.4359553
0.0129587 -0.0390202 0.9991618 3.1011999
0.0000000 0.0000000 0.0000000 1.0000000
0.4016319 0.9153322 0.0292506 90.1337789
-0.9157219 0.4009659 0.0261766 -53.7883611
0.0122318 -0.0372987 0.9992368 3.0992770
0.0000000 0.0000000 0.0000000 1.0000000
0.4618614 0.8865852 0.0254470 90.3740618
-0.8868455 0.4611664 0.0289197 -54.2591858
0.0139045 -0.0359244 0.9992653 3.1196905
0.0000000 0.0000000 0.0000000 1.0000000
0.5194370 0.8542663 0.0202821 90.6616412
-0.8543382 0.5187116 0.0323962 -54.6069113
0.0171545 -0.0341555 0.9992768 3.1217854
0.0000000 0.0000000 0.0000000 1.0000000
0.5782546 0.8156524 0.0181702 90.9618500
-0.8156487 0.5774613 0.0355048 -55.1167083
0.0184670 -0.0353513 0.9992118 3.1132937
0.0000000 0.0000000 0.0000000 1.0000000
0.6333222 0.7736714 0.0182489 91.3238635
-0.7736818 0.6324317 0.0380997 -55.4207454
0.0179356 -0.0382482 0.9991148 3.1548530
0.0000000 0.0000000 0.0000000 1.0000000
0.6856662 0.7277466 0.0156048 91.7170123
-0.7276880 0.6847571 0.0397883 -55.6382126
0.0182705 -0.0386369 0.9990939 3.1762917
0.0000000 0.0000000 0.0000000 1.0000000
0.7336284 0.6793944 0.0144610 91.9714653
-0.6793638 0.7327624 0.0391045 -55.8554329
0.0159711 -0.0385124 0.9991381 3.1853795
0.0000000 0.0000000 0.0000000 1.0000000
0.7778049 0.6282511 0.0177787 92.3997411
-0.6284368 0.7769932 0.0367864 -56.1667152
0.0092973 -0.0397854 0.9991726 3.1891576
0.0000000 0.0000000 0.0000000 1.0000000
0.8183905 0.5742667 0.0212136 92.8241060
-0.5746569 0.8176994 0.0337865 -56.3515553
0.0020562 -0.0398411 0.9992115 3.1416215
0.0000000 0.0000000 0.0000000 1.0000000
0.8542318 0.5192643 0.0254356 93.2655632
-0.5198583 0.8536926 0.0309825 -56.5708206
-0.0056261 -0.0396891 0.9992039 3.1840843
0.0000000 0.0000000 0.0000000 1.0000000
0.8845274 0.4654795 0.0305549 93.6996325
-0.4662896 0.8841519 0.0292028 -56.8547742
-0.0134219 -0.0400782 0.9991139 3.1828067
0.0000000 0.0000000 0.0000000 1.0000000
0.9093159 0.4146693 0.0344589 94.1953574
-0.4156362 0.9090959 0.0281839 -56.9409818
-0.0196395 -0.0399505 0.9990162 3.1430222
0.0000000 0.0000000 0.0000000 1.0000000
0.9287285 0.3688807 0.0371935 94.6144950
-0.3699663 0.9286176 0.0282312 -57.0264100
-0.0241246 -0.0399795 0.9989169 3.1495248
0.0000000 0.0000000 0.0000000 1.0000000
0.9431017 0.3302107 0.0388936 95.0303426
-0.3314737 0.9429149 0.0322312 -57.1899491
-0.0260303 -0.0432896 0.9987311 3.1014742
0.0000000 0.0000000 0.0000000 1.0000000
0.9554925 0.2924435 0.0387675 95.5608733
-0.2938414 0.9551308 0.0372035 -57.3848266
-0.0261482 -0.0469393 0.9985632 3.1037724
0.0000000 0.0000000 0.0000000 1.0000000
0.9641216 0.2626442 0.0384672 96.1140363
-0.2640494 0.9637772 0.0375952 -57.4714436
-0.0271997 -0.0464038 0.9985601 3.0863277
0.0000000 0.0000000 0.0000000 1.0000000
0.9703336 0.2387904 0.0377335 96.5257865
-0.2400823 0.9701416 0.0344638 -57.6125282
-0.0283773 -0.0425006 0.9987011 3.0594895
0.0000000 0.0000000 0.0000000 1.0000000
0.9741014 0.2229203 0.0377354 97.0129822
-0.2241046 0.9740819 0.0307252 -57.7093138
-0.0299082 -0.0383863 0.9988230 3.0422736
0.0000000 0.0000000 0.0000000 1.0000000
0.9771454 0.2091007 0.0381386 97.5134334
-0.2103965 0.9770310 0.0338703 -57.8216793
-0.0301803 -0.0411206 0.9987060 3.0570105
0.0000000 0.0000000 0.0000000 1.0000000
0.9792153 0.1989329 0.0394195 98.0110171
-0.2003829 0.9790186 0.0370529 -57.8510815
-0.0312215 -0.0441819 0.9985433 3.0746536
0.0000000 0.0000000 0.0000000 1.0000000
0.9805846 0.1921317 0.0391111 98.5533877
-0.1937298 0.9801458 0.0422637 -57.9849157
-0.0302144 -0.0490204 0.9983485 3.0465908
0.0000000 0.0000000 0.0000000 1.0000000
0.9810784 0.1899775 0.0372223 99.1346330
-0.1916203 0.9803398 0.0471058 -57.9760391
-0.0275416 -0.0533473 0.9982039 3.0524896
0.0000000 0.0000000 0.0000000 1.0000000
0.9815337 0.1879799 0.0353193 99.7515228
-0.1895128 0.9807684 0.0467081 -58.0299683
-0.0258599 -0.0525393 0.9982918 3.0520032
0.0000000 0.0000000 0.0000000 1.0000000
0.9812194 0.1902817 0.0315188 100.3169038
-0.1915396 0.9805276 0.0433766 -58.2308532
-0.0226513 -0.0485993 0.9985692 3.0503636
0.0000000 0.0000000 0.0000000 1.0000000
0.9809798 0.1923848 0.0256593 100.7680338
-0.1933384 0.9802280 0.0421449 -58.4712128
-0.0170439 -0.0463044 0.9987898 3.0428671
0.0000000 0.0000000 0.0000000 1.0000000
0.9800723 0.1972836 0.0230215 101.2839657
-0.1981440 0.9791666 0.0444394 -58.5441120
-0.0137746 -0.0481156 0.9987547 3.0424524
0.0000000 0.0000000 0.0000000 1.0000000
0.9792347 0.2013143 0.0237657 101.9386858
-0.2022344 0.9782399 0.0463902 -58.6105625
-0.0139094 -0.0502333 0.9986486 3.0321825
0.0000000 0.0000000 0.0000000 1.0000000
0.9785683 0.2040865 0.0273017 102.5509209
-0.2052248 0.9774967 0.0488589 -58.8412789
-0.0167159 -0.0534150 0.9984404 3.0179160
0.0000000 0.0000000 0.0000000 1.0000000
0.9777400 0.2076429 0.0300181 103.2319919
-0.2088074 0.9770128 0.0430084 -58.9063561
-0.0203976 -0.0483192 0.9986316 3.0086569
0.0000000 0.0000000 0.0000000 1.0000000
0.9767794 0.2113744 0.0348460 103.8021276
-0.2128568 0.9759815 0.0464414 -59.0438803
-0.0241925 -0.0527805 0.9983209 2.9641865
0.0000000 0.0000000 0.0000000 1.0000000
0.9760484 0.2142424 0.0376866 104.4795274
-0.2157126 0.9756152 0.0405844 -59.1089734
-0.0280728 -0.0477420 0.9984730 2.9500435
0.0000000 0.0000000 0.0000000 1.0000000
0.9756882 0.2158705 0.0377156 105.0381421
-0.2172226 0.9754443 0.0364219 -59.3183454
-0.0289271 -0.0437293 0.9986324 2.9311154
0.0000000 0.0000000 0.0000000 1.0000000
0.9751551 0.2187290 0.0349306 105.6348710
-0.2198566 0.9749909 0.0325601 -59.4272757
-0.0269352 -0.0394311 0.9988672 2.9210450
0.0000000 0.0000000 0.0000000 1.0000000
0.9752041 0.2191987 0.0303059 106.2356612
-0.2201527 0.9749140 0.0328601 -59.5566370
-0.0223427 -0.0387174 0.9990084 2.9022397
0.0000000 0.0000000 0.0000000 1.0000000
0.9752869 0.2195287 0.0247549 106.9300532
-0.2203097 0.9747972 0.0351825 -59.6449126
-0.0164073 -0.0397669 0.9990822 2.8531657
0.0000000 0.0000000 0.0000000 1.0000000
0.9760000 0.2166225 0.0221358 107.6509934
-0.2173674 0.9752695 0.0400607 -59.7628555
-0.0129102 -0.0439110 0.9989601 2.8151745
0.0000000 0.0000000 0.0000000 1.0000000
0.9768193 0.2125645 0.0251343 108.3267037
-0.2134088 0.9762318 0.0378362 -59.9984395
-0.0164942 -0.0423232 0.9989759 2.8580415
0.0000000 0.0000000 0.0000000 1.0000000
0.9768053 0.2119958 0.0300151 109.1036917
-0.2128538 0.9766543 0.0290335 -60.0867910
-0.0231594 -0.0347489 0.9991357 2.8626128
0.0000000 0.0000000 0.0000000 1.0000000
0.9777207 0.2070467 0.0344213 109.8291186
-0.2081490 0.9775657 0.0322842 -60.2653899
-0.0269648 -0.0387298 0.9988940 2.8438075
0.0000000 0.0000000 0.0000000 1.0000000
0.9785452 0.2029313 0.0354732 110.5668549
-0.2042077 0.9782264 0.0370725 -60.4457333
-0.0271777 -0.0435212 0.9986910 2.8280320
0.0000000 0.0000000 0.0000000 1.0000000
0.9787002 0.2030608 0.0300360 111.2102968
-0.2040168 0.9784058 0.0331915 -60.5594513
-0.0226475 -0.0386125 0.9990059 2.8216859
0.0000000 0.0000000 0.0000000 1.0000000
0.9795851 0.1993775 0.0255241 112.0052807
-0.2002027 0.9791164 0.0353873 -60.6069167
-0.0179356 -0.0397749 0.9990561 2.8094544
