1.0000000 0.0000000 0.0000000 0.0000000
0.0000000 1.0000000 0.0000000 0.0000000
0.0000000 0.0000000 1.0000000 0.0000000
0.0000000 0.0000000 0.0000000 1.0000000
0.9986359 0.0520674 -0.0039139 1.2206941
-0.0520776 0.9986401 -0.0025376 0.0813707
0.0037764 0.0027380 0.9999892 0.0351380
0.0000000 0.0000000 0.0000000 1.0000000
0.9956061 0.0932731 -0.0083090 2.0415519
-0.0932943 0.9956366 -0.0022056 -0.1044364
0.0080670 0.0029711 0.9999631 -0.0133789
0.0000000 0.0000000 0.0000000 1.0000000
0.9902838 0.1386523 -0.0106358 3.0702950
-0.1386847 0.9903338 -0.0023777 -0.2082734
0.0102033 0.0038296 0.9999407 -0.0471506
0.0000000 0.0000000 0.0000000 1.0000000
0.9841123 0.1772306 -0.0105855 4.1346703
-0.1772866 0.9841489 -0.0045874 -0.2956564
0.0096047 0.0063912 0.9999334 0.0139835
0.0000000 0.0000000 0.0000000 1.0000000
0.9751782 0.2211980 -0.0099342 5.2704540
-0.2212467 0.9752096 -0.0040656 -0.6950915
0.0087887 0.0061626 0.9999424 0.0042622
0.0000000 0.0000000 0.0000000 1.0000000
0.9635238 0.2673325 -0.0124559 6.3504234
-0.2674262 0.9635561 -0.0065730 -0.5832656
0.0102448 0.0096642 0.9999009 0.0261642
0.0000000 0.0000000 0.0000000 1.0000000
0.9511386 0.3083184 -0.0165736 7.4495091
-0.3084923 0.9511828 -0.0091513 -0.7182262
0.0129430 0.0138170 0.9998208 0.0884028
0.0000000 0.0000000 0.0000000 1.0000000
0.9366547 0.3498863 -0.0160322 8.3096889
-0.3500398 0.9367010 -0.0079476 -1.1366247
0.0122366 0.0130560 0.9998399 0.0509406
0.0000000 0.0000000 0.0000000 1.0000000
0.9211961 0.3887553 -0.0163358 9.3265130
-0.3889324 0.9212179 -0.0094482 -1.3659883
0.0113758 0.0150571 0.9998220 0.1108547
0.0000000 0.0000000 0.0000000 1.0000000
0.9034085 0.4285228 -0.0148626 10.1866120
-0.4286762 0.9034124 -0.0091418 -1.7169478
0.0095095 0.0146300 0.9998478 0.1703633
0.0000000 0.0000000 0.0000000 1.0000000
0.8811567 0.4726265 -0.0136825 11.1918583
-0.4727589 0.8811509 -0.0086083 -2.1816116
0.0079878 0.0140538 0.9998695 0.1981073
0.0000000 0.0000000 0.0000000 1.0000000
0.8601799 0.5097656 -0.0151753 12.0017763
-0.5099222 0.8601761 -0.0088832 -2.5563579
0.0085251 0.0153794 0.9998456 0.2205257
0.0000000 0.0000000 0.0000000 1.0000000
0.8347240 0.5504506 -0.0155078 12.8834616
-0.5506187 0.8347016 -0.0097171 -3.0657586
0.0075956 0.0166500 0.9998327 0.2566979
0.0000000 0.0000000 0.0000000 1.0000000
0.8085854 0.5881322 -0.0170568 13.8866274
-0.5883142 0.8085920 -0.0082526 -3.7744840
0.0089384 0.0167077 0.9998206 0.2344037
0.0000000 0.0000000 0.0000000 1.0000000
0.7804684 0.6249034 -0.0191185 14.6657249
-0.6251468 0.7804298 -0.0110750 -4.2916578
0.0079998 0.0205955 0.9997559 0.3129239
0.0000000 0.0000000 0.0000000 1.0000000
0.7537718 0.6568623 -0.0189929 15.4372434
-0.6570961 0.7537375 -0.0103260 -4.8313777
0.0075329 0.0202636 0.9997662 0.2989685
0.0000000 0.0000000 0.0000000 1.0000000
0.7251181 0.6883233 -0.0203793 16.0344706
-0.6885781 0.7251016 -0.0094881 -5.4824885
0.0082462 0.0209127 0.9997471 0.3004944
0.0000000 0.0000000 0.0000000 1.0000000
0.6955094 0.7181353 -0.0234256 16.8052353
-0.7184656 0.6954881 -0.0103213 -6.3634779
0.0088802 0.0240090 0.9996722 0.3386131
0.0000000 0.0000000 0.0000000 1.0000000
0.6641428 0.7472374 -0.0234662 17.4768814
-0.7475695 0.6641015 -0.0105707 -7.0536238
0.0076852 0.0245630 0.9996688 0.3552489
0.0000000 0.0000000 0.0000000 1.0000000
0.6362487 0.7709884 -0.0276460 17.9970116
-0.7714220 0.6362500 -0.0098271 -7.5075081
0.0100132 0.0275791 0.9995695 0.4274692
0.0000000 0.0000000 0.0000000 1.0000000
0.6002854 0.7991861 -0.0309680 18.4721205
-0.7997007 0.6003433 -0.0083646 -7.9739242
0.0119066 0.0297862 0.9994854 0.4244246
0.0000000 0.0000000 0.0000000 1.0000000
0.5670826 0.8229585 -0.0340096 18.9450339
-0.8235570 0.5671893 -0.0072978 -8.9014715
0.0132841 0.0321472 0.9993949 0.4180202
0.0000000 0.0000000 0.0000000 1.0000000
0.5351175 0.8439890 -0.0364986 19.4381612
-0.8446954 0.5351763 -0.0089036 -9.9992363
0.0120186 0.0355946 0.9992942 0.4742897
0.0000000 0.0000000 0.0000000 1.0000000
0.5051711 0.8621199 -0.0393913 19.8300769
-0.8629380 0.5052317 -0.0090763 -10.8459896
0.0120769 0.0385773 0.9991830 0.4799566
0.0000000 0.0000000 0.0000000 1.0000000
0.4759259 0.8785821 -0.0398474 20.4103627
-0.8794097 0.4759985 -0.0082071 -11.6020835
0.0117566 0.0389480 0.9991725 0.4985181
0.0000000 0.0000000 0.0000000 1.0000000
0.4414977 0.8963409 -0.0406526 20.7390013
-0.8971996 0.4415580 -0.0079226 -12.4746367
0.0108491 0.0399712 0.9991424 0.5437611
0.0000000 0.0000000 0.0000000 1.0000000
0.4142010 0.9091888 -0.0425785 21.3280520
-0.9101437 0.4141873 -0.0095089 -13.3308412
0.0089901 0.0426911 0.9990483 0.5723941
0.0000000 0.0000000 0.0000000 1.0000000
0.3824253 0.9230266 -0.0420970 21.8215181
-0.9239580 0.3823864 -0.0092362 -14.3176008
0.0075721 0.0424279 0.9990714 0.6081910
0.0000000 0.0000000 0.0000000 1.0000000
0.3501923 0.9357586 -0.0414796 22.4331666
-0.9366450 0.3502161 -0.0068701 -15.1388413
0.0080981 0.0412574 0.9991164 0.6203172
0.0000000 0.0000000 0.0000000 1.0000000
0.3225066 0.9456651 -0.0413030 22.7919908
-0.9465353 0.3225535 -0.0056510 -16.0800948
0.0079785 0.0409171 0.9991315 0.6259395
0.0000000 0.0000000 0.0000000 1.0000000
0.2932419 0.9550984 -0.0423712 22.9294875
-0.9560218 0.2932202 -0.0068097 -17.1356582
0.0059201 0.0425046 0.9990795 0.6608842
0.0000000 0.0000000 0.0000000 1.0000000
0.2640643 0.9635232 -0.0435007 23.3774149
-0.9644990 0.2639686 -0.0079777 -18.0670010
0.0037962 0.0440630 0.9990224 0.6509735
0.0000000 0.0000000 0.0000000 1.0000000
0.2339094 0.9713306 -0.0424549 23.6340000
-0.9722591 0.2337392 -0.0089401 -19.2491989
0.0012396 0.0433682 0.9990593 0.6979095
0.0000000 0.0000000 0.0000000 1.0000000
0.2056985 0.9777398 -0.0413737 23.8323651
-0.9786168 0.2054796 -0.0094584 -20.5642113
-0.0007464 0.0424345 0.9991000 0.6525643
0.0000000 0.0000000 0.0000000 1.0000000
0.1797475 0.9827622 -0.0432299 24.1154058
-0.9837121 0.1794794 -0.0099766 -21.6104259
-0.0020458 0.0443189 0.9990165 0.6745163
0.0000000 0.0000000 0.0000000 1.0000000
0.1515736 0.9873344 -0.0468573 24.3232957
-0.9884433 0.1512633 -0.0100656 -22.7325247
-0.0028503 0.0478413 0.9988521 0.6721048
0.0000000 0.0000000 0.0000000 1.0000000
0.1305754 0.9902140 -0.0492569 24.5480804
-0.9914303 0.1301915 -0.0108888 -23.7923179
-0.0043694 0.0502565 0.9987281 0.6521708
0.0000000 0.0000000 0.0000000 1.0000000
0.1136226 0.9920766 -0.0536091 24.6566798
-0.9935111 0.1131591 -0.0115671 -25.2007666
-0.0054091 0.0545754 0.9984964 0.6730613
0.0000000 0.0000000 0.0000000 1.0000000
0.0972150 0.9934840 -0.0594897 24.8041798
-0.9952342 0.0965629 -0.0137048 -26.3274702
-0.0078710 0.0605384 0.9981362 0.6730968
0.0000000 0.0000000 0.0000000 1.0000000
0.0838078 0.9947315 -0.0590444 24.8246620
-0.9964291 0.0830333 -0.0154209 -27.9380307
-0.0104370 0.0601259 0.9981377 0.7003779
0.0000000 0.0000000 0.0000000 1.0000000
0.0669051 0.9959106 -0.0607132 24.7676662
-0.9976756 0.0659800 -0.0170869 -29.1348124
-0.0130112 0.0617152 0.9980106 0.6676434
0.0000000 0.0000000 0.0000000 1.0000000
0.0532919 0.9967769 -0.0599686 24.7755538
-0.9984838 0.0523544 -0.0170657 -30.2802114
-0.0138711 0.0607870 0.9980559 0.6730132
0.0000000 0.0000000 0.0000000 1.0000000
0.0416240 0.9971963 -0.0621846 24.6642264
-0.9990400 0.0406854 -0.0162566 -31.4083713
-0.0136810 0.0628015 0.9979338 0.7172915
0.0000000 0.0000000 0.0000000 1.0000000
0.0289695 0.9976863 -0.0615064 25.0197807
-0.9994998 0.0281273 -0.0144853 -32.8816029
-0.0127218 0.0618952 0.9980032 0.7375664
0.0000000 0.0000000 0.0000000 1.0000000
0.0281295 0.9977140 -0.0614534 24.8966527
-0.9995495 0.0274279 -0.0122002 -33.9262853
-0.0104867 0.0617689 0.9980371 0.6946559
0.0000000 0.0000000 0.0000000 1.0000000
0.0176645 0.9978460 -0.0631819 24.8377117
-0.9998104 0.0171047 -0.0093589 -35.5318994
-0.0082580 0.0633352 0.9979599 0.7467277
0.0000000 0.0000000 0.0000000 1.0000000
0.0112313 0.9979976 -0.0622523 25.0213464
-0.9999200 0.0108397 -0.0065941 -36.8602211
-0.0059061 0.0623213 0.9980405 0.7165848
0.0000000 0.0000000 0.0000000 1.0000000
0.0070405 0.9980920 -0.0613416 25.0743433
-0.9999518 0.0066003 -0.0073466 -38.0906483
-0.0069277 0.0613903 0.9980917 0.7073753
0.0000000 0.0000000 0.0000000 1.0000000
0.0009625 0.9980826 -0.0618866 25.2263417
-0.9999803 0.0005734 -0.0062775 -39.5739588
-0.0062299 0.0618913 0.9980655 0.6368723
0.0000000 0.0000000 0.0000000 1.0000000
-0.0013997 0.9981518 -0.0607446 25.0546399
-0.9999829 -0.0017461 -0.0056193 -40.9271943
-0.0057150 0.0607356 0.9981395 0.6192679
0.0000000 0.0000000 0.0000000 1.0000000
-0.0045308 0.9981407 -0.0607723 25.1677857
-0.9999694 -0.0049119 -0.0060908 -42.2124473
-0.0063779 0.0607428 0.9981351 0.6365279
0.0000000 0.0000000 0.0000000 1.0000000
-0.0101766 0.9981617 -0.0597380 25.2135923
-0.9999269 -0.0105518 -0.0059355 -43.6019990
-0.0065549 0.0596732 0.9981985 0.6023708
0.0000000 0.0000000 0.0000000 1.0000000
-0.0083685 0.9981669 -0.0599329 25.0672371
-0.9999380 -0.0087975 -0.0068646 -45.0627887
-0.0073792 0.0598717 0.9981809 0.6313791
0.0000000 0.0000000 0.0000000 1.0000000
-0.0152719 0.9981238 -0.0592943 24.9907161
-0.9998454 -0.0157635 -0.0078014 -46.6494582
-0.0087215 0.0591660 0.9982122 0.5539033
0.0000000 0.0000000 0.0000000 1.0000000
-0.0176000 0.9980532 -0.0598340 25.0895601
-0.9998016 -0.0181307 -0.0083058 -48.1186183
-0.0093744 0.0596759 0.9981759 0.5650298
0.0000000 0.0000000 0.0000000 1.0000000
-0.0192072 0.9978915 -0.0619897 25.1537197
-0.9997693 -0.0197721 -0.0084782 -49.6346568
-0.0096859 0.0618125 0.9980429 0.5433215
0.0000000 0.0000000 0.0000000 1.0000000
-0.0192450 0.9978001 -0.0634320 25.0884090
-0.9997571 -0.0198953 -0.0095997 -51.0147633
-0.0108405 0.0632317 0.9979422 0.5156125
0.0000000 0.0000000 0.0000000 1.0000000
-0.0190491 0.9978551 -0.0626246 25.1733257
-0.9997831 -0.0195514 -0.0073794 -52.4248316
-0.0085880 0.0624703 0.9980121 0.5303856
0.0000000 0.0000000 0.0000000 1.0000000
-0.0193593 0.9979057 -0.0617193 25.1321915
-0.9997879 -0.0197679 -0.0059803 -54.1460589
-0.0071878 0.0615903 0.9980780 0.5585701
0.0000000 0.0000000 0.0000000 1.0000000
-0.0191013 0.9978536 -0.0626335 25.2522623
-0.9997854 -0.0195719 -0.0068757 -55.6096115
-0.0080868 0.0624886 0.9980152 0.5275965
0.0000000 0.0000000 0.0000000 1.0000000
-0.0233252 0.9976775 -0.0639926 25.3629330
-0.9996930 -0.0238188 -0.0069272 -57.2518457
-0.0084353 0.0638113 0.9979287 0.6156374
0.0000000 0.0000000 0.0000000 1.0000000
-0.0172350 0.9978145 -0.0637908 25.1471556
-0.9998213 -0.0177033 -0.0067508 -58.9103601
-0.0078653 0.0636629 0.9979430 0.6062233
0.0000000 0.0000000 0.0000000 1.0000000
-0.0138070 0.9977349 -0.0658421 25.0382066
-0.9998781 -0.0142671 -0.0064930 -60.6674856
-0.0074176 0.0657444 0.9978114 0.5803681
0.0000000 0.0000000 0.0000000 1.0000000
-0.0115047 0.9979032 -0.0636995 24.9873269
-0.9999129 -0.0119059 -0.0058901 -62.2302183
-0.0066361 0.0636261 0.9979542 0.5550103
0.0000000 0.0000000 0.0000000 1.0000000
-0.0117794 0.9979344 -0.0631542 24.9965999
-0.9999044 -0.0122209 -0.0065781 -63.9023123
-0.0073363 0.0630706 0.9979846 0.5484968
0.0000000 0.0000000 0.0000000 1.0000000
-0.0148493 0.9977550 -0.0653078 25.0490180
-0.9998449 -0.0154435 -0.0085728 -65.9535524
-0.0095621 0.0651703 0.9978309 0.5300808
0.0000000 0.0000000 0.0000000 1.0000000
-0.0157743 0.9975356 -0.0683687 25.1173557
-0.9998161 -0.0164906 -0.0098957 -67.7741741
-0.0109987 0.0681999 0.9976137 0.5251580
0.0000000 0.0000000 0.0000000 1.0000000
-0.0171530 0.9973770 -0.0703222 25.0809010
-0.9997973 -0.0178599 -0.0094060 -69.4288465
-0.0106373 0.0701465 0.9974828 0.5582461
0.0000000 0.0000000 0.0000000 1.0000000
-0.0163557 0.9973034 -0.0715449 25.0330961
-0.9998116 -0.0170714 -0.0093747 -71.2364900
-0.0105708 0.0713780 0.9973961 0.5672429
0.0000000 0.0000000 0.0000000 1.0000000
-0.0151949 0.9972735 -0.0722145 24.9181988
-0.9998326 -0.0158999 -0.0091675 -73.0687978
-0.0102907 0.0720631 0.9973498 0.5520809
0.0000000 0.0000000 0.0000000 1.0000000
-0.0168263 0.9970949 -0.0742884 24.8859781
-0.9997983 -0.0176025 -0.0097769 -75.1039419
-0.0110561 0.0741088 0.9971917 0.5748562
0.0000000 0.0000000 0.0000000 1.0000000
-0.0156121 0.9970445 -0.0752252 24.8951706
-0.9998102 -0.0164491 -0.0104923 -76.9419396
-0.0116987 0.0750470 0.9971142 0.5592006
0.0000000 0.0000000 0.0000000 1.0000000
-0.0145692 0.9968716 -0.0776829 24.8970516
-0.9998205 -0.0154707 -0.0109890 -78.8437870
-0.0121564 0.0775088 0.9969204 0.5188311
0.0000000 0.0000000 0.0000000 1.0000000
-0.0158560 0.9967698 -0.0787314 24.7486471
-0.9997955 -0.0167961 -0.0112654 -80.7779086
-0.0125514 0.0785367 0.9968350 0.5142156
0.0000000 0.0000000 0.0000000 1.0000000
-0.0147025 0.9968452 -0.0779969 24.8288336
-0.9998249 -0.0155581 -0.0103471 -82.7204746
-0.0115280 0.0778311 0.9969027 0.5210072
0.0000000 0.0000000 0.0000000 1.0000000
-0.0142676 0.9968991 -0.0773854 24.7008466
-0.9998311 -0.0151165 -0.0103673 -84.7145059
-0.0115050 0.0772245 0.9969502 0.5021391
0.0000000 0.0000000 0.0000000 1.0000000
-0.0144155 0.9968892 -0.0774849 24.6651379
-0.9998357 -0.0152173 -0.0097412 -86.7349967
-0.0108901 0.0773318 0.9969488 0.4446043
0.0000000 0.0000000 0.0000000 1.0000000
-0.0160261 0.9966685 -0.0799654 24.5947408
-0.9998054 -0.0168894 -0.0101054 -88.6449168
-0.0114223 0.0797880 0.9967494 0.4226837
0.0000000 0.0000000 0.0000000 1.0000000
-0.0159215 0.9967974 -0.0783683 24.5813957
-0.9997887 -0.0168854 -0.0116261 -90.4830508
-0.0129122 0.0781667 0.9968598 0.3645885
0.0000000 0.0000000 0.0000000 1.0000000
-0.0177583 0.9965953 -0.0805211 24.5861614
-0.9997393 -0.0188492 -0.0127824 -92.4031023
-0.0142567 0.0802732 0.9966741 0.4588466
0.0000000 0.0000000 0.0000000 1.0000000
-0.0182776 0.9967457 -0.0785209 24.5819936
-0.9997260 -0.0193586 -0.0130029 -94.5548317
-0.0144807 0.0782619 0.9968309 0.3615746
0.0000000 0.0000000 0.0000000 1.0000000
-0.0196225 0.9967033 -0.0787370 24.5115004
-0.9996852 -0.0207802 -0.0138879 -96.4958667
-0.0154783 0.0784399 0.9968021 0.4436250
0.0000000 0.0000000 0.0000000 1.0000000
-0.0259908 0.9963307 -0.0815604 24.5198701
-0.9995144 -0.0272944 -0.0148871 -98.3619608
-0.0170587 0.0811341 0.9965605 0.4211193
0.0000000 0.0000000 0.0000000 1.0000000
-0.0278246 0.9962581 -0.0818457 24.6329438
-0.9994804 -0.0290522 -0.0138245 -100.5261985
-0.0161506 0.0814187 0.9965526 0.4648894
0.0000000 0.0000000 0.0000000 1.0000000
-0.0329707 0.9961202 -0.0816120 24.5656406
-0.9992936 -0.0343208 -0.0151723 -102.4033713
-0.0179144 0.0810543 0.9965522 0.4352012
0.0000000 0.0000000 0.0000000 1.0000000
-0.0370428 0.9960125 -0.0811744 24.5981298
-0.9991404 -0.0384200 -0.0154460 -104.4741713
-0.0185032 0.0805326 0.9965838 0.4234418
0.0000000 0.0000000 0.0000000 1.0000000
-0.0437124 0.9956611 -0.0821629 24.5530118
-0.9988775 -0.0450496 -0.0144713 -106.5628610
-0.0181100 0.0814384 0.9965175 0.4311463
0.0000000 0.0000000 0.0000000 1.0000000
-0.0493897 0.9955735 -0.0799761 24.3822556
-0.9986290 -0.0506044 -0.0132102 -108.6705399
-0.0171989 0.0792143 0.9967129 0.3865008
0.0000000 0.0000000 0.0000000 1.0000000
-0.0564247 0.9951627 -0.0804345 24.3421386
-0.9982740 -0.0575377 -0.0115649 -110.7529062
-0.0161370 0.0796433 0.9966965 0.3604249
0.0000000 0.0000000 0.0000000 1.0000000
-0.0614507 0.9949571 -0.0792854 24.2297785
-0.9979778 -0.0625311 -0.0111930 -112.8127639
-0.0160944 0.0784374 0.9967929 0.3482313
0.0000000 0.0000000 0.0000000 1.0000000
-0.0641556 0.9948927 -0.0779473 24.0141207
-0.9977944 -0.0652756 -0.0118825 -115.1735842
-0.0169099 0.0770132 0.9968905 0.3308054
0.0000000 0.0000000 0.0000000 1.0000000
-0.0711179 0.9944630 -0.0773855 23.8116864
-0.9973172 -0.0722321 -0.0116718 -117.2628227
-0.0171969 0.0763480 0.9969368 0.3113891
0.0000000 0.0000000 0.0000000 1.0000000
-0.0775583 0.9938532 -0.0790163 23.6709400
-0.9967847 -0.0788899 -0.0138502 -119.5816720
-0.0199987 0.0776882 0.9967811 0.2896504
0.0000000 0.0000000 0.0000000 1.0000000
-0.0828241 0.9933443 -0.0800636 23.5431023
-0.9963427 -0.0842251 -0.0142577 -121.5849509
-0.0209063 0.0785901 0.9966918 0.2702207
0.0000000 0.0000000 0.0000000 1.0000000
-0.0886613 0.9927649 -0.0809965 23.2840449
-0.9958465 -0.0900331 -0.0134193 -123.5015960
-0.0206147 0.0794705 0.9966281 0.2471395
0.0000000 0.0000000 0.0000000 1.0000000
-0.0899177 0.9928968 -0.0779349 23.2020604
-0.9957240 -0.0912804 -0.0140745 -125.5894509
-0.0210885 0.0763363 0.9968631 0.1727552
0.0000000 0.0000000 0.0000000 1.0000000
-0.0960937 0.9921309 -0.0802849 23.0669198
-0.9951167 -0.0975808 -0.0147805 -127.9821691
-0.0224985 0.0784726 0.9966665 0.1659919
0.0000000 0.0000000 0.0000000 1.0000000
-0.1042101 0.9909282 -0.0848812 23.0099889
-0.9942998 -0.1057346 -0.0136359 -130.2187085
-0.0224871 0.0829765 0.9963020 0.1950743
0.0000000 0.0000000 0.0000000 1.0000000
-0.1078060 0.9905279 -0.0850643 22.8142470
-0.9939082 -0.1093492 -0.0136644 -132.1178391
-0.0228367 0.0830731 0.9962860 0.1212142
0.0000000 0.0000000 0.0000000 1.0000000
-0.1175879 0.9893594 -0.0857008 22.5756030
-0.9927601 -0.1192385 -0.0143688 -134.4341820
-0.0244348 0.0833909 0.9962217 0.0729456
0.0000000 0.0000000 0.0000000 1.0000000
-0.1209248 0.9889576 -0.0856981 22.2338375
-0.9923203 -0.1226905 -0.0156112 -136.4376886
-0.0259532 0.0831523 0.9962033 0.0178780
0.0000000 0.0000000 0.0000000 1.0000000
-0.1290352 0.9876772 -0.0885844 21.9357040
-0.9912684 -0.1309118 -0.0156730 -138.7637341
-0.0270766 0.0857887 0.9959498 -0.0059471
0.0000000 0.0000000 0.0000000 1.0000000
-0.1375776 0.9866137 -0.0875741 21.5084173
-0.9900826 -0.1395172 -0.0163824 -141.1739554
-0.0283813 0.0844519 0.9960278 -0.0463220
0.0000000 0.0000000 0.0000000 1.0000000
-0.1452964 0.9855605 -0.0869660 21.0680716
-0.9889263 -0.1473472 -0.0175991 -143.4635902
-0.0301592 0.0834461 0.9960603 -0.1198533
0.0000000 0.0000000 0.0000000 1.0000000
-0.1510522 0.9847882 -0.0858992 20.7137167
-0.9880583 -0.1530767 -0.0174409 -145.5958383
-0.0303249 0.0822392 0.9961557 -0.2562275
0.0000000 0.0000000 0.0000000 1.0000000
-0.1587782 0.9837522 -0.0838113 20.2190881
-0.9868486 -0.1607316 -0.0170427 -147.9808117
-0.0302370 0.0800032 0.9963405 -0.3012203
0.0000000 0.0000000 0.0000000 1.0000000
-0.1634356 0.9830178 -0.0834743 19.8583553
-0.9860863 -0.1653715 -0.0167699 -150.0999434
-0.0302895 0.0795722 0.9963735 -0.3355647
0.0000000 0.0000000 0.0000000 1.0000000
-0.1725560 0.9812497 -0.0858870 19.5895564
-0.9844819 -0.1746307 -0.0171911 -152.5303417
-0.0318674 0.0815879 0.9961613 -0.3858062
0.0000000 0.0000000 0.0000000 1.0000000
-0.1801539 0.9799848 -0.0847204 19.2238303
-0.9831432 -0.1821229 -0.0160421 -154.7749891
-0.0311506 0.0804024 0.9962804 -0.4251882
0.0000000 0.0000000 0.0000000 1.0000000
-0.1863190 0.9784965 -0.0885101 18.7833834
-0.9819513 -0.1884372 -0.0161272 -157.0260011
-0.0324591 0.0839079 0.9959496 -0.4840874
0.0000000 0.0000000 0.0000000 1.0000000
-0.1919954 0.9774590 -0.0878424 18.4241683
-0.9808250 -0.1941629 -0.0167436 -159.1850422
-0.0334220 0.0829434 0.9959986 -0.5656408
0.0000000 0.0000000 0.0000000 1.0000000
-0.1964913 0.9766917 -0.0864168 17.8905815
-0.9799344 -0.1986168 -0.0166315 -161.5029357
-0.0334078 0.0814150 0.9961253 -0.6391649
0.0000000 0.0000000 0.0000000 1.0000000
-0.2029716 0.9752880 -0.0872847 17.5548815
-0.9785878 -0.2051490 -0.0166400 -163.9517900
-0.0341353 0.0820384 0.9960495 -0.6639946
0.0000000 0.0000000 0.0000000 1.0000000
-0.2099859 0.9736906 -0.0885209 17.1698683
-0.9770786 -0.2122254 -0.0165799 -166.2925279
-0.0349302 0.0830104 0.9959413 -0.7090040
0.0000000 0.0000000 0.0000000 1.0000000
-0.2158290 0.9724587 -0.0880098 16.7773731
-0.9758151 -0.2180127 -0.0158803 -168.6665129
-0.0346303 0.0824540 0.9959979 -0.7676234
0.0000000 0.0000000 0.0000000 1.0000000
-0.2219909 0.9710788 -0.0879189 16.3120769
-0.9744653 -0.2240695 -0.0143898 -170.9965006
-0.0336737 0.0824796 0.9960287 -0.8553193
0.0000000 0.0000000 0.0000000 1.0000000
-0.2275635 0.9697288 -0.0885726 15.7517593
-0.9731755 -0.2296401 -0.0138613 -173.3358861
-0.0337816 0.0830425 0.9959783 -0.9199265
0.0000000 0.0000000 0.0000000 1.0000000
-0.2323717 0.9685024 -0.0895021 15.2372901
-0.9720303 -0.2344625 -0.0134458 -175.6547927
-0.0340073 0.0838745 0.9959009 -0.9514927
0.0000000 0.0000000 0.0000000 1.0000000
-0.2403675 0.9665877 -0.0890831 14.5438488
-0.9700328 -0.2425449 -0.0143105 -177.8796908
-0.0354391 0.0829739 0.9959265 -1.0331645
0.0000000 0.0000000 0.0000000 1.0000000
-0.2443702 0.9653867 -0.0911905 14.0877884
-0.9689882 -0.2466658 -0.0146320 -180.1751241
-0.0366192 0.0847871 0.9957312 -1.1192863
0.0000000 0.0000000 0.0000000 1.0000000
-0.2519867 0.9631548 -0.0940219 13.5664193
-0.9669766 -0.2544300 -0.0147661 -182.4232792
-0.0381442 0.0871963 0.9954659 -1.1838073
0.0000000 0.0000000 0.0000000 1.0000000
-0.2579580 0.9616944 -0.0927712 12.9352655
-0.9653362 -0.2604993 -0.0161967 -184.5177821
-0.0397432 0.0853776 0.9955610 -1.2532757
0.0000000 0.0000000 0.0000000 1.0000000
-0.2565117 0.9619741 -0.0938756 12.2032917
-0.9657209 -0.2590779 -0.0160360 -187.0579758
-0.0397474 0.0865445 0.9954601 -1.3747490
0.0000000 0.0000000 0.0000000 1.0000000
-0.2605799 0.9608138 -0.0945491 11.4958618
-0.9645875 -0.2632344 -0.0165540 -189.2779918
-0.0407940 0.0868875 0.9953880 -1.4349972
0.0000000 0.0000000 0.0000000 1.0000000
-0.2663135 0.9590052 -0.0969111 10.7188378
-0.9629615 -0.2691090 -0.0167706 -191.9097968
-0.0421628 0.0888557 0.9951572 -1.4729749
0.0000000 0.0000000 0.0000000 1.0000000
-0.2707250 0.9577814 -0.0967901 10.1474837
-0.9617903 -0.2733707 -0.0149451 -194.3679715
-0.0407739 0.0890460 0.9951982 -1.5528973
0.0000000 0.0000000 0.0000000 1.0000000
-0.2735655 0.9570698 -0.0958352 9.4931658
-0.9610419 -0.2760613 -0.0135646 -196.7202660
-0.0394387 0.0883910 0.9953104 -1.5922811
0.0000000 0.0000000 0.0000000 1.0000000
-0.2762145 0.9562918 -0.0960001 8.6959781
-0.9603289 -0.2785976 -0.0121013 -199.1512278
-0.0383178 0.0888494 0.9953133 -1.6488260
0.0000000 0.0000000 0.0000000 1.0000000
-0.2816424 0.9547935 -0.0951397 8.0674492
-0.9588046 -0.2838658 -0.0104160 -201.4300938
-0.0369521 0.0882871 0.9954150 -1.7406851
0.0000000 0.0000000 0.0000000 1.0000000
-0.2861674 0.9529810 -0.0997006 7.4640712
-0.9574422 -0.2884688 -0.0091697 -203.6897389
-0.0374991 0.0928339 0.9949809 -1.7054667
0.0000000 0.0000000 0.0000000 1.0000000
-0.2906978 0.9517943 -0.0979131 6.6522513
-0.9559950 -0.2931532 -0.0113753 -206.2412448
-0.0395306 0.0902980 0.9951358 -1.8244087
0.0000000 0.0000000 0.0000000 1.0000000
-0.2931420 0.9509170 -0.0991429 5.9584184
-0.9552223 -0.2956602 -0.0114024 -208.3013538
-0.0401554 0.0913613 0.9950137 -1.9016175
0.0000000 0.0000000 0.0000000 1.0000000
-0.2970209 0.9496945 -0.0993164 5.3325653
-0.9539353 -0.2997190 -0.0130970 -210.6520703
-0.0422053 0.0908516 0.9949757 -1.9297009
0.0000000 0.0000000 0.0000000 1.0000000
-0.3012911 0.9482308 -0.1004341 4.5344712
-0.9526125 -0.3039457 -0.0118971 -212.9867298
-0.0418078 0.0920906 0.9948786 -2.0768751
0.0000000 0.0000000 0.0000000 1.0000000
-0.3059787 0.9469111 -0.0986994 3.8327286
-0.9511656 -0.3084831 -0.0108151 -215.2718443
-0.0406881 0.0905706 0.9950647 -2.1783676
0.0000000 0.0000000 0.0000000 1.0000000
-0.3088246 0.9458541 -0.0999645 3.1233704
-0.9502115 -0.3114052 -0.0109328 -217.5851579
-0.0414704 0.0916114 0.9949372 -2.1424547
0.0000000 0.0000000 0.0000000 1.0000000
-0.3110448 0.9451393 -0.0998490 2.4189565
-0.9494395 -0.3137173 -0.0118780 -219.7419910
-0.0425508 0.0911063 0.9949380 -2.2280037
0.0000000 0.0000000 0.0000000 1.0000000
-0.3197014 0.9419838 -0.1022937 1.6942127
-0.9465062 -0.3224773 -0.0114057 -222.1726396
-0.0437314 0.0931755 0.9946950 -2.3141469
0.0000000 0.0000000 0.0000000 1.0000000
-0.3232321 0.9406569 -0.1034031 0.7728879
-0.9452591 -0.3261039 -0.0117163 -224.6973808
-0.0447413 0.0939559 0.9945768 -2.4097989
0.0000000 0.0000000 0.0000000 1.0000000
-0.3262268 0.9393613 -0.1057492 0.0420888
-0.9441818 -0.3292129 -0.0116330 -227.0318049
-0.0457417 0.0960518 0.9943310 -2.4966879
0.0000000 0.0000000 0.0000000 1.0000000
-0.3308725 0.9374594 -0.1081686 -0.8281690
-0.9425355 -0.3339227 -0.0108859 -229.3779373
-0.0463251 0.0983512 0.9940792 -2.6127104
0.0000000 0.0000000 0.0000000 1.0000000
-0.3374257 0.9351206 -0.1081684 -1.5709992
-0.9402125 -0.3404324 -0.0100869 -231.6597361
-0.0462566 0.0982980 0.9940877 -2.7297294
0.0000000 0.0000000 0.0000000 1.0000000
-0.3377417 0.9351170 -0.1072116 -2.5390328
-0.9401324 -0.3406643 -0.0096689 -234.0926255
-0.0455648 0.0975279 0.9941955 -2.7776601
0.0000000 0.0000000 0.0000000 1.0000000
-0.3433280 0.9329262 -0.1085458 -3.3724654
-0.9381212 -0.3462025 -0.0082520 -236.7020040
-0.0452774 0.0989963 0.9940635 -2.8747347
0.0000000 0.0000000 0.0000000 1.0000000
-0.3463732 0.9319930 -0.1068711 -4.0708349
-0.9370185 -0.3491790 -0.0081594 -239.0872591
-0.0449217 0.0973143 0.9942458 -2.9545744
0.0000000 0.0000000 0.0000000 1.0000000
-0.3496519 0.9307126 -0.1073506 -4.8741314
-0.9357532 -0.3525441 -0.0086356 -241.3982378
-0.0458831 0.0974345 0.9941901 -3.0139665
0.0000000 0.0000000 0.0000000 1.0000000
-0.3542027 0.9289102 -0.1080414 -5.8135838
-0.9339707 -0.3572228 -0.0093556 -243.7231012
-0.0472855 0.0975940 0.9941088 -3.0723422
0.0000000 0.0000000 0.0000000 1.0000000
-0.3576827 0.9275684 -0.1081033 -6.7615123
-0.9326428 -0.3606865 -0.0089656 -246.2352041
-0.0473077 0.0976151 0.9941057 -3.1392978
0.0000000 0.0000000 0.0000000 1.0000000
-0.3603996 0.9266598 -0.1068647 -7.6371921
-0.9315470 -0.3634747 -0.0101640 -248.6026197
-0.0482612 0.0958866 0.9942281 -3.2332211
0.0000000 0.0000000 0.0000000 1.0000000
-0.3604081 0.9269042 -0.1046960 -8.4414007
-0.9315411 -0.3634634 -0.0110668 -250.8200885
-0.0483111 0.0935403 0.9944493 -3.3230691
0.0000000 0.0000000 0.0000000 1.0000000
-0.3666316 0.9244110 -0.1051260 -9.3045190
-0.9290684 -0.3697387 -0.0110601 -253.2551122
-0.0490933 0.0936144 0.9944040 -3.4869609
0.0000000 0.0000000 0.0000000 1.0000000
-0.3721496 0.9222528 -0.1046930 -10.1904901
-0.9268295 -0.3753026 -0.0114867 -255.5929194
-0.0498853 0.0927579 0.9944448 -3.4911406
0.0000000 0.0000000 0.0000000 1.0000000
-0.3764978 0.9203037 -0.1062858 -11.2677551
-0.9250167 -0.3797498 -0.0114447 -257.8707809
-0.0508947 0.0940074 0.9942764 -3.7024626
0.0000000 0.0000000 0.0000000 1.0000000
-0.3834194 0.9175116 -0.1056766 -12.2998436
-0.9221527 -0.3866573 -0.0112552 -260.0130741
-0.0511875 0.0931347 0.9943436 -3.8728357
0.0000000 0.0000000 0.0000000 1.0000000
-0.3918695 0.9140551 -0.1046297 -13.3573567
-0.9184696 -0.3952691 -0.0131474 -262.2965606
-0.0533745 0.0909473 0.9944311 -4.0168296
0.0000000 0.0000000 0.0000000 1.0000000
-0.3999405 0.9105218 -0.1048962 -14.2887733
-0.9149916 -0.4032893 -0.0120086 -264.9922660
-0.0532377 0.0911767 0.9944174 -4.1800762
0.0000000 0.0000000 0.0000000 1.0000000
-0.4055066 0.9078855 -0.1063682 -15.2964163
-0.9124913 -0.4089261 -0.0116093 -267.3338762
-0.0540367 0.0923527 0.9942658 -4.3730034
0.0000000 0.0000000 0.0000000 1.0000000
-0.4141392 0.9038424 -0.1075339 -16.2445709
-0.9085181 -0.4176760 -0.0117007 -269.4303639
-0.0554900 0.0928510 0.9941394 -4.3787447
0.0000000 0.0000000 0.0000000 1.0000000
-0.4223801 0.9000039 -0.1076715 -17.4408947
-0.9046008 -0.4260630 -0.0127326 -272.0337823
-0.0573344 0.0920220 0.9941119 -4.5023890
0.0000000 0.0000000 0.0000000 1.0000000
-0.4277302 0.8975805 -0.1067754 -18.2229910
-0.9019733 -0.4315434 -0.0144382 -274.4525864
-0.0590378 0.0901332 0.9941852 -4.5745524
0.0000000 0.0000000 0.0000000 1.0000000
-0.4333171 0.8949808 -0.1060654 -19.3564747
-0.8992562 -0.4371601 -0.0149414 -276.9136945
-0.0597400 0.0889059 0.9942537 -4.7267342
0.0000000 0.0000000 0.0000000 1.0000000
-0.4400909 0.8916452 -0.1062699 -20.5814259
-0.8959594 -0.4439046 -0.0141115 -279.0999887
-0.0597563 0.0890035 0.9942441 -4.8832800
0.0000000 0.0000000 0.0000000 1.0000000
-0.4415639 0.8908621 -0.1067266 -21.3692091
-0.8951928 -0.4454390 -0.0144067 -281.4344590
-0.0603747 0.0891798 0.9941909 -5.0144299
0.0000000 0.0000000 0.0000000 1.0000000
-0.4470308 0.8880726 -0.1072132 -22.6147932
-0.8925689 -0.4507439 -0.0119868 -283.6282939
-0.0589710 0.0903371 0.9941707 -5.1312995
0.0000000 0.0000000 0.0000000 1.0000000
-0.4538842 0.8843453 -0.1092103 -23.7782678
-0.8889756 -0.4577823 -0.0123019 -285.5167249
-0.0608738 0.0915020 0.9939495 -5.2971707
0.0000000 0.0000000 0.0000000 1.0000000
-0.4652990 0.8784423 -0.1088127 -25.0784762
-0.8830737 -0.4691010 -0.0108663 -287.9785688
-0.0605897 0.0910339 0.9940098 -5.4327512
0.0000000 0.0000000 0.0000000 1.0000000
-0.4674238 0.8772932 -0.1089742 -26.3722422
-0.8820100 -0.4711257 -0.0095464 -290.4968341
-0.0597156 0.0916546 0.9940055 -5.5456484
0.0000000 0.0000000 0.0000000 1.0000000
-0.4734031 0.8738289 -0.1109768 -27.4028275
-0.8787577 -0.4771806 -0.0086970 -292.9042115
-0.0605558 0.0934050 0.9937918 -5.6461983
0.0000000 0.0000000 0.0000000 1.0000000
-0.4750925 0.8727809 -0.1119995 -28.7099556
-0.8778299 -0.4788939 -0.0081820 -295.3903228
-0.0607771 0.0944298 0.9936813 -5.7658126
0.0000000 0.0000000 0.0000000 1.0000000
-0.4807579 0.8698544 -0.1105856 -29.7792694
-0.8747050 -0.4845668 -0.0088468 -297.7205223
-0.0612816 0.0924770 0.9938341 -5.9269621
0.0000000 0.0000000 0.0000000 1.0000000
-0.4848892 0.8673103 -0.1125146 -31.0890789
-0.8723664 -0.4887771 -0.0081553 -299.9510284
-0.0620679 0.0942000 0.9936236 -6.0727761
0.0000000 0.0000000 0.0000000 1.0000000
-0.4883187 0.8654157 -0.1122692 -32.0923015
-0.8705028 -0.4921057 -0.0070439 -302.2757485
-0.0613444 0.0942914 0.9936599 -6.1998357
0.0000000 0.0000000 0.0000000 1.0000000
-0.4896314 0.8646892 -0.1121464 -33.1943377
-0.8697403 -0.4934476 -0.0073528 -304.5507921
-0.0616964 0.0939385 0.9936716 -6.3110368
0.0000000 0.0000000 0.0000000 1.0000000
-0.4934675 0.8623394 -0.1134167 -34.7198519
-0.8674502 -0.4974515 -0.0080359 -306.9988315
-0.0633491 0.0944183 0.9935221 -6.5068980
0.0000000 0.0000000 0.0000000 1.0000000
-0.4946753 0.8616196 -0.1136273 -35.8852381
-0.8665634 -0.4989424 -0.0108153 -309.5411618
-0.0660124 0.0931156 0.9934716 -6.6975211
0.0000000 0.0000000 0.0000000 1.0000000
-0.4967907 0.8600459 -0.1162894 -37.2367587
-0.8651279 -0.5013929 -0.0123093 -312.0779421
-0.0688935 0.0944904 0.9931461 -6.8936107
0.0000000 0.0000000 0.0000000 1.0000000
-0.4958263 0.8605335 -0.1167967 -38.4912887
-0.8656263 -0.5005165 -0.0129197 -314.2852550
-0.0695767 0.0946968 0.9930789 -7.0195115
0.0000000 0.0000000 0.0000000 1.0000000
-0.4997362 0.8581331 -0.1177873 -39.7265823
-0.8631304 -0.5047423 -0.0152467 -316.7872749
-0.0725361 0.0940470 0.9929289 -7.2551424
0.0000000 0.0000000 0.0000000 1.0000000
-0.5064706 0.8539482 -0.1194248 -41.2004002
-0.8589710 -0.5117515 -0.0164360 -318.9355965
-0.0751515 0.0942586 0.9927144 -7.4378543
0.0000000 0.0000000 0.0000000 1.0000000
-0.5103505 0.8516108 -0.1195991 -42.8310268
-0.8566030 -0.5156966 -0.0167454 -321.4490208
-0.0759377 0.0939034 0.9926881 -7.6512213
0.0000000 0.0000000 0.0000000 1.0000000
-0.5144045 0.8493353 -0.1184054 -43.9104695
-0.8542021 -0.5196687 -0.0166005 -323.4486850
-0.0756312 0.0926032 0.9928336 -7.8356566
0.0000000 0.0000000 0.0000000 1.0000000
-0.5192766 0.8467007 -0.1159852 -45.3593557
-0.8514987 -0.5241587 -0.0141401 -325.8688659
-0.0727673 0.0914190 0.9931573 -7.9917767
0.0000000 0.0000000 0.0000000 1.0000000
-0.5245606 0.8434904 -0.1155969 -46.8814828
-0.8481304 -0.5295567 -0.0153784 -328.2907469
-0.0741868 0.0899747 0.9931842 -8.2356735
0.0000000 0.0000000 0.0000000 1.0000000
-0.5267722 0.8418877 -0.1172154 -48.4213939
-0.8465700 -0.5320120 -0.0165662 -330.7821608
-0.0763070 0.0905049 0.9929755 -8.4043138
0.0000000 0.0000000 0.0000000 1.0000000
-0.5328754 0.8381822 -0.1161750 -49.8020878
-0.8426566 -0.5381570 -0.0175598 -333.1912777
-0.0772389 0.0885389 0.9930807 -8.6063643
0.0000000 0.0000000 0.0000000 1.0000000
-0.5389725 0.8341748 -0.1168902 -51.5618450
-0.8385569 -0.5444737 -0.0190308 -335.4569545
-0.0795189 0.0877625 0.9929697 -8.8408029
0.0000000 0.0000000 0.0000000 1.0000000
-0.5413146 0.8325974 -0.1173144 -52.9929218
-0.8370344 -0.5468258 -0.0186160 -337.7454305
-0.0796504 0.0881195 0.9929275 -9.0368594
0.0000000 0.0000000 0.0000000 1.0000000
-0.5463853 0.8289836 -0.1193802 -54.4963613
-0.8337317 -0.5519121 -0.0166265 -340.1069451
-0.0796707 0.0904470 0.9927167 -9.2242774
0.0000000 0.0000000 0.0000000 1.0000000
-0.5500143 0.8265214 -0.1197867 -55.9496918
-0.8314133 -0.5554442 -0.0149823 -342.2568786
-0.0789182 0.0913523 0.9926939 -9.4027331
0.0000000 0.0000000 0.0000000 1.0000000
-0.5546656 0.8233564 -0.1201374 -57.2053329
-0.8282011 -0.5602067 -0.0155883 -344.3749109
-0.0801367 0.0908522 0.9926424 -9.6166541
0.0000000 0.0000000 0.0000000 1.0000000
-0.5565722 0.8220369 -0.1203562 -58.8796838
-0.8267416 -0.5623064 -0.0173923 -346.7583802
-0.0819745 0.0898238 0.9925860 -9.8500298
0.0000000 0.0000000 0.0000000 1.0000000
-0.5614647 0.8187103 -0.1203077 -60.6740758
-0.8232742 -0.5673324 -0.0186143 -349.4048553
-0.0834945 0.0885953 0.9925698 -10.1452138
0.0000000 0.0000000 0.0000000 1.0000000
-0.5663704 0.8155553 -0.1187327 -62.2931536
-0.8197431 -0.5723400 -0.0210121 -351.7241431
-0.0850923 0.0854300 0.9927116 -10.3513219
0.0000000 0.0000000 0.0000000 1.0000000
-0.5696109 0.8130659 -0.1202925 -64.0789664
-0.8174063 -0.5756903 -0.0205257 -354.1638581
-0.0859403 0.0866365 0.9925341 -10.6289659
0.0000000 0.0000000 0.0000000 1.0000000
-0.5743799 0.8094842 -0.1217596 -65.8857788
-0.8138661 -0.5806634 -0.0210885 -356.5576230
-0.0877724 0.0869836 0.9923434 -10.8838135
0.0000000 0.0000000 0.0000000 1.0000000
-0.5788285 0.8063150 -0.1217213 -67.5568308
-0.8102212 -0.5855453 -0.0259039 -358.9271524
-0.0921604 0.0836276 0.9922341 -11.2230593
0.0000000 0.0000000 0.0000000 1.0000000
-0.5838131 0.8028246 -0.1209859 -69.2036826
-0.8066123 -0.5904991 -0.0260712 -361.2529346
-0.0923730 0.0823683 0.9923197 -11.4494657
0.0000000 0.0000000 0.0000000 1.0000000
-0.5872655 0.7999736 -0.1231426 -70.8702565
-0.8039561 -0.5941311 -0.0255885 -363.5227248
-0.0936333 0.0839744 0.9920669 -11.6890306
0.0000000 0.0000000 0.0000000 1.0000000
-0.5909572 0.7965673 -0.1274857 -72.6627875
-0.8008803 -0.5982671 -0.0256574 -365.8217438
-0.0967086 0.0869388 0.9915164 -11.9399472
0.0000000 0.0000000 0.0000000 1.0000000
-0.5927296 0.7951338 -0.1282017 -74.3535289
-0.7995195 -0.6000959 -0.0253900 -368.1399000
-0.0971222 0.0874508 0.9914308 -12.1863940
0.0000000 0.0000000 0.0000000 1.0000000
-0.5944804 0.7945521 -0.1236197 -76.4987181
-0.7982743 -0.6016333 -0.0280574 -370.7535833
-0.0966671 0.0820032 0.9919408 -12.4731598
0.0000000 0.0000000 0.0000000 1.0000000
-0.5958535 0.7938262 -0.1216561 -78.3808484
-0.7973473 -0.6028468 -0.0283713 -373.3491759
-0.0958623 0.0800973 0.9921746 -12.8165920
0.0000000 0.0000000 0.0000000 1.0000000
-0.5992279 0.7909674 -0.1236849 -80.3036171
-0.7947146 -0.6063566 -0.0274165 -375.7684767
-0.0966831 0.0818658 0.9919506 -13.0397406
0.0000000 0.0000000 0.0000000 1.0000000
-0.6020681 0.7885513 -0.1253090 -82.3833074
-0.7923467 -0.6094203 -0.0280101 -378.2282424
-0.0984536 0.0824245 0.9917301 -13.2769513
0.0000000 0.0000000 0.0000000 1.0000000
-0.6062292 0.7859555 -0.1214989 -83.9696360
-0.7893190 -0.6132953 -0.0289046 -380.2313296
-0.0972327 0.0783790 0.9921785 -13.4297758
0.0000000 0.0000000 0.0000000 1.0000000
-0.6091900 0.7841744 -0.1181506 -85.7508514
-0.7869717 -0.6161604 -0.0318146 -382.7163632
-0.0977482 0.0736004 0.9924938 -13.6621664
0.0000000 0.0000000 0.0000000 1.0000000
-0.6128711 0.7804100 -0.1238980 -87.6051257
-0.7834646 -0.6205422 -0.0331885 -385.1403306
-0.1027850 0.0767298 0.9917476 -14.0411483
0.0000000 0.0000000 0.0000000 1.0000000
-0.6151955 0.7793087 -0.1192228 -89.5956082
-0.7815459 -0.6227095 -0.0375531 -387.4898872
-0.1035071 0.0700758 0.9921650 -14.2875909
0.0000000 0.0000000 0.0000000 1.0000000
-0.6179244 0.7768667 -0.1210370 -91.2085633
-0.7792364 -0.6256159 -0.0372520 -389.6256464
-0.1046629 0.0712977 0.9919567 -14.6296898
0.0000000 0.0000000 0.0000000 1.0000000
-0.6158690 0.7785865 -0.1204606 -93.0755276
-0.7806985 -0.6236525 -0.0394896 -392.2286346
-0.1058720 0.0697232 0.9919405 -14.8876554
0.0000000 0.0000000 0.0000000 1.0000000
-0.6191008 0.7759441 -0.1209466 -94.8065478
-0.7779460 -0.6270171 -0.0405251 -394.5429254
-0.1072813 0.0690010 0.9918395 -15.1159757
0.0000000 0.0000000 0.0000000 1.0000000
-0.6229900 0.7733957 -0.1172428 -96.7669884
-0.7748163 -0.6306978 -0.0432797 -397.0981435
-0.1074176 0.0638789 0.9921680 -15.4313537
0.0000000 0.0000000 0.0000000 1.0000000
-0.6253902 0.7718027 -0.1149382 -98.7995519
-0.7730104 -0.6328808 -0.0437074 -399.7987784
-0.1064760 0.0615143 0.9924189 -15.7147978
0.0000000 0.0000000 0.0000000 1.0000000
-0.6286327 0.7698060 -0.1105528 -100.5678417
-0.7704749 -0.6357984 -0.0460675 -401.8471877
-0.1057526 0.0562186 0.9928104 -15.9565048
0.0000000 0.0000000 0.0000000 1.0000000
-0.6300041 0.7693801 -0.1055991 -102.2980392
-0.7700392 -0.6365101 -0.0434435 -404.0042287
-0.1006397 0.0539459 0.9934678 -16.1847034
0.0000000 0.0000000 0.0000000 1.0000000
-0.6274129 0.7710920 -0.1085010 -104.2904665
-0.7729903 -0.6335666 -0.0327296 -405.9377524
-0.0939803 0.0633353 0.9935658 -16.3874773
0.0000000 0.0000000 0.0000000 1.0000000
-0.6292394 0.7686114 -0.1153119 -106.0434176
-0.7714168 -0.6357151 -0.0278316 -408.2550508
-0.0946973 0.0714410 0.9929479 -16.5032764
0.0000000 0.0000000 0.0000000 1.0000000
-0.6325456 0.7654335 -0.1183225 -107.9873656
-0.7678386 -0.6397489 -0.0337205 -410.5815022
-0.1015078 0.0695231 0.9924110 -16.7030377
0.0000000 0.0000000 0.0000000 1.0000000
-0.6337239 0.7638529 -0.1221721 -110.0460940
-0.7654823 -0.6419953 -0.0432495 -412.9901506
-0.1114707 0.0661125 0.9915746 -17.0802480
0.0000000 0.0000000 0.0000000 1.0000000
-0.6425012 0.7563511 -0.1229942 -111.8302490
-0.7576926 -0.6510243 -0.0453904 -415.3469738
-0.1144038 0.0640286 0.9913773 -17.2573585
0.0000000 0.0000000 0.0000000 1.0000000
-0.6461308 0.7535680 -0.1210472 -113.6961121
-0.7543480 -0.6546480 -0.0488454 -417.4617409
-0.1160522 0.0597513 0.9914527 -17.5741508
0.0000000 0.0000000 0.0000000 1.0000000
-0.6499606 0.7499115 -0.1232362 -115.5370939
-0.7511322 -0.6585521 -0.0458328 -419.6038202
-0.1155286 0.0627773 0.9913269 -17.8858597
0.0000000 0.0000000 0.0000000 1.0000000
-0.6566574 0.7436296 -0.1257736 -117.5503472
-0.7450948 -0.6654696 -0.0444421 -421.9104453
-0.1167475 0.0645302 0.9910715 -18.2813155
0.0000000 0.0000000 0.0000000 1.0000000
-0.6665831 0.7346871 -0.1261107 -119.7967480
-0.7361506 -0.6754025 -0.0436323 -424.3821393
-0.1172321 0.0637521 0.9910646 -18.7180520
0.0000000 0.0000000 0.0000000 1.0000000
-0.6698099 0.7314087 -0.1280569 -121.6886266
-0.7330270 -0.6788288 -0.0430408 -426.3343674
-0.1184098 0.0650402 0.9908409 -19.0385745
0.0000000 0.0000000 0.0000000 1.0000000
-0.6737806 0.7269775 -0.1323856 -123.6893913
-0.7286645 -0.6834241 -0.0443632 -428.7279253
-0.1227273 0.0665739 0.9902136 -19.4120105
0.0000000 0.0000000 0.0000000 1.0000000
-0.6762363 0.7240418 -0.1359027 -125.7135590
-0.7256327 -0.6864882 -0.0466940 -430.7926965
-0.1271047 0.0670396 0.9896298 -19.7496348
0.0000000 0.0000000 0.0000000 1.0000000
-0.6773361 0.7232755 -0.1344975 -127.7679696
-0.7248353 -0.6873703 -0.0460967 -432.9197376
-0.1257909 0.0662658 0.9898498 -20.0507625
0.0000000 0.0000000 0.0000000 1.0000000
-0.6791344 0.7212839 -0.1361169 -129.7094866
-0.7233840 -0.6891303 -0.0424790 -435.1496727
-0.1244423 0.0696162 0.9897903 -20.2194505
0.0000000 0.0000000 0.0000000 1.0000000
-0.6848397 0.7154836 -0.1381299 -131.9071018
-0.7176476 -0.6951051 -0.0424328 -437.1806991
-0.1263755 0.0700693 0.9895132 -20.5553841
0.0000000 0.0000000 0.0000000 1.0000000
-0.6847666 0.7148266 -0.1418462 -133.7949401
-0.7171491 -0.6955705 -0.0432234 -439.0634646
-0.1295621 0.0721274 0.9889531 -20.8356449
0.0000000 0.0000000 0.0000000 1.0000000
-0.6861268 0.7131171 -0.1438633 -135.8829827
-0.7154049 -0.6972896 -0.0444106 -441.4457196
-0.1319851 0.0724496 0.9886091 -21.2386779
0.0000000 0.0000000 0.0000000 1.0000000
-0.6893216 0.7101759 -0.1431365 -138.1314356
-0.7121736 -0.7004985 -0.0458201 -443.4962895
-0.1328079 0.0703537 0.9886504 -21.5954539
0.0000000 0.0000000 0.0000000 1.0000000
-0.6950435 0.7047452 -0.1423089 -140.3237969
-0.7068490 -0.7059914 -0.0439300 -445.9246549
-0.1314290 0.0700581 0.9888557 -21.9433103
0.0000000 0.0000000 0.0000000 1.0000000
