1.0000000 0.0000000 0.0000000 0.0000000
0.0000000 1.0000000 0.0000000 0.0000000
0.0000000 0.0000000 1.0000000 0.0000000
0.0000000 0.0000000 0.0000000 1.0000000
0.9999970 0.0013533 0.0019582 1.6594270
-0.0013552 0.9999985 0.0009664 -0.0400528
-0.0019569 -0.0009691 0.9999976 0.0187665
0.0000000 0.0000000 0.0000000 1.0000000
0.9999909 -0.0031958 0.0027923 3.2395856
0.0031896 0.9999926 0.0022317 -0.1144860
-0.0027994 -0.0022228 0.9999937 0.0117633
0.0000000 0.0000000 0.0000000 1.0000000
0.9999894 -0.0033512 0.0031926 4.8336988
0.0033454 0.9999929 0.0018176 -0.0859652
-0.0031986 -0.0018069 0.9999934 -0.0049111
0.0000000 0.0000000 0.0000000 1.0000000
0.9999816 -0.0043056 0.0042998 6.4213251
0.0042879 0.9999822 0.0041229 -0.1582743
-0.0043175 -0.0041043 0.9999825 0.0136169
0.0000000 0.0000000 0.0000000 1.0000000
0.9999771 -0.0046718 0.0049300 8.1262800
0.0046475 0.9999768 0.0049297 -0.1203462
-0.0049529 -0.0049067 0.9999758 -0.0172533
0.0000000 0.0000000 0.0000000 1.0000000
0.9999618 -0.0065483 0.0059120 9.6311277
0.0065204 0.9999667 0.0047640 -0.2069961
-0.0059430 -0.0047252 0.9999712 0.0094799
0.0000000 0.0000000 0.0000000 1.0000000
0.9999630 -0.0068434 0.0053951 11.2068970
0.0068197 0.9999663 0.0044390 -0.1842306
-0.0054253 -0.0044020 0.9999756 0.0492014
0.0000000 0.0000000 0.0000000 1.0000000
0.9999617 -0.0056572 0.0068521 12.6445022
0.0056149 0.9999649 0.0062110 -0.2219033
-0.0068870 -0.0061723 0.9999573 0.0593734
0.0000000 0.0000000 0.0000000 1.0000000
0.9999289 -0.0095635 0.0073139 14.4221644
0.0095187 0.9999361 0.0061567 -0.3047454
-0.0073723 -0.0060866 0.9999542 0.0580196
0.0000000 0.0000000 0.0000000 1.0000000
0.9998859 -0.0113179 0.0100962 15.8401492
0.0112265 0.9998963 0.0090724 -0.3899286
-0.0101979 -0.0089580 0.9999079 0.0393132
0.0000000 0.0000000 0.0000000 1.0000000
0.9998163 -0.0154648 0.0114070 17.6464381
0.0153408 0.9998233 0.0108799 -0.4117717
-0.0115732 -0.0107029 0.9998759 0.0685879
0.0000000 0.0000000 0.0000000 1.0000000
0.9998436 -0.0133375 0.0117269 19.1404920
0.0132035 0.9998477 0.0114373 -0.3924964
-0.0118777 -0.0112807 0.9998660 0.0513612
0.0000000 0.0000000 0.0000000 1.0000000
0.9997600 -0.0169421 0.0140375 20.6933717
0.0167454 0.9997622 0.0140209 -0.3145884
-0.0142717 -0.0137825 0.9998033 0.0692218
0.0000000 0.0000000 0.0000000 1.0000000
0.9997198 -0.0185478 0.0148765 22.3128640
0.0182858 0.9996792 0.0175698 -0.2463642
-0.0151977 -0.0172929 0.9997351 0.0231702
0.0000000 0.0000000 0.0000000 1.0000000
0.9996031 -0.0223159 0.0173419 23.9852522
0.0219615 0.9995517 0.0203808 -0.0891041
-0.0177890 -0.0199919 0.9996421 -0.0511588
0.0000000 0.0000000 0.0000000 1.0000000
0.9993545 -0.0306009 0.0189705 25.8131109
0.0301645 0.9992833 0.0228949 0.0386093
-0.0196575 -0.0223079 0.9995581 -0.1273066
0.0000000 0.0000000 0.0000000 1.0000000
0.9993693 -0.0301316 0.0189225 27.3819549
0.0296769 0.9992749 0.0238735 0.0849229
-0.0196282 -0.0232968 0.9995361 -0.1500841
0.0000000 0.0000000 0.0000000 1.0000000
0.9993561 -0.0318794 0.0166282 28.7009636
0.0314404 0.9991668 0.0260389 0.2162246
-0.0174445 -0.0254992 0.9995230 -0.1643543
0.0000000 0.0000000 0.0000000 1.0000000
0.9993711 -0.0310183 0.0173404 30.0557055
0.0305179 0.9991297 0.0284362 0.1148228
-0.0182074 -0.0278891 0.9994456 -0.2046402
0.0000000 0.0000000 0.0000000 1.0000000
0.9993316 -0.0305467 0.0202251 31.6386683
0.0300509 0.9992500 0.0244109 0.2197422
-0.0209557 -0.0237867 0.9994979 -0.2154892
0.0000000 0.0000000 0.0000000 1.0000000
0.9991514 -0.0353789 0.0212220 33.0609521
0.0349054 0.9991420 0.0223057 0.3603732
-0.0219930 -0.0215459 0.9995265 -0.1912868
0.0000000 0.0000000 0.0000000 1.0000000
0.9992485 -0.0321699 0.0217499 34.4819048
0.0316619 0.9992264 0.0233365 0.2628473
-0.0224838 -0.0226303 0.9994916 -0.2269013
0.0000000 0.0000000 0.0000000 1.0000000
0.9990855 -0.0371121 0.0213893 35.8110250
0.0365747 0.9990179 0.0250226 0.4063533
-0.0222970 -0.0242173 0.9994585 -0.2667559
0.0000000 0.0000000 0.0000000 1.0000000
0.9991832 -0.0344980 0.0212005 37.3374410
0.0339362 0.9990771 0.0263424 0.5758319
-0.0220897 -0.0256013 0.9994286 -0.3038789
0.0000000 0.0000000 0.0000000 1.0000000
0.9992185 -0.0332905 0.0214514 38.7533930
0.0326514 0.9990314 0.0295107 0.6824738
-0.0224130 -0.0287871 0.9993348 -0.3945740
0.0000000 0.0000000 0.0000000 1.0000000
0.9992416 -0.0322786 0.0219165 40.0754827
0.0316417 0.9990835 0.0288389 0.7272283
-0.0228273 -0.0281234 0.9993444 -0.4043842
0.0000000 0.0000000 0.0000000 1.0000000
0.9992600 -0.0315452 0.0221276 41.6493695
0.0309154 0.9991230 0.0282652 0.7357326
-0.0229998 -0.0275601 0.9993561 -0.4674406
0.0000000 0.0000000 0.0000000 1.0000000
0.9993360 -0.0279248 0.0235063 42.9781594
0.0272663 0.9992398 0.0278961 0.7771584
-0.0242674 -0.0272366 0.9993349 -0.4021115
0.0000000 0.0000000 0.0000000 1.0000000
0.9993846 -0.0242393 0.0254327 44.4092995
0.0235297 0.9993361 0.0278505 0.8132993
-0.0260909 -0.0272348 0.9992892 -0.4221394
0.0000000 0.0000000 0.0000000 1.0000000
0.9995253 -0.0175592 0.0254076 45.6799538
0.0168888 0.9995106 0.0263741 0.8716372
-0.0258582 -0.0259324 0.9993299 -0.4512111
0.0000000 0.0000000 0.0000000 1.0000000
0.9995914 -0.0140884 0.0249479 47.2178701
0.0133951 0.9995264 0.0277476 0.9665440
-0.0253269 -0.0274021 0.9993042 -0.4640433
0.0000000 0.0000000 0.0000000 1.0000000
0.9996835 -0.0100408 0.0231545 48.3148840
0.0093726 0.9995423 0.0288006 0.8448228
-0.0234331 -0.0285744 0.9993177 -0.4482985
0.0000000 0.0000000 0.0000000 1.0000000
0.9996868 -0.0035577 0.0248674 49.5745834
0.0028250 0.9995635 0.0294502 0.7984464
-0.0249613 -0.0293706 0.9992576 -0.5017529
0.0000000 0.0000000 0.0000000 1.0000000
0.9996974 0.0000929 0.0246715 50.7000761
-0.0008113 0.9995773 0.0291197 0.9931382
-0.0246583 -0.0291309 0.9992722 -0.5581978
0.0000000 0.0000000 0.0000000 1.0000000
0.9996919 0.0051581 0.0243656 51.7059456
-0.0059003 0.9995188 0.0305026 1.1006732
-0.0241965 -0.0306370 0.9992385 -0.5785747
0.0000000 0.0000000 0.0000000 1.0000000
0.9996288 0.0141737 0.0233557 52.9245252
-0.0148807 0.9994282 0.0304005 1.1632794
-0.0229114 -0.0307367 0.9992657 -0.6220888
0.0000000 0.0000000 0.0000000 1.0000000
0.9994521 0.0213314 0.0254012 54.3561944
-0.0220967 0.9992991 0.0302610 1.2013646
-0.0247378 -0.0308056 0.9992200 -0.6408775
0.0000000 0.0000000 0.0000000 1.0000000
0.9991350 0.0339700 0.0240828 55.6539691
-0.0347223 0.9988996 0.0315654 1.3011565
-0.0229839 -0.0323742 0.9992122 -0.6652728
0.0000000 0.0000000 0.0000000 1.0000000
0.9985584 0.0467108 0.0265353 56.8741049
-0.0475998 0.9982906 0.0339415 1.1910704
-0.0249045 -0.0351555 0.9990723 -0.6789418
0.0000000 0.0000000 0.0000000 1.0000000
0.9976273 0.0628180 0.0282627 57.9593211
-0.0638456 0.9972716 0.0370798 1.1508111
-0.0258563 -0.0387961 0.9989133 -0.7365031
0.0000000 0.0000000 0.0000000 1.0000000
0.9966924 0.0756203 0.0298583 59.3774586
-0.0767115 0.9963569 0.0372880 1.3085457
-0.0269298 -0.0394550 0.9988593 -0.7770046
0.0000000 0.0000000 0.0000000 1.0000000
0.9952923 0.0916283 0.0316580 60.4871331
-0.0928254 0.9949308 0.0386952 1.1389089
-0.0279519 -0.0414516 0.9987503 -0.7806738
0.0000000 0.0000000 0.0000000 1.0000000
0.9933973 0.1102433 0.0318208 61.5382716
-0.1114350 0.9930261 0.0385007 0.9607644
-0.0273544 -0.0417923 0.9987526 -0.7684721
0.0000000 0.0000000 0.0000000 1.0000000
0.9910944 0.1294183 0.0314254 62.6282938
-0.1305649 0.9907227 0.0377029 0.8983608
-0.0262544 -0.0414700 0.9987955 -0.8374383
0.0000000 0.0000000 0.0000000 1.0000000
0.9883868 0.1485889 0.0318915 63.8788805
-0.1496749 0.9881183 0.0349206 1.0215609
-0.0263237 -0.0392882 0.9988819 -0.8626610
0.0000000 0.0000000 0.0000000 1.0000000
0.9852978 0.1676619 0.0329003 65.0011795
-0.1686194 0.9852571 0.0288923 0.7491681
-0.0275712 -0.0340149 0.9990417 -0.8371291
0.0000000 0.0000000 0.0000000 1.0000000
0.9812680 0.1895810 0.0342964 66.0511386
-0.1905739 0.9812594 0.0284672 0.5475311
-0.0282569 -0.0344697 0.9990071 -0.8769175
0.0000000 0.0000000 0.0000000 1.0000000
0.9765716 0.2126348 0.0331454 67.2679684
-0.2134468 0.9766770 0.0232591 0.4669238
-0.0274267 -0.0297887 0.9991808 -0.9241551
0.0000000 0.0000000 0.0000000 1.0000000
0.9700028 0.2411259 0.0309312 68.2269604
-0.2417110 0.9702020 0.0168112 0.2032795
-0.0259559 -0.0237831 0.9993810 -0.9224321
0.0000000 0.0000000 0.0000000 1.0000000
0.9627748 0.2685671 0.0306543 69.2063493
-0.2691052 0.9629931 0.0150080 -0.1599173
-0.0254893 -0.0226983 0.9994183 -0.9483520
0.0000000 0.0000000 0.0000000 1.0000000
0.9544397 0.2967834 0.0310969 70.3789251
-0.2971937 0.9547694 0.0094669 -0.6704416
-0.0268807 -0.0182772 0.9994724 -0.9091373
0.0000000 0.0000000 0.0000000 1.0000000
0.9468886 0.3199540 0.0321651 71.5729355
-0.3203563 0.9472608 0.0081513 -0.7273681
-0.0278607 -0.0180224 0.9994502 -0.9875467
0.0000000 0.0000000 0.0000000 1.0000000
0.9364059 0.3495756 0.0307318 72.5314323
-0.3499359 0.9367452 0.0071221 -1.2737987
-0.0262982 -0.0174231 0.9995031 -0.9863081
0.0000000 0.0000000 0.0000000 1.0000000
0.9255646 0.3776036 0.0273767 73.3971328
-0.3779350 0.9257965 0.0080155 -1.8453462
-0.0223186 -0.0177652 0.9995939 -1.0073213
0.0000000 0.0000000 0.0000000 1.0000000
0.9153120 0.4021272 0.0223993 74.4801143
-0.4023268 0.9154806 0.0051352 -2.0724450
-0.0184412 -0.0137119 0.9997368 -1.0226216
0.0000000 0.0000000 0.0000000 1.0000000
0.9010886 0.4332985 0.0171990 75.3603928
-0.4334578 0.9011467 0.0068941 -2.5368153
-0.0125117 -0.0136670 0.9998292 -0.9724111
0.0000000 0.0000000 0.0000000 1.0000000
0.8827494 0.4694243 0.0199809 75.7486653
-0.4696269 0.8828372 0.0068902 -3.0232943
-0.0144055 -0.0154656 0.9997776 -0.9824733
0.0000000 0.0000000 0.0000000 1.0000000
0.8697713 0.4928464 0.0246122 76.9874955
-0.4931048 0.8699515 0.0055105 -3.3515525
-0.0186957 -0.0169291 0.9996830 -0.9858196
0.0000000 0.0000000 0.0000000 1.0000000
0.8507740 0.5249012 0.0258264 77.6384409
-0.5251312 0.8510161 0.0026513 -3.8758889
-0.0205871 -0.0158177 0.9996640 -0.9934587
0.0000000 0.0000000 0.0000000 1.0000000
0.8326183 0.5533456 0.0236660 78.4649420
-0.5535837 0.8327800 0.0045910 -4.3595107
-0.0171683 -0.0169235 0.9997105 -1.0039166
0.0000000 0.0000000 0.0000000 1.0000000
0.8120262 0.5832724 0.0202795 79.2565893
-0.5834991 0.8120771 0.0076130 -4.5847937
-0.0120281 -0.0180148 0.9997665 -1.0439117
0.0000000 0.0000000 0.0000000 1.0000000
0.7897732 0.6130907 0.0195598 79.9536828
-0.6133368 0.7897477 0.0107433 -5.4275815
-0.0088608 -0.0204813 0.9997521 -1.0004409
0.0000000 0.0000000 0.0000000 1.0000000
0.7679577 0.6401791 0.0204115 80.5958539
-0.6404148 0.7679880 0.0079239 -6.0048924
-0.0106032 -0.0191568 0.9997614 -0.9841171
0.0000000 0.0000000 0.0000000 1.0000000
0.7459514 0.6656717 0.0210462 81.3164678
-0.6659212 0.7459796 0.0079444 -6.7795719
-0.0104118 -0.0199411 0.9997480 -0.9832816
0.0000000 0.0000000 0.0000000 1.0000000
0.7239553 0.6895936 0.0188482 82.0819272
-0.6898111 0.7239297 0.0092690 -7.3417619
-0.0072532 -0.0197118 0.9997806 -0.9555906
0.0000000 0.0000000 0.0000000 1.0000000
0.7007118 0.7132026 0.0187330 82.9009860
-0.7134292 0.7006329 0.0114384 -8.0657743
-0.0049673 -0.0213794 0.9997602 -0.9395608
0.0000000 0.0000000 0.0000000 1.0000000
0.6757356 0.7369107 0.0186951 83.5964169
-0.7371352 0.6756415 0.0117860 -8.6241580
-0.0039462 -0.0217448 0.9997570 -0.9961228
0.0000000 0.0000000 0.0000000 1.0000000
0.6496198 0.7600746 0.0169367 84.2331762
-0.7602610 0.6494520 0.0146323 -9.3112248
0.0001219 -0.0223815 0.9997508 -0.9689178
0.0000000 0.0000000 0.0000000 1.0000000
0.6279192 0.7781270 0.0155424 84.8236059
-0.7782649 0.6276553 0.0187439 -9.8772317
0.0048297 -0.0238656 0.9997050 -0.9819151
0.0000000 0.0000000 0.0000000 1.0000000
0.6005649 0.7994887 0.0120695 85.4530693
-0.7994689 0.6001632 0.0255443 -10.7133298
0.0131785 -0.0249900 0.9996023 -1.0282119
0.0000000 0.0000000 0.0000000 1.0000000
0.5703321 0.8213580 0.0099304 86.2112791
-0.8211708 0.5698223 0.0313062 -11.3360431
0.0200548 -0.0260092 0.9994621 -1.0593180
0.0000000 0.0000000 0.0000000 1.0000000
0.5414852 0.8406562 0.0098754 86.7026055
-0.8403783 0.5408991 0.0345211 -12.0723035
0.0236785 -0.0269916 0.9993568 -1.0512294
0.0000000 0.0000000 0.0000000 1.0000000
0.5127543 0.8584550 0.0120047 87.2629225
-0.8582234 0.5121382 0.0341373 -13.0570001
0.0231570 -0.0278066 0.9993466 -1.0428100
0.0000000 0.0000000 0.0000000 1.0000000
0.4808098 0.8766693 0.0166847 87.6980205
-0.8765753 0.4801298 0.0329954 -13.8984923
0.0209150 -0.0304897 0.9993179 -1.0709610
0.0000000 0.0000000 0.0000000 1.0000000
0.4507144 0.8923832 0.0226808 88.1451452
-0.8924441 0.4498842 0.0338471 -14.6341610
0.0200006 -0.0354965 0.9991714 -1.0749780
0.0000000 0.0000000 0.0000000 1.0000000
0.4199045 0.9071205 0.0286039 88.6381286
-0.9073184 0.4188389 0.0366771 -15.3638627
0.0212898 -0.0413535 0.9989196 -1.0346745
0.0000000 0.0000000 0.0000000 1.0000000
0.3899660 0.9202245 0.0334453 88.9824388
-0.9205965 0.3887913 0.0366282 -16.0967333
0.0207026 -0.0450732 0.9987711 -1.0322433
0.0000000 0.0000000 0.0000000 1.0000000
0.3563578 0.9336357 0.0365830 89.3483761
-0.9341071 0.3550989 0.0366931 -17.1393809
0.0212671 -0.0472481 0.9986587 -0.9958827
0.0000000 0.0000000 0.0000000 1.0000000
0.3242633 0.9452122 0.0378321 89.7968075
-0.9457236 0.3230122 0.0356030 -18.1541937
0.0214319 -0.0473233 0.9986516 -0.9627088
0.0000000 0.0000000 0.0000000 1.0000000
0.2900225 0.9562735 0.0378421 90.2157546
-0.9567726 0.2888212 0.0341453 -18.9388980
0.0217224 -0.0461090 0.9987022 -0.9659124
0.0000000 0.0000000 0.0000000 1.0000000
0.2526916 0.9668538 0.0366666 90.4141991
-0.9672709 0.2515332 0.0333898 -19.8539665
0.0230600 -0.0439037 0.9987717 -0.9606049
0.0000000 0.0000000 0.0000000 1.0000000
0.2196761 0.9750854 0.0308983 90.7915323
-0.9752817 0.2187260 0.0313336 -20.8052593
0.0237944 -0.0370176 0.9990334 -0.9114993
0.0000000 0.0000000 0.0000000 1.0000000
0.1840782 0.9824550 0.0300255 91.0135061
-0.9825390 0.1830820 0.0330812 -21.8371956
0.0270034 -0.0355907 0.9990037 -0.9249164
0.0000000 0.0000000 0.0000000 1.0000000
0.1572518 0.9871195 0.0294923 91.3634618
-0.9870504 0.1561427 0.0367054 -22.9505452
0.0316274 -0.0348822 0.9988930 -0.9944253
0.0000000 0.0000000 0.0000000 1.0000000
0.1316040 0.9909577 0.0262037 91.7904474
-0.9907593 0.1306103 0.0365286 -23.9254031
0.0327756 -0.0307687 0.9989912 -0.9416473
0.0000000 0.0000000 0.0000000 1.0000000
0.1052553 0.9941318 0.0250279 91.6565338
-0.9938767 0.1043101 0.0364095 -24.9331916
0.0335849 -0.0287068 0.9990258 -0.9205970
0.0000000 0.0000000 0.0000000 1.0000000
0.0820002 0.9963317 0.0245270 91.6665652
-0.9961335 0.0811550 0.0336043 -25.9808778
0.0314903 -0.0271875 0.9991365 -0.8880145
0.0000000 0.0000000 0.0000000 1.0000000
0.0641104 0.9976823 0.0228492 91.7256808
-0.9974814 0.0633662 0.0318395 -27.0067504
0.0303176 -0.0248327 0.9992340 -0.8326453
0.0000000 0.0000000 0.0000000 1.0000000
0.0514029 0.9984121 0.0230926 91.8104508
-0.9981526 0.0506103 0.0335977 -28.1472048
0.0323753 -0.0247768 0.9991708 -0.8087179
0.0000000 0.0000000 0.0000000 1.0000000
0.0373998 0.9990984 0.0201566 91.8864225
-0.9986125 0.0366170 0.0378158 -29.1738445
0.0370433 -0.0215428 0.9990837 -0.7772926
0.0000000 0.0000000 0.0000000 1.0000000
0.0269198 0.9995050 0.0163531 91.9457745
-0.9988438 0.0262416 0.0402504 -30.2357112
0.0398011 -0.0174176 0.9990580 -0.7145541
0.0000000 0.0000000 0.0000000 1.0000000
0.0202962 0.9997189 0.0123688 91.9986997
-0.9988468 0.0197356 0.0437369 -31.1211417
0.0434803 -0.0132421 0.9989687 -0.7357697
0.0000000 0.0000000 0.0000000 1.0000000
0.0175334 0.9998105 0.0086423 92.0043387
-0.9987182 0.0171011 0.0476065 -32.2025672
0.0474495 -0.0094658 0.9988308 -0.6619884
0.0000000 0.0000000 0.0000000 1.0000000
0.0177026 0.9998291 0.0055369 91.8734701
-0.9985628 0.0173980 0.0506584 -33.1324645
0.0505532 -0.0064255 0.9987026 -0.6132234
0.0000000 0.0000000 0.0000000 1.0000000
0.0167014 0.9998491 0.0049414 91.9970573
-0.9983757 0.0164054 0.0545296 -34.2795580
0.0544401 -0.0058439 0.9985020 -0.5510316
0.0000000 0.0000000 0.0000000 1.0000000
0.0130554 0.9999140 0.0018442 92.0066083
-0.9983148 0.0129283 0.0565465 -35.3492544
0.0565176 -0.0025791 0.9984003 -0.4713057
0.0000000 0.0000000 0.0000000 1.0000000
0.0105036 0.9999451 0.0013372 91.9941510
-0.9981689 0.0104034 0.0595688 -36.4879000
0.0595514 -0.0019602 0.9982254 -0.3775019
0.0000000 0.0000000 0.0000000 1.0000000
0.0122869 0.9999249 0.0011184 91.9212479
-0.9979911 0.0121917 0.0621507 -37.5046729
0.0621322 -0.0018796 0.9980681 -0.3271461
0.0000000 0.0000000 0.0000000 1.0000000
0.0169113 0.9998550 -0.0024351 91.8020491
-0.9978937 0.0170284 0.0625839 -38.4838649
0.0626161 0.0013718 0.9980387 -0.2455109
0.0000000 0.0000000 0.0000000 1.0000000
0.0193711 0.9998132 -0.0004443 91.6001392
-0.9978414 0.0193587 0.0627387 -39.6015532
0.0627354 -0.0007718 0.9980319 -0.2158449
0.0000000 0.0000000 0.0000000 1.0000000
0.0174426 0.9998464 -0.0019135 91.6490091
-0.9979643 0.0175246 0.0613089 -40.7202639
0.0613329 0.0008405 0.9981190 -0.1278845
0.0000000 0.0000000 0.0000000 1.0000000
0.0203631 0.9997929 0.0000736 91.4782852
-0.9978708 0.0203170 0.0619567 -41.8270812
0.0619423 -0.0013349 0.9980810 -0.0418603
0.0000000 0.0000000 0.0000000 1.0000000
0.0229453 0.9997367 -0.0011172 91.3459677
-0.9978032 0.0229681 0.0621254 -42.8770764
0.0621346 -0.0003105 0.9980699 0.0314989
0.0000000 0.0000000 0.0000000 1.0000000
0.0187448 0.9998248 0.0005907 91.3213640
-0.9977044 0.0186642 0.0650890 -44.0295746
0.0650664 -0.0018093 0.9978816 0.1281007
0.0000000 0.0000000 0.0000000 1.0000000
0.0152381 0.9998832 0.0014181 91.3821766
-0.9975877 0.0151046 0.0677433 -45.2578664
0.0677138 -0.0024467 0.9977041 0.2019619
0.0000000 0.0000000 0.0000000 1.0000000
0.0117571 0.9999309 0.0010276 91.4523326
-0.9974327 0.0116525 0.0706535 -46.2666776
0.0706365 -0.0018555 0.9975027 0.2952908
0.0000000 0.0000000 0.0000000 1.0000000
0.0106157 0.9999438 -0.0008958 91.5897658
-0.9972971 0.0106504 0.0726889 -47.3894000
0.0726942 0.0001220 0.9973567 0.4084598
0.0000000 0.0000000 0.0000000 1.0000000
0.0075799 0.9999603 0.0048658 91.5864306
-0.9974397 0.0072124 0.0711381 -48.5042217
0.0711000 -0.0053924 0.9974570 0.5093186
0.0000000 0.0000000 0.0000000 1.0000000
0.0082127 0.9999387 0.0075319 91.4395293
-0.9976818 0.0076827 0.0676057 -49.3879556
0.0675435 -0.0080695 0.9976859 0.5312893
0.0000000 0.0000000 0.0000000 1.0000000
0.0064784 0.9999620 0.0059644 91.3731021
-0.9977799 0.0060664 0.0663130 -50.6676601
0.0662742 -0.0063806 0.9977831 0.6631952
0.0000000 0.0000000 0.0000000 1.0000000
0.0075101 0.9999529 0.0063093 91.2990265
-0.9977294 0.0070686 0.0669712 -51.7857940
0.0669233 -0.0067978 0.9977370 0.7845269
0.0000000 0.0000000 0.0000000 1.0000000
0.0035051 0.9999831 0.0048998 91.2797461
-0.9976924 0.0031626 0.0678188 -52.8211962
0.0678019 -0.0051260 0.9976878 0.8360588
0.0000000 0.0000000 0.0000000 1.0000000
0.0043443 0.9999858 0.0034638 91.2819030
-0.9975557 0.0040897 0.0697555 -53.9677949
0.0697401 -0.0037582 0.9975603 0.8838117
0.0000000 0.0000000 0.0000000 1.0000000
0.0042047 0.9999841 0.0040605 91.2445359
-0.9975065 0.0039058 0.0704655 -54.9921763
0.0704483 -0.0043465 0.9975082 0.9810017
0.0000000 0.0000000 0.0000000 1.0000000
0.0068181 0.9999650 0.0050717 91.2907486
-0.9975385 0.0064450 0.0698215 -56.1113008
0.0697862 -0.0055351 0.9975488 1.0521471
0.0000000 0.0000000 0.0000000 1.0000000
0.0049887 0.9999686 0.0063548 91.3848810
-0.9976466 0.0045402 0.0684085 -57.1665973
0.0683773 -0.0066809 0.9976393 1.1097975
0.0000000 0.0000000 0.0000000 1.0000000
0.0072746 0.9999341 0.0090284 91.5450621
-0.9976269 0.0066368 0.0685260 -58.1991782
0.0684614 -0.0095053 0.9976107 1.1557180
0.0000000 0.0000000 0.0000000 1.0000000
0.0072253 0.9999142 0.0110203 91.4970186
-0.9975580 0.0064398 0.0695307 -59.2851125
0.0694536 -0.0114956 0.9975212 1.2546819
0.0000000 0.0000000 0.0000000 1.0000000
0.0060365 0.9998858 0.0139123 91.6320843
-0.9975319 0.0050459 0.0700185 -60.4498428
0.0699402 -0.0143004 0.9974509 1.3584098
0.0000000 0.0000000 0.0000000 1.0000000
0.0072285 0.9998985 0.0123067 91.6686233
-0.9978065 0.0064000 0.0658774 -61.6556539
0.0657918 -0.0127558 0.9977540 1.4300333
0.0000000 0.0000000 0.0000000 1.0000000
0.0048962 0.9999521 0.0084561 91.8138824
-0.9982353 0.0043844 0.0592035 -62.7590474
0.0591635 -0.0087309 0.9982124 1.4524945
0.0000000 0.0000000 0.0000000 1.0000000
0.0074665 0.9999693 0.0023125 91.7313873
-0.9986316 0.0073342 0.0517612 -63.9581346
0.0517425 -0.0026956 0.9986592 1.4891009
0.0000000 0.0000000 0.0000000 1.0000000
0.0095488 0.9999432 -0.0047845 91.5849393
-0.9985454 0.0097868 0.0530001 -65.0832930
0.0530437 0.0042717 0.9985855 1.5575245
0.0000000 0.0000000 0.0000000 1.0000000
0.0068484 0.9999471 -0.0077367 91.7183516
-0.9983767 0.0072725 0.0564671 -66.2179180
0.0565201 0.0073376 0.9983771 1.6197592
0.0000000 0.0000000 0.0000000 1.0000000
0.0123563 0.9998729 -0.0100652 91.5539015
-0.9980860 0.0129404 0.0604534 -67.4631563
0.0605758 0.0092992 0.9981227 1.6650358
0.0000000 0.0000000 0.0000000 1.0000000
0.0102020 0.9998682 -0.0126435 91.5895087
-0.9979973 0.0109681 0.0622814 -68.4993119
0.0624117 0.0119830 0.9979811 1.8159664
0.0000000 0.0000000 0.0000000 1.0000000
0.0115851 0.9998804 -0.0102287 91.5697690
-0.9980726 0.0121838 0.0608380 -69.7155935
0.0609553 0.0095043 0.9980978 1.9428934
0.0000000 0.0000000 0.0000000 1.0000000
0.0113511 0.9998823 -0.0103370 91.5921033
-0.9982483 0.0119291 0.0579281 -70.8033426
0.0580445 0.0096616 0.9982697 1.9731884
0.0000000 0.0000000 0.0000000 1.0000000
0.0144079 0.9998651 -0.0079085 91.6950663
-0.9983140 0.0148271 0.0560955 -71.9756569
0.0562050 0.0070872 0.9983965 2.0707672
0.0000000 0.0000000 0.0000000 1.0000000
0.0143832 0.9998668 -0.0077411 91.7199671
-0.9982455 0.0148015 0.0573034 -73.1684588
0.0574102 0.0069036 0.9983293 2.1082391
0.0000000 0.0000000 0.0000000 1.0000000
0.0123969 0.9998916 -0.0079758 91.6058073
-0.9980419 0.0128602 0.0611802 -74.2421414
0.0612760 0.0072019 0.9980974 2.1796859
0.0000000 0.0000000 0.0000000 1.0000000
0.0146616 0.9998770 -0.0056431 91.5651042
-0.9978620 0.0149890 0.0635923 -75.4271648
0.0636689 0.0046989 0.9979627 2.2945067
0.0000000 0.0000000 0.0000000 1.0000000
0.0134692 0.9998880 -0.0066178 91.6546919
-0.9979627 0.0138534 0.0622551 -76.6116811
0.0623396 0.0057660 0.9980410 2.3406518
0.0000000 0.0000000 0.0000000 1.0000000
0.0177614 0.9998107 -0.0079701 91.4189976
-0.9982647 0.0181781 0.0559882 -77.9789444
0.0561223 0.0069620 0.9984023 2.4194931
0.0000000 0.0000000 0.0000000 1.0000000
0.0169895 0.9998234 -0.0080055 91.5270023
-0.9982890 0.0174079 0.0557954 -79.1067333
0.0559248 0.0070441 0.9984129 2.5369243
0.0000000 0.0000000 0.0000000 1.0000000
0.0165280 0.9998392 -0.0069509 91.5577907
-0.9981865 0.0169000 0.0577503 -80.3414581
0.0578584 0.0059840 0.9983097 2.5989556
0.0000000 0.0000000 0.0000000 1.0000000
0.0174026 0.9998477 -0.0010047 91.4029290
-0.9980003 0.0174291 0.0607364 -81.5355089
0.0607446 -0.0000541 0.9981562 2.6890591
0.0000000 0.0000000 0.0000000 1.0000000
0.0162903 0.9998648 -0.0017970 91.5349199
-0.9980516 0.0163663 0.0601934 -82.7296972
0.0602146 0.0008130 0.9981879 2.7705513
0.0000000 0.0000000 0.0000000 1.0000000
0.0176413 0.9998427 -0.0012428 91.4268813
-0.9982361 0.0176808 0.0566567 -83.9994571
0.0566697 0.0002412 0.9983959 2.8258554
0.0000000 0.0000000 0.0000000 1.0000000
0.0197859 0.9997924 -0.0046068 91.5225950
-0.9982754 0.0200071 0.0551797 -85.1577834
0.0552603 0.0035072 0.9984688 2.8850551
0.0000000 0.0000000 0.0000000 1.0000000
0.0207586 0.9997705 -0.0050126 91.5838888
-0.9982810 0.0209990 0.0547012 -86.2817845
0.0547938 0.0038686 0.9984932 2.9609503
0.0000000 0.0000000 0.0000000 1.0000000
0.0234459 0.9996990 -0.0069993 91.6049604
-0.9981937 0.0237938 0.0551407 -87.6550236
0.0552906 0.0056939 0.9984571 3.0656057
0.0000000 0.0000000 0.0000000 1.0000000
0.0247877 0.9996523 -0.0087909 91.6041646
-0.9981626 0.0252322 0.0550594 -88.7541720
0.0552620 0.0074100 0.9984473 3.1083242
0.0000000 0.0000000 0.0000000 1.0000000
0.0274746 0.9995854 -0.0083688 91.7209901
-0.9981210 0.0278881 0.0545275 -89.9296940
0.0547382 0.0068551 0.9984802 3.1922825
0.0000000 0.0000000 0.0000000 1.0000000
0.0298643 0.9995056 -0.0096124 91.7470943
-0.9982060 0.0303188 0.0515927 -91.4126734
0.0518586 0.0080545 0.9986250 3.1876325
0.0000000 0.0000000 0.0000000 1.0000000
0.0306107 0.9995037 -0.0071964 91.8238078
-0.9982087 0.0309368 0.0511761 -92.5611445
0.0513733 0.0056170 0.9986668 3.2578702
0.0000000 0.0000000 0.0000000 1.0000000
0.0320216 0.9994360 -0.0099528 91.8032859
-0.9982380 0.0324748 0.0496261 -93.7985665
0.0499212 0.0083463 0.9987213 3.3447950
0.0000000 0.0000000 0.0000000 1.0000000
0.0338218 0.9993747 -0.0101146 91.8738053
-0.9981483 0.0342857 0.0502043 -94.9101168
0.0505196 0.0083980 0.9986907 3.3808675
0.0000000 0.0000000 0.0000000 1.0000000
0.0345963 0.9993450 -0.0104430 91.8730864
-0.9980027 0.0350956 0.0524756 -96.1426483
0.0528077 0.0086068 0.9985706 3.4294723
0.0000000 0.0000000 0.0000000 1.0000000
0.0365858 0.9992528 -0.0123077 91.9102092
-0.9979766 0.0371713 0.0515263 -97.5718126
0.0519452 0.0103978 0.9985989 3.5071245
0.0000000 0.0000000 0.0000000 1.0000000
0.0391535 0.9991263 -0.0144627 92.1169418
-0.9978977 0.0398419 0.0510576 -98.8468684
0.0515892 0.0124333 0.9985942 3.5775236
0.0000000 0.0000000 0.0000000 1.0000000
0.0395648 0.9991604 -0.0104285 92.0494087
-0.9979365 0.0400372 0.0501270 -100.0268930
0.0505024 0.0084238 0.9986916 3.6441409
0.0000000 0.0000000 0.0000000 1.0000000
0.0400646 0.9991395 -0.0105224 92.1470496
-0.9978797 0.0405472 0.0508393 -101.1929812
0.0512222 0.0084634 0.9986547 3.6948690
0.0000000 0.0000000 0.0000000 1.0000000
0.0390004 0.9991994 -0.0086674 92.1822814
-0.9980554 0.0393719 0.0482481 -102.5957753
0.0485507 0.0067690 0.9988011 3.7798874
0.0000000 0.0000000 0.0000000 1.0000000
0.0386644 0.9992185 -0.0079441 92.2956855
-0.9981012 0.0389973 0.0475962 -103.9297999
0.0478688 0.0060888 0.9988384 3.8738766
0.0000000 0.0000000 0.0000000 1.0000000
0.0384799 0.9992305 -0.0072930 92.3597555
-0.9981461 0.0387776 0.0468314 -105.1922780
0.0470781 0.0054775 0.9988797 3.9435943
0.0000000 0.0000000 0.0000000 1.0000000
0.0370372 0.9993015 -0.0044108 92.4021063
-0.9982937 0.0371958 0.0449208 -106.3031582
0.0450535 0.0027395 0.9989842 3.9460238
0.0000000 0.0000000 0.0000000 1.0000000
0.0353120 0.9993715 -0.0021755 92.3810233
-0.9984283 0.0353708 0.0433776 -107.6694123
0.0434272 0.0006403 0.9990598 4.0425160
0.0000000 0.0000000 0.0000000 1.0000000
0.0316275 0.9994765 -0.0064590 92.4525568
-0.9986527 0.0318632 0.0408643 -108.9133287
0.0410486 0.0051579 0.9991473 4.0352502
0.0000000 0.0000000 0.0000000 1.0000000
0.0275557 0.9996103 -0.0037991 92.4665138
-0.9988028 0.0276840 0.0402315 -110.2357731
0.0403210 0.0026859 0.9991867 4.1146954
0.0000000 0.0000000 0.0000000 1.0000000
0.0220515 0.9997514 -0.0022624 92.5317311
-0.9987588 0.0221280 0.0445304 -111.5293917
0.0445693 0.0012775 0.9990089 4.2276140
0.0000000 0.0000000 0.0000000 1.0000000
0.0155151 0.9998755 0.0015795 92.5477467
-0.9987627 0.0154209 0.0471857 -112.8867572
0.0471554 -0.0023097 0.9988885 4.2711726
0.0000000 0.0000000 0.0000000 1.0000000
0.0067955 0.9999504 -0.0068925 92.5845925
-0.9990134 0.0070884 0.0437386 -114.1004244
0.0437852 0.0065884 0.9990229 4.3595587
0.0000000 0.0000000 0.0000000 1.0000000
-0.0061656 0.9999220 -0.0105731 92.5495090
-0.9991189 -0.0057245 0.0414746 -115.4712498
0.0414108 0.0108195 0.9990873 4.4213281
0.0000000 0.0000000 0.0000000 1.0000000
-0.0194091 0.9997719 -0.0085523 92.5730984
-0.9990028 -0.0190521 0.0402782 -116.6488502
0.0401061 0.0093255 0.9991556 4.5131617
0.0000000 0.0000000 0.0000000 1.0000000
-0.0339238 0.9993877 -0.0081598 92.5427770
-0.9986195 -0.0335712 0.0402953 -117.9750887
0.0399967 0.0095154 0.9991583 4.5694955
0.0000000 0.0000000 0.0000000 1.0000000
-0.0489857 0.9986479 -0.0172181 92.4881148
-0.9980712 -0.0482890 0.0389086 -119.2190376
0.0380244 0.0190909 0.9990982 4.6259852
0.0000000 0.0000000 0.0000000 1.0000000
-0.0636790 0.9978470 -0.0154773 92.4546356
-0.9972509 -0.0630411 0.0388350 -120.4708813
0.0377756 0.0179077 0.9991295 4.7214847
0.0000000 0.0000000 0.0000000 1.0000000
-0.0819471 0.9965057 -0.0159284 92.3349966
-0.9958096 -0.0812221 0.0419380 -121.7370570
0.0404977 0.0192983 0.9989970 4.7471221
0.0000000 0.0000000 0.0000000 1.0000000
-0.0954713 0.9953442 -0.0129473 92.2592787
-0.9944537 -0.0947970 0.0454685 -122.9230079
0.0440294 0.0172164 0.9988857 4.8178965
0.0000000 0.0000000 0.0000000 1.0000000
-0.1118813 0.9936321 -0.0130312 92.1438919
-0.9928104 -0.1112119 0.0441782 -124.2173482
0.0424477 0.0178801 0.9989425 4.8778273
0.0000000 0.0000000 0.0000000 1.0000000
-0.1275166 0.9917767 -0.0105018 92.0848994
-0.9910704 -0.1269993 0.0405209 -125.4654668
0.0388540 0.0155750 0.9991274 4.9518706
0.0000000 0.0000000 0.0000000 1.0000000
-0.1433031 0.9896069 -0.0115756 91.9282090
-0.9890140 -0.1427733 0.0381677 -126.8413458
0.0361183 0.0169178 0.9992082 5.0352750
0.0000000 0.0000000 0.0000000 1.0000000
-0.1596943 0.9871272 -0.0082847 91.7423484
-0.9864756 -0.1592675 0.0385923 -127.9662663
0.0367761 0.0143355 0.9992246 5.1067529
0.0000000 0.0000000 0.0000000 1.0000000
-0.1763257 0.9842735 -0.0102723 91.5438132
-0.9835896 -0.1757828 0.0405197 -129.2237310
0.0380769 0.0172483 0.9991298 5.0941434
0.0000000 0.0000000 0.0000000 1.0000000
-0.1888138 0.9819561 -0.0101278 91.3951688
-0.9812265 -0.1882448 0.0418071 -130.4358917
0.0391463 0.0178313 0.9990783 5.1810690
0.0000000 0.0000000 0.0000000 1.0000000
-0.2029394 0.9791287 -0.0106743 91.1580516
-0.9784543 -0.2023569 0.0408377 -131.6196508
0.0378254 0.0187317 0.9991128 5.2476825
0.0000000 0.0000000 0.0000000 1.0000000
-0.2172915 0.9760269 -0.0121218 90.9075487
-0.9754549 -0.2166817 0.0390562 -132.8146670
0.0354933 0.0203107 0.9991677 5.3121602
0.0000000 0.0000000 0.0000000 1.0000000
-0.2326234 0.9724940 -0.0115055 90.5849253
-0.9719464 -0.2320420 0.0382852 -134.0752711
0.0345624 0.0200886 0.9992049 5.3871736
0.0000000 0.0000000 0.0000000 1.0000000
-0.2477487 0.9687559 -0.0110829 90.2913634
-0.9681701 -0.2471507 0.0393956 -135.3153299
0.0354256 0.0204902 0.9991665 5.4443569
0.0000000 0.0000000 0.0000000 1.0000000
-0.2637206 0.9645490 -0.0093824 89.9424428
-0.9638569 -0.2631294 0.0416018 -136.5583624
0.0376582 0.0200144 0.9990945 5.5255324
0.0000000 0.0000000 0.0000000 1.0000000
-0.2784524 0.9603949 -0.0098396 89.5897790
-0.9596443 -0.2777904 0.0436290 -137.7179582
0.0391678 0.0215910 0.9990037 5.5954955
0.0000000 0.0000000 0.0000000 1.0000000
-0.2946819 0.9555429 -0.0095282 89.2263719
-0.9547413 -0.2939878 0.0450527 -138.8978387
0.0402488 0.0223730 0.9989436 5.6210546
0.0000000 0.0000000 0.0000000 1.0000000
-0.3107917 0.9504261 -0.0094424 88.8743776
-0.9494823 -0.3100015 0.0487058 -140.0344232
0.0433643 0.0241025 0.9987731 5.6871212
0.0000000 0.0000000 0.0000000 1.0000000
-0.3268545 0.9450228 -0.0093843 88.5097600
-0.9440441 -0.3260239 0.0497910 -141.2006153
0.0439944 0.0251334 0.9987201 5.7931575
0.0000000 0.0000000 0.0000000 1.0000000
-0.3431445 0.9392353 -0.0089507 88.0504172
-0.9382976 -0.3423382 0.0489132 -142.3574074
0.0428770 0.0251825 0.9987675 5.8067910
0.0000000 0.0000000 0.0000000 1.0000000
-0.3611513 0.9324927 -0.0042371 87.6603536
-0.9315916 -0.3605965 0.0458062 -143.5961913
0.0411863 0.0204899 0.9989461 5.7824352
0.0000000 0.0000000 0.0000000 1.0000000
-0.3780988 0.9257557 -0.0029331 87.2299771
-0.9248440 -0.3775842 0.0456521 -144.6952394
0.0411554 0.0199734 0.9989578 5.8619896
0.0000000 0.0000000 0.0000000 1.0000000
-0.3940959 0.9190630 -0.0016561 86.6812465
-0.9181798 -0.3936396 0.0445275 -145.8123168
0.0402719 0.0190683 0.9990116 5.9033835
0.0000000 0.0000000 0.0000000 1.0000000
-0.4095536 0.9122765 -0.0029566 86.2315737
-0.9113940 -0.4090132 0.0453598 -146.9017947
0.0401716 0.0212716 0.9989711 5.9245946
0.0000000 0.0000000 0.0000000 1.0000000
-0.4256191 0.9048930 -0.0028227 85.8934960
-0.9040592 -0.4250915 0.0443032 -147.9980419
0.0388899 0.0214078 0.9990189 5.9815421
0.0000000 0.0000000 0.0000000 1.0000000
-0.4434074 0.8963151 -0.0008028 85.2890208
-0.8954517 -0.4429436 0.0442224 -149.1567972
0.0392817 0.0203271 0.9990262 6.0699838
0.0000000 0.0000000 0.0000000 1.0000000
-0.4608925 0.8874517 -0.0000529 84.5910329
-0.8866756 -0.4604900 0.0417575 -150.3760418
0.0370335 0.0192923 0.9991326 6.1278178
0.0000000 0.0000000 0.0000000 1.0000000
-0.4771576 0.8788132 0.0000894 84.0341213
-0.8781758 -0.4768184 0.0379466 -151.4006839
0.0333907 0.0180277 0.9992847 6.1043983
0.0000000 0.0000000 0.0000000 1.0000000
-0.4931094 0.8699626 -0.0008891 83.4092834
-0.8694230 -0.4927704 0.0356248 -152.5725310
0.0305541 0.0183396 0.9993699 6.1624631
0.0000000 0.0000000 0.0000000 1.0000000
-0.5082978 0.8611762 -0.0011226 82.7898130
-0.8606617 -0.5079515 0.0351426 -153.6234169
0.0296938 0.0188287 0.9993867 6.1902315
0.0000000 0.0000000 0.0000000 1.0000000
-0.5247854 0.8512258 0.0028005 82.1274370
-0.8506195 -0.5245337 0.0360426 -154.6047090
0.0321494 0.0165321 0.9993513 6.2545767
0.0000000 0.0000000 0.0000000 1.0000000
-0.5407386 0.8411698 0.0051816 81.3919935
-0.8404859 -0.5405324 0.0373621 -155.7718993
0.0342288 0.0158477 0.9992934 6.3511478
0.0000000 0.0000000 0.0000000 1.0000000
-0.5579004 0.8298873 0.0051220 80.6972300
-0.8292634 -0.5577047 0.0357190 -156.7829739
0.0324994 0.0156798 0.9993538 6.3981209
0.0000000 0.0000000 0.0000000 1.0000000
-0.5745089 0.8184880 0.0030331 80.0528838
-0.8180255 -0.5743048 0.0315662 -157.7576237
0.0275786 0.0156535 0.9995021 6.4140011
0.0000000 0.0000000 0.0000000 1.0000000
-0.5941412 0.8043453 0.0040377 79.2598179
-0.8039464 -0.5939949 0.0287559 -158.8588287
0.0255280 0.0138385 0.9995834 6.4874019
0.0000000 0.0000000 0.0000000 1.0000000
-0.6123148 0.7905922 0.0051667 78.4963661
-0.7902206 -0.6122090 0.0271685 -159.8452113
0.0246422 0.0125524 0.9996227 6.5528067
0.0000000 0.0000000 0.0000000 1.0000000
-0.6310078 0.7757143 0.0094532 77.6541413
-0.7753779 -0.6310312 0.0239930 -160.7919466
0.0245770 0.0078094 0.9996727 6.5047331
0.0000000 0.0000000 0.0000000 1.0000000
-0.6504704 0.7594783 0.0085810 76.8698703
-0.7591548 -0.6504664 0.0237571 -161.8196930
0.0236246 0.0089384 0.9996863 6.5058378
0.0000000 0.0000000 0.0000000 1.0000000
-0.6687027 0.7434674 0.0092673 76.0459219
-0.7431378 -0.6687071 0.0237567 -162.7565469
0.0238595 0.0089988 0.9996802 6.6262939
0.0000000 0.0000000 0.0000000 1.0000000
-0.6871344 0.7265014 0.0059469 75.2284000
-0.7261594 -0.6870281 0.0259371 -163.7865911
0.0229291 0.0135034 0.9996514 6.5905457
0.0000000 0.0000000 0.0000000 1.0000000
-0.7068720 0.7073328 0.0022620 74.3745824
-0.7070241 -0.7066557 0.0272382 -164.7264120
0.0208649 0.0176541 0.9996320 6.6671014
0.0000000 0.0000000 0.0000000 1.0000000
-0.7232718 0.6905546 0.0021541 73.4666346
-0.6902188 -0.7230155 0.0288597 -165.7760065
0.0214867 0.0193861 0.9995869 6.6743633
0.0000000 0.0000000 0.0000000 1.0000000
-0.7388303 0.6738786 0.0030743 72.4431335
-0.6734757 -0.7385368 0.0313029 -166.7509934
0.0233649 0.0210566 0.9995110 6.7095958
0.0000000 0.0000000 0.0000000 1.0000000
-0.7546740 0.6560894 0.0023123 71.5324258
-0.6557076 -0.7543515 0.0314059 -167.5167312
0.0223494 0.0221844 0.9995098 6.7613477
0.0000000 0.0000000 0.0000000 1.0000000
-0.7688741 0.6393924 0.0011989 70.4521949
-0.6390726 -0.7685519 0.0299848 -168.4092254
0.0200934 0.0222878 0.9995554 6.7537399
0.0000000 0.0000000 0.0000000 1.0000000
-0.7819266 0.6233588 0.0023830 69.4988685
-0.6230103 -0.7816125 0.0304004 -169.1600833
0.0208129 0.0222856 0.9995407 6.7646911
0.0000000 0.0000000 0.0000000 1.0000000
-0.7945789 0.6071493 0.0022623 68.5974603
-0.6067479 -0.7941846 0.0333485 -169.9849930
0.0220442 0.0251248 0.9994469 6.8221872
0.0000000 0.0000000 0.0000000 1.0000000
-0.8062899 0.5915003 0.0038962 67.4356449
-0.5911125 -0.8059736 0.0312632 -170.8108000
0.0216325 0.0229035 0.9995093 6.8581449
0.0000000 0.0000000 0.0000000 1.0000000
-0.8156799 0.5784951 0.0010339 66.4545193
-0.5781927 -0.8153150 0.0306515 -171.5607588
0.0185747 0.0244035 0.9995354 6.8055932
0.0000000 0.0000000 0.0000000 1.0000000
-0.8266752 0.5626669 0.0023448 65.4267313
-0.5623879 -0.8263892 0.0280274 -172.2858392
0.0177078 0.0218502 0.9996102 6.8498271
0.0000000 0.0000000 0.0000000 1.0000000
-0.8362922 0.5482626 0.0038624 64.3293285
-0.5479812 -0.8360587 0.0265821 -173.0506574
0.0178031 0.0201132 0.9996450 6.8768246
0.0000000 0.0000000 0.0000000 1.0000000
-0.8453634 0.5341753 0.0029869 63.3678068
-0.5339511 -0.8451538 0.0244017 -173.7680270
0.0155591 0.0190328 0.9997036 6.8987832
0.0000000 0.0000000 0.0000000 1.0000000
-0.8529169 0.5220375 0.0005069 62.3080712
-0.5219055 -0.8527305 0.0211918 -174.3845617
0.0114950 0.0178095 0.9997813 6.9086774
0.0000000 0.0000000 0.0000000 1.0000000
-0.8580449 0.5135649 -0.0007662 61.0942821
-0.5135039 -0.8579273 0.0160754 -174.9910034
0.0075982 0.0141860 0.9998765 6.9343121
0.0000000 0.0000000 0.0000000 1.0000000
-0.8611776 0.5082685 -0.0050796 60.1686896
-0.5082666 -0.8610024 0.0179782 -175.6645463
0.0047640 0.0180633 0.9998315 6.9056636
0.0000000 0.0000000 0.0000000 1.0000000
-0.8665390 0.4990575 -0.0063809 58.9249002
-0.4990821 -0.8663616 0.0178172 -176.3625444
0.0033635 0.0186230 0.9998270 6.9596424
0.0000000 0.0000000 0.0000000 1.0000000
-0.8716454 0.4900701 -0.0074209 57.7270067
-0.4900966 -0.8713477 0.0232846 -177.0932142
0.0049448 0.0239321 0.9997074 6.9566811
0.0000000 0.0000000 0.0000000 1.0000000
-0.8737891 0.4862235 -0.0082601 56.6476836
-0.4862601 -0.8734256 0.0257283 -177.6022759
0.0052950 0.0264969 0.9996410 6.9688164
0.0000000 0.0000000 0.0000000 1.0000000
-0.8766082 0.4811354 -0.0074728 55.4598307
-0.4811524 -0.8762478 0.0257905 -178.1819331
0.0058605 0.0262029 0.9996457 6.9781992
0.0000000 0.0000000 0.0000000 1.0000000
-0.8785945 0.4774731 -0.0089496 54.3484532
-0.4775494 -0.8783762 0.0196174 -178.9437265
0.0015054 0.0215088 0.9997738 6.9158960
0.0000000 0.0000000 0.0000000 1.0000000
-0.8814817 0.4721251 -0.0087793 53.0814934
-0.4722016 -0.8813300 0.0163148 -179.4069097
-0.0000351 0.0185258 0.9998347 6.8751574
0.0000000 0.0000000 0.0000000 1.0000000
-0.8827564 0.4697960 -0.0047178 51.9579693
-0.4698120 -0.8826649 0.0127709 -180.0759826
0.0018353 0.0134890 0.9999138 6.8397338
0.0000000 0.0000000 0.0000000 1.0000000
-0.8828867 0.4695714 -0.0017347 50.9092848
-0.4695522 -0.8828138 0.0119901 -180.5012381
0.0040987 0.0113993 0.9999332 6.8608868
0.0000000 0.0000000 0.0000000 1.0000000
-0.8841326 0.4672247 -0.0002680 49.8071837
-0.4671854 -0.8840582 0.0127475 -181.0116850
0.0057189 0.0113946 0.9999254 6.8792139
0.0000000 0.0000000 0.0000000 1.0000000
-0.8844692 0.4665864 0.0007105 48.7504201
-0.4665297 -0.8843905 0.0136675 -181.5895063
0.0070053 0.0117558 0.9999131 6.8988309
0.0000000 0.0000000 0.0000000 1.0000000
-0.8853960 0.4648230 0.0015764 47.5873728
-0.4647548 -0.8853215 0.0138515 -182.1998851
0.0078340 0.0115303 0.9999096 6.8938770
0.0000000 0.0000000 0.0000000 1.0000000
-0.8872717 0.4612354 0.0004665 46.4753148
-0.4611542 -0.8871394 0.0174428 -182.6752950
0.0084591 0.0152603 0.9998545 6.9181886
0.0000000 0.0000000 0.0000000 1.0000000
-0.8863363 0.4630288 0.0013138 45.3339425
-0.4629349 -0.8862121 0.0174095 -183.3319472
0.0092254 0.0148213 0.9998544 6.9138730
0.0000000 0.0000000 0.0000000 1.0000000
-0.8869959 0.4617657 0.0000415 44.2951683
-0.4616688 -0.8868173 0.0200134 -183.9597248
0.0092783 0.0177316 0.9998065 6.9288436
0.0000000 0.0000000 0.0000000 1.0000000
-0.8866008 0.4625201 0.0018756 43.0619760
-0.4623998 -0.8864539 0.0192235 -184.4222737
0.0105539 0.0161752 0.9998203 6.9743003
0.0000000 0.0000000 0.0000000 1.0000000
-0.8842816 0.4669357 0.0025789 41.9561288
-0.4668127 -0.8841568 0.0183400 -185.1120129
0.0108438 0.0150128 0.9998353 7.0100335
0.0000000 0.0000000 0.0000000 1.0000000
-0.8819213 0.4713853 0.0004086 40.7626961
-0.4712970 -0.8817782 0.0181644 -185.5800784
0.0089227 0.0158259 0.9998417 6.9883262
0.0000000 0.0000000 0.0000000 1.0000000
-0.8778186 0.4789629 -0.0042863 39.4428822
-0.4789592 -0.8776701 0.0166383 -186.5011955
0.0042071 0.0166574 0.9998590 6.9376653
0.0000000 0.0000000 0.0000000 1.0000000
-0.8751726 0.4837588 -0.0062876 38.3548115
-0.4837890 -0.8750206 0.0164463 -186.9540120
0.0024541 0.0174342 0.9998516 6.9399264
