1.0000000 0.0000000 0.0000000 0.0000000
0.0000000 1.0000000 0.0000000 0.0000000
0.0000000 0.0000000 1.0000000 0.0000000
0.0000000 0.0000000 0.0000000 1.0000000
0.9983661 0.0518909 -0.0239165 -3.5797628
-0.0518816 0.9986526 0.0010071 1.9154278
0.0239365 0.0002354 0.9997135 0.0032439
0.0000000 0.0000000 0.0000000 1.0000000
0.9986115 0.0473813 -0.0230198 -2.0057316
-0.0473425 0.9988764 0.0022286 1.7612463
0.0230995 -0.0011357 0.9997327 0.0370733
0.0000000 0.0000000 0.0000000 1.0000000
0.9986282 0.0472154 -0.0226410 -0.4123170
-0.0471868 0.9988846 0.0017948 1.7091809
0.0227005 -0.0007240 0.9997422 0.0617165
0.0000000 0.0000000 0.0000000 1.0000000
0.9986971 0.0463216 -0.0214188 1.1686153
-0.0462454 0.9989218 0.0040412 1.5567470
0.0215829 -0.0030454 0.9997627 0.1212644
0.0000000 0.0000000 0.0000000 1.0000000
0.9987272 0.0459765 -0.0207487 2.8735361
-0.0458861 0.9989348 0.0048152 1.5084742
0.0209480 -0.0038570 0.9997732 0.1345977
0.0000000 0.0000000 0.0000000 1.0000000
0.9988321 0.0440978 -0.0197766 4.3708863
-0.0440149 0.9990196 0.0046000 1.3459017
0.0199601 -0.0037242 0.9997938 0.2001878
0.0000000 0.0000000 0.0000000 1.0000000
0.9988351 0.0437948 -0.0203091 5.9442341
-0.0437159 0.9990342 0.0043015 1.2890231
0.0204779 -0.0034087 0.9997845 0.2807262
0.0000000 0.0000000 0.0000000 1.0000000
0.9988108 0.0450248 -0.0187645 7.3773536
-0.0449194 0.9989726 0.0059977 1.1787606
0.0190153 -0.0051477 0.9998060 0.3280767
0.0000000 0.0000000 0.0000000 1.0000000
0.9989878 0.0411212 -0.0183061 9.1479986
-0.0410190 0.9991412 0.0059201 1.0062023
0.0185339 -0.0051632 0.9998148 0.3726580
0.0000000 0.0000000 0.0000000 1.0000000
0.9991044 0.0394420 -0.0153798 10.5598779
-0.0393116 0.9991897 0.0086915 0.8494772
0.0157102 -0.0080791 0.9998440 0.3905762
0.0000000 0.0000000 0.0000000 1.0000000
0.9992784 0.0353434 -0.0139790 12.3613909
-0.0351992 0.9993261 0.0104304 0.7363979
0.0143383 -0.0099308 0.9998480 0.4665883
0.0000000 0.0000000 0.0000000 1.0000000
0.9992056 0.0374835 -0.0136312 13.8544549
-0.0373352 0.9992429 0.0109710 0.6801544
0.0140321 -0.0104534 0.9998471 0.4880775
0.0000000 0.0000000 0.0000000 1.0000000
0.9993631 0.0339452 -0.0111922 15.4083022
-0.0337939 0.9993392 0.0134345 0.6795014
0.0116409 -0.0130477 0.9998473 0.5462342
0.0000000 0.0000000 0.0000000 1.0000000
0.9994248 0.0324289 -0.0101735 17.0298221
-0.0322536 0.9993370 0.0169365 0.6658021
0.0107160 -0.0165986 0.9998050 0.5422137
0.0000000 0.0000000 0.0000000 1.0000000
0.9995611 0.0287304 -0.0075677 18.7093831
-0.0285771 0.9993996 0.0196194 0.7383483
0.0081268 -0.0193944 0.9997791 0.5113989
0.0000000 0.0000000 0.0000000 1.0000000
0.9997757 0.0205053 -0.0058126 20.5427185
-0.0203723 0.9995499 0.0220479 0.7735297
0.0062621 -0.0219245 0.9997402 0.4827574
0.0000000 0.0000000 0.0000000 1.0000000
0.9997651 0.0209990 -0.0058104 22.1119617
-0.0208599 0.9995176 0.0230277 0.7405103
0.0062912 -0.0229010 0.9997182 0.5006660
0.0000000 0.0000000 0.0000000 1.0000000
0.9997844 0.0193056 -0.0079913 23.4358453
-0.0190977 0.9994977 0.0253062 0.8049952
0.0084759 -0.0251480 0.9996482 0.5207090
0.0000000 0.0000000 0.0000000 1.0000000
0.9997726 0.0202254 -0.0071571 24.7843238
-0.0200199 0.9994168 0.0276645 0.6352648
0.0077125 -0.0275148 0.9995920 0.5153984
0.0000000 0.0000000 0.0000000 1.0000000
0.9997807 0.0205960 -0.0044818 26.3703143
-0.0204848 0.9995138 0.0234986 0.6600645
0.0049636 -0.0234015 0.9997143 0.5456656
0.0000000 0.0000000 0.0000000 1.0000000
0.9998730 0.0157081 -0.0035936 27.7967804
-0.0156275 0.9996503 0.0213456 0.7286541
0.0039276 -0.0212867 0.9997662 0.6068534
0.0000000 0.0000000 0.0000000 1.0000000
0.9998188 0.0189442 -0.0030136 29.2114376
-0.0188718 0.9995723 0.0223485 0.5594497
0.0034357 -0.0222875 0.9997463 0.6079316
0.0000000 0.0000000 0.0000000 1.0000000
0.9998994 0.0140406 -0.0032875 30.5466960
-0.0139570 0.9996136 0.0240506 0.6356089
0.0036240 -0.0240022 0.9997058 0.6026750
0.0000000 0.0000000 0.0000000 1.0000000
0.9998582 0.0166893 -0.0034086 32.0801732
-0.0165970 0.9995404 0.0253783 0.7277390
0.0038306 -0.0253180 0.9996726 0.6052883
0.0000000 0.0000000 0.0000000 1.0000000
0.9998370 0.0179752 -0.0029957 33.5015789
-0.0178821 0.9994333 0.0285299 0.7626864
0.0035068 -0.0284715 0.9995890 0.5514135
0.0000000 0.0000000 0.0000000 1.0000000
0.9998198 0.0189709 -0.0025655 34.8240510
-0.0188917 0.9994343 0.0278354 0.7405798
0.0030921 -0.0277818 0.9996098 0.5758937
0.0000000 0.0000000 0.0000000 1.0000000
0.9998060 0.0196906 -0.0023840 36.3974630
-0.0196180 0.9994368 0.0272517 0.6695389
0.0029193 -0.0271996 0.9996263 0.5536233
0.0000000 0.0000000 0.0000000 1.0000000
0.9997303 0.0233026 -0.0010257 37.7245086
-0.0232664 0.9993706 0.0268135 0.6437797
0.0016499 -0.0267823 0.9996405 0.6533871
0.0000000 0.0000000 0.0000000 1.0000000
0.9996374 0.0269869 0.0008966 39.1556850
-0.0270010 0.9992805 0.0266706 0.6075589
-0.0001761 -0.0266850 0.9996445 0.6704668
0.0000000 0.0000000 0.0000000 1.0000000
0.9994363 0.0336314 0.0007959 40.4279900
-0.0336405 0.9991175 0.0251973 0.6016144
0.0000523 -0.0252098 0.9996829 0.6743759
0.0000000 0.0000000 0.0000000 1.0000000
0.9993121 0.0371355 0.0004069 41.9685524
-0.0371330 0.9989577 0.0265924 0.6186902
0.0005811 -0.0265891 0.9996469 0.7014824
0.0000000 0.0000000 0.0000000 1.0000000
0.9991517 0.0412077 -0.0013307 43.0572398
-0.0411548 0.9987688 0.0277346 0.4416968
0.0024720 -0.0276562 0.9996152 0.7454862
0.0000000 0.0000000 0.0000000 1.0000000
0.9988639 0.0477020 0.0004138 44.3139500
-0.0476944 0.9984624 0.0282968 0.3317219
0.0009367 -0.0282843 0.9996002 0.7246147
0.0000000 0.0000000 0.0000000 1.0000000
0.9986830 0.0513412 0.0002011 45.4489251
-0.0513265 0.9982916 0.0279767 0.4692880
0.0012356 -0.0279501 0.9996094 0.6975603
0.0000000 0.0000000 0.0000000 1.0000000
0.9984084 0.0564344 -0.0000335 46.4591323
-0.0564087 0.9979771 0.0293733 0.5258582
0.0016912 -0.0293246 0.9995693 0.7033624
0.0000000 0.0000000 0.0000000 1.0000000
0.9978585 0.0654334 -0.0010476 47.6800367
-0.0653742 0.9974310 0.0293223 0.5268058
0.0029637 -0.0291910 0.9995703 0.6914905
0.0000000 0.0000000 0.0000000 1.0000000
0.9973649 0.0725748 0.0009887 49.1118073
-0.0725724 0.9969405 0.0290796 0.4925002
0.0011249 -0.0290746 0.9995774 0.7098249
0.0000000 0.0000000 0.0000000 1.0000000
0.9963651 0.0852135 -0.0002616 50.4131618
-0.0851656 0.9959027 0.0304489 0.5265871
0.0028552 -0.0303159 0.9995370 0.7191595
0.0000000 0.0000000 0.0000000 1.0000000
0.9951887 0.0979751 0.0023107 51.6261227
-0.0979977 0.9946502 0.0326981 0.3549886
0.0009053 -0.0327671 0.9994634 0.7369611
0.0000000 0.0000000 0.0000000 1.0000000
0.9934631 0.1140992 0.0041980 52.7090467
-0.1141759 0.9928181 0.0357450 0.2599388
-0.0000893 -0.0359905 0.9993529 0.7074732
0.0000000 0.0000000 0.0000000 1.0000000
0.9919076 0.1268517 0.0058029 54.1339143
-0.1269782 0.9912577 0.0358724 0.3458104
-0.0012017 -0.0363188 0.9993404 0.7038915
0.0000000 0.0000000 0.0000000 1.0000000
0.9897222 0.1428136 0.0076736 55.2333248
-0.1430009 0.9890243 0.0371869 0.1203201
-0.0022785 -0.0379018 0.9992797 0.7287596
0.0000000 0.0000000 0.0000000 1.0000000
0.9868748 0.1613112 0.0078263 56.2734525
-0.1614909 0.9861813 0.0369844 -0.1107072
-0.0017521 -0.0377626 0.9992860 0.7679676
0.0000000 0.0000000 0.0000000 1.0000000
0.9835807 0.1803306 0.0073901 57.3603517
-0.1804799 0.9829121 0.0362075 -0.2281175
-0.0007344 -0.0369466 0.9993177 0.7271770
0.0000000 0.0000000 0.0000000 1.0000000
0.9799140 0.1992821 0.0077126 58.6157983
-0.1994287 0.9793427 0.0334053 -0.1682681
-0.0008962 -0.0342722 0.9994130 0.7344900
0.0000000 0.0000000 0.0000000 1.0000000
0.9759053 0.2180431 0.0084112 59.7218653
-0.2181931 0.9755221 0.0273337 -0.4970169
-0.0022453 -0.0285101 0.9995918 0.7887563
0.0000000 0.0000000 0.0000000 1.0000000
0.9707907 0.2397368 0.0097845 60.7609763
-0.2399160 0.9704220 0.0268386 -0.7514544
-0.0030608 -0.0284019 0.9995928 0.7759335
0.0000000 0.0000000 0.0000000 1.0000000
0.9649250 0.2624005 0.0083677 61.9729958
-0.2625223 0.9646812 0.0216954 -0.8934495
-0.0023793 -0.0231308 0.9997306 0.7601267
0.0000000 0.0000000 0.0000000 1.0000000
0.9569009 0.2903629 0.0058261 62.9170783
-0.2904183 0.9567757 0.0153676 -1.2052127
-0.0011121 -0.0163971 0.9998659 0.7863735
0.0000000 0.0000000 0.0000000 1.0000000
0.9482886 0.3173676 0.0054577 63.8772124
-0.3174122 0.9481896 0.0135807 -1.6174359
-0.0008648 -0.0146105 0.9998939 0.7853983
0.0000000 0.0000000 0.0000000 1.0000000
0.9385842 0.3450084 0.0056182 65.0210913
-0.3450438 0.9385514 0.0080244 -2.1865505
-0.0025045 -0.0094698 0.9999529 0.8543661
0.0000000 0.0000000 0.0000000 1.0000000
0.9299006 0.3677557 0.0066188 66.2123323
-0.3677955 0.9298816 0.0066564 -2.3037464
-0.0037068 -0.0086239 0.9999568 0.8068348
0.0000000 0.0000000 0.0000000 1.0000000
0.9179001 0.3967828 0.0051345 67.1416481
-0.3968074 0.9178828 0.0057010 -2.8979098
-0.0024508 -0.0072700 0.9999714 0.8322538
0.0000000 0.0000000 0.0000000 1.0000000
0.9055588 0.4242213 0.0018276 67.9776252
-0.4242224 0.9055318 0.0067627 -3.5124724
0.0012140 -0.0068991 0.9999763 0.8329962
0.0000000 0.0000000 0.0000000 1.0000000
0.8939901 0.4480792 -0.0032910 69.0477845
-0.4480644 0.8939905 0.0041376 -3.7940043
0.0047961 -0.0022241 0.9999869 0.8454788
0.0000000 0.0000000 0.0000000 1.0000000
0.8780634 0.4784750 -0.0083965 69.9018840
-0.4784361 0.8780999 0.0061571 -4.3022531
0.0103190 -0.0013889 0.9999467 0.9179239
0.0000000 0.0000000 0.0000000 1.0000000
0.8579757 0.5136642 -0.0056180 70.2652166
-0.5136327 0.8579882 0.0060126 -4.8077308
0.0079086 -0.0022728 0.9999672 0.9173504
0.0000000 0.0000000 0.0000000 1.0000000
0.8439438 0.5364356 -0.0010613 71.4855533
-0.5364254 0.8439353 0.0044007 -5.1981658
0.0032563 -0.0031444 0.9999908 0.9457002
0.0000000 0.0000000 0.0000000 1.0000000
0.8234084 0.5674534 0.0000070 72.1091600
-0.5674513 0.8234046 0.0014838 -5.7547246
0.0008362 -0.0012255 0.9999999 0.9543066
0.0000000 0.0000000 0.0000000 1.0000000
0.8037561 0.5949594 -0.0020531 72.9101688
-0.5949496 0.8037544 0.0035302 -6.2794916
0.0037505 -0.0016156 0.9999928 0.9646886
0.0000000 0.0000000 0.0000000 1.0000000
0.7815528 0.6238203 -0.0052830 73.6901957
-0.6237856 0.7815656 0.0067194 -6.5444929
0.0083207 -0.0019558 0.9999646 0.9449427
0.0000000 0.0000000 0.0000000 1.0000000
0.7577463 0.6525265 -0.0058431 74.3424648
-0.6524603 0.7577577 0.0098821 -7.4214208
0.0108759 -0.0036755 0.9999352 1.0054645
0.0000000 0.0000000 0.0000000 1.0000000
0.7346433 0.6784377 -0.0051354 74.9540141
-0.6784017 0.7346573 0.0070232 -8.0304397
0.0085375 -0.0016755 0.9999633 1.0377365
0.0000000 0.0000000 0.0000000 1.0000000
0.7113791 0.7027978 -0.0045003 75.6343112
-0.7027635 0.7113888 0.0070117 -8.8405407
0.0081291 -0.0018251 0.9999664 1.0563258
0.0000000 0.0000000 0.0000000 1.0000000
0.6881298 0.7255612 -0.0066287 76.3694192
-0.7255110 0.6881583 0.0084456 -9.4406859
0.0106892 -0.0010022 0.9999435 1.1031714
0.0000000 0.0000000 0.0000000 1.0000000
0.6636716 0.7479986 -0.0066336 77.1501680
-0.7479242 0.6636982 0.0106180 -10.2051567
0.0123449 -0.0020852 0.9999228 1.1395585
0.0000000 0.0000000 0.0000000 1.0000000
0.6375116 0.7704155 -0.0066538 77.8177365
-0.7703378 0.6375407 0.0109671 -10.7979739
0.0126911 -0.0018658 0.9999189 1.1003704
0.0000000 0.0000000 0.0000000 1.0000000
0.6101643 0.7922355 -0.0082654 78.4180565
-0.7921139 0.6102141 0.0138987 -11.5163334
0.0160545 -0.0019331 0.9998706 1.1432516
0.0000000 0.0000000 0.0000000 1.0000000
0.5874673 0.8091962 -0.0094486 78.9792790
-0.8089976 0.5875329 0.0180755 -12.1114524
0.0201778 -0.0029746 0.9997934 1.1448857
0.0000000 0.0000000 0.0000000 1.0000000
0.5588696 0.8291639 -0.0125697 79.5666918
-0.8287912 0.5589964 0.0250426 -12.9782945
0.0277907 -0.0035777 0.9996088 1.1139267
0.0000000 0.0000000 0.0000000 1.0000000
0.5274110 0.8494917 -0.0144107 80.2930286
-0.8489369 0.5275891 0.0309052 -13.6385277
0.0338565 -0.0040657 0.9994200 1.1017364
0.0000000 0.0000000 0.0000000 1.0000000
0.4975464 0.8673231 -0.0143004 80.7461608
-0.8666617 0.4977276 0.0341188 -14.3986723
0.0367095 -0.0045818 0.9993171 1.1216841
0.0000000 0.0000000 0.0000000 1.0000000
0.4679740 0.8836615 -0.0121937 81.2556140
-0.8830324 0.4681040 0.0336279 -15.4104216
0.0354233 -0.0049693 0.9993616 1.1434586
0.0000000 0.0000000 0.0000000 1.0000000
0.4352121 0.9002991 -0.0075782 81.6482321
-0.8997470 0.4352158 0.0322509 -16.2728275
0.0323334 -0.0072173 0.9994527 1.1255998
0.0000000 0.0000000 0.0000000 1.0000000
0.4043873 0.9145895 -0.0015450 82.0575775
-0.9140751 0.4042141 0.0327986 -17.0301494
0.0306215 -0.0118509 0.9994625 1.1323021
0.0000000 0.0000000 0.0000000 1.0000000
0.3728423 0.9278866 0.0045181 82.5118603
-0.9273733 0.3724630 0.0353256 -17.7838229
0.0310951 -0.0173606 0.9993675 1.1845045
0.0000000 0.0000000 0.0000000 1.0000000
0.3422967 0.9395481 0.0093531 82.8185312
-0.9391219 0.3417911 0.0350321 -18.5331543
0.0297173 -0.0207748 0.9993443 1.1949938
0.0000000 0.0000000 0.0000000 1.0000000
0.3080455 0.9512921 0.0124919 83.1302666
-0.9509170 0.3074638 0.0349384 -19.5929550
0.0293956 -0.0226412 0.9993133 1.2395990
0.0000000 0.0000000 0.0000000 1.0000000
0.2754117 0.9612310 0.0136841 83.5258519
-0.9608969 0.2748332 0.0337866 -20.6291253
0.0287156 -0.0224540 0.9993374 1.2831872
0.0000000 0.0000000 0.0000000 1.0000000
0.2406605 0.9705158 0.0136191 83.9045670
-0.9702017 0.2401272 0.0323303 -21.4339962
0.0281065 -0.0209937 0.9993865 1.2899157
0.0000000 0.0000000 0.0000000 1.0000000
0.2028248 0.9791383 0.0124056 84.0563293
-0.9788001 0.2023524 0.0316352 -22.3579221
0.0284647 -0.0185588 0.9994246 1.2992902
0.0000000 0.0000000 0.0000000 1.0000000
0.1694389 0.9855209 0.0065359 84.3837268
-0.9851323 0.1691722 0.0298730 -23.3270588
0.0283346 -0.0115002 0.9995344 1.3570380
0.0000000 0.0000000 0.0000000 1.0000000
0.1334486 0.9910410 0.0057536 84.5535623
-0.9905812 0.1332016 0.0316625 -24.3688948
0.0306123 -0.0099246 0.9994842 1.3481669
0.0000000 0.0000000 0.0000000 1.0000000
0.1063177 0.9943188 0.0054071 84.8485146
-0.9937308 0.1060610 0.0353090 -25.4985145
0.0345347 -0.0091271 0.9993640 1.2864416
0.0000000 0.0000000 0.0000000 1.0000000
0.0804942 0.9967545 0.0021124 85.2241987
-0.9961388 0.0803679 0.0352986 -26.4936945
0.0350141 -0.0049454 0.9993768 1.3491187
0.0000000 0.0000000 0.0000000 1.0000000
0.0540095 0.9985414 0.0009316 85.0390473
-0.9979208 0.0539413 0.0352391 -27.4934264
0.0351373 -0.0028327 0.9993808 1.3655161
0.0000000 0.0000000 0.0000000 1.0000000
0.0307322 0.9995287 0.0002869 84.9952943
-0.9990000 0.0307047 0.0324628 -28.5402766
0.0324385 -0.0012841 0.9994752 1.3971226
0.0000000 0.0000000 0.0000000 1.0000000
0.0128336 0.9999176 -0.0014799 85.0010577
-0.9994423 0.0128708 0.0307851 -29.5678179
0.0308014 0.0010841 0.9995272 1.4528046
0.0000000 0.0000000 0.0000000 1.0000000
0.0000594 1.0000003 -0.0011463 85.0274610
-0.9994703 0.0000943 0.0325287 -30.7110955
0.0325286 0.0011440 0.9994724 1.4775857
0.0000000 0.0000000 0.0000000 1.0000000
-0.0140653 0.9998949 -0.0038623 85.0506352
-0.9992214 -0.0139154 0.0368897 -31.7402580
0.0368319 0.0043783 0.9993141 1.5097675
0.0000000 0.0000000 0.0000000 1.0000000
-0.0246116 0.9996698 -0.0075361 85.0546253
-0.9989225 -0.0242974 0.0395134 -32.8037584
0.0393171 0.0085006 0.9991928 1.5727804
0.0000000 0.0000000 0.0000000 1.0000000
-0.0313201 0.9994464 -0.0113354 85.0632877
-0.9985904 -0.0308054 0.0431968 -33.6907352
0.0428235 0.0126726 0.9990044 1.5519072
0.0000000 0.0000000 0.0000000 1.0000000
-0.0341748 0.9993069 -0.0148569 85.0123772
-0.9983217 -0.0334406 0.0472497 -34.7710537
0.0467200 0.0164469 0.9987747 1.6245455
0.0000000 0.0000000 0.0000000 1.0000000
-0.0340784 0.9992617 -0.0177998 84.8334822
-0.9981746 -0.0331446 0.0504546 -35.6931438
0.0498272 0.0194869 0.9985697 1.6688182
0.0000000 0.0000000 0.0000000 1.0000000
-0.0351694 0.9992165 -0.0181937 84.8973128
-0.9979366 -0.0341368 0.0543509 -36.8450080
0.0536871 0.0200678 0.9983582 1.7328482
0.0000000 0.0000000 0.0000000 1.0000000
-0.0388602 0.9990209 -0.0211813 84.8507464
-0.9976913 -0.0376123 0.0565217 -37.9138093
0.0556696 0.0233290 0.9981787 1.8115440
0.0000000 0.0000000 0.0000000 1.0000000
-0.0414792 0.9989084 -0.0215303 84.7783594
-0.9974162 -0.0401355 0.0595657 -39.0503578
0.0586364 0.0239456 0.9979942 1.9036626
0.0000000 0.0000000 0.0000000 1.0000000
-0.0397567 0.9989765 -0.0216142 84.6529067
-0.9973284 -0.0383484 0.0621554 -40.0621411
0.0612628 0.0240277 0.9978344 1.9509250
0.0000000 0.0000000 0.0000000 1.0000000
-0.0351474 0.9990668 -0.0251394 84.4823205
-0.9974647 -0.0335139 0.0627676 -41.0340479
0.0618663 0.0272819 0.9977135 2.0283014
0.0000000 0.0000000 0.0000000 1.0000000
-0.0326920 0.9991983 -0.0231437 84.2235077
-0.9975367 -0.0311848 0.0628216 -42.1401022
0.0620493 0.0251407 0.9977584 2.0514224
0.0000000 0.0000000 0.0000000 1.0000000
-0.0345872 0.9990970 -0.0246851 84.2135073
-0.9975622 -0.0330180 0.0614679 -43.2598408
0.0605972 0.0267511 0.9978058 2.1393108
0.0000000 0.0000000 0.0000000 1.0000000
-0.0316826 0.9992410 -0.0226675 83.9849184
-0.9976164 -0.0302267 0.0620144 -44.3566058
0.0612821 0.0245784 0.9978200 2.2195914
0.0000000 0.0000000 0.0000000 1.0000000
-0.0291060 0.9992923 -0.0238476 83.7978726
-0.9976793 -0.0275760 0.0622431 -45.3985638
0.0615413 0.0256040 0.9977782 2.2882721
0.0000000 0.0000000 0.0000000 1.0000000
-0.0333707 0.9992017 -0.0219878 83.7125866
-0.9973680 -0.0318791 0.0651165 -46.5483330
0.0643635 0.0241030 0.9976377 2.3828569
0.0000000 0.0000000 0.0000000 1.0000000
-0.0369345 0.9990967 -0.0210231 83.7093396
-0.9970739 -0.0354372 0.0677256 -47.7781182
0.0669193 0.0234631 0.9974848 2.4568321
0.0000000 0.0000000 0.0000000 1.0000000
-0.0404778 0.9989546 -0.0212607 83.7260035
-0.9967427 -0.0388872 0.0706518 -48.7891725
0.0697511 0.0240514 0.9972767 2.5507668
0.0000000 0.0000000 0.0000000 1.0000000
-0.0416639 0.9988657 -0.0230744 83.8035675
-0.9965493 -0.0398884 0.0727818 -49.9173891
0.0717788 0.0260273 0.9970833 2.6661440
0.0000000 0.0000000 0.0000000 1.0000000
-0.0446607 0.9988514 -0.0174030 83.7413085
-0.9965386 -0.0433236 0.0709418 -51.0306040
0.0701063 0.0205112 0.9973310 2.7655792
0.0000000 0.0000000 0.0000000 1.0000000
-0.0439490 0.9989230 -0.0149256 83.5494331
-0.9968129 -0.0428532 0.0672793 -51.9057832
0.0665671 0.0178351 0.9976247 2.7827055
0.0000000 0.0000000 0.0000000 1.0000000
-0.0456525 0.9988208 -0.0165583 83.4150501
-0.9968234 -0.0444684 0.0660675 -53.1804781
0.0652532 0.0195220 0.9976798 2.9113508
0.0000000 0.0000000 0.0000000 1.0000000
-0.0446368 0.9988732 -0.0161796 83.2814667
-0.9968249 -0.0434671 0.0667074 -54.2934237
0.0659288 0.0191059 0.9976434 3.0294165
0.0000000 0.0000000 0.0000000 1.0000000
-0.0486561 0.9986627 -0.0175427 83.2085786
-0.9965855 -0.0473694 0.0676251 -55.3265220
0.0667035 0.0207734 0.9975587 3.0792213
0.0000000 0.0000000 0.0000000 1.0000000
-0.0478617 0.9986767 -0.0188753 83.1515741
-0.9964911 -0.0464434 0.0696318 -56.4717583
0.0686629 0.0221419 0.9973964 3.1256736
0.0000000 0.0000000 0.0000000 1.0000000
-0.0480169 0.9986810 -0.0182423 83.0600017
-0.9964349 -0.0466271 0.0703108 -57.4929294
0.0693673 0.0215535 0.9973605 3.2206657
0.0000000 0.0000000 0.0000000 1.0000000
-0.0453922 0.9988210 -0.0172663 83.0477634
-0.9965990 -0.0440903 0.0696166 -58.6129493
0.0687731 0.0203678 0.9974265 3.2916754
0.0000000 0.0000000 0.0000000 1.0000000
-0.0471875 0.9987581 -0.0160591 83.0869417
-0.9966147 -0.0459930 0.0681405 -59.6716460
0.0673172 0.0192202 0.9975487 3.3505102
0.0000000 0.0000000 0.0000000 1.0000000
-0.0449066 0.9989027 -0.0133830 83.1935136
-0.9967105 -0.0438978 0.0681228 -60.7109952
0.0674604 0.0163983 0.9975894 3.3993560
0.0000000 0.0000000 0.0000000 1.0000000
-0.0449780 0.9989245 -0.0113413 83.0881267
-0.9966391 -0.0440937 0.0690256 -61.7931008
0.0684511 0.0144079 0.9975527 3.4957729
0.0000000 0.0000000 0.0000000 1.0000000
-0.0461762 0.9988985 -0.0084276 83.1614498
-0.9965529 -0.0454849 0.0693666 -62.9631533
0.0689068 0.0116017 0.9975579 3.6016017
0.0000000 0.0000000 0.0000000 1.0000000
-0.0448924 0.9989395 -0.0102475 83.1351621
-0.9968879 -0.0441329 0.0653120 -64.1692603
0.0647904 0.0131478 0.9978145 3.6727376
0.0000000 0.0000000 0.0000000 1.0000000
-0.0470708 0.9987869 -0.0144410 83.2238670
-0.9971993 -0.0461481 0.0588412 -65.2785808
0.0581034 0.0171703 0.9981652 3.6976627
0.0000000 0.0000000 0.0000000 1.0000000
-0.0443323 0.9987966 -0.0209622 83.0799845
-0.9977259 -0.0432020 0.0517189 -66.4719629
0.0507510 0.0232075 0.9984440 3.7307188
0.0000000 0.0000000 0.0000000 1.0000000
-0.0422827 0.9987139 -0.0279833 82.8751622
-0.9977449 -0.0407503 0.0533148 -67.5882747
0.0521058 0.0301746 0.9981880 3.7940118
0.0000000 0.0000000 0.0000000 1.0000000
-0.0450604 0.9985112 -0.0307501 82.9494307
-0.9974395 -0.0432612 0.0569265 -68.7281826
0.0555113 0.0332367 0.9979073 3.8583538
0.0000000 0.0000000 0.0000000 1.0000000
-0.0396518 0.9986727 -0.0328670 82.7211694
-0.9974268 -0.0375965 0.0610253 -69.9635146
0.0597085 0.0352023 0.9975974 3.8979010
0.0000000 0.0000000 0.0000000 1.0000000
-0.0418458 0.9984988 -0.0353451 82.7004659
-0.9972292 -0.0395656 0.0629813 -71.0001246
0.0614882 0.0378828 0.9973912 4.0484915
0.0000000 0.0000000 0.0000000 1.0000000
-0.0404310 0.9986366 -0.0330100 82.6160279
-0.9973745 -0.0383525 0.0614177 -72.2138373
0.0600679 0.0354067 0.9975687 4.1734428
0.0000000 0.0000000 0.0000000 1.0000000
-0.0405981 0.9986216 -0.0332697 82.5825935
-0.9975385 -0.0386069 0.0585170 -73.3013211
0.0571518 0.0355637 0.9977344 4.2030343
0.0000000 0.0000000 0.0000000 1.0000000
-0.0375018 0.9988175 -0.0309410 82.6236420
-0.9977589 -0.0357122 0.0565641 -74.4773267
0.0553921 0.0329931 0.9979218 4.3018760
0.0000000 0.0000000 0.0000000 1.0000000
-0.0375542 0.9988227 -0.0307111 82.5872772
-0.9976890 -0.0357378 0.0577619 -75.6698579
0.0565963 0.0328095 0.9978604 4.3385856
0.0000000 0.0000000 0.0000000 1.0000000
-0.0396272 0.9987417 -0.0307435 82.4172129
-0.9973848 -0.0376778 0.0616457 -76.7363907
0.0604096 0.0331062 0.9976271 4.4057970
0.0000000 0.0000000 0.0000000 1.0000000
-0.0374192 0.9988995 -0.0282893 82.3137380
-0.9973192 -0.0355514 0.0639368 -77.9178275
0.0628606 0.0306061 0.9975556 4.5181398
0.0000000 0.0000000 0.0000000 1.0000000
-0.0385802 0.9988254 -0.0293320 82.3421496
-0.9973597 -0.0366859 0.0626505 -79.1053509
0.0615007 0.0316718 0.9976071 4.5652044
0.0000000 0.0000000 0.0000000 1.0000000
-0.0341490 0.9989357 -0.0310080 82.0357249
-0.9978791 -0.0323626 0.0564600 -80.4589474
0.0553963 0.0328704 0.9979259 4.6363176
0.0000000 0.0000000 0.0000000 1.0000000
-0.0349159 0.9989074 -0.0310534 82.0835416
-0.9978644 -0.0331325 0.0562693 -81.5907365
0.0551788 0.0329519 0.9979353 4.7551876
0.0000000 0.0000000 0.0000000 1.0000000
-0.0354215 0.9989250 -0.0298991 82.0503007
-0.9977384 -0.0336407 0.0581684 -82.8254310
0.0570999 0.0318920 0.9978618 4.8165518
0.0000000 0.0000000 0.0000000 1.0000000
-0.0346137 0.9991167 -0.0238077 81.8330360
-0.9975962 -0.0331135 0.0608502 -84.0101190
0.0600080 0.0258568 0.9978658 4.9012190
0.0000000 0.0000000 0.0000000 1.0000000
-0.0357131 0.9990575 -0.0246269 81.9023776
-0.9975913 -0.0341758 0.0603479 -85.2094397
0.0594494 0.0267228 0.9978764 4.9847055
0.0000000 0.0000000 0.0000000 1.0000000
-0.0342817 0.9991167 -0.0242576 81.7289382
-0.9978444 -0.0328619 0.0567878 -86.4721109
0.0559404 0.0261522 0.9980945 5.0357090
0.0000000 0.0000000 0.0000000 1.0000000
-0.0321061 0.9990994 -0.0276927 81.7644505
-0.9979922 -0.0305355 0.0554826 -87.6337854
0.0545870 0.0294185 0.9980785 5.0960130
0.0000000 0.0000000 0.0000000 1.0000000
-0.0311231 0.9991182 -0.0281227 81.7668995
-0.9980470 -0.0295438 0.0550252 -88.7594371
0.0541459 0.0297803 0.9980918 5.1721558
0.0000000 0.0000000 0.0000000 1.0000000
-0.0284486 0.9991407 -0.0300830 81.7158556
-0.9980955 -0.0267486 0.0555646 -90.1319721
0.0547121 0.0316065 0.9980048 5.2757163
0.0000000 0.0000000 0.0000000 1.0000000
-0.0271066 0.9991223 -0.0318755 81.6584305
-0.9981322 -0.0253095 0.0555739 -91.2296703
0.0547184 0.0333225 0.9979486 5.3171148
0.0000000 0.0000000 0.0000000 1.0000000
-0.0244084 0.9992040 -0.0314819 81.7135102
-0.9982265 -0.0226537 0.0550213 -92.4095818
0.0542644 0.0327690 0.9979918 5.4026957
0.0000000 0.0000000 0.0000000 1.0000000
-0.0219522 0.9992161 -0.0328755 81.6647805
-0.9984326 -0.0202219 0.0521531 -93.8919865
0.0514475 0.0339688 0.9981009 5.3969895
0.0000000 0.0000000 0.0000000 1.0000000
-0.0211945 0.9993086 -0.0304855 81.6815349
-0.9984730 -0.0196050 0.0516150 -95.0428569
0.0509817 0.0315329 0.9982047 5.4678474
0.0000000 0.0000000 0.0000000 1.0000000
-0.0197497 0.9992479 -0.0333171 81.5962849
-0.9985739 -0.0180651 0.0502062 -96.2776492
0.0495666 0.0342612 0.9981861 5.5527649
0.0000000 0.0000000 0.0000000 1.0000000
-0.0179635 0.9992769 -0.0334487 81.6096059
-0.9985752 -0.0162534 0.0507919 -97.3913377
0.0502115 0.0343135 0.9981519 5.5893519
0.0000000 0.0000000 0.0000000 1.0000000
-0.0172422 0.9992827 -0.0336587 81.5453673
-0.9984685 -0.0154430 0.0530768 -98.6222516
0.0525190 0.0345224 0.9980260 5.6364807
0.0000000 0.0000000 0.0000000 1.0000000
-0.0152322 0.9992491 -0.0355691 81.5082236
-0.9985431 -0.0133651 0.0522230 -100.0514552
0.0517084 0.0363129 0.9980049 5.7133974
0.0000000 0.0000000 0.0000000 1.0000000
-0.0126554 0.9992049 -0.0377441 81.6483887
-0.9985941 -0.0106912 0.0518638 -101.3353181
0.0514191 0.0383475 0.9979438 5.7876353
0.0000000 0.0000000 0.0000000 1.0000000
-0.0122186 0.9993527 -0.0337660 81.5196292
-0.9986538 -0.0104984 0.0507306 -102.5104137
0.0503433 0.0343405 0.9981446 5.8511019
0.0000000 0.0000000 0.0000000 1.0000000
-0.0117354 0.9993566 -0.0338228 81.5568930
-0.9986222 -0.0099880 0.0514467 -103.6799388
0.0510758 0.0343800 0.9981061 5.9029781
0.0000000 0.0000000 0.0000000 1.0000000
-0.0127375 0.9994010 -0.0321055 81.5190025
-0.9987443 -0.0111650 0.0487651 -105.0827093
0.0483774 0.0326864 0.9982975 5.9872402
0.0000000 0.0000000 0.0000000 1.0000000
-0.0130576 0.9994188 -0.0314173 81.5623996
-0.9987731 -0.0115402 0.0480775 -106.4207466
0.0476870 0.0320065 0.9983528 6.0825748
0.0000000 0.0000000 0.0000000 1.0000000
-0.0132236 0.9994354 -0.0308070 81.5607853
-0.9988088 -0.0117604 0.0472808 -107.6848396
0.0468918 0.0313955 0.9984100 6.1524522
0.0000000 0.0000000 0.0000000 1.0000000
-0.0146189 0.9994974 -0.0280286 81.5468889
-0.9988836 -0.0133441 0.0452270 -108.7964404
0.0448303 0.0286584 0.9985869 6.1546787
0.0000000 0.0000000 0.0000000 1.0000000
-0.0163059 0.9995295 -0.0258768 81.4543229
-0.9989310 -0.0151706 0.0435728 -110.1598705
0.0431598 0.0265596 0.9987185 6.2489953
0.0000000 0.0000000 0.0000000 1.0000000
-0.0199342 0.9993401 -0.0302826 81.4630932
-0.9989693 -0.0186784 0.0412792 -111.4058133
0.0406863 0.0310743 0.9986921 6.2421300
0.0000000 0.0000000 0.0000000 1.0000000
-0.0239881 0.9993266 -0.0276600 81.4081655
-0.9989136 -0.0228594 0.0405128 -112.7272625
0.0398533 0.0286017 0.9987996 6.3203639
0.0000000 0.0000000 0.0000000 1.0000000
-0.0295914 0.9992234 -0.0259040 81.4050038
-0.9985909 -0.0284156 0.0447285 -114.0225081
0.0439577 0.0271910 0.9986668 6.4334210
0.0000000 0.0000000 0.0000000 1.0000000
-0.0361845 0.9991015 -0.0219311 81.3512976
-0.9982643 -0.0351209 0.0471863 -115.3789428
0.0463737 0.0236003 0.9986489 6.4757928
0.0000000 0.0000000 0.0000000 1.0000000
-0.0448153 0.9985246 -0.0305670 81.3244849
-0.9980745 -0.0434453 0.0441717 -116.5929091
0.0427785 0.0324876 0.9985599 6.5636843
0.0000000 0.0000000 0.0000000 1.0000000
-0.0576993 0.9977394 -0.0343577 81.2186100
-0.9975253 -0.0562398 0.0420966 -117.9602020
0.0400692 0.0367015 0.9985263 6.6229219
0.0000000 0.0000000 0.0000000 1.0000000
-0.0708817 0.9969551 -0.0324024 81.1802948
-0.9967404 -0.0695430 0.0407996 -119.1374772
0.0384221 0.0351886 0.9986455 6.7139588
0.0000000 0.0000000 0.0000000 1.0000000
-0.0853509 0.9958331 -0.0320097 81.0815675
-0.9956242 -0.0840242 0.0407969 -120.4604816
0.0379373 0.0353516 0.9986584 6.7679380
0.0000000 0.0000000 0.0000000 1.0000000
-0.1003096 0.9941028 -0.0411219 80.9626915
-0.9943158 -0.0986844 0.0398696 -121.7000716
0.0355764 0.0448875 0.9983622 6.8215390
0.0000000 0.0000000 0.0000000 1.0000000
-0.1149313 0.9925887 -0.0393884 80.8635543
-0.9927542 -0.1133773 0.0397081 -122.9486111
0.0349481 0.0436667 0.9984384 6.9146759
0.0000000 0.0000000 0.0000000 1.0000000
-0.1331677 0.9902951 -0.0396786 80.6794832
-0.9903912 -0.1314672 0.0428299 -124.2071206
0.0371979 0.0450008 0.9982979 6.9357265
0.0000000 0.0000000 0.0000000 1.0000000
-0.1466932 0.9885037 -0.0365211 80.5421450
-0.9883532 -0.1449663 0.0462053 -125.3877208
0.0403798 0.0428737 0.9982679 7.0031300
0.0000000 0.0000000 0.0000000 1.0000000
-0.1629526 0.9859480 -0.0366715 80.3600076
-0.9858831 -0.1612737 0.0449209 -126.6745691
0.0383757 0.0434736 0.9983211 7.0585395
0.0000000 0.0000000 0.0000000 1.0000000
-0.1783817 0.9833578 -0.0343357 80.2361426
-0.9833558 -0.1769475 0.0411405 -127.9181021
0.0343803 0.0411027 0.9985671 7.1295712
0.0000000 0.0000000 0.0000000 1.0000000
-0.1939680 0.9803598 -0.0355287 80.0080410
-0.9805048 -0.1925915 0.0388445 -129.2842946
0.0312391 0.0423705 0.9986174 7.2072816
0.0000000 0.0000000 0.0000000 1.0000000
-0.2102215 0.9771179 -0.0322222 79.7638023
-0.9771413 -0.2089397 0.0391024 -130.3983769
0.0314753 0.0397055 0.9987194 7.2726077
0.0000000 0.0000000 0.0000000 1.0000000
-0.2267140 0.9733590 -0.0341068 79.5023937
-0.9734185 -0.2252893 0.0411277 -131.6442056
0.0323483 0.0425241 0.9985755 7.2533914
0.0000000 0.0000000 0.0000000 1.0000000
-0.2390903 0.9704007 -0.0338961 79.2905040
-0.9704272 -0.2376182 0.0424062 -132.8472949
0.0330968 0.0430324 0.9985292 7.3350216
0.0000000 0.0000000 0.0000000 1.0000000
-0.2530188 0.9668417 -0.0344916 78.9922453
-0.9669450 -0.2515693 0.0414656 -134.0175515
0.0314138 0.0438428 0.9985484 7.3940887
0.0000000 0.0000000 0.0000000 1.0000000
-0.2671359 0.9629804 -0.0360281 78.6801093
-0.9632246 -0.2657188 0.0397595 -135.1983747
0.0287144 0.0453242 0.9985637 7.4506610
0.0000000 0.0000000 0.0000000 1.0000000
-0.2822416 0.9586830 -0.0354528 78.2923828
-0.9589460 -0.2808810 0.0389584 -136.4410564
0.0273908 0.0449927 0.9986160 7.5158213
0.0000000 0.0000000 0.0000000 1.0000000
-0.2971741 0.9541773 -0.0349738 77.9351710
-0.9544102 -0.2957815 0.0400460 -137.6646900
0.0278665 0.0452797 0.9985898 7.5639340
0.0000000 0.0000000 0.0000000 1.0000000
-0.3129603 0.9491824 -0.0331627 77.5219177
-0.9492951 -0.3115273 0.0421634 -138.8884930
0.0296898 0.0446764 0.9985645 7.6345939
0.0000000 0.0000000 0.0000000 1.0000000
-0.3274946 0.9442536 -0.0335145 77.1094326
-0.9443433 -0.3259594 0.0442112 -140.0287783
0.0308224 0.0461278 0.9984643 7.6940458
0.0000000 0.0000000 0.0000000 1.0000000
-0.3434783 0.9385709 -0.0331300 76.6863478
-0.9386264 -0.3418909 0.0456173 -141.1887858
0.0314885 0.0467650 0.9984139 7.7088067
0.0000000 0.0000000 0.0000000 1.0000000
-0.3593772 0.9326085 -0.0328554 76.2757946
-0.9325597 -0.3576253 0.0492613 -142.3061235
0.0341919 0.0483427 0.9982499 7.7644077
0.0000000 0.0000000 0.0000000 1.0000000
-0.3751558 0.9263779 -0.0327412 75.8501068
-0.9263167 -0.3733541 0.0503422 -143.4523876
0.0344122 0.0492146 0.9981998 7.8596034
0.0000000 0.0000000 0.0000000 1.0000000
-0.3911003 0.9197743 -0.0323538 75.3327165
-0.9197546 -0.3893551 0.0494436 -144.5844905
0.0328801 0.0490947 0.9982573 7.8599855
0.0000000 0.0000000 0.0000000 1.0000000
-0.4086954 0.9122419 -0.0278094 74.8813366
-0.9121475 -0.4072500 0.0461024 -145.8019862
0.0307315 0.0442078 0.9985543 7.8240892
0.0000000 0.0000000 0.0000000 1.0000000
-0.4252739 0.9046710 -0.0265157 74.3940741
-0.9045522 -0.4238757 0.0458827 -146.8778731
0.0302697 0.0434972 0.9985996 7.8911876
0.0000000 0.0000000 0.0000000 1.0000000
-0.4408857 0.8972016 -0.0252989 73.7887268
-0.8970884 -0.4395726 0.0446950 -147.9657915
0.0289800 0.0424003 0.9986851 7.9170526
0.0000000 0.0000000 0.0000000 1.0000000
-0.4559731 0.8895923 -0.0265542 73.2841949
-0.8895302 -0.4545834 0.0455920 -149.0311536
0.0284874 0.0444092 0.9986119 7.9253389
0.0000000 0.0000000 0.0000000 1.0000000
-0.4716089 0.8814050 -0.0264751 72.8898098
-0.8813932 -0.4702680 0.0445299 -150.1089101
0.0267988 0.0443353 0.9986619 7.9722312
0.0000000 0.0000000 0.0000000 1.0000000
-0.4889439 0.8719672 -0.0244628 72.2254829
-0.8718979 -0.4876640 0.0443471 -151.2356298
0.0267399 0.0430120 0.9987214 8.0436360
0.0000000 0.0000000 0.0000000 1.0000000
-0.5058991 0.8622585 -0.0238413 71.4655321
-0.8622498 -0.5047403 0.0418475 -152.4180409
0.0240499 0.0417275 0.9988443 8.0819512
0.0000000 0.0000000 0.0000000 1.0000000
-0.5216142 0.8528420 -0.0238958 70.8583664
-0.8529395 -0.5206115 0.0380344 -153.4132377
0.0199971 0.0402205 0.9989956 8.0429207
0.0000000 0.0000000 0.0000000 1.0000000
-0.5370246 0.8431917 -0.0249922 70.1738358
-0.8433922 -0.5360959 0.0357650 -154.5520079
0.0167587 0.0402845 0.9990527 8.0834162
0.0000000 0.0000000 0.0000000 1.0000000
-0.5517236 0.8336399 -0.0252501 69.5015597
-0.8338748 -0.5508136 0.0352952 -155.5702469
0.0155156 0.0405282 0.9990629 8.0939059
0.0000000 0.0000000 0.0000000 1.0000000
-0.5677410 0.8229274 -0.0212869 68.7890145
-0.8230120 -0.5668721 0.0359958 -156.5168078
0.0175552 0.0379553 0.9991301 8.1399304
0.0000000 0.0000000 0.0000000 1.0000000
-0.5832105 0.8120973 -0.0188415 67.9932938
-0.8120850 -0.5823424 0.0371933 -157.6453331
0.0192326 0.0369920 0.9991354 8.2160606
0.0000000 0.0000000 0.0000000 1.0000000
-0.5997328 0.7999699 -0.0189856 67.2473594
-0.8000099 -0.5989228 0.0355553 -158.6200045
0.0170725 0.0365120 0.9991924 8.2438454
0.0000000 0.0000000 0.0000000 1.0000000
-0.6156193 0.7877511 -0.0212847 66.5544068
-0.7879479 -0.6149256 0.0315134 -159.5608495
0.0117364 0.0361711 0.9992817 8.2418958
0.0000000 0.0000000 0.0000000 1.0000000
-0.6344556 0.7726836 -0.0204259 65.7050905
-0.7728951 -0.6338762 0.0286559 -160.6205654
0.0091946 0.0339675 0.9993857 8.2934486
0.0000000 0.0000000 0.0000000 1.0000000
-0.6518836 0.7580660 -0.0193799 64.8913480
-0.7582687 -0.6513723 0.0270135 -161.5671031
0.0078546 0.0323043 0.9994524 8.3379091
0.0000000 0.0000000 0.0000000 1.0000000
-0.6697950 0.7423842 -0.0152620 64.0039039
-0.7425004 -0.6694194 0.0236255 -162.4700798
0.0073227 0.0271557 0.9996097 8.2669359
0.0000000 0.0000000 0.0000000 1.0000000
-0.6883820 0.7251634 -0.0161450 63.1689530
-0.7253147 -0.6880093 0.0234340 -163.4568855
0.0058856 0.0278411 0.9996004 8.2465305
0.0000000 0.0000000 0.0000000 1.0000000
-0.7057819 0.7082553 -0.0154597 62.2958865
-0.7083969 -0.7054176 0.0233989 -164.3508933
0.0056670 0.0274656 0.9996121 8.3445152
0.0000000 0.0000000 0.0000000 1.0000000
-0.7233021 0.6902744 -0.0186638 61.4285775
-0.6905090 -0.7228573 0.0257443 -165.3383189
0.0042795 0.0315080 0.9994998 8.2864055
0.0000000 0.0000000 0.0000000 1.0000000
-0.7419877 0.6700377 -0.0222766 60.5266780
-0.6704011 -0.7414907 0.0272299 -166.2337868
0.0017273 0.0351380 0.9993865 8.3397276
0.0000000 0.0000000 0.0000000 1.0000000
-0.7575283 0.6524152 -0.0223012 59.5669866
-0.6527886 -0.7569816 0.0288548 -167.2361627
0.0019438 0.0364158 0.9993405 8.3222493
0.0000000 0.0000000 0.0000000 1.0000000
-0.7722646 0.6349388 -0.0212572 58.4949721
-0.6352805 -0.7716402 0.0312484 -168.1581836
0.0034381 0.0376358 0.9992914 8.3298271
0.0000000 0.0000000 0.0000000 1.0000000
-0.7871589 0.6163502 -0.0220126 57.5457109
-0.6167346 -0.7865357 0.0313897 -168.8769197
0.0020334 0.0382841 0.9992706 8.3570841
0.0000000 0.0000000 0.0000000 1.0000000
-0.8004373 0.5989600 -0.0231973 56.4223357
-0.5994037 -0.7998743 0.0300267 -169.7136930
-0.0005700 0.0379385 0.9992857 8.3204636
0.0000000 0.0000000 0.0000000 1.0000000
-0.8126760 0.5822927 -0.0219937 55.4323339
-0.5827023 -0.8121081 0.0303819 -170.4154205
-0.0001700 0.0375059 0.9993021 8.3058474
0.0000000 0.0000000 0.0000000 1.0000000
-0.8245183 0.5654006 -0.0219629 54.4892192
-0.5658213 -0.8238447 0.0333324 -171.1937219
0.0007523 0.0399097 0.9992087 8.3390184
0.0000000 0.0000000 0.0000000 1.0000000
-0.8354099 0.5492389 -0.0204385 53.2866305
-0.5496141 -0.8348282 0.0311672 -171.9597647
0.0000558 0.0372701 0.9993110 8.3439140
0.0000000 0.0000000 0.0000000 1.0000000
-0.8440529 0.5357439 -0.0233278 52.2705658
-0.5362368 -0.8435004 0.0307009 -172.6591985
-0.0032290 0.0384219 0.9992622 8.2650975
0.0000000 0.0000000 0.0000000 1.0000000
-0.8542096 0.5194480 -0.0221535 51.2066619
-0.5198967 -0.8537610 0.0280139 -173.3314143
-0.0043619 0.0354467 0.9993678 8.2818549
0.0000000 0.0000000 0.0000000 1.0000000
-0.8630857 0.5046235 -0.0207123 50.0716949
-0.5050224 -0.8626906 0.0264938 -174.0398021
-0.0044988 0.0333260 0.9994402 8.2795326
0.0000000 0.0000000 0.0000000 1.0000000
-0.8713754 0.4901276 -0.0216980 49.0749173
-0.4905523 -0.8710624 0.0243604 -174.7076685
-0.0069606 0.0318705 0.9994736 8.2757471
0.0000000 0.0000000 0.0000000 1.0000000
-0.8782029 0.4776583 -0.0243382 47.9854906
-0.4781410 -0.8780163 0.0212799 -175.2698678
-0.0112048 0.0303244 0.9994832 8.2574760
0.0000000 0.0000000 0.0000000 1.0000000
-0.8827972 0.4690308 -0.0258702 46.7423608
-0.4694915 -0.8827788 0.0162344 -175.8142008
-0.0152232 0.0264767 0.9995395 8.2509627
0.0000000 0.0000000 0.0000000 1.0000000
-0.8855868 0.4634871 -0.0300793 45.7849801
-0.4641030 -0.8855819 0.0183527 -176.4401190
-0.0181315 0.0302120 0.9993851 8.1975687
0.0000000 0.0000000 0.0000000 1.0000000
-0.8904393 0.4540057 -0.0313865 44.5065387
-0.4546596 -0.8904688 0.0182577 -177.0743716
-0.0196597 0.0305267 0.9993466 8.2185061
0.0000000 0.0000000 0.0000000 1.0000000
-0.8951247 0.4446433 -0.0321456 43.2737447
-0.4454273 -0.8949935 0.0237706 -177.7435812
-0.0182006 0.0355955 0.9992066 8.1836728
0.0000000 0.0000000 0.0000000 1.0000000
-0.8970801 0.4406315 -0.0328582 42.1701330
-0.4414873 -0.8968741 0.0262536 -178.1974549
-0.0179015 0.0380574 0.9991213 8.1672604
0.0000000 0.0000000 0.0000000 1.0000000
-0.8996514 0.4354166 -0.0320692 40.9546717
-0.4362437 -0.8994357 0.0262759 -178.7163503
-0.0174032 0.0376284 0.9991465 8.1452037
0.0000000 0.0000000 0.0000000 1.0000000
-0.9013396 0.4317744 -0.0338587 39.8082201
-0.4325455 -0.9013770 0.0201854 -179.4210236
-0.0218041 0.0328385 0.9992291 8.0532524
0.0000000 0.0000000 0.0000000 1.0000000
-0.9039120 0.4263631 -0.0338571 38.5209625
-0.4270589 -0.9040572 0.0168784 -179.8196039
-0.0234125 0.0297147 0.9992905 7.9791788
0.0000000 0.0000000 0.0000000 1.0000000
-0.9051124 0.4241010 -0.0299833 37.3663709
-0.4246076 -0.9052734 0.0131338 -180.4310576
-0.0215730 0.0246177 0.9994706 7.9138918
0.0000000 0.0000000 0.0000000 1.0000000
-0.9052880 0.4239234 -0.0270449 36.2973480
-0.4243413 -0.9054111 0.0122033 -180.8027789
-0.0193135 0.0225227 0.9995663 7.9073855
0.0000000 0.0000000 0.0000000 1.0000000
-0.9064544 0.4215177 -0.0255421 35.1707646
-0.4219143 -0.9065353 0.0128856 -181.2568841
-0.0177233 0.0224557 0.9995973 7.8965714
0.0000000 0.0000000 0.0000000 1.0000000
-0.9067907 0.4208543 -0.0245184 34.0860087
-0.4212423 -0.9068349 0.0137549 -181.7805683
-0.0164452 0.0227999 0.9996115 7.8881420
0.0000000 0.0000000 0.0000000 1.0000000
-0.9076478 0.4190525 -0.0236445 32.8941329
-0.4194227 -0.9076756 0.0138950 -182.3314016
-0.0156388 0.0225277 0.9996307 7.8523598
0.0000000 0.0000000 0.0000000 1.0000000
-0.9093548 0.4152822 -0.0245697 31.7592233
-0.4157318 -0.9093094 0.0175378 -182.7500107
-0.0150582 0.0261614 0.9995511 7.8473113
0.0000000 0.0000000 0.0000000 1.0000000
-0.9085307 0.4171309 -0.0237255 30.5866334
-0.4175574 -0.9084740 0.0174617 -183.3481534
-0.0142701 0.0257701 0.9995728 7.8126743
0.0000000 0.0000000 0.0000000 1.0000000
-0.9091267 0.4157638 -0.0248630 29.5174348
-0.4162596 -0.9090142 0.0201265 -183.9226397
-0.0142328 0.0286460 0.9994950 7.8000075
0.0000000 0.0000000 0.0000000 1.0000000
-0.9088022 0.4165758 -0.0230721 28.2616879
-0.4170094 -0.9086895 0.0192450 -184.3222805
-0.0129482 0.0271101 0.9995554 7.8129754
0.0000000 0.0000000 0.0000000 1.0000000
-0.9067172 0.4211304 -0.0224150 27.1218564
-0.4215338 -0.9066187 0.0183271 -184.9552573
-0.0126036 0.0260651 0.9995876 7.8192549
0.0000000 0.0000000 0.0000000 1.0000000
-0.9045374 0.4256719 -0.0245908 25.9072673
-0.4261320 -0.9044678 0.0182614 -185.3624261
-0.0144681 0.0269960 0.9995375 7.7661045
0.0000000 0.0000000 0.0000000 1.0000000
-0.9007062 0.4334232 -0.0293556 24.5443655
-0.4339923 -0.9007477 0.0169745 -186.2156861
-0.0190849 0.0280281 0.9994315 7.6802079
0.0000000 0.0000000 0.0000000 1.0000000
