1.0000000 0.0000000 0.0000000 0.0000000
0.0000000 1.0000000 0.0000000 0.0000000
0.0000000 0.0000000 1.0000000 0.0000000
0.0000000 0.0000000 0.0000000 1.0000000
0.9999989 0.0000171 -0.0011684 0.9624793
-0.0000184 0.9999989 -0.0011105 -0.0392959
0.0011684 0.0011105 0.9999986 0.0287392
0.0000000 0.0000000 0.0000000 1.0000000
0.9999964 0.0003517 0.0025495 1.9468916
-0.0003479 0.9999983 -0.0015064 -0.0579619
-0.0025500 0.0015055 0.9999956 0.0340817
0.0000000 0.0000000 0.0000000 1.0000000
0.9999752 -0.0007601 0.0068767 2.8081215
0.0007746 0.9999967 -0.0021253 -0.0844089
-0.0068751 0.0021306 0.9999741 -0.0033789
0.0000000 0.0000000 0.0000000 1.0000000
0.9999665 -0.0010971 0.0080421 3.7223725
0.0011343 0.9999879 -0.0046276 -0.0520098
-0.0080369 0.0046365 0.9999570 0.0898577
0.0000000 0.0000000 0.0000000 1.0000000
0.9999792 -0.0028842 0.0056079 4.7172466
0.0029046 0.9999883 -0.0036371 -0.0904593
-0.0055974 0.0036534 0.9999777 0.1357573
0.0000000 0.0000000 0.0000000 1.0000000
0.9999912 -0.0034932 0.0020264 5.6088331
0.0034973 0.9999908 -0.0020496 -0.0495907
-0.0020192 0.0020567 0.9999958 0.1260851
0.0000000 0.0000000 0.0000000 1.0000000
0.9999774 -0.0062654 0.0019360 6.5541609
0.0062690 0.9999775 -0.0018995 0.0255868
-0.0019241 0.0019116 0.9999963 0.1391280
0.0000000 0.0000000 0.0000000 1.0000000
0.9999739 -0.0060925 0.0035264 7.5224734
0.0061092 0.9999686 -0.0047686 0.0869315
-0.0034973 0.0047900 0.9999823 0.1331965
0.0000000 0.0000000 0.0000000 1.0000000
0.9999512 -0.0070885 0.0066554 8.4624482
0.0071165 0.9999647 -0.0042146 -0.0506779
-0.0066253 0.0042618 0.9999690 0.1524124
0.0000000 0.0000000 0.0000000 1.0000000
0.9999373 -0.0078930 0.0078022 9.4177883
0.0079342 0.9999535 -0.0052857 -0.0691128
-0.0077602 0.0053473 0.9999556 0.1518584
0.0000000 0.0000000 0.0000000 1.0000000
0.9999297 -0.0076834 0.0089222 10.4257844
0.0077426 0.9999472 -0.0066301 -0.0493888
-0.0088708 0.0066987 0.9999384 0.1612156
0.0000000 0.0000000 0.0000000 1.0000000
0.9999200 -0.0089624 0.0088157 11.2166326
0.0090443 0.9999153 -0.0093196 0.0179475
-0.0087315 0.0093986 0.9999180 0.1586951
0.0000000 0.0000000 0.0000000 1.0000000
0.9999032 -0.0114141 0.0079145 12.1390668
0.0115047 0.9998669 -0.0115206 0.0656906
-0.0077820 0.0116106 0.9999024 0.1718808
0.0000000 0.0000000 0.0000000 1.0000000
0.9999247 -0.0108543 0.0055661 13.0498595
0.0109215 0.9998652 -0.0122089 0.1076286
-0.0054329 0.0122688 0.9999102 0.1203891
0.0000000 0.0000000 0.0000000 1.0000000
0.9998948 -0.0134914 0.0051156 13.8889028
0.0135593 0.9998160 -0.0135183 0.1037299
-0.0049323 0.0135863 0.9998958 0.1235244
0.0000000 0.0000000 0.0000000 1.0000000
0.9998715 -0.0152781 0.0045415 14.8186112
0.0153369 0.9997937 -0.0132415 0.1612766
-0.0043383 0.0133095 0.9999024 0.0970233
0.0000000 0.0000000 0.0000000 1.0000000
0.9998303 -0.0177898 0.0044502 15.6177002
0.0178436 0.9997627 -0.0124230 0.2086598
-0.0042282 0.0125003 0.9999133 0.1060433
0.0000000 0.0000000 0.0000000 1.0000000
0.9997964 -0.0195699 0.0046568 16.4835489
0.0196240 0.9997357 -0.0119148 0.2608150
-0.0044224 0.0120038 0.9999185 0.1643700
0.0000000 0.0000000 0.0000000 1.0000000
0.9997619 -0.0208948 0.0060409 17.3713819
0.0209653 0.9997085 -0.0118977 0.2948675
-0.0057906 0.0120216 0.9999113 0.1459356
0.0000000 0.0000000 0.0000000 1.0000000
0.9997415 -0.0214812 0.0072415 18.3404262
0.0215517 0.9997185 -0.0098221 0.3053756
-0.0070285 0.0099757 0.9999259 0.1930222
0.0000000 0.0000000 0.0000000 1.0000000
0.9996499 -0.0250821 0.0081736 19.2364286
0.0251846 0.9996008 -0.0127400 0.3595711
-0.0078509 0.0129415 0.9998858 0.1934638
0.0000000 0.0000000 0.0000000 1.0000000
0.9996051 -0.0268335 0.0080769 20.0788976
0.0269470 0.9995333 -0.0143149 0.3962211
-0.0076890 0.0145269 0.9998653 0.1820725
0.0000000 0.0000000 0.0000000 1.0000000
0.9995752 -0.0278258 0.0084272 20.8785078
0.0279515 0.9994922 -0.0152092 0.4350617
-0.0079997 0.0154383 0.9998494 0.2118595
0.0000000 0.0000000 0.0000000 1.0000000
0.9995244 -0.0296454 0.0082341 21.8604275
0.0297695 0.9994365 -0.0154116 0.4234355
-0.0077727 0.0156495 0.9998479 0.2217173
0.0000000 0.0000000 0.0000000 1.0000000
0.9995347 -0.0286509 0.0103088 22.6128504
0.0287887 0.9994928 -0.0135005 0.4809340
-0.0099169 0.0137910 0.9998562 0.2639892
0.0000000 0.0000000 0.0000000 1.0000000
0.9994225 -0.0317537 0.0119976 23.5635367
0.0319344 0.9993732 -0.0151920 0.4879355
-0.0115077 0.0155664 0.9998131 0.2329350
0.0000000 0.0000000 0.0000000 1.0000000
0.9993573 -0.0334591 0.0127729 24.4597845
0.0336294 0.9993441 -0.0133808 0.5252201
-0.0123168 0.0138018 0.9998294 0.2185673
0.0000000 0.0000000 0.0000000 1.0000000
0.9993299 -0.0345785 0.0119286 25.2187166
0.0347337 0.9993103 -0.0130755 0.6298879
-0.0114683 0.0134811 0.9998438 0.2212234
0.0000000 0.0000000 0.0000000 1.0000000
0.9993986 -0.0334985 0.0089266 26.0323886
0.0336023 0.9993656 -0.0117500 0.7120262
-0.0085274 0.0120429 0.9998917 0.2343024
0.0000000 0.0000000 0.0000000 1.0000000
0.9993131 -0.0362270 0.0077728 26.8995033
0.0363170 0.9992704 -0.0117746 0.7959491
-0.0073406 0.0120488 0.9999010 0.2308756
0.0000000 0.0000000 0.0000000 1.0000000
0.9992968 -0.0367046 0.0076047 27.7293995
0.0367944 0.9992496 -0.0120475 0.8735090
-0.0071568 0.0123189 0.9998989 0.2211309
0.0000000 0.0000000 0.0000000 1.0000000
0.9992318 -0.0385154 0.0071740 28.4298045
0.0385982 0.9991844 -0.0118124 0.8859096
-0.0067132 0.0120802 0.9999048 0.2638015
0.0000000 0.0000000 0.0000000 1.0000000
0.9991941 -0.0394720 0.0071907 29.0782267
0.0395538 0.9991489 -0.0116392 0.8689210
-0.0067252 0.0119142 0.9999069 0.3040158
0.0000000 0.0000000 0.0000000 1.0000000
0.9991320 -0.0410619 0.0068849 29.8146420
0.0411517 0.9990612 -0.0134740 0.8665269
-0.0063252 0.0137456 0.9998860 0.3059273
0.0000000 0.0000000 0.0000000 1.0000000
0.9991563 -0.0402795 0.0078181 30.4651382
0.0403803 0.9990958 -0.0132343 0.8243844
-0.0072780 0.0135389 0.9998823 0.3046983
0.0000000 0.0000000 0.0000000 1.0000000
0.9990589 -0.0423485 0.0092053 31.3581767
0.0424665 0.9990116 -0.0130527 0.9773013
-0.0086435 0.0134314 0.9998730 0.3013049
0.0000000 0.0000000 0.0000000 1.0000000
0.9989864 -0.0434016 0.0117569 32.2281614
0.0435621 0.9989542 -0.0137790 0.9840607
-0.0111467 0.0142773 0.9998364 0.2955573
0.0000000 0.0000000 0.0000000 1.0000000
0.9988420 -0.0465143 0.0121198 32.8705080
0.0466448 0.9988523 -0.0107406 1.0415840
-0.0116064 0.0112936 0.9998694 0.3098643
0.0000000 0.0000000 0.0000000 1.0000000
0.9987244 -0.0490592 0.0117745 33.5424855
0.0491387 0.9987689 -0.0065844 1.0926893
-0.0114371 0.0071546 0.9999095 0.3288208
0.0000000 0.0000000 0.0000000 1.0000000
0.9985115 -0.0533492 0.0111501 34.1718859
0.0533996 0.9985625 -0.0043005 1.1946668
-0.0109047 0.0048895 0.9999291 0.3077875
0.0000000 0.0000000 0.0000000 1.0000000
0.9983210 -0.0565863 0.0122053 34.8698301
0.0566115 0.9983932 -0.0017540 1.2647413
-0.0120865 0.0024420 0.9999246 0.3272737
0.0000000 0.0000000 0.0000000 1.0000000
0.9982239 -0.0579768 0.0135573 35.6080521
0.0579799 0.9983158 0.0001540 1.2769993
-0.0135434 0.0006323 0.9999086 0.3078249
0.0000000 0.0000000 0.0000000 1.0000000
0.9981537 -0.0590436 0.0140597 36.2387170
0.0590094 0.9982512 0.0028125 1.3294004
-0.0142013 -0.0019776 0.9998977 0.2989235
0.0000000 0.0000000 0.0000000 1.0000000
0.9982576 -0.0576221 0.0124750 37.0027777
0.0575764 0.9983308 0.0039726 1.4889935
-0.0126832 -0.0032473 0.9999148 0.3121389
0.0000000 0.0000000 0.0000000 1.0000000
0.9983661 -0.0563216 0.0093081 37.6843476
0.0562727 0.9983983 0.0054023 1.4068546
-0.0095976 -0.0048697 0.9999425 0.3273004
0.0000000 0.0000000 0.0000000 1.0000000
0.9985630 -0.0528694 0.0083421 38.2626528
0.0528164 0.9985813 0.0064082 1.4924744
-0.0086691 -0.0059584 0.9999451 0.3780324
0.0000000 0.0000000 0.0000000 1.0000000
0.9987555 -0.0489515 0.0092250 39.0614529
0.0488942 0.9987817 0.0063024 1.4193873
-0.0095223 -0.0058435 0.9999380 0.3965790
0.0000000 0.0000000 0.0000000 1.0000000
0.9988480 -0.0465194 0.0114805 39.6461067
0.0464161 0.9988788 0.0090729 1.4515505
-0.0118898 -0.0085296 0.9998934 0.3633549
0.0000000 0.0000000 0.0000000 1.0000000
0.9989858 -0.0427075 0.0140302 40.2109502
0.0425425 0.9990226 0.0118267 1.3901950
-0.0145217 -0.0112179 0.9998320 0.3489435
0.0000000 0.0000000 0.0000000 1.0000000
0.9991672 -0.0376935 0.0154218 40.8064307
0.0374358 0.9991578 0.0166488 1.5471032
-0.0160365 -0.0160577 0.9997428 0.3551491
0.0000000 0.0000000 0.0000000 1.0000000
0.9993168 -0.0334457 0.0155058 41.4249562
0.0331111 0.9992214 0.0213273 1.6302240
-0.0162072 -0.0207994 0.9996526 0.3236247
0.0000000 0.0000000 0.0000000 1.0000000
0.9994289 -0.0294408 0.0163660 42.2194600
0.0290285 0.9992668 0.0248566 1.7251566
-0.0170859 -0.0243675 0.9995575 0.3454646
0.0000000 0.0000000 0.0000000 1.0000000
0.9995834 -0.0227876 0.0175008 42.8123811
0.0222582 0.9993034 0.0298483 1.7472436
-0.0181690 -0.0294465 0.9994017 0.3481700
0.0000000 0.0000000 0.0000000 1.0000000
0.9996854 -0.0173690 0.0178990 43.3320927
0.0167886 0.9993418 0.0320613 1.7179465
-0.0184443 -0.0317509 0.9993261 0.3541732
0.0000000 0.0000000 0.0000000 1.0000000
0.9997646 -0.0099296 0.0190937 43.7964776
0.0092621 0.9993513 0.0347122 1.7520195
-0.0194261 -0.0345273 0.9992154 0.3546165
0.0000000 0.0000000 0.0000000 1.0000000
0.9998244 -0.0015929 0.0184496 44.3580147
0.0009058 0.9993060 0.0371632 1.8217376
-0.0184961 -0.0371402 0.9991394 0.3740202
0.0000000 0.0000000 0.0000000 1.0000000
0.9998402 0.0062914 0.0164860 44.8586381
-0.0069449 0.9991784 0.0398560 1.8165796
-0.0162218 -0.0399644 0.9990700 0.3517165
0.0000000 0.0000000 0.0000000 1.0000000
0.9997646 0.0161497 0.0141643 45.3905861
-0.0167184 0.9990180 0.0409546 1.8684420
-0.0134891 -0.0411820 0.9990613 0.3435252
0.0000000 0.0000000 0.0000000 1.0000000
0.9995927 0.0243210 0.0146244 45.8740300
-0.0248960 0.9988674 0.0404727 1.8835310
-0.0136236 -0.0408206 0.9990744 0.3782481
0.0000000 0.0000000 0.0000000 1.0000000
0.9993897 0.0306456 0.0164769 46.3332141
-0.0312790 0.9987214 0.0396338 1.8745920
-0.0152414 -0.0401253 0.9990793 0.3619368
0.0000000 0.0000000 0.0000000 1.0000000
0.9992688 0.0341508 0.0168830 46.8350789
-0.0348060 0.9985847 0.0401402 1.8151776
-0.0154884 -0.0406988 0.9990524 0.3476267
0.0000000 0.0000000 0.0000000 1.0000000
0.9989092 0.0429790 0.0179484 47.0703740
-0.0437009 0.9981607 0.0419466 1.8953767
-0.0161127 -0.0426855 0.9989597 0.3439744
0.0000000 0.0000000 0.0000000 1.0000000
0.9986051 0.0498289 0.0171310 47.5238054
-0.0505698 0.9976617 0.0459132 2.0006846
-0.0148033 -0.0467158 0.9987997 0.3284675
0.0000000 0.0000000 0.0000000 1.0000000
0.9981453 0.0576217 0.0193522 47.7785048
-0.0585204 0.9970506 0.0495962 1.9372534
-0.0164375 -0.0506371 0.9985830 0.3568706
0.0000000 0.0000000 0.0000000 1.0000000
0.9974464 0.0687492 0.0190595 48.1725798
-0.0696079 0.9963793 0.0487587 1.8621302
-0.0156385 -0.0499613 0.9986300 0.3843989
0.0000000 0.0000000 0.0000000 1.0000000
0.9966300 0.0796248 0.0194222 48.5226741
-0.0804832 0.9955810 0.0483257 1.7904759
-0.0154886 -0.0497264 0.9986441 0.4110607
0.0000000 0.0000000 0.0000000 1.0000000
0.9957303 0.0906133 0.0172477 48.9243877
-0.0913268 0.9947367 0.0463953 1.7820868
-0.0129531 -0.0477727 0.9987754 0.3984905
0.0000000 0.0000000 0.0000000 1.0000000
0.9942104 0.1064370 0.0143241 49.0971221
-0.1070035 0.9931287 0.0473251 1.6762963
-0.0091887 -0.0485842 0.9987780 0.4090367
0.0000000 0.0000000 0.0000000 1.0000000
0.9922052 0.1238221 0.0135597 49.2588374
-0.1243472 0.9910088 0.0493280 1.7063051
-0.0073300 -0.0506300 0.9986917 0.4164631
0.0000000 0.0000000 0.0000000 1.0000000
0.9900494 0.1399630 0.0141060 49.6293237
-0.1405021 0.9888060 0.0501626 1.6561517
-0.0069273 -0.0516458 0.9986426 0.4280324
0.0000000 0.0000000 0.0000000 1.0000000
0.9873256 0.1579647 0.0148525 49.9405187
-0.1585251 0.9860350 0.0509765 1.6630292
-0.0065927 -0.0526854 0.9985906 0.4524938
0.0000000 0.0000000 0.0000000 1.0000000
0.9845910 0.1741395 0.0155096 50.2119991
-0.1747074 0.9833433 0.0500687 1.5409585
-0.0065324 -0.0520073 0.9986266 0.4729031
0.0000000 0.0000000 0.0000000 1.0000000
0.9812056 0.1922089 0.0166198 50.5338110
-0.1928118 0.9799536 0.0500816 1.4632305
-0.0066606 -0.0523453 0.9986081 0.4880043
0.0000000 0.0000000 0.0000000 1.0000000
0.9766017 0.2144471 0.0157325 50.7233583
-0.2149725 0.9753603 0.0495342 1.3246220
-0.0047224 -0.0517577 0.9986498 0.4723459
0.0000000 0.0000000 0.0000000 1.0000000
0.9710344 0.2383156 0.0168336 50.9992456
-0.2388729 0.9697209 0.0507448 1.4208708
-0.0042307 -0.0532965 0.9985711 0.4814062
0.0000000 0.0000000 0.0000000 1.0000000
0.9647499 0.2626169 0.0166096 51.2991754
-0.2631326 0.9633475 0.0521249 1.3272635
-0.0023120 -0.0546585 0.9985037 0.5101263
0.0000000 0.0000000 0.0000000 1.0000000
0.9580137 0.2861352 0.0179445 51.5996075
-0.2866927 0.9565235 0.0535130 1.2865411
-0.0018525 -0.0564112 0.9984072 0.5232847
0.0000000 0.0000000 0.0000000 1.0000000
0.9512516 0.3078182 0.0188161 51.7563642
-0.3083920 0.9497151 0.0541194 1.2882752
-0.0012111 -0.0572844 0.9983585 0.5338292
0.0000000 0.0000000 0.0000000 1.0000000
0.9415876 0.3360767 0.0211968 52.1139447
-0.3367426 0.9399912 0.0548982 1.0456640
-0.0014749 -0.0588299 0.9982683 0.5838510
0.0000000 0.0000000 0.0000000 1.0000000
0.9312306 0.3638478 0.0201875 52.3222276
-0.3644063 0.9295913 0.0553181 0.9266072
0.0013612 -0.0588710 0.9982661 0.5874262
0.0000000 0.0000000 0.0000000 1.0000000
0.9191565 0.3933621 0.0200272 52.8656317
-0.3938606 0.9175337 0.0547512 0.7993742
0.0031614 -0.0582134 0.9983006 0.6393478
0.0000000 0.0000000 0.0000000 1.0000000
0.9046769 0.4256494 0.0191337 53.2687909
-0.4260546 0.9032078 0.0518201 0.6374618
0.0047755 -0.0550330 0.9984745 0.6326780
0.0000000 0.0000000 0.0000000 1.0000000
0.8870371 0.4613466 0.0175628 53.5722461
-0.4616100 0.8855820 0.0515062 0.4330826
0.0082089 -0.0537956 0.9985196 0.6446920
0.0000000 0.0000000 0.0000000 1.0000000
0.8683319 0.4956752 0.0170193 53.8265674
-0.4958376 0.8667995 0.0528728 0.2565965
0.0114555 -0.0543505 0.9984575 0.6493388
0.0000000 0.0000000 0.0000000 1.0000000
0.8468246 0.5316095 0.0162113 54.0813133
-0.5316432 0.8452230 0.0542716 -0.1679850
0.0151492 -0.0545777 0.9983959 0.6350448
0.0000000 0.0000000 0.0000000 1.0000000
0.8235742 0.5669091 0.0179734 54.3712274
-0.5669324 0.8218161 0.0565487 -0.2621371
0.0172872 -0.0567624 0.9982395 0.6672390
0.0000000 0.0000000 0.0000000 1.0000000
0.7960471 0.6049197 0.0190835 54.6788155
-0.6048763 0.7941317 0.0589133 -0.4129813
0.0204831 -0.0584416 0.9980822 0.6765655
0.0000000 0.0000000 0.0000000 1.0000000
0.7683524 0.6396812 0.0205959 55.0945175
-0.6395816 0.7662536 0.0614884 -0.6263669
0.0235514 -0.0604182 0.9978967 0.6713858
0.0000000 0.0000000 0.0000000 1.0000000
0.7376319 0.6748204 0.0223151 55.4966646
-0.6747135 0.7354668 0.0619682 -0.8224018
0.0254056 -0.0607668 0.9978301 0.6788433
0.0000000 0.0000000 0.0000000 1.0000000
0.7020171 0.7117143 0.0248078 55.7504024
-0.7117325 0.6999928 0.0586151 -1.1710720
0.0243520 -0.0588060 0.9979739 0.6725003
0.0000000 0.0000000 0.0000000 1.0000000
0.6637942 0.7474185 0.0268872 56.0196780
-0.7474611 0.6617365 0.0582684 -1.3380809
0.0257588 -0.0587761 0.9979404 0.6811507
0.0000000 0.0000000 0.0000000 1.0000000
0.6245227 0.7804971 0.0278447 56.1882798
-0.7805218 0.6225066 0.0570895 -1.8526414
0.0272248 -0.0573878 0.9979823 0.6791556
0.0000000 0.0000000 0.0000000 1.0000000
0.5815319 0.8130123 0.0284869 56.1949676
-0.8129781 0.5795246 0.0566210 -2.2016860
0.0295248 -0.0560869 0.9979909 0.6857165
0.0000000 0.0000000 0.0000000 1.0000000
0.5337629 0.8451168 0.0292296 56.2265770
-0.8450244 0.5317646 0.0561075 -2.6484695
0.0318743 -0.0546486 0.9979985 0.7231583
0.0000000 0.0000000 0.0000000 1.0000000
0.4867356 0.8729762 0.0313081 56.4165294
-0.8729692 0.4848096 0.0535962 -2.9438321
0.0316099 -0.0534188 0.9980735 0.7272389
0.0000000 0.0000000 0.0000000 1.0000000
0.4378943 0.8983433 0.0347381 56.6094922
-0.8985086 0.4360190 0.0505748 -3.5328037
0.0302873 -0.0533596 0.9981177 0.7636907
0.0000000 0.0000000 0.0000000 1.0000000
0.3865815 0.9214453 0.0383692 56.7226342
-0.9217639 0.3846988 0.0484300 -4.2075179
0.0298651 -0.0540903 0.9980911 0.7716530
0.0000000 0.0000000 0.0000000 1.0000000
0.3408223 0.9392595 0.0401320 57.0201403
-0.9395575 0.3388324 0.0491085 -4.6334353
0.0325278 -0.0544443 0.9979885 0.7509305
0.0000000 0.0000000 0.0000000 1.0000000
0.2943219 0.9550075 0.0362391 57.0357371
-0.9551163 0.2926080 0.0460485 -5.1712493
0.0333730 -0.0481663 0.9982832 0.8078798
0.0000000 0.0000000 0.0000000 1.0000000
0.2508424 0.9675926 0.0286539 57.0411591
-0.9675142 0.2496446 0.0397637 -5.6491488
0.0313219 -0.0376979 0.9987999 0.8089325
0.0000000 0.0000000 0.0000000 1.0000000
0.2070853 0.9780144 0.0241249 57.0848506
-0.9777684 0.2060826 0.0385480 -6.2880650
0.0327289 -0.0315717 0.9989671 0.8734940
0.0000000 0.0000000 0.0000000 1.0000000
0.1708211 0.9850867 0.0200871 57.2140778
-0.9846460 0.1699333 0.0397903 -6.9743908
0.0357836 -0.0265760 0.9990078 0.8401998
0.0000000 0.0000000 0.0000000 1.0000000
0.1375490 0.9903831 0.0141509 57.2606743
-0.9897749 0.1368938 0.0399332 -7.5725506
0.0376122 -0.0194992 0.9991039 0.8698797
0.0000000 0.0000000 0.0000000 1.0000000
0.1062240 0.9942772 0.0104015 57.3465988
-0.9936620 0.1057616 0.0379253 -8.2602680
0.0366084 -0.0143643 0.9992282 0.8922197
0.0000000 0.0000000 0.0000000 1.0000000
0.0801602 0.9967469 0.0069947 57.4031420
-0.9961512 0.0798602 0.0359536 -8.7830945
0.0352782 -0.0098499 0.9993308 0.9298963
0.0000000 0.0000000 0.0000000 1.0000000
0.0595576 0.9982114 0.0024909 57.4017312
-0.9976208 0.0594360 0.0347468 -9.2912246
0.0345367 -0.0045544 0.9993948 0.9375004
0.0000000 0.0000000 0.0000000 1.0000000
0.0411789 0.9991392 0.0022047 57.4929065
-0.9985252 0.0410762 0.0353102 -9.8264940
0.0351894 -0.0036554 0.9993757 0.9373657
0.0000000 0.0000000 0.0000000 1.0000000
0.0295172 0.9995504 0.0026594 57.5660176
-0.9989061 0.0294024 0.0361797 -10.3801946
0.0360854 -0.0037244 0.9993436 0.9619684
0.0000000 0.0000000 0.0000000 1.0000000
0.0180164 0.9998220 0.0033426 57.6066196
-0.9991757 0.0178840 0.0362609 -10.9364083
0.0361948 -0.0039931 0.9993387 0.9436936
0.0000000 0.0000000 0.0000000 1.0000000
0.0072477 0.9999630 -0.0009571 57.6361587
-0.9992244 0.0072797 0.0385238 -11.5537843
0.0385295 0.0006772 0.9992591 0.9931657
0.0000000 0.0000000 0.0000000 1.0000000
-0.0006179 0.9999854 -0.0028134 57.5534046
-0.9991886 -0.0005041 0.0401059 -12.3727356
0.0401041 0.0028360 0.9991934 1.0469649
0.0000000 0.0000000 0.0000000 1.0000000
-0.0035996 0.9999784 -0.0031628 57.5890498
-0.9992204 -0.0034724 0.0391452 -12.9768960
0.0391336 0.0033014 0.9992304 1.0613628
0.0000000 0.0000000 0.0000000 1.0000000
-0.0096187 0.9999413 -0.0021528 57.5736032
-0.9992542 -0.0095314 0.0372127 -13.4625250
0.0371901 0.0025093 0.9993070 1.1149687
0.0000000 0.0000000 0.0000000 1.0000000
-0.0104155 0.9999348 -0.0011799 57.5108389
-0.9994757 -0.0103742 0.0304024 -14.1516345
0.0303881 0.0014961 0.9995391 1.0984515
0.0000000 0.0000000 0.0000000 1.0000000
-0.0124639 0.9999116 -0.0013207 57.4947725
-0.9996254 -0.0124278 0.0240471 -14.7554669
0.0240284 0.0016200 0.9997121 1.1428642
0.0000000 0.0000000 0.0000000 1.0000000
-0.0152889 0.9998674 -0.0033963 57.4287215
-0.9996132 -0.0152064 0.0229385 -15.4255810
0.0228837 0.0037459 0.9997334 1.1048515
0.0000000 0.0000000 0.0000000 1.0000000
-0.0138131 0.9998684 -0.0071883 57.3261501
-0.9996064 -0.0136350 0.0241706 -16.3052657
0.0240692 0.0075196 0.9996843 1.1444432
0.0000000 0.0000000 0.0000000 1.0000000
-0.0120387 0.9999001 -0.0059377 57.2586179
-0.9994774 -0.0118559 0.0297960 -16.8690346
0.0297225 0.0062935 0.9995407 1.1618253
0.0000000 0.0000000 0.0000000 1.0000000
-0.0100764 0.9999294 -0.0044679 57.2957466
-0.9992142 -0.0098979 0.0381650 -17.5219800
0.0381182 0.0048491 0.9992637 1.2395271
0.0000000 0.0000000 0.0000000 1.0000000
-0.0057923 0.9999627 -0.0046176 57.2942581
-0.9992473 -0.0056112 0.0381677 -18.2639773
0.0381405 0.0048353 0.9992630 1.2706392
0.0000000 0.0000000 0.0000000 1.0000000
-0.0027833 0.9999731 -0.0051038 57.3475982
-0.9993986 -0.0026057 0.0343494 -19.0324076
0.0343352 0.0051965 0.9993992 1.3103537
0.0000000 0.0000000 0.0000000 1.0000000
-0.0042147 0.9999712 -0.0044745 57.3299238
-0.9995851 -0.0040860 0.0282281 -19.6657747
0.0282090 0.0045918 0.9995939 1.3098940
0.0000000 0.0000000 0.0000000 1.0000000
-0.0006885 0.9999898 -0.0009697 57.4035476
-0.9996687 -0.0006629 0.0254170 -20.4099326
0.0254159 0.0009869 0.9996789 1.3287207
0.0000000 0.0000000 0.0000000 1.0000000
0.0033388 0.9999610 -0.0068715 57.3757272
-0.9995632 0.0035377 0.0290368 -21.1918263
0.0290599 0.0067718 0.9995572 1.4012202
0.0000000 0.0000000 0.0000000 1.0000000
0.0054216 0.9999317 -0.0093728 57.3354523
-0.9993913 0.0057394 0.0341444 -21.8853332
0.0341958 0.0091823 0.9993754 1.4196129
0.0000000 0.0000000 0.0000000 1.0000000
0.0061659 0.9999636 -0.0038434 57.3408797
-0.9993807 0.0062951 0.0343544 -22.6258164
0.0343774 0.0036294 0.9994048 1.4327599
0.0000000 0.0000000 0.0000000 1.0000000
0.0102984 0.9999360 0.0011225 57.2693622
-0.9994588 0.0102594 0.0309548 -23.2132199
0.0309413 -0.0014407 0.9995227 1.4665428
0.0000000 0.0000000 0.0000000 1.0000000
0.0120478 0.9999124 -0.0031097 57.2849894
-0.9995232 0.0121311 0.0280435 -24.0626986
0.0280787 0.0027705 0.9996044 1.5155251
0.0000000 0.0000000 0.0000000 1.0000000
0.0129208 0.9998813 -0.0071033 57.2360289
-0.9995200 0.0131138 0.0277113 -24.8545940
0.0278010 0.0067420 0.9995933 1.5742414
0.0000000 0.0000000 0.0000000 1.0000000
0.0165105 0.9998360 -0.0059401 57.3900244
-0.9993424 0.0166924 0.0318647 -25.6286168
0.0319586 0.0054102 0.9994771 1.5876525
0.0000000 0.0000000 0.0000000 1.0000000
0.0201836 0.9997807 -0.0034291 57.4208114
-0.9992566 0.0202853 0.0324571 -26.3937250
0.0325195 0.0027716 0.9994699 1.5741249
0.0000000 0.0000000 0.0000000 1.0000000
0.0229451 0.9997215 -0.0033404 57.4781671
-0.9992114 0.0230412 0.0320057 -27.1759600
0.0320737 0.0026036 0.9994848 1.6372065
0.0000000 0.0000000 0.0000000 1.0000000
0.0269544 0.9996078 -0.0061952 57.4780410
-0.9991666 0.0271302 0.0301257 -27.9567761
0.0302819 0.0053782 0.9995296 1.6826357
0.0000000 0.0000000 0.0000000 1.0000000
0.0285504 0.9995394 -0.0092926 57.4042454
-0.9991179 0.0288197 0.0301598 -28.6685465
0.0304135 0.0084236 0.9995046 1.7484328
0.0000000 0.0000000 0.0000000 1.0000000
0.0314510 0.9994149 -0.0126402 57.3390764
-0.9990188 0.0318240 0.0304119 -29.3557883
0.0307962 0.0116717 0.9994602 1.7917634
0.0000000 0.0000000 0.0000000 1.0000000
0.0318215 0.9994202 -0.0112200 57.3330589
-0.9990323 0.0321425 0.0296141 -29.9805629
0.0299575 0.0102671 0.9995011 1.8491061
0.0000000 0.0000000 0.0000000 1.0000000
0.0352849 0.9992898 -0.0123904 57.4442699
-0.9989429 0.0356284 0.0286141 -30.8244978
0.0290351 0.0113680 0.9995164 1.8790961
0.0000000 0.0000000 0.0000000 1.0000000
0.0395155 0.9990938 -0.0151354 57.4407473
-0.9988258 0.0399148 0.0269944 -31.5418829
0.0275738 0.0140514 0.9995237 1.9326356
0.0000000 0.0000000 0.0000000 1.0000000
0.0437874 0.9989656 -0.0113234 57.4475362
-0.9986450 0.0440827 0.0272081 -32.2772600
0.0276789 0.0101170 0.9995685 1.9862545
0.0000000 0.0000000 0.0000000 1.0000000
0.0454157 0.9988993 -0.0107562 57.4401346
-0.9985540 0.0457012 0.0278817 -32.9884652
0.0283424 0.0094748 0.9995563 1.9830980
0.0000000 0.0000000 0.0000000 1.0000000
0.0487995 0.9987330 -0.0113637 57.4900053
-0.9983754 0.0491070 0.0284798 -33.6672134
0.0290016 0.0099558 0.9995328 2.0367219
0.0000000 0.0000000 0.0000000 1.0000000
0.0509431 0.9986475 -0.0092952 57.5119706
-0.9982843 0.0511862 0.0280054 -34.4980697
0.0284431 0.0078529 0.9995675 2.0795557
0.0000000 0.0000000 0.0000000 1.0000000
0.0516123 0.9986295 -0.0073137 57.5256943
-0.9982420 0.0518011 0.0283873 -35.3810561
0.0287271 0.0058360 0.9995733 2.0530259
0.0000000 0.0000000 0.0000000 1.0000000
0.0556779 0.9984063 -0.0079580 57.6804539
-0.9980372 0.0558802 0.0278518 -35.9871004
0.0282519 0.0063919 0.9995835 2.0787596
0.0000000 0.0000000 0.0000000 1.0000000
0.0592753 0.9982204 -0.0045533 57.7227336
-0.9977884 0.0593850 0.0294728 -36.7150101
0.0296906 0.0027964 0.9995583 2.0702574
0.0000000 0.0000000 0.0000000 1.0000000
0.0632493 0.9979724 -0.0054151 57.8899260
-0.9974864 0.0633893 0.0313084 -37.4655534
0.0315880 0.0034214 0.9994982 2.0904825
0.0000000 0.0000000 0.0000000 1.0000000
0.0649153 0.9978666 -0.0051587 57.8819723
-0.9973152 0.0650524 0.0332796 -38.1446381
0.0335441 0.0029847 0.9994359 2.1328394
0.0000000 0.0000000 0.0000000 1.0000000
0.0699224 0.9975414 0.0001794 57.9731411
-0.9969190 0.0698733 0.0353257 -38.8920205
0.0352264 -0.0026488 0.9993790 2.1535236
0.0000000 0.0000000 0.0000000 1.0000000
0.0717866 0.9974027 0.0035459 58.0775151
-0.9967934 0.0716180 0.0353627 -39.6605061
0.0350169 -0.0060731 0.9993715 2.1673849
0.0000000 0.0000000 0.0000000 1.0000000
0.0751790 0.9971571 0.0018177 58.0749792
-0.9965472 0.0750699 0.0351393 -40.4176683
0.0349030 -0.0044531 0.9993840 2.2199189
0.0000000 0.0000000 0.0000000 1.0000000
0.0772003 0.9970033 0.0015979 58.1200702
-0.9963028 0.0770868 0.0376150 -41.0647531
0.0373792 -0.0044958 0.9992943 2.2595278
0.0000000 0.0000000 0.0000000 1.0000000
0.0802989 0.9967431 0.0058743 58.0877330
-0.9960491 0.0800188 0.0382053 -41.9031030
0.0376108 -0.0089190 0.9992558 2.2561121
0.0000000 0.0000000 0.0000000 1.0000000
0.0840700 0.9964230 0.0072693 58.2412003
-0.9958072 0.0837531 0.0364621 -42.6869629
0.0357229 -0.0103043 0.9993118 2.2994481
0.0000000 0.0000000 0.0000000 1.0000000
0.0894832 0.9959718 0.0033817 58.3363278
-0.9953249 0.0893023 0.0364619 -43.4810963
0.0360130 -0.0066287 0.9993324 2.3096602
0.0000000 0.0000000 0.0000000 1.0000000
0.0923169 0.9956921 0.0072552 58.3070882
-0.9949818 0.0919670 0.0391129 -44.2516384
0.0382772 -0.0108296 0.9992115 2.2894844
0.0000000 0.0000000 0.0000000 1.0000000
0.0980706 0.9951247 0.0093160 58.4226679
-0.9941120 0.0975322 0.0469527 -45.0336988
0.0458154 -0.0138660 0.9988568 2.3195667
0.0000000 0.0000000 0.0000000 1.0000000
0.1064445 0.9942829 0.0069771 58.5751968
-0.9929813 0.1059387 0.0523574 -45.8215176
0.0513194 -0.0125014 0.9986071 2.2702069
0.0000000 0.0000000 0.0000000 1.0000000
0.1108684 0.9937492 0.0121841 58.5511682
-0.9924138 0.1100513 0.0545793 -46.5558182
0.0528977 -0.0181431 0.9984381 2.3246985
0.0000000 0.0000000 0.0000000 1.0000000
0.1207958 0.9925690 0.0138661 58.7270773
-0.9913655 0.1199125 0.0528231 -47.3669794
0.0507683 -0.0201276 0.9985107 2.3545819
0.0000000 0.0000000 0.0000000 1.0000000
0.1265408 0.9918584 0.0134517 58.8153040
-0.9907134 0.1256961 0.0515892 -48.1985043
0.0494787 -0.0198552 0.9985810 2.4052693
0.0000000 0.0000000 0.0000000 1.0000000
0.1339903 0.9908814 0.0133148 58.9101813
-0.9898408 0.1331854 0.0495034 -49.1018608
0.0472789 -0.0198128 0.9986884 2.4331307
0.0000000 0.0000000 0.0000000 1.0000000
0.1391245 0.9901667 0.0137982 59.0725184
-0.9893592 0.1383903 0.0446177 -49.7812377
0.0422696 -0.0198591 0.9989120 2.4713151
0.0000000 0.0000000 0.0000000 1.0000000
0.1458592 0.9891967 0.0138423 59.1144396
-0.9886612 0.1452533 0.0377347 -50.5825986
0.0353163 -0.0191896 0.9991952 2.4805999
0.0000000 0.0000000 0.0000000 1.0000000
0.1518946 0.9882770 0.0146259 59.3215925
-0.9878650 0.1513201 0.0346141 -51.2839495
0.0319949 -0.0197064 0.9992971 2.5063622
0.0000000 0.0000000 0.0000000 1.0000000
0.1585193 0.9872462 0.0138836 59.5038611
-0.9867891 0.1579450 0.0356958 -52.2662498
0.0330476 -0.0193589 0.9992697 2.5573520
0.0000000 0.0000000 0.0000000 1.0000000
0.1626675 0.9865709 0.0138971 59.5998242
-0.9858432 0.1619407 0.0431495 -53.0529745
0.0403196 -0.0207197 0.9989754 2.5559100
0.0000000 0.0000000 0.0000000 1.0000000
0.1678971 0.9856848 0.0145625 59.7325029
-0.9848303 0.1670638 0.0466211 -53.9446671
0.0435211 -0.0221695 0.9988099 2.5835519
0.0000000 0.0000000 0.0000000 1.0000000
0.1724121 0.9849028 0.0146966 59.8041061
-0.9839689 0.1715248 0.0485725 -54.7547518
0.0453187 -0.0228358 0.9987152 2.6426292
0.0000000 0.0000000 0.0000000 1.0000000
0.1749074 0.9844089 0.0179318 59.8457742
-0.9835412 0.1738629 0.0489227 -55.5465787
0.0450426 -0.0261941 0.9986452 2.6875539
0.0000000 0.0000000 0.0000000 1.0000000
0.1797693 0.9835789 0.0151586 60.0719305
-0.9827624 0.1789069 0.0463193 -56.2051598
0.0428470 -0.0232245 0.9988153 2.7300017
0.0000000 0.0000000 0.0000000 1.0000000
0.1804271 0.9834680 0.0145306 60.3400871
-0.9828792 0.1797249 0.0402709 -57.0622556
0.0369937 -0.0215481 0.9990869 2.7597031
0.0000000 0.0000000 0.0000000 1.0000000
0.1815732 0.9832537 0.0147551 60.3945048
-0.9829268 0.1810254 0.0325367 -57.8364529
0.0293206 -0.0204113 0.9993655 2.7821122
0.0000000 0.0000000 0.0000000 1.0000000
0.1837994 0.9827918 0.0176841 60.6012862
-0.9825994 0.1832242 0.0300168 -58.5110329
0.0262599 -0.0228938 0.9993969 2.7904480
0.0000000 0.0000000 0.0000000 1.0000000
0.1858619 0.9823635 0.0197902 60.6662863
-0.9822336 0.1852419 0.0295979 -59.2232928
0.0254096 -0.0249401 0.9993698 2.8243359
0.0000000 0.0000000 0.0000000 1.0000000
0.1859819 0.9822914 0.0221163 60.7467174
-0.9821803 0.1852590 0.0312172 -59.8700676
0.0265669 -0.0275286 0.9992718 2.8310168
0.0000000 0.0000000 0.0000000 1.0000000
0.1878904 0.9818932 0.0236241 60.9143728
-0.9817480 0.1870445 0.0340416 -60.6136151
0.0290063 -0.0295896 0.9991451 2.8272581
0.0000000 0.0000000 0.0000000 1.0000000
0.1876309 0.9819002 0.0253358 60.9215964
-0.9816226 0.1865497 0.0398790 -61.3836877
0.0344307 -0.0323533 0.9988874 2.8672817
0.0000000 0.0000000 0.0000000 1.0000000
0.1896776 0.9814568 0.0272114 61.0860763
-0.9810561 0.1883532 0.0450099 -62.1300333
0.0390500 -0.0352340 0.9986201 2.8581810
0.0000000 0.0000000 0.0000000 1.0000000
0.1915600 0.9811410 0.0253480 61.2520264
-0.9806218 0.1902598 0.0464383 -62.7912693
0.0407400 -0.0337532 0.9986037 2.8823629
0.0000000 0.0000000 0.0000000 1.0000000
0.1913257 0.9811661 0.0261234 61.4848825
-0.9806791 0.1899994 0.0462816 -63.3456833
0.0404466 -0.0344742 0.9985910 2.9030746
0.0000000 0.0000000 0.0000000 1.0000000
0.1923871 0.9810152 0.0239174 61.6174860
-0.9806022 0.1912706 0.0425186 -64.0963084
0.0371367 -0.0316341 0.9988137 2.9457708
0.0000000 0.0000000 0.0000000 1.0000000
0.1917580 0.9810808 0.0261639 61.7184324
-0.9808330 0.1906463 0.0399124 -64.7182253
0.0341691 -0.0333166 0.9988650 2.9701948
0.0000000 0.0000000 0.0000000 1.0000000
0.1900346 0.9814015 0.0267153 61.9208669
-0.9811790 0.1889134 0.0396506 -65.3672462
0.0338661 -0.0337481 0.9988608 2.9969736
0.0000000 0.0000000 0.0000000 1.0000000
0.1863323 0.9820906 0.0274675 62.0025656
-0.9819276 0.1852258 0.0385030 -65.9655858
0.0327255 -0.0341462 0.9988852 2.9724334
0.0000000 0.0000000 0.0000000 1.0000000
0.1841653 0.9825024 0.0273636 62.2135182
-0.9823360 0.1830653 0.0384223 -66.6486236
0.0327405 -0.0339570 0.9988913 2.9970616
0.0000000 0.0000000 0.0000000 1.0000000
0.1817799 0.9829018 0.0289140 62.3597533
-0.9826965 0.1805351 0.0410721 -67.2158181
0.0351497 -0.0358805 0.9987422 3.0036564
0.0000000 0.0000000 0.0000000 1.0000000
0.1800694 0.9832843 0.0265125 62.5162541
-0.9829120 0.1788352 0.0432947 -67.8423033
0.0378296 -0.0338562 0.9987150 3.0332124
0.0000000 0.0000000 0.0000000 1.0000000
0.1764221 0.9839371 0.0268383 62.6983055
-0.9835244 0.1751360 0.0444932 -68.3652101
0.0390781 -0.0342464 0.9986539 3.0710498
0.0000000 0.0000000 0.0000000 1.0000000
0.1753332 0.9840605 0.0293271 62.7343936
-0.9837492 0.1739645 0.0441147 -68.9528326
0.0383096 -0.0365861 0.9986007 3.0982633
0.0000000 0.0000000 0.0000000 1.0000000
0.1723606 0.9845254 0.0312889 62.8606574
-0.9843734 0.1710110 0.0416767 -69.5343146
0.0356808 -0.0379842 0.9986459 3.1195950
0.0000000 0.0000000 0.0000000 1.0000000
0.1690895 0.9851365 0.0298639 62.9205931
-0.9850177 0.1678864 0.0390688 -70.2216150
0.0334742 -0.0360234 0.9987950 3.1808851
0.0000000 0.0000000 0.0000000 1.0000000
0.1657363 0.9857547 0.0281961 63.1386278
-0.9856101 0.1646265 0.0379944 -70.7970566
0.0328111 -0.0340881 0.9988850 3.2408866
0.0000000 0.0000000 0.0000000 1.0000000
0.1623757 0.9864342 0.0236091 63.1247826
-0.9860859 0.1613725 0.0395727 -71.1574063
0.0352259 -0.0297068 0.9989427 3.2437525
0.0000000 0.0000000 0.0000000 1.0000000
0.1616273 0.9865784 0.0227033 63.3350337
-0.9861371 0.1606043 0.0413741 -71.8454672
0.0371725 -0.0290763 0.9988906 3.2990696
0.0000000 0.0000000 0.0000000 1.0000000
0.1598889 0.9868479 0.0232947 63.5241068
-0.9862818 0.1587370 0.0449735 -72.4257021
0.0406843 -0.0301665 0.9987215 3.3126439
0.0000000 0.0000000 0.0000000 1.0000000
0.1591606 0.9869559 0.0237082 63.6695942
-0.9863486 0.1579538 0.0462334 -72.9236285
0.0418855 -0.0307437 0.9986543 3.3534259
0.0000000 0.0000000 0.0000000 1.0000000
0.1574671 0.9872793 0.0214388 63.7200004
-0.9866467 0.1563861 0.0452017 -73.4776302
0.0412740 -0.0282709 0.9987529 3.3558972
0.0000000 0.0000000 0.0000000 1.0000000
0.1567877 0.9874531 0.0181890 63.6247157
-0.9867814 0.1558720 0.0440191 -74.0396443
0.0406316 -0.0248507 0.9988702 3.4120352
0.0000000 0.0000000 0.0000000 1.0000000
0.1580119 0.9873529 0.0120101 63.7846699
-0.9866257 0.1573855 0.0420831 -74.5803164
0.0396606 -0.0184994 0.9990471 3.4240529
0.0000000 0.0000000 0.0000000 1.0000000
0.1592306 0.9871970 0.0080929 63.9576071
-0.9864573 0.1587790 0.0407758 -75.1042066
0.0389687 -0.0144762 0.9991408 3.4568954
0.0000000 0.0000000 0.0000000 1.0000000
0.1630328 0.9865772 0.0078906 64.0650897
-0.9858329 0.1625847 0.0408743 -75.5924509
0.0390427 -0.0144428 0.9991384 3.4711066
0.0000000 0.0000000 0.0000000 1.0000000
0.1690444 0.9855460 0.0100030 64.1949020
-0.9848251 0.1685046 0.0411904 -76.0820263
0.0389094 -0.0168144 0.9991064 3.4930019
0.0000000 0.0000000 0.0000000 1.0000000
0.1739755 0.9847320 0.0035253 64.2784154
-0.9839940 0.1737060 0.0394048 -76.5459447
0.0381907 -0.0103244 0.9992222 3.5019193
0.0000000 0.0000000 0.0000000 1.0000000
0.1820277 0.9832695 0.0047831 64.3866113
-0.9825502 0.1817049 0.0393532 -77.1840319
0.0378256 -0.0118630 0.9992192 3.5525306
0.0000000 0.0000000 0.0000000 1.0000000
0.1906314 0.9816370 0.0049436 64.5635570
-0.9809494 0.1903055 0.0386132 -77.7395389
0.0369632 -0.0122103 0.9992473 3.5836030
0.0000000 0.0000000 0.0000000 1.0000000
0.1991857 0.9799384 0.0046437 64.6981742
-0.9792843 0.1988763 0.0376724 -78.3835846
0.0359929 -0.0120513 0.9992846 3.6230110
0.0000000 0.0000000 0.0000000 1.0000000
0.2070014 0.9783069 0.0065251 64.8338477
-0.9776554 0.2066101 0.0383517 -78.9142545
0.0361714 -0.0143182 0.9992482 3.6485380
0.0000000 0.0000000 0.0000000 1.0000000
0.2183685 0.9758159 0.0086609 65.0628009
-0.9751219 0.2178555 0.0405596 -79.5032121
0.0376917 -0.0173025 0.9991448 3.6912771
0.0000000 0.0000000 0.0000000 1.0000000
0.2283561 0.9734892 0.0122065 65.2108666
-0.9727097 0.2276147 0.0446965 -80.3133964
0.0407332 -0.0220804 0.9989313 3.6983311
0.0000000 0.0000000 0.0000000 1.0000000
0.2391994 0.9708327 0.0156302 65.2664297
-0.9700954 0.2382804 0.0459109 -80.7952584
0.0408475 -0.0261450 0.9988285 3.7460833
0.0000000 0.0000000 0.0000000 1.0000000
0.2479892 0.9686311 0.0152024 65.4561665
-0.9678492 0.2470541 0.0469305 -81.4197573
0.0417026 -0.0263523 0.9987876 3.7672788
0.0000000 0.0000000 0.0000000 1.0000000
0.2598324 0.9655007 0.0164906 65.6487197
-0.9647499 0.2588241 0.0473088 -82.0471067
0.0414086 -0.0282021 0.9987492 3.8136401
0.0000000 0.0000000 0.0000000 1.0000000
0.2683206 0.9631904 0.0156726 65.8501420
-0.9623830 0.2673117 0.0483116 -82.6323191
0.0423438 -0.0280465 0.9987143 3.8402690
0.0000000 0.0000000 0.0000000 1.0000000
0.2793100 0.9600050 0.0187822 66.0663179
-0.9592736 0.2781398 0.0490222 -83.1787246
0.0418375 -0.0317102 0.9986262 3.8991717
0.0000000 0.0000000 0.0000000 1.0000000
0.2906821 0.9566108 0.0193942 66.2607679
-0.9560511 0.2895906 0.0455399 -83.9331859
0.0379475 -0.0317800 0.9987793 3.8820382
0.0000000 0.0000000 0.0000000 1.0000000
0.3008158 0.9535347 0.0160465 66.5441626
-0.9531265 0.3000375 0.0386989 -84.6185423
0.0320859 -0.0269359 0.9991273 3.9156619
0.0000000 0.0000000 0.0000000 1.0000000
0.3116106 0.9500791 0.0149885 66.7829719
-0.9497780 0.3109691 0.0345043 -85.3471944
0.0281205 -0.0249878 0.9992974 3.9337569
0.0000000 0.0000000 0.0000000 1.0000000
0.3221635 0.9465713 0.0137629 66.9792968
-0.9463384 0.3216345 0.0310614 -85.9708441
0.0249747 -0.0230314 0.9994280 3.8983752
0.0000000 0.0000000 0.0000000 1.0000000
0.3306955 0.9436707 0.0100759 67.2084973
-0.9434223 0.3303032 0.0287133 -86.6792893
0.0237673 -0.0190012 0.9995421 3.9500087
0.0000000 0.0000000 0.0000000 1.0000000
0.3384872 0.9409360 0.0064575 67.3968548
-0.9407016 0.3382293 0.0255268 -87.4079378
0.0218344 -0.0147150 0.9996587 3.9902259
0.0000000 0.0000000 0.0000000 1.0000000
0.3454440 0.9384263 0.0000537 67.6463109
-0.9382848 0.3453927 0.0171801 -88.1805059
0.0161030 -0.0059847 0.9998579 3.9831113
0.0000000 0.0000000 0.0000000 1.0000000
0.3521903 0.9359068 -0.0039447 67.9465934
-0.9358278 0.3522122 0.0119613 -88.9040344
0.0125832 -0.0005204 0.9999262 4.0421933
0.0000000 0.0000000 0.0000000 1.0000000
0.3620550 0.9321216 -0.0064092 68.2454959
-0.9320311 0.3621095 0.0128432 -89.6211837
0.0142915 0.0013243 0.9999026 4.0328579
0.0000000 0.0000000 0.0000000 1.0000000
0.3683761 0.9296175 -0.0092497 68.5440419
-0.9294157 0.3684893 0.0192963 -90.4829540
0.0213461 0.0014892 0.9997766 4.0506575
0.0000000 0.0000000 0.0000000 1.0000000
0.3770175 0.9260526 -0.0160991 68.9539624
-0.9257916 0.3773080 0.0227832 -91.2562609
0.0271724 0.0063156 0.9996166 4.0528763
0.0000000 0.0000000 0.0000000 1.0000000
0.3827737 0.9237080 -0.0149105 69.3234255
-0.9233879 0.3830391 0.0246220 -91.9621936
0.0284546 0.0043443 0.9995914 4.0783730
0.0000000 0.0000000 0.0000000 1.0000000
0.3860725 0.9223918 -0.0107851 69.5652365
-0.9220056 0.3862226 0.0266258 -92.7096503
0.0287246 -0.0003349 0.9995930 4.0513741
0.0000000 0.0000000 0.0000000 1.0000000
0.3908962 0.9203999 -0.0063017 69.9898738
-0.9199752 0.3909109 0.0283793 -93.3126964
0.0285834 -0.0052954 0.9995830 4.0781653
0.0000000 0.0000000 0.0000000 1.0000000
0.3948149 0.9187222 -0.0068399 70.3893240
-0.9182175 0.3948291 0.0309603 -94.0876196
0.0311443 -0.0059426 0.9995029 4.1452146
0.0000000 0.0000000 0.0000000 1.0000000
0.3972843 0.9176602 -0.0064267 70.5117227
-0.9170502 0.3972610 0.0342694 -94.6555741
0.0340006 -0.0077206 0.9993978 4.1626373
0.0000000 0.0000000 0.0000000 1.0000000
0.4029185 0.9152180 -0.0030239 70.8672992
-0.9145449 0.4027464 0.0370658 -95.2305257
0.0351411 -0.0121688 0.9993141 4.1971451
0.0000000 0.0000000 0.0000000 1.0000000
0.4063208 0.9137110 -0.0035311 71.3605990
-0.9130953 0.4061846 0.0352539 -95.9242690
0.0336460 -0.0110998 0.9993781 4.2401021
0.0000000 0.0000000 0.0000000 1.0000000
0.4097488 0.9121792 -0.0033139 71.7096633
-0.9116486 0.4096305 0.0327243 -96.5207473
0.0312077 -0.0103873 0.9994649 4.2586827
0.0000000 0.0000000 0.0000000 1.0000000
0.4131777 0.9106349 -0.0020600 72.0533568
-0.9101988 0.4130485 0.0300120 -97.1926909
0.0281806 -0.0105249 0.9995535 4.3107280
0.0000000 0.0000000 0.0000000 1.0000000
0.4154119 0.9096172 -0.0024143 72.3336347
-0.9092007 0.4152998 0.0291899 -97.8143183
0.0275540 -0.0099303 0.9995772 4.3347464
0.0000000 0.0000000 0.0000000 1.0000000
0.4205704 0.9072470 -0.0004547 72.6783802
-0.9068252 0.4203910 0.0301911 -98.4034472
0.0275816 -0.0122848 0.9995503 4.3573103
0.0000000 0.0000000 0.0000000 1.0000000
0.4227723 0.9062232 -0.0005561 72.9805156
-0.9057762 0.4225841 0.0310555 -99.0906804
0.0283779 -0.0126254 0.9995236 4.4144928
0.0000000 0.0000000 0.0000000 1.0000000
0.4253351 0.9050129 -0.0044384 73.2871015
-0.9045943 0.4252799 0.0286229 -99.6533908
0.0277914 -0.0081589 0.9995867 4.4409519
0.0000000 0.0000000 0.0000000 1.0000000
0.4262376 0.9045723 -0.0069515 73.6184310
-0.9041815 0.4262619 0.0270154 -100.2014252
0.0274002 -0.0052290 0.9996171 4.4643306
0.0000000 0.0000000 0.0000000 1.0000000
0.4280120 0.9037462 -0.0051381 73.9068254
-0.9033365 0.4279787 0.0281223 -100.9138614
0.0276141 -0.0073948 0.9995976 4.5063265
0.0000000 0.0000000 0.0000000 1.0000000
0.4301334 0.9027211 -0.0076167 74.2391566
-0.9023399 0.4301768 0.0265297 -101.4431551
0.0272251 -0.0045378 0.9996253 4.5088584
0.0000000 0.0000000 0.0000000 1.0000000
0.4329758 0.9013752 -0.0057960 74.4570099
-0.9009103 0.4329461 0.0298631 -101.9963375
0.0294269 -0.0077078 0.9995436 4.5684052
