1.0000000 0.0000000 0.0000000 0.0000000
0.0000000 1.0000000 0.0000000 0.0000000
0.0000000 0.0000000 1.0000000 0.0000000
0.0000000 0.0000000 0.0000000 1.0000000
0.9999996 -0.0004980 0.0012174 1.4293338
0.0005014 0.9999962 -0.0027928 -0.0635691
-0.0012160 0.0027934 0.9999954 0.0292861
0.0000000 0.0000000 0.0000000 1.0000000
0.9999961 -0.0028263 -0.0002280 2.8139420
0.0028258 0.9999948 -0.0017148 -0.1384249
0.0002328 0.0017141 0.9999985 0.0760442
0.0000000 0.0000000 0.0000000 1.0000000
0.9999930 -0.0038261 -0.0000188 4.1681716
0.0038260 0.9999904 -0.0021128 -0.1280858
0.0000268 0.0021127 0.9999978 0.1162837
0.0000000 0.0000000 0.0000000 1.0000000
0.9999877 -0.0049290 0.0011220 5.6079359
0.0049314 0.9999853 -0.0022397 -0.1546999
-0.0011110 0.0022452 0.9999969 0.1319879
0.0000000 0.0000000 0.0000000 1.0000000
0.9999962 -0.0022603 0.0017145 6.9210097
0.0022643 0.9999949 -0.0024728 -0.0717405
-0.0017089 0.0024767 0.9999955 0.1657934
0.0000000 0.0000000 0.0000000 1.0000000
0.9999813 -0.0059634 0.0017324 8.2853761
0.0059687 0.9999778 -0.0032844 0.0449035
-0.0017127 0.0032947 0.9999933 0.1843053
0.0000000 0.0000000 0.0000000 1.0000000
0.9999679 -0.0079831 0.0013697 9.7723090
0.0079883 0.9999609 -0.0041350 -0.0201489
-0.0013366 0.0041458 0.9999908 0.2536062
0.0000000 0.0000000 0.0000000 1.0000000
0.9999906 -0.0043999 0.0002432 11.0044017
0.0043998 0.9999906 -0.0011457 -0.0957902
-0.0002381 0.0011467 0.9999996 0.3347503
0.0000000 0.0000000 0.0000000 1.0000000
0.9999823 -0.0058571 -0.0013187 12.5623348
0.0058593 0.9999820 0.0017392 0.0316405
0.0013085 -0.0017469 0.9999978 0.3800998
0.0000000 0.0000000 0.0000000 1.0000000
0.9999905 -0.0042571 -0.0010610 13.9865321
0.0042596 0.9999889 0.0024612 0.1714555
0.0010505 -0.0024657 0.9999968 0.4179486
0.0000000 0.0000000 0.0000000 1.0000000
0.9999959 0.0029101 0.0007774 15.5191663
-0.0029113 0.9999956 0.0014081 0.2285518
-0.0007733 -0.0014103 0.9999991 0.4728052
0.0000000 0.0000000 0.0000000 1.0000000
0.9999893 0.0042649 0.0019721 17.0790341
-0.0042633 0.9999913 -0.0009429 0.1921823
-0.0019761 0.0009345 0.9999981 0.5299426
0.0000000 0.0000000 0.0000000 1.0000000
0.9999769 0.0059579 0.0034361 18.4808393
-0.0059421 0.9999727 -0.0046228 0.2050296
-0.0034635 0.0046022 0.9999838 0.5335699
0.0000000 0.0000000 0.0000000 1.0000000
0.9999571 0.0087952 0.0031153 19.9041829
-0.0087697 0.9999294 -0.0081317 0.2876818
-0.0031866 0.0081040 0.9999625 0.5848143
0.0000000 0.0000000 0.0000000 1.0000000
0.9999781 0.0066160 0.0012019 21.3379526
-0.0066043 0.9999358 -0.0092720 -0.0396480
-0.0012632 0.0092639 0.9999567 0.6187332
0.0000000 0.0000000 0.0000000 1.0000000
0.9999583 0.0091484 0.0011042 22.7880980
-0.0091401 0.9999328 -0.0072218 0.2330562
-0.0011701 0.0072114 0.9999736 0.6999116
0.0000000 0.0000000 0.0000000 1.0000000
0.9999630 0.0085371 0.0017652 24.3815576
-0.0085286 0.9999535 -0.0045499 0.1730055
-0.0018039 0.0045347 0.9999885 0.6573518
0.0000000 0.0000000 0.0000000 1.0000000
0.9999383 0.0091206 0.0064376 25.7897535
-0.0090825 0.9999418 -0.0058725 0.1992059
-0.0064908 0.0058137 0.9999624 0.6711003
0.0000000 0.0000000 0.0000000 1.0000000
0.9999192 0.0100323 0.0078853 27.1667821
-0.0099702 0.9999198 -0.0078319 0.2616531
-0.0079632 0.0077527 0.9999388 0.6953573
0.0000000 0.0000000 0.0000000 1.0000000
0.9999079 0.0112189 0.0077340 28.8157892
-0.0111296 0.9998730 -0.0114575 0.1640591
-0.0078616 0.0113703 0.9999051 0.7582993
0.0000000 0.0000000 0.0000000 1.0000000
0.9999533 0.0075949 0.0061288 30.0711170
-0.0075282 0.9999144 -0.0107897 0.1564807
-0.0062102 0.0107431 0.9999236 0.6865600
0.0000000 0.0000000 0.0000000 1.0000000
0.9999086 0.0126779 0.0048127 31.3724758
-0.0126201 0.9998517 -0.0118002 0.0109123
-0.0049615 0.0117384 0.9999194 0.7257542
0.0000000 0.0000000 0.0000000 1.0000000
0.9998639 0.0159535 0.0042712 32.5302595
-0.0159077 0.9998193 -0.0105125 -0.1168175
-0.0044382 0.0104431 0.9999362 0.6852047
0.0000000 0.0000000 0.0000000 1.0000000
0.9998360 0.0178241 0.0033947 34.1085885
-0.0177946 0.9998070 -0.0084915 -0.1197209
-0.0035454 0.0084297 0.9999587 0.7148365
0.0000000 0.0000000 0.0000000 1.0000000
0.9998258 0.0181759 0.0043832 35.7949629
-0.0181314 0.9997875 -0.0099663 -0.0537887
-0.0045634 0.0098851 0.9999413 0.7029749
0.0000000 0.0000000 0.0000000 1.0000000
0.9997974 0.0192448 0.0059263 37.2638176
-0.0191788 0.9997569 -0.0110089 -0.0998105
-0.0061367 0.0108930 0.9999224 0.7642862
0.0000000 0.0000000 0.0000000 1.0000000
0.9997413 0.0213038 0.0080006 38.4502860
-0.0212214 0.9997241 -0.0102385 -0.0373088
-0.0082165 0.0100661 0.9999162 0.7488135
0.0000000 0.0000000 0.0000000 1.0000000
0.9997442 0.0215452 0.0068738 39.8020029
-0.0215029 0.9997514 -0.0061725 -0.1580046
-0.0070050 0.0060231 0.9999578 0.7702843
0.0000000 0.0000000 0.0000000 1.0000000
0.9996194 0.0268090 0.0065183 41.2582909
-0.0267886 0.9996375 -0.0032080 -0.3405436
-0.0066019 0.0030322 0.9999741 0.7705433
0.0000000 0.0000000 0.0000000 1.0000000
0.9996233 0.0267332 0.0062390 42.5394540
-0.0267184 0.9996419 -0.0024341 -0.2889589
-0.0063018 0.0022666 0.9999782 0.7462439
0.0000000 0.0000000 0.0000000 1.0000000
0.9996738 0.0245529 0.0070643 44.0663459
-0.0245536 0.9997005 0.0000224 -0.2213549
-0.0070616 -0.0001958 0.9999756 0.7666752
0.0000000 0.0000000 0.0000000 1.0000000
0.9996976 0.0233510 0.0076972 45.4732452
-0.0233402 0.9997282 -0.0014721 -0.2503993
-0.0077295 0.0012921 0.9999699 0.7458049
0.0000000 0.0000000 0.0000000 1.0000000
0.9997007 0.0232126 0.0076801 46.9854380
-0.0231982 0.9997305 -0.0019447 -0.3515377
-0.0077232 0.0017660 0.9999692 0.7383277
0.0000000 0.0000000 0.0000000 1.0000000
0.9997117 0.0227760 0.0075542 48.5357234
-0.0227627 0.9997407 -0.0018327 -0.3291873
-0.0075940 0.0016602 0.9999704 0.7874204
0.0000000 0.0000000 0.0000000 1.0000000
0.9997237 0.0219780 0.0082882 49.8023375
-0.0219571 0.9997570 -0.0025911 -0.3181895
-0.0083432 0.0024085 0.9999629 0.7549270
0.0000000 0.0000000 0.0000000 1.0000000
0.9997108 0.0224486 0.0086057 51.2032733
-0.0224439 0.9997494 -0.0006231 -0.4047675
-0.0086175 0.0004298 0.9999633 0.8032066
0.0000000 0.0000000 0.0000000 1.0000000
0.9997165 0.0220632 0.0088391 52.6413096
-0.0220541 0.9997578 -0.0010856 -0.4406606
-0.0088609 0.0008904 0.9999608 0.8102517
0.0000000 0.0000000 0.0000000 1.0000000
0.9997296 0.0209741 0.0099245 54.1912718
-0.0209656 0.9997815 -0.0009201 -0.4137366
-0.0099417 0.0007118 0.9999508 0.8545151
0.0000000 0.0000000 0.0000000 1.0000000
0.9997692 0.0185519 0.0107778 55.6518759
-0.0185424 0.9998294 -0.0009513 -0.5162591
-0.0107936 0.0007513 0.9999418 0.8763838
0.0000000 0.0000000 0.0000000 1.0000000
0.9996948 0.0218834 0.0113695 56.9662023
-0.0218595 0.9997606 -0.0021838 -0.5374942
-0.0114145 0.0019347 0.9999335 0.8816929
0.0000000 0.0000000 0.0000000 1.0000000
0.9996905 0.0220149 0.0115030 58.4032096
-0.0219947 0.9997586 -0.0018368 -0.5751774
-0.0115407 0.0015833 0.9999327 0.9421944
0.0000000 0.0000000 0.0000000 1.0000000
0.9996705 0.0224805 0.0123215 59.9123800
-0.0224345 0.9997432 -0.0038267 -0.5942713
-0.0124043 0.0035490 0.9999173 0.9154130
0.0000000 0.0000000 0.0000000 1.0000000
0.9997226 0.0197676 0.0127165 61.3888965
-0.0197107 0.9997979 -0.0045355 -0.5051681
-0.0128035 0.0042836 0.9999094 0.9491869
0.0000000 0.0000000 0.0000000 1.0000000
0.9996675 0.0218002 0.0136960 62.9453407
-0.0217456 0.9997576 -0.0040870 -0.4925551
-0.0137818 0.0037878 0.9998985 0.9914220
0.0000000 0.0000000 0.0000000 1.0000000
0.9996238 0.0235200 0.0140465 64.3063475
-0.0235077 0.9997258 -0.0009931 -0.5711434
-0.0140660 0.0006626 0.9999016 1.0045843
0.0000000 0.0000000 0.0000000 1.0000000
0.9997107 0.0205413 0.0123901 65.8640476
-0.0205032 0.9997872 -0.0031383 -0.6442510
-0.0124520 0.0028834 0.9999190 0.9872732
0.0000000 0.0000000 0.0000000 1.0000000
0.9996428 0.0235947 0.0123980 67.3257827
-0.0235788 0.9997236 -0.0013693 -0.6910525
-0.0124269 0.0010765 0.9999229 1.0453802
0.0000000 0.0000000 0.0000000 1.0000000
0.9996581 0.0230182 0.0122486 68.6814517
-0.0230046 0.9997374 -0.0011806 -0.7082833
-0.0122726 0.0008984 0.9999249 0.9866027
0.0000000 0.0000000 0.0000000 1.0000000
0.9996225 0.0232222 0.0145739 70.1506149
-0.0232618 0.9997290 0.0026095 -0.6586620
-0.0145093 -0.0029475 0.9998910 0.9556669
0.0000000 0.0000000 0.0000000 1.0000000
0.9996056 0.0232875 0.0155986 71.7930456
-0.0233904 0.9997087 0.0065118 -0.7395520
-0.0154424 -0.0068740 0.9998578 1.0485385
0.0000000 0.0000000 0.0000000 1.0000000
0.9996315 0.0216531 0.0163175 73.3651230
-0.0218015 0.9997252 0.0090258 -0.8421846
-0.0161175 -0.0093782 0.9998268 1.1004054
0.0000000 0.0000000 0.0000000 1.0000000
0.9996123 0.0222976 0.0166485 74.6783707
-0.0225087 0.9996704 0.0126548 -0.8025032
-0.0163608 -0.0130245 0.9997821 1.0610424
0.0000000 0.0000000 0.0000000 1.0000000
0.9995715 0.0237194 0.0171279 76.2010214
-0.0239946 0.9995862 0.0160967 -0.8207874
-0.0167389 -0.0165007 0.9997246 1.0684929
0.0000000 0.0000000 0.0000000 1.0000000
0.9995526 0.0243313 0.0173677 77.6198020
-0.0246095 0.9995724 0.0160434 -0.8259130
-0.0169699 -0.0164636 0.9997213 1.0458086
0.0000000 0.0000000 0.0000000 1.0000000
0.9995480 0.0240583 0.0180159 79.1181210
-0.0243374 0.9995878 0.0154872 -0.7654635
-0.0176358 -0.0159186 0.9997186 1.0724558
0.0000000 0.0000000 0.0000000 1.0000000
0.9994669 0.0267485 0.0187306 80.3154337
-0.0270402 0.9995175 0.0155372 -0.7656196
-0.0183059 -0.0160354 0.9997047 1.0433914
0.0000000 0.0000000 0.0000000 1.0000000
0.9995402 0.0245933 0.0177283 81.6628587
-0.0248103 0.9996217 0.0121727 -0.9208513
-0.0174221 -0.0126069 0.9997695 1.1006220
0.0000000 0.0000000 0.0000000 1.0000000
0.9995750 0.0235604 0.0171869 83.0462621
-0.0238086 0.9996160 0.0144235 -0.8438463
-0.0168405 -0.0148264 0.9997490 1.1377926
0.0000000 0.0000000 0.0000000 1.0000000
0.9995143 0.0251347 0.0184248 84.3515388
-0.0254463 0.9995365 0.0169232 -0.8609569
-0.0179908 -0.0173837 0.9996878 1.1578656
0.0000000 0.0000000 0.0000000 1.0000000
0.9995543 0.0235610 0.0183318 85.7342206
-0.0238877 0.9995587 0.0178568 -0.8147788
-0.0179030 -0.0182867 0.9996732 1.1997010
0.0000000 0.0000000 0.0000000 1.0000000
0.9995552 0.0230919 0.0188539 87.1437000
-0.0234089 0.9995879 0.0168094 -0.8034832
-0.0184579 -0.0172432 0.9996817 1.2141159
0.0000000 0.0000000 0.0000000 1.0000000
0.9995994 0.0210293 0.0189063 88.5058448
-0.0213192 0.9996590 0.0153166 -0.9036485
-0.0185777 -0.0157135 0.9997048 1.1926704
0.0000000 0.0000000 0.0000000 1.0000000
0.9996468 0.0184447 0.0190996 89.9039193
-0.0187062 0.9997352 0.0136485 -0.8961210
-0.0188428 -0.0140009 0.9997252 1.1417446
0.0000000 0.0000000 0.0000000 1.0000000
0.9996440 0.0181386 0.0195484 91.3729823
-0.0183621 0.9997704 0.0113563 -0.8873653
-0.0193379 -0.0117112 0.9997453 1.1316001
0.0000000 0.0000000 0.0000000 1.0000000
0.9996574 0.0163775 0.0204089 92.6149617
-0.0166405 0.9997830 0.0128285 -0.8870087
-0.0201943 -0.0131637 0.9997104 1.1703032
0.0000000 0.0000000 0.0000000 1.0000000
0.9996645 0.0162729 0.0201078 93.8810457
-0.0164692 0.9998213 0.0096853 -0.8466825
-0.0199466 -0.0100132 0.9997518 1.1228159
0.0000000 0.0000000 0.0000000 1.0000000
0.9996561 0.0153658 0.0212204 95.1633601
-0.0155354 0.9998518 0.0078966 -0.9257486
-0.0210959 -0.0082235 0.9997445 1.1831382
0.0000000 0.0000000 0.0000000 1.0000000
0.9996987 0.0133994 0.0205154 96.5144783
-0.0136003 0.9998640 0.0097334 -0.8868746
-0.0203821 -0.0100094 0.9997429 1.1693423
0.0000000 0.0000000 0.0000000 1.0000000
0.9996834 0.0142232 0.0206876 97.8632062
-0.0143968 0.9998657 0.0083164 -0.8863444
-0.0205665 -0.0086116 0.9997523 1.1040810
0.0000000 0.0000000 0.0000000 1.0000000
0.9996958 0.0146411 0.0198078 99.0696371
-0.0148172 0.9998551 0.0088225 -0.8876388
-0.0196757 -0.0091133 0.9997658 1.0690408
0.0000000 0.0000000 0.0000000 1.0000000
0.9996409 0.0170987 0.0205848 100.3873867
-0.0173247 0.9997941 0.0108934 -0.9044323
-0.0203943 -0.0112461 0.9997297 1.0362634
0.0000000 0.0000000 0.0000000 1.0000000
0.9996490 0.0146491 0.0220411 101.7596037
-0.0148833 0.9998370 0.0105409 -0.9306043
-0.0218831 -0.0108653 0.9997024 0.9815822
0.0000000 0.0000000 0.0000000 1.0000000
0.9995983 0.0154806 0.0237257 103.1750945
-0.0158073 0.9997850 0.0136798 -0.9023409
-0.0235088 -0.0140494 0.9996258 0.9304890
0.0000000 0.0000000 0.0000000 1.0000000
0.9996128 0.0166334 0.0222881 104.3876664
-0.0168990 0.9997909 0.0118199 -0.9333770
-0.0220868 -0.0121920 0.9996827 0.9117942
0.0000000 0.0000000 0.0000000 1.0000000
0.9996423 0.0166987 0.0208759 105.7078036
-0.0170097 0.9997485 0.0148498 -0.9938470
-0.0206226 -0.0151996 0.9996730 0.8849675
0.0000000 0.0000000 0.0000000 1.0000000
0.9996419 0.0172141 0.0205154 107.2342320
-0.0175407 0.9997237 0.0158841 -0.9462400
-0.0202363 -0.0162382 0.9996645 0.8471885
0.0000000 0.0000000 0.0000000 1.0000000
0.9996023 0.0182031 0.0215560 108.4814975
-0.0185890 0.9996715 0.0178751 -1.0036319
-0.0212235 -0.0182686 0.9996091 0.8743498
0.0000000 0.0000000 0.0000000 1.0000000
0.9995552 0.0188373 0.0231494 109.8520447
-0.0192240 0.9996811 0.0166279 -0.9171733
-0.0228287 -0.0170655 0.9995949 0.8016682
0.0000000 0.0000000 0.0000000 1.0000000
0.9995940 0.0164434 0.0233229 111.1600214
-0.0168261 0.9997292 0.0163394 -0.9049812
-0.0230478 -0.0167251 0.9995957 0.7275058
0.0000000 0.0000000 0.0000000 1.0000000
0.9996314 0.0166437 0.0215023 112.6785269
-0.0170161 0.9997100 0.0172874 -0.9388860
-0.0212083 -0.0176469 0.9996207 0.7151426
0.0000000 0.0000000 0.0000000 1.0000000
0.9996411 0.0176516 0.0202045 113.8504024
-0.0180075 0.9996874 0.0176042 -0.8603034
-0.0198874 -0.0179616 0.9996423 0.7258534
0.0000000 0.0000000 0.0000000 1.0000000
0.9997010 0.0159863 0.0185437 115.4743007
-0.0163873 0.9996344 0.0217161 -0.9312681
-0.0181897 -0.0220134 0.9995938 0.7401745
0.0000000 0.0000000 0.0000000 1.0000000
0.9996534 0.0171535 0.0200349 116.9537977
-0.0175566 0.9996469 0.0201545 -0.8546530
-0.0196821 -0.0204992 0.9995977 0.7794781
0.0000000 0.0000000 0.0000000 1.0000000
0.9996287 0.0168683 0.0214556 118.4878258
-0.0173485 0.9996021 0.0224287 -0.8819343
-0.0210686 -0.0227926 0.9995199 0.7835768
0.0000000 0.0000000 0.0000000 1.0000000
0.9996000 0.0172091 0.0224836 119.8184611
-0.0177227 0.9995850 0.0228833 -0.8973592
-0.0220805 -0.0232726 0.9994870 0.8185633
0.0000000 0.0000000 0.0000000 1.0000000
0.9995884 0.0162381 0.0236887 121.1679726
-0.0168006 0.9995803 0.0237748 -0.8804477
-0.0232926 -0.0241630 0.9994383 0.7991881
0.0000000 0.0000000 0.0000000 1.0000000
0.9995777 0.0167700 0.0237742 122.4279652
-0.0172952 0.9996104 0.0220936 -0.9415841
-0.0233944 -0.0224954 0.9994748 0.8095549
0.0000000 0.0000000 0.0000000 1.0000000
0.9995977 0.0165724 0.0230680 123.6659138
-0.0171372 0.9995561 0.0245412 -0.9986335
-0.0226510 -0.0249266 0.9994343 0.7976634
0.0000000 0.0000000 0.0000000 1.0000000
0.9995707 0.0190008 0.0223499 125.0292954
-0.0196279 0.9994136 0.0282155 -0.9687602
-0.0218006 -0.0286420 0.9993537 0.8291372
0.0000000 0.0000000 0.0000000 1.0000000
0.9995845 0.0187844 0.0219030 126.4588957
-0.0194059 0.9994082 0.0285465 -0.9894574
-0.0213537 -0.0289596 0.9993541 0.8066085
0.0000000 0.0000000 0.0000000 1.0000000
0.9995761 0.0204385 0.0207848 127.9447049
-0.0210437 0.9993515 0.0293635 -0.9975808
-0.0201711 -0.0297884 0.9993545 0.7624661
0.0000000 0.0000000 0.0000000 1.0000000
0.9995680 0.0208056 0.0208340 129.3518771
-0.0214163 0.9993380 0.0295676 -1.0235982
-0.0202050 -0.0300009 0.9993474 0.8113351
0.0000000 0.0000000 0.0000000 1.0000000
0.9994921 0.0237415 0.0213583 130.5733804
-0.0243700 0.9992665 0.0296978 -1.0577373
-0.0206375 -0.0302031 0.9993324 0.8034393
0.0000000 0.0000000 0.0000000 1.0000000
0.9994773 0.0227632 0.0230441 132.0559558
-0.0233332 0.9994246 0.0248056 -1.0813018
-0.0224661 -0.0253303 0.9994285 0.7703564
0.0000000 0.0000000 0.0000000 1.0000000
0.9994567 0.0237555 0.0229302 133.4222911
-0.0243289 0.9993935 0.0250896 -1.0422509
-0.0223202 -0.0256338 0.9994241 0.7719239
0.0000000 0.0000000 0.0000000 1.0000000
0.9994898 0.0227262 0.0225218 134.8400333
-0.0233461 0.9993482 0.0276846 -1.0600391
-0.0218779 -0.0281962 0.9993648 0.7451774
0.0000000 0.0000000 0.0000000 1.0000000
0.9994954 0.0213999 0.0235312 136.2287253
-0.0220517 0.9993737 0.0278298 -1.0054523
-0.0229208 -0.0283346 0.9993375 0.7832676
0.0000000 0.0000000 0.0000000 1.0000000
0.9994954 0.0221439 0.0228488 137.4347435
-0.0228126 0.9993099 0.0294658 -1.0470717
-0.0221805 -0.0299722 0.9993064 0.7226191
0.0000000 0.0000000 0.0000000 1.0000000
0.9994488 0.0223219 0.0246489 138.8336254
-0.0229957 0.9993641 0.0274284 -1.0476477
-0.0240209 -0.0279800 0.9993216 0.7248319
0.0000000 0.0000000 0.0000000 1.0000000
0.9994705 0.0207921 0.0250910 140.1311433
-0.0213987 0.9994831 0.0241826 -1.0671594
-0.0245751 -0.0247067 0.9993944 0.6695733
0.0000000 0.0000000 0.0000000 1.0000000
0.9995050 0.0189268 0.0252124 141.5784276
-0.0195625 0.9994946 0.0252403 -0.9961300
-0.0247219 -0.0257210 0.9993652 0.6605143
0.0000000 0.0000000 0.0000000 1.0000000
0.9995331 0.0175383 0.0250732 142.9194750
-0.0181708 0.9995203 0.0252549 -1.0401772
-0.0246182 -0.0256987 0.9993683 0.5964729
0.0000000 0.0000000 0.0000000 1.0000000
0.9995670 0.0155966 0.0250067 144.3251120
-0.0162098 0.9995716 0.0245359 -1.0424468
-0.0246133 -0.0249306 0.9993878 0.5513156
0.0000000 0.0000000 0.0000000 1.0000000
0.9995731 0.0149459 0.0251492 145.5769199
-0.0155880 0.9995556 0.0255625 -1.0172854
-0.0247559 -0.0259436 0.9993587 0.5342619
0.0000000 0.0000000 0.0000000 1.0000000
0.9995971 0.0136070 0.0249429 146.9333737
-0.0142416 0.9995781 0.0254727 -1.0709442
-0.0245857 -0.0258177 0.9993661 0.4674884
0.0000000 0.0000000 0.0000000 1.0000000
0.9996119 0.0129809 0.0246781 148.2753771
-0.0135339 0.9996613 0.0224025 -1.0892087
-0.0243789 -0.0227278 0.9994462 0.4349551
0.0000000 0.0000000 0.0000000 1.0000000
0.9995698 0.0126194 0.0264917 149.6382678
-0.0131399 0.9997258 0.0195933 -1.1365800
-0.0262371 -0.0199329 0.9994589 0.4906517
0.0000000 0.0000000 0.0000000 1.0000000
0.9995255 0.0127928 0.0280417 150.8802097
-0.0131311 0.9998462 0.0119415 -1.2099258
-0.0278846 -0.0123041 0.9995373 0.4802971
0.0000000 0.0000000 0.0000000 1.0000000
0.9996044 0.0110315 0.0258835 152.3558872
-0.0113702 0.9998542 0.0130026 -1.2742927
-0.0257363 -0.0132918 0.9995824 0.4594878
0.0000000 0.0000000 0.0000000 1.0000000
0.9996636 0.0112573 0.0233848 153.6933100
-0.0116064 0.9998251 0.0148779 -1.2790143
-0.0232132 -0.0151444 0.9996177 0.4357981
0.0000000 0.0000000 0.0000000 1.0000000
0.9997143 0.0103644 0.0215512 155.0727567
-0.0107220 0.9998080 0.0165836 -1.2957741
-0.0213751 -0.0168100 0.9996320 0.3664414
0.0000000 0.0000000 0.0000000 1.0000000
0.9997093 0.0118666 0.0210127 156.4654463
-0.0122318 0.9997778 0.0173719 -1.3404006
-0.0208018 -0.0176239 0.9996302 0.4349267
0.0000000 0.0000000 0.0000000 1.0000000
0.9995628 0.0145751 0.0257386 157.8809270
-0.0149553 0.9997839 0.0146703 -1.3025036
-0.0255192 -0.0150489 0.9995631 0.4227496
0.0000000 0.0000000 0.0000000 1.0000000
0.9994611 0.0133453 0.0299920 159.3561093
-0.0137179 0.9998341 0.0122779 -1.4581528
-0.0298231 -0.0126828 0.9994767 0.4186729
0.0000000 0.0000000 0.0000000 1.0000000
0.9994264 0.0139969 0.0308360 160.7087329
-0.0143000 0.9998547 0.0096556 -1.4985591
-0.0306964 -0.0100911 0.9994798 0.4335768
0.0000000 0.0000000 0.0000000 1.0000000
0.9994054 0.0145189 0.0312731 162.0869052
-0.0148084 0.9998528 0.0090706 -1.4776142
-0.0311368 -0.0095284 0.9994717 0.4205207
0.0000000 0.0000000 0.0000000 1.0000000
0.9993505 0.0158035 0.0323922 163.4251233
-0.0161059 0.9998321 0.0091210 -1.4436712
-0.0322425 -0.0096368 0.9994357 0.4191098
0.0000000 0.0000000 0.0000000 1.0000000
0.9993259 0.0176549 0.0322006 164.7051841
-0.0180961 0.9997489 0.0134833 -1.5035730
-0.0319544 -0.0140570 0.9993927 0.3990573
0.0000000 0.0000000 0.0000000 1.0000000
0.9994001 0.0174029 0.0299706 166.0118778
-0.0179462 0.9996806 0.0179797 -1.4807650
-0.0296480 -0.0185068 0.9993913 0.4305133
0.0000000 0.0000000 0.0000000 1.0000000
0.9993999 0.0181073 0.0295620 167.4832922
-0.0187252 0.9996117 0.0207861 -1.4587914
-0.0291741 -0.0213272 0.9993489 0.3734020
0.0000000 0.0000000 0.0000000 1.0000000
0.9993476 0.0186927 0.0309571 168.9074737
-0.0193092 0.9996211 0.0197608 -1.4974162
-0.0305760 -0.0203457 0.9993275 0.3131752
0.0000000 0.0000000 0.0000000 1.0000000
0.9993603 0.0186553 0.0305784 170.2996319
-0.0193281 0.9995764 0.0218844 -1.4837900
-0.0301572 -0.0224615 0.9992950 0.2965665
0.0000000 0.0000000 0.0000000 1.0000000
0.9994436 0.0173436 0.0285606 171.6560716
-0.0180982 0.9994899 0.0264055 -1.4762157
-0.0280881 -0.0269077 0.9992455 0.3360847
0.0000000 0.0000000 0.0000000 1.0000000
0.9995316 0.0159561 0.0261916 173.1558433
-0.0166641 0.9994974 0.0270740 -1.5179261
-0.0257464 -0.0274977 0.9992924 0.2631901
0.0000000 0.0000000 0.0000000 1.0000000
0.9995874 0.0145408 0.0248548 174.5900154
-0.0152501 0.9994768 0.0286243 -1.5009120
-0.0244256 -0.0289915 0.9992834 0.1949757
0.0000000 0.0000000 0.0000000 1.0000000
0.9995662 0.0139703 0.0260197 176.0848918
-0.0147812 0.9994044 0.0312711 -1.4654791
-0.0255673 -0.0316421 0.9991745 0.1408671
0.0000000 0.0000000 0.0000000 1.0000000
0.9994796 0.0156131 0.0282832 177.5609297
-0.0166074 0.9992411 0.0353013 -1.4682888
-0.0277105 -0.0357527 0.9989789 0.0868293
0.0000000 0.0000000 0.0000000 1.0000000
0.9994373 0.0145079 0.0302796 179.1292976
-0.0154621 0.9993849 0.0315458 -1.4184304
-0.0298033 -0.0319963 0.9990460 0.1046695
0.0000000 0.0000000 0.0000000 1.0000000
0.9994278 0.0133173 0.0311307 180.5764564
-0.0142601 0.9994414 0.0302889 -1.3708322
-0.0307099 -0.0307155 0.9990588 0.1056105
0.0000000 0.0000000 0.0000000 1.0000000
0.9994101 0.0125581 0.0320028 182.0774863
-0.0135438 0.9994360 0.0307986 -1.4234512
-0.0315980 -0.0312139 0.9990158 0.0110099
0.0000000 0.0000000 0.0000000 1.0000000
0.9995429 0.0113080 0.0280628 183.4213427
-0.0122409 0.9993718 0.0333267 -1.4286020
-0.0276683 -0.0336551 0.9990531 0.0768966
0.0000000 0.0000000 0.0000000 1.0000000
0.9996757 0.0077340 0.0243161 184.9279903
-0.0085860 0.9993468 0.0351682 -1.4798481
-0.0240282 -0.0353656 0.9990880 0.0292232
0.0000000 0.0000000 0.0000000 1.0000000
0.9996916 0.0075676 0.0236969 186.4279995
-0.0084300 0.9992987 0.0365439 -1.5298439
-0.0234038 -0.0367324 0.9990536 0.0091599
0.0000000 0.0000000 0.0000000 1.0000000
0.9996620 0.0073417 0.0249992 187.9546494
-0.0083439 0.9991571 0.0402584 -1.5287666
-0.0246825 -0.0404534 0.9988792 -0.0193050
0.0000000 0.0000000 0.0000000 1.0000000
0.9995961 0.0077396 0.0273853 189.3820849
-0.0088051 0.9992015 0.0390391 -1.5264813
-0.0270612 -0.0392645 0.9988649 -0.0578923
0.0000000 0.0000000 0.0000000 1.0000000
0.9995432 0.0077440 0.0292471 190.8814374
-0.0088751 0.9992111 0.0387766 -1.5861177
-0.0289237 -0.0390186 0.9988224 -0.0792227
0.0000000 0.0000000 0.0000000 1.0000000
0.9995172 0.0077482 0.0301017 192.2559132
-0.0089442 0.9991690 0.0398347 -1.6163563
-0.0297680 -0.0400848 0.9987556 -0.0622288
0.0000000 0.0000000 0.0000000 1.0000000
0.9995123 0.0071404 0.0304081 193.6598259
-0.0084203 0.9990764 0.0422046 -1.6072747
-0.0300786 -0.0424401 0.9986490 -0.1338739
0.0000000 0.0000000 0.0000000 1.0000000
0.9994917 0.0054903 0.0313958 195.1557475
-0.0068453 0.9990441 0.0432436 -1.6576167
-0.0311284 -0.0434366 0.9985740 -0.1902674
0.0000000 0.0000000 0.0000000 1.0000000
0.9994840 0.0064826 0.0314357 196.6057351
-0.0078087 0.9990786 0.0422775 -1.7171808
-0.0311326 -0.0425013 0.9986142 -0.2168892
0.0000000 0.0000000 0.0000000 1.0000000
0.9994865 0.0077114 0.0310783 198.1723306
-0.0089833 0.9991207 0.0410238 -1.7575428
-0.0307345 -0.0412821 0.9986777 -0.1939164
0.0000000 0.0000000 0.0000000 1.0000000
0.9993931 0.0082154 0.0338468 199.5422175
-0.0095604 0.9991654 0.0397968 -1.8346019
-0.0334915 -0.0400964 0.9986374 -0.1943010
0.0000000 0.0000000 0.0000000 1.0000000
0.9994126 0.0081993 0.0332827 200.9815086
-0.0092855 0.9994279 0.0326406 -1.8114763
-0.0329960 -0.0329305 0.9989157 -0.3243930
0.0000000 0.0000000 0.0000000 1.0000000
0.9994947 0.0099922 0.0301855 202.3309555
-0.0111272 0.9992307 0.0377023 -1.9329310
-0.0297855 -0.0380193 0.9988358 -0.3538455
0.0000000 0.0000000 0.0000000 1.0000000
0.9996007 0.0099365 0.0264579 203.8439134
-0.0111092 0.9989478 0.0445843 -1.9450331
-0.0259870 -0.0448605 0.9986580 -0.3415238
0.0000000 0.0000000 0.0000000 1.0000000
0.9995689 0.0121148 0.0267481 205.4682273
-0.0134405 0.9986636 0.0499850 -1.9603349
-0.0261067 -0.0503231 0.9983945 -0.3309267
0.0000000 0.0000000 0.0000000 1.0000000
0.9994916 0.0121018 0.0294993 206.9055999
-0.0135708 0.9986537 0.0501507 -1.9680716
-0.0288526 -0.0505256 0.9983086 -0.3619536
0.0000000 0.0000000 0.0000000 1.0000000
0.9994041 0.0128658 0.0320319 208.3281446
-0.0145331 0.9985244 0.0524049 -1.9111555
-0.0313103 -0.0528393 0.9981148 -0.3927250
0.0000000 0.0000000 0.0000000 1.0000000
0.9993942 0.0125539 0.0324486 209.6910208
-0.0142775 0.9984715 0.0534735 -1.9957538
-0.0317276 -0.0539045 0.9980447 -0.3457859
0.0000000 0.0000000 0.0000000 1.0000000
0.9994333 0.0111269 0.0317542 211.2234416
-0.0127854 0.9985412 0.0525456 -1.9291506
-0.0311231 -0.0529219 0.9981164 -0.3985243
0.0000000 0.0000000 0.0000000 1.0000000
0.9994669 0.0100931 0.0310561 212.7278541
-0.0117073 0.9985686 0.0522714 -1.9303498
-0.0304840 -0.0526072 0.9981527 -0.4056136
0.0000000 0.0000000 0.0000000 1.0000000
0.9994757 0.0092433 0.0310469 214.2903625
-0.0108722 0.9985533 0.0527420 -1.9492247
-0.0305144 -0.0530519 0.9981282 -0.4370586
0.0000000 0.0000000 0.0000000 1.0000000
0.9994620 0.0099270 0.0312768 215.8378892
-0.0115942 0.9984987 0.0536139 -1.9816669
-0.0306976 -0.0539477 0.9980746 -0.4658498
0.0000000 0.0000000 0.0000000 1.0000000
0.9994612 0.0091498 0.0315283 217.2868138
-0.0108309 0.9985082 0.0535988 -1.9535984
-0.0309908 -0.0539114 0.9980675 -0.4813638
0.0000000 0.0000000 0.0000000 1.0000000
0.9994579 0.0099557 0.0313918 218.7862498
-0.0117210 0.9983327 0.0565928 -2.0210464
-0.0307759 -0.0569301 0.9979064 -0.4732624
0.0000000 0.0000000 0.0000000 1.0000000
0.9994876 0.0103364 0.0302857 220.3794044
-0.0121470 0.9981129 0.0602560 -2.0227631
-0.0296056 -0.0605930 0.9977263 -0.4695716
0.0000000 0.0000000 0.0000000 1.0000000
0.9995226 0.0095286 0.0293958 221.9326053
-0.0112543 0.9981900 0.0591423 -2.0064955
-0.0287790 -0.0594450 0.9978196 -0.5742465
0.0000000 0.0000000 0.0000000 1.0000000
0.9995341 0.0091300 0.0291329 223.3636393
-0.0108415 0.9981928 0.0591736 -2.0342434
-0.0285399 -0.0594620 0.9978255 -0.4847705
0.0000000 0.0000000 0.0000000 1.0000000
0.9995306 0.0093895 0.0291708 224.8029251
-0.0112033 0.9979746 0.0626834 -2.0961459
-0.0285231 -0.0629808 0.9976101 -0.5211063
0.0000000 0.0000000 0.0000000 1.0000000
0.9995419 0.0086895 0.0290133 226.2154279
-0.0105020 0.9979655 0.0629473 -2.0501770
-0.0284073 -0.0632232 0.9975981 -0.5103659
0.0000000 0.0000000 0.0000000 1.0000000
0.9995566 0.0075421 0.0288122 227.6040615
-0.0094103 0.9978256 0.0653008 -2.1131091
-0.0282570 -0.0655431 0.9974527 -0.5333803
0.0000000 0.0000000 0.0000000 1.0000000
0.9995786 0.0076240 0.0280174 229.0437653
-0.0094449 0.9978135 0.0654847 -2.1180010
-0.0274568 -0.0657217 0.9974633 -0.5360148
0.0000000 0.0000000 0.0000000 1.0000000
0.9995960 0.0068959 0.0275761 230.5052947
-0.0087641 0.9976346 0.0682472 -2.0668635
-0.0270402 -0.0684614 0.9972905 -0.5532178
0.0000000 0.0000000 0.0000000 1.0000000
0.9995983 0.0071902 0.0274306 231.9787895
-0.0090477 0.9976321 0.0682438 -2.1360368
-0.0268749 -0.0684646 0.9972946 -0.5492880
0.0000000 0.0000000 0.0000000 1.0000000
0.9996179 0.0067312 0.0268381 233.4653995
-0.0085751 0.9975679 0.0692321 -2.2290517
-0.0263068 -0.0694357 0.9972426 -0.5780604
0.0000000 0.0000000 0.0000000 1.0000000
0.9996231 0.0065621 0.0266989 234.9498559
-0.0083436 0.9977086 0.0672078 -2.2022058
-0.0261966 -0.0674052 0.9973847 -0.6186057
0.0000000 0.0000000 0.0000000 1.0000000
0.9995841 0.0062146 0.0282031 236.3508773
-0.0081051 0.9976946 0.0674548 -2.1631789
-0.0277188 -0.0676554 0.9973268 -0.6800331
0.0000000 0.0000000 0.0000000 1.0000000
0.9995652 0.0072972 0.0286088 237.9000816
-0.0092878 0.9975005 0.0701132 -2.2088207
-0.0280256 -0.0703484 0.9971318 -0.6701885
0.0000000 0.0000000 0.0000000 1.0000000
0.9995640 0.0067311 0.0287901 239.4121390
-0.0087874 0.9973749 0.0719381 -2.1206834
-0.0282303 -0.0721597 0.9969966 -0.7032560
0.0000000 0.0000000 0.0000000 1.0000000
0.9995771 0.0063186 0.0284406 240.9975130
-0.0083766 0.9973109 0.0728658 -2.1679448
-0.0279036 -0.0730732 0.9969393 -0.7133951
0.0000000 0.0000000 0.0000000 1.0000000
0.9995162 0.0064708 0.0304809 242.4230026
-0.0087571 0.9971106 0.0755122 -2.1286866
-0.0299042 -0.0757425 0.9966819 -0.6523465
0.0000000 0.0000000 0.0000000 1.0000000
0.9994313 0.0061572 0.0331962 244.1425461
-0.0086770 0.9970491 0.0763319 -2.1421665
-0.0326281 -0.0765765 0.9965329 -0.6566663
0.0000000 0.0000000 0.0000000 1.0000000
0.9993979 0.0066966 0.0340912 245.7678560
-0.0092924 0.9970239 0.0765921 -2.1732593
-0.0334768 -0.0768627 0.9964826 -0.7077377
0.0000000 0.0000000 0.0000000 1.0000000
0.9994552 0.0060287 0.0324958 247.3548542
-0.0085252 0.9969783 0.0772719 -2.1619001
-0.0319317 -0.0775068 0.9964834 -0.7204111
0.0000000 0.0000000 0.0000000 1.0000000
0.9994902 0.0065059 0.0313029 249.1778079
-0.0089863 0.9967756 0.0797935 -2.1042524
-0.0306827 -0.0800341 0.9963228 -0.7322663
0.0000000 0.0000000 0.0000000 1.0000000
0.9994891 0.0056048 0.0315242 250.6862020
-0.0080809 0.9968461 0.0790057 -2.0983161
-0.0309819 -0.0792200 0.9963786 -0.7959657
0.0000000 0.0000000 0.0000000 1.0000000
0.9994523 0.0050995 0.0327538 252.0743631
-0.0076538 0.9969001 0.0783693 -2.0519301
-0.0322525 -0.0785770 0.9963892 -0.7810872
0.0000000 0.0000000 0.0000000 1.0000000
0.9994784 0.0045106 0.0320367 253.7299911
-0.0069831 0.9969719 0.0775192 -2.1283527
-0.0315900 -0.0777025 0.9964790 -0.8146997
0.0000000 0.0000000 0.0000000 1.0000000
0.9994654 0.0042801 0.0324615 255.3545899
-0.0068157 0.9969009 0.0784363 -2.2149524
-0.0320251 -0.0786156 0.9963934 -0.9538546
0.0000000 0.0000000 0.0000000 1.0000000
0.9994734 0.0046655 0.0321498 256.9280648
-0.0071683 0.9969163 0.0782100 -2.2598839
-0.0316857 -0.0783993 0.9964212 -0.9383251
0.0000000 0.0000000 0.0000000 1.0000000
0.9994828 0.0054915 0.0317169 258.3868993
-0.0079125 0.9970244 0.0767481 -2.3630344
-0.0312009 -0.0769594 0.9965488 -0.9929894
0.0000000 0.0000000 0.0000000 1.0000000
0.9994639 0.0048115 0.0324029 259.9314093
-0.0073188 0.9969520 0.0777430 -2.2468806
-0.0319299 -0.0779385 0.9964497 -1.0438502
0.0000000 0.0000000 0.0000000 1.0000000
0.9994500 0.0046800 0.0328560 261.4505589
-0.0072016 0.9970044 0.0770831 -2.2479582
-0.0323967 -0.0772774 0.9964862 -1.1143193
0.0000000 0.0000000 0.0000000 1.0000000
0.9994250 0.0040293 0.0336850 262.9422458
-0.0065612 0.9971352 0.0754234 -2.2509834
-0.0332845 -0.0756011 0.9965855 -1.1513138
0.0000000 0.0000000 0.0000000 1.0000000
0.9994238 0.0039481 0.0337407 264.3523376
-0.0064697 0.9971685 0.0749878 -2.2607586
-0.0333490 -0.0751629 0.9966164 -1.1351418
0.0000000 0.0000000 0.0000000 1.0000000
0.9994200 0.0044795 0.0337680 265.9457660
-0.0069468 0.9972880 0.0733385 -2.3393843
-0.0333478 -0.0735306 0.9967383 -1.1754955
0.0000000 0.0000000 0.0000000 1.0000000
0.9994107 0.0038320 0.0341200 267.4947345
-0.0064362 0.9970474 0.0765781 -2.2843920
-0.0337258 -0.0767526 0.9964826 -1.1739055
0.0000000 0.0000000 0.0000000 1.0000000
0.9993585 0.0044011 0.0355475 268.9178345
-0.0069245 0.9974421 0.0712089 -2.3436035
-0.0351431 -0.0714095 0.9968308 -1.2268918
0.0000000 0.0000000 0.0000000 1.0000000
0.9992481 0.0064796 0.0382335 270.5694999
-0.0090557 0.9976745 0.0676230 -2.3452040
-0.0377064 -0.0679185 0.9969810 -1.2609293
0.0000000 0.0000000 0.0000000 1.0000000
0.9992462 0.0073554 0.0381188 272.0618286
-0.0099833 0.9975546 0.0692423 -2.3510770
-0.0375162 -0.0695708 0.9968743 -1.2516066
0.0000000 0.0000000 0.0000000 1.0000000
0.9992219 0.0079894 0.0386056 273.6090113
-0.0106688 0.9975131 0.0697322 -2.3877834
-0.0379524 -0.0700900 0.9968214 -1.2737069
0.0000000 0.0000000 0.0000000 1.0000000
0.9992540 0.0090797 0.0375214 275.0545001
-0.0117531 0.9973625 0.0716839 -2.3877183
-0.0367715 -0.0720715 0.9967246 -1.2759523
0.0000000 0.0000000 0.0000000 1.0000000
0.9992431 0.0086878 0.0379088 276.5977744
-0.0114529 0.9972429 0.0733719 -2.4312802
-0.0371668 -0.0737506 0.9965870 -1.3117713
0.0000000 0.0000000 0.0000000 1.0000000
0.9992148 0.0116509 0.0378554 278.2985090
-0.0144985 0.9970160 0.0758691 -2.5413350
-0.0368584 -0.0763585 0.9964021 -1.3591702
0.0000000 0.0000000 0.0000000 1.0000000
0.9992501 0.0115797 0.0369405 279.7937508
-0.0143330 0.9970697 0.0751891 -2.5357531
-0.0359616 -0.0756623 0.9964880 -1.4039438
0.0000000 0.0000000 0.0000000 1.0000000
0.9992594 0.0129980 0.0362333 281.3777768
-0.0157208 0.9969927 0.0759310 -2.5584123
-0.0351373 -0.0764444 0.9964577 -1.4487378
0.0000000 0.0000000 0.0000000 1.0000000
0.9992327 0.0156337 0.0359356 282.8787562
-0.0183324 0.9969376 0.0760681 -2.6757280
-0.0346363 -0.0766685 0.9964581 -1.4981422
0.0000000 0.0000000 0.0000000 1.0000000
0.9992004 0.0170710 0.0361707 284.3954775
-0.0198421 0.9967810 0.0777205 -2.7035477
-0.0347275 -0.0783761 0.9963220 -1.5299492
0.0000000 0.0000000 0.0000000 1.0000000
0.9991438 0.0190820 0.0367256 285.9281752
-0.0218466 0.9968381 0.0764407 -2.8293528
-0.0351508 -0.0771776 0.9964007 -1.5040644
0.0000000 0.0000000 0.0000000 1.0000000
0.9991110 0.0196825 0.0373065 287.5357544
-0.0224243 0.9969653 0.0745860 -2.8135505
-0.0357252 -0.0753563 0.9965196 -1.5457078
0.0000000 0.0000000 0.0000000 1.0000000
0.9991327 0.0212918 0.0357984 289.0248477
-0.0237339 0.9973184 0.0692660 -2.8895943
-0.0342276 -0.0700556 0.9969589 -1.5510085
0.0000000 0.0000000 0.0000000 1.0000000
0.9992882 0.0177569 0.0332996 290.5403137
-0.0200688 0.9973152 0.0704597 -2.8408993
-0.0319591 -0.0710778 0.9969618 -1.5447694
0.0000000 0.0000000 0.0000000 1.0000000
0.9993263 0.0189821 0.0314161 292.4136715
-0.0211269 0.9973646 0.0694396 -2.7490593
-0.0300152 -0.0700566 0.9970946 -1.6300471
0.0000000 0.0000000 0.0000000 1.0000000
0.9993575 0.0177934 0.0311097 293.8454682
-0.0198839 0.9974715 0.0682648 -2.7837179
-0.0298164 -0.0688395 0.9971854 -1.6078566
0.0000000 0.0000000 0.0000000 1.0000000
0.9993593 0.0153172 0.0323483 295.5841380
-0.0175959 0.9972945 0.0714049 -2.8349245
-0.0311671 -0.0719284 0.9969261 -1.6378173
0.0000000 0.0000000 0.0000000 1.0000000
0.9993875 0.0148847 0.0316849 297.1915735
-0.0171070 0.9973254 0.0710928 -2.9381153
-0.0305419 -0.0715913 0.9969698 -1.6407761
0.0000000 0.0000000 0.0000000 1.0000000
0.9994087 0.0152612 0.0308381 298.7321081
-0.0173395 0.9975153 0.0683203 -2.9896276
-0.0297188 -0.0688145 0.9971901 -1.6740207
0.0000000 0.0000000 0.0000000 1.0000000
0.9993914 0.0144234 0.0317816 300.4464470
-0.0165366 0.9975988 0.0672918 -3.1022422
-0.0307347 -0.0677763 0.9972305 -1.6969574
0.0000000 0.0000000 0.0000000 1.0000000
0.9993985 0.0124056 0.0324068 301.9590064
-0.0145715 0.9976149 0.0675066 -3.1017485
-0.0314921 -0.0679382 0.9971959 -1.7444716
0.0000000 0.0000000 0.0000000 1.0000000
0.9993716 0.0130735 0.0329601 303.4450276
-0.0152108 0.9977404 0.0654774 -3.0857975
-0.0320296 -0.0659375 0.9973133 -1.7756670
0.0000000 0.0000000 0.0000000 1.0000000
0.9993147 0.0136184 0.0344192 305.1917798
-0.0158521 0.9977284 0.0655041 -3.2080397
-0.0334489 -0.0660048 0.9972623 -1.7249820
0.0000000 0.0000000 0.0000000 1.0000000
0.9993227 0.0120966 0.0347487 306.6221997
-0.0142427 0.9979632 0.0622216 -3.2339948
-0.0339253 -0.0626743 0.9974610 -1.7890823
0.0000000 0.0000000 0.0000000 1.0000000
0.9993105 0.0136955 0.0345164 308.1708984
-0.0158968 0.9978027 0.0643570 -3.1865788
-0.0335592 -0.0648613 0.9973337 -1.8220394
0.0000000 0.0000000 0.0000000 1.0000000
0.9993041 0.0133444 0.0348337 309.6339545
-0.0154358 0.9980510 0.0605078 -3.1779091
-0.0339584 -0.0610034 0.9975636 -1.8365764
0.0000000 0.0000000 0.0000000 1.0000000
0.9993129 0.0126920 0.0348160 311.1905276
-0.0148067 0.9980184 0.0612016 -3.2198123
-0.0339703 -0.0616750 0.9975221 -1.8307295
0.0000000 0.0000000 0.0000000 1.0000000
0.9993685 0.0131182 0.0330098 312.7466918
-0.0151629 0.9979323 0.0625065 -3.2863401
-0.0321215 -0.0629675 0.9975027 -1.8767941
0.0000000 0.0000000 0.0000000 1.0000000
0.9994186 0.0127484 0.0316161 314.5201683
-0.0146501 0.9980513 0.0606980 -3.1257554
-0.0307807 -0.0611258 0.9976595 -1.9202882
0.0000000 0.0000000 0.0000000 1.0000000
0.9994276 0.0116071 0.0317698 316.1641843
-0.0134983 0.9981095 0.0600107 -3.2616372
-0.0310131 -0.0604052 0.9976963 -1.9079423
0.0000000 0.0000000 0.0000000 1.0000000
0.9994347 0.0098468 0.0321428 317.7165939
-0.0118459 0.9979686 0.0626424 -3.3374294
-0.0314606 -0.0629878 0.9975226 -1.9328722
0.0000000 0.0000000 0.0000000 1.0000000
0.9993561 0.0092212 0.0346705 319.4837191
-0.0114520 0.9978395 0.0647373 -3.3736128
-0.0339987 -0.0650926 0.9973042 -1.9764406
0.0000000 0.0000000 0.0000000 1.0000000
0.9992165 0.0103483 0.0382177 321.5507016
-0.0127178 0.9979782 0.0623170 -3.3977478
-0.0374956 -0.0627542 0.9973287 -2.0175307
0.0000000 0.0000000 0.0000000 1.0000000
0.9991548 0.0097504 0.0399582 323.0840433
-0.0122134 0.9980108 0.0618919 -3.4262031
-0.0392752 -0.0623275 0.9972872 -2.0102240
0.0000000 0.0000000 0.0000000 1.0000000
0.9991835 0.0124113 0.0384678 324.7808303
-0.0147248 0.9980634 0.0604830 -3.5574161
-0.0376427 -0.0609999 0.9974322 -2.0297560
0.0000000 0.0000000 0.0000000 1.0000000
0.9992210 0.0084981 0.0385640 326.5326296
-0.0107970 0.9981528 0.0598296 -3.6905853
-0.0379843 -0.0601992 0.9974679 -2.0641050
0.0000000 0.0000000 0.0000000 1.0000000
0.9992176 0.0073026 0.0388880 328.1881509
-0.0096126 0.9981795 0.0595791 -3.6617110
-0.0383822 -0.0599062 0.9974702 -2.1006870
0.0000000 0.0000000 0.0000000 1.0000000
0.9992108 0.0064329 0.0392169 329.7281930
-0.0087319 0.9982361 0.0587651 -3.4581219
-0.0387697 -0.0590611 0.9975057 -2.1025408
0.0000000 0.0000000 0.0000000 1.0000000
0.9992445 0.0099840 0.0375844 331.2164250
-0.0123137 0.9979834 0.0623053 -3.5180056
-0.0368866 -0.0627209 0.9973536 -2.1465493
0.0000000 0.0000000 0.0000000 1.0000000
0.9993077 0.0083745 0.0362804 333.1426107
-0.0106606 0.9979393 0.0633134 -3.6754374
-0.0356754 -0.0636562 0.9973385 -2.1449749
0.0000000 0.0000000 0.0000000 1.0000000
0.9992911 0.0089752 0.0365877 334.4547496
-0.0113723 0.9977656 0.0658732 -3.7051145
-0.0359147 -0.0662424 0.9971616 -2.1687021
0.0000000 0.0000000 0.0000000 1.0000000
0.9992296 0.0094008 0.0381179 336.3351086
-0.0118676 0.9978150 0.0650359 -3.7023252
-0.0374232 -0.0654381 0.9971593 -2.2282066
0.0000000 0.0000000 0.0000000 1.0000000
0.9991812 0.0128739 0.0383628 337.8853337
-0.0152955 0.9978646 0.0635369 -3.7029670
-0.0374629 -0.0640716 0.9972466 -2.2808463
0.0000000 0.0000000 0.0000000 1.0000000
0.9991531 0.0143349 0.0385866 339.5067093
-0.0167883 0.9978067 0.0640607 -3.5664782
-0.0375837 -0.0646541 0.9972045 -2.2703567
0.0000000 0.0000000 0.0000000 1.0000000
0.9992802 0.0129291 0.0356780 341.0401674
-0.0152484 0.9977346 0.0655518 -3.5676344
-0.0347497 -0.0660485 0.9972159 -2.2718082
0.0000000 0.0000000 0.0000000 1.0000000
0.9993338 0.0139471 0.0337346 342.8364643
-0.0160792 0.9978339 0.0638145 -3.5090551
-0.0327716 -0.0643143 0.9973961 -2.3590552
0.0000000 0.0000000 0.0000000 1.0000000
0.9993028 0.0129139 0.0350423 344.3265539
-0.0151324 0.9978475 0.0638352 -3.4409531
-0.0341426 -0.0643208 0.9973497 -2.4707466
0.0000000 0.0000000 0.0000000 1.0000000
0.9992412 0.0136470 0.0364957 346.2116668
-0.0160189 0.9977233 0.0655402 -3.4736954
-0.0355182 -0.0660750 0.9971869 -2.5146353
0.0000000 0.0000000 0.0000000 1.0000000
0.9990893 0.0125105 0.0408143 347.8700703
-0.0152548 0.9975932 0.0676658 -3.4210482
-0.0398696 -0.0682267 0.9968775 -2.5786478
0.0000000 0.0000000 0.0000000 1.0000000
0.9991269 0.0122873 0.0399562 349.4332586
-0.0149319 0.9976686 0.0666136 -3.6201289
-0.0390446 -0.0671519 0.9969831 -2.5970022
0.0000000 0.0000000 0.0000000 1.0000000
0.9991125 0.0109286 0.0406935 350.9460616
-0.0136642 0.9976206 0.0675987 -3.7455484
-0.0398579 -0.0680946 0.9968871 -2.6133915
0.0000000 0.0000000 0.0000000 1.0000000
0.9990828 0.0092560 0.0418251 352.7274147
-0.0119776 0.9977939 0.0653251 -3.4603286
-0.0411282 -0.0657660 0.9969919 -2.7257612
