1.0000000 0.0000000 0.0000000 0.0000000
0.0000000 1.0000000 0.0000000 0.0000000
0.0000000 0.0000000 1.0000000 0.0000000
0.0000000 0.0000000 0.0000000 1.0000000
0.9999999 -0.0007719 -0.0002036 0.5731885
0.0007718 0.9999995 -0.0007337 0.0122171
0.0002041 0.0007335 0.9999996 0.0030173
0.0000000 0.0000000 0.0000000 1.0000000
0.9999878 -0.0048832 -0.0008685 1.1222699
0.0048827 0.9999882 -0.0005768 0.0906293
0.0008713 0.0005725 0.9999993 0.0275532
0.0000000 0.0000000 0.0000000 1.0000000
0.9999684 -0.0072775 -0.0031786 1.6340578
0.0072766 0.9999738 -0.0002690 -0.0175575
0.0031805 0.0002459 0.9999948 0.0697786
0.0000000 0.0000000 0.0000000 1.0000000
0.9999613 -0.0077015 -0.0042368 2.1596334
0.0076961 0.9999696 -0.0012875 0.0272844
0.0042466 0.0012548 0.9999902 0.0838959
0.0000000 0.0000000 0.0000000 1.0000000
0.9999632 -0.0074287 -0.0042400 2.6211168
0.0074215 0.9999709 -0.0016877 0.1354181
0.0042524 0.0016562 0.9999895 0.0707248
0.0000000 0.0000000 0.0000000 1.0000000
0.9999504 -0.0089264 -0.0044100 3.2211366
0.0089225 0.9999596 -0.0008741 -0.0166179
0.0044176 0.0008347 0.9999898 0.1125669
0.0000000 0.0000000 0.0000000 1.0000000
0.9999478 -0.0091594 -0.0045558 3.7843473
0.0091570 0.9999578 -0.0005515 -0.0597673
0.0045607 0.0005098 0.9999893 0.1399481
0.0000000 0.0000000 0.0000000 1.0000000
0.9999204 -0.0107310 -0.0065205 4.4354037
0.0107353 0.9999422 0.0006367 0.0116942
0.0065133 -0.0007067 0.9999783 0.1521374
0.0000000 0.0000000 0.0000000 1.0000000
0.9998624 -0.0137938 -0.0090940 5.0008119
0.0137993 0.9999048 0.0005590 0.0232030
0.0090854 -0.0006844 0.9999584 0.1518218
0.0000000 0.0000000 0.0000000 1.0000000
0.9998185 -0.0141982 -0.0126447 5.6434277
0.0142300 0.9998956 0.0024390 -0.0049573
0.0126088 -0.0026185 0.9999170 0.1832301
0.0000000 0.0000000 0.0000000 1.0000000
0.9998259 -0.0148778 -0.0111699 6.2541904
0.0149214 0.9998811 0.0038499 0.0415060
0.0111112 -0.0040159 0.9999301 0.2285282
0.0000000 0.0000000 0.0000000 1.0000000
0.9998355 -0.0170396 -0.0059581 6.9757928
0.0170716 0.9998395 0.0053938 0.0599092
0.0058652 -0.0054946 0.9999676 0.2213222
0.0000000 0.0000000 0.0000000 1.0000000
0.9998166 -0.0184557 0.0048056 7.6868069
0.0184269 0.9998122 0.0059319 0.0376412
-0.0049143 -0.0058423 0.9999707 0.2046152
0.0000000 0.0000000 0.0000000 1.0000000
0.9997378 -0.0201466 0.0107197 8.4192050
0.0200822 0.9997794 0.0060726 0.0142428
-0.0108397 -0.0058557 0.9999240 0.1864002
0.0000000 0.0000000 0.0000000 1.0000000
0.9997353 -0.0202463 0.0107398 9.0456113
0.0201657 0.9997674 0.0075470 0.0310034
-0.0108901 -0.0073284 0.9999138 0.2103441
0.0000000 0.0000000 0.0000000 1.0000000
0.9997706 -0.0206824 0.0052045 9.7388742
0.0206223 0.9997220 0.0113381 0.0743420
-0.0054376 -0.0112281 0.9999221 0.2289667
0.0000000 0.0000000 0.0000000 1.0000000
0.9997649 -0.0215899 -0.0002755 10.4020806
0.0215916 0.9996905 0.0122755 0.1703653
0.0000104 -0.0122785 0.9999245 0.2491419
0.0000000 0.0000000 0.0000000 1.0000000
0.9997769 -0.0210104 0.0005641 11.1733536
0.0210034 0.9997264 0.0102011 0.0902139
-0.0007783 -0.0101870 0.9999478 0.2488213
0.0000000 0.0000000 0.0000000 1.0000000
0.9997014 -0.0228481 0.0084801 11.9593832
0.0227846 0.9997115 0.0074936 0.1298138
-0.0086489 -0.0072982 0.9999359 0.2180806
0.0000000 0.0000000 0.0000000 1.0000000
0.9996471 -0.0222845 0.0143733 12.7776264
0.0221981 0.9997338 0.0061450 0.0941656
-0.0145064 -0.0058238 0.9998777 0.1857212
0.0000000 0.0000000 0.0000000 1.0000000
0.9996267 -0.0212206 0.0171423 13.6442737
0.0211394 0.9997641 0.0048945 0.0253215
-0.0172422 -0.0045303 0.9998410 0.1874394
0.0000000 0.0000000 0.0000000 1.0000000
0.9996427 -0.0207984 0.0167056 14.4628055
0.0206809 0.9997599 0.0071732 0.0327492
-0.0168508 -0.0068251 0.9998348 0.2446754
0.0000000 0.0000000 0.0000000 1.0000000
0.9996864 -0.0199895 0.0149814 15.2316849
0.0198859 0.9997768 0.0070249 0.0809630
-0.0151185 -0.0067247 0.9998632 0.2539975
0.0000000 0.0000000 0.0000000 1.0000000
0.9997131 -0.0210545 0.0113166 16.1921644
0.0209492 0.9997360 0.0093478 0.0317350
-0.0115105 -0.0091080 0.9998925 0.2276911
0.0000000 0.0000000 0.0000000 1.0000000
0.9997871 -0.0194525 0.0067603 16.9785582
0.0194047 0.9997856 0.0070753 0.0248363
-0.0068965 -0.0069426 0.9999523 0.2515817
0.0000000 0.0000000 0.0000000 1.0000000
0.9998362 -0.0180220 0.0008988 17.7489470
0.0180181 0.9998277 0.0042367 0.1090611
-0.0009750 -0.0042198 0.9999910 0.2497148
0.0000000 0.0000000 0.0000000 1.0000000
0.9998421 -0.0173843 -0.0034460 18.6220747
0.0174082 0.9998231 0.0070436 0.0837921
0.0033229 -0.0071024 0.9999696 0.3011643
0.0000000 0.0000000 0.0000000 1.0000000
0.9998511 -0.0165102 -0.0048865 19.6681630
0.0165378 0.9998464 0.0056541 0.0814315
0.0047923 -0.0057340 0.9999725 0.2814334
0.0000000 0.0000000 0.0000000 1.0000000
0.9998639 -0.0159420 -0.0040348 20.5056164
0.0159652 0.9998550 0.0057816 0.0788549
0.0039420 -0.0058452 0.9999756 0.3224886
0.0000000 0.0000000 0.0000000 1.0000000
0.9998579 -0.0158840 -0.0055037 21.4852132
0.0159139 0.9998580 0.0054206 0.1535835
0.0054168 -0.0055073 0.9999706 0.3128024
0.0000000 0.0000000 0.0000000 1.0000000
0.9998372 -0.0165567 -0.0070864 22.5930814
0.0166188 0.9998227 0.0087805 0.1516037
0.0069397 -0.0088968 0.9999368 0.3289584
0.0000000 0.0000000 0.0000000 1.0000000
0.9998447 -0.0160086 -0.0073572 23.4238981
0.0160810 0.9998218 0.0098720 0.2282955
0.0071978 -0.0099888 0.9999246 0.3299371
0.0000000 0.0000000 0.0000000 1.0000000
0.9998510 -0.0158274 -0.0068775 24.4875360
0.0158962 0.9998231 0.0100468 0.3026429
0.0067172 -0.0101546 0.9999263 0.3367246
0.0000000 0.0000000 0.0000000 1.0000000
0.9998482 -0.0161655 -0.0064977 25.3787871
0.0162416 0.9997982 0.0118249 0.3023444
0.0063052 -0.0119286 0.9999096 0.3824456
0.0000000 0.0000000 0.0000000 1.0000000
0.9998270 -0.0173433 -0.0066869 26.4215415
0.0174221 0.9997771 0.0119072 0.3831220
0.0064789 -0.0120216 0.9999074 0.3846532
0.0000000 0.0000000 0.0000000 1.0000000
0.9998399 -0.0169829 -0.0055455 27.2960887
0.0170460 0.9997880 0.0115330 0.4260915
0.0053484 -0.0116257 0.9999188 0.4088659
0.0000000 0.0000000 0.0000000 1.0000000
0.9998417 -0.0173949 -0.0037159 28.3842930
0.0174358 0.9997840 0.0112510 0.4688405
0.0035194 -0.0113139 0.9999305 0.4181175
0.0000000 0.0000000 0.0000000 1.0000000
0.9998303 -0.0181991 -0.0027880 29.4720261
0.0182319 0.9997593 0.0121845 0.5331612
0.0025656 -0.0122332 0.9999227 0.4245430
0.0000000 0.0000000 0.0000000 1.0000000
0.9998401 -0.0176104 -0.0030112 30.5171845
0.0176497 0.9997523 0.0135406 0.5821072
0.0027720 -0.0135915 0.9999047 0.4752857
0.0000000 0.0000000 0.0000000 1.0000000
0.9998095 -0.0190767 -0.0040124 31.5273394
0.0191411 0.9996771 0.0166742 0.6276856
0.0036930 -0.0167478 0.9998538 0.5085959
0.0000000 0.0000000 0.0000000 1.0000000
0.9998174 -0.0187971 -0.0032389 32.5567703
0.0188494 0.9996782 0.0169388 0.6090782
0.0029194 -0.0169966 0.9998521 0.5355231
0.0000000 0.0000000 0.0000000 1.0000000
0.9998010 -0.0198954 -0.0007325 33.6931836
0.0199049 0.9996636 0.0165718 0.5926128
0.0004025 -0.0165830 0.9998633 0.5776043
0.0000000 0.0000000 0.0000000 1.0000000
0.9997767 -0.0208997 0.0028426 34.8426568
0.0208459 0.9996231 0.0178191 0.5638663
-0.0032140 -0.0177558 0.9998382 0.5942486
0.0000000 0.0000000 0.0000000 1.0000000
0.9997501 -0.0217470 0.0051352 35.8565979
0.0216551 0.9996145 0.0173301 0.6496657
-0.0055102 -0.0172145 0.9998377 0.6280483
0.0000000 0.0000000 0.0000000 1.0000000
0.9997416 -0.0220757 0.0054199 36.9880403
0.0219746 0.9995945 0.0180523 0.6895756
-0.0058163 -0.0179284 0.9998236 0.6509935
0.0000000 0.0000000 0.0000000 1.0000000
0.9997177 -0.0232125 0.0050888 38.1232003
0.0231224 0.9995848 0.0171217 0.7288555
-0.0054842 -0.0169990 0.9998417 0.6642039
0.0000000 0.0000000 0.0000000 1.0000000
0.9996981 -0.0243108 0.0035066 39.1998211
0.0242433 0.9995402 0.0181620 0.7693310
-0.0039466 -0.0180714 0.9998301 0.6282947
0.0000000 0.0000000 0.0000000 1.0000000
0.9996956 -0.0237927 0.0064807 40.3685930
0.0236979 0.9996154 0.0143363 0.8496093
-0.0068194 -0.0141783 0.9998773 0.6825592
0.0000000 0.0000000 0.0000000 1.0000000
0.9996601 -0.0244317 0.0091040 41.3810538
0.0242654 0.9995435 0.0179553 0.9684195
-0.0095386 -0.0177282 0.9997985 0.7080198
0.0000000 0.0000000 0.0000000 1.0000000
0.9996041 -0.0255502 0.0118475 42.5473632
0.0253586 0.9995490 0.0160537 0.9460159
-0.0122524 -0.0157468 0.9998022 0.7463116
0.0000000 0.0000000 0.0000000 1.0000000
0.9996325 -0.0245440 0.0116096 43.6361501
0.0243116 0.9995087 0.0197624 1.0477729
-0.0120891 -0.0194728 0.9997385 0.7720985
0.0000000 0.0000000 0.0000000 1.0000000
0.9996349 -0.0259113 0.0078571 44.6689055
0.0257313 0.9994215 0.0222205 1.1193785
-0.0084284 -0.0220101 0.9997235 0.7629720
0.0000000 0.0000000 0.0000000 1.0000000
0.9997034 -0.0240203 0.0043679 45.8274665
0.0238902 0.9993290 0.0277531 1.1114357
-0.0050317 -0.0276405 0.9996066 0.8096104
0.0000000 0.0000000 0.0000000 1.0000000
0.9996680 -0.0253433 0.0049077 46.9042312
0.0251955 0.9992860 0.0281522 1.1913961
-0.0056177 -0.0280192 0.9995930 0.8088683
0.0000000 0.0000000 0.0000000 1.0000000
0.9996459 -0.0245056 0.0105214 48.0209300
0.0243814 0.9996337 0.0117743 1.2677485
-0.0108061 -0.0115135 0.9998768 0.7975906
0.0000000 0.0000000 0.0000000 1.0000000
0.9996185 -0.0247695 0.0123296 49.1841138
0.0246037 0.9996075 0.0134282 1.3089481
-0.0126574 -0.0131197 0.9998354 0.8114759
0.0000000 0.0000000 0.0000000 1.0000000
0.9995906 -0.0246782 0.0145386 50.3090439
0.0245107 0.9996327 0.0115859 1.3555152
-0.0148193 -0.0112248 0.9998287 0.8629099
0.0000000 0.0000000 0.0000000 1.0000000
0.9996606 -0.0222653 0.0135764 51.4329786
0.0220650 0.9996487 0.0147225 1.3514940
-0.0138995 -0.0144178 0.9998010 0.8867971
0.0000000 0.0000000 0.0000000 1.0000000
0.9996638 -0.0230225 0.0120174 52.4496499
0.0228349 0.9996190 0.0155200 1.4726988
-0.0123702 -0.0152403 0.9998088 0.9044656
0.0000000 0.0000000 0.0000000 1.0000000
0.9996956 -0.0225384 0.0101026 53.5709530
0.0223734 0.9996196 0.0161550 1.5106874
-0.0104629 -0.0159240 0.9998200 0.8786255
0.0000000 0.0000000 0.0000000 1.0000000
0.9997004 -0.0230206 0.0083691 54.6972811
0.0229139 0.9996582 0.0126277 1.5892103
-0.0086570 -0.0124321 0.9998868 0.8914681
0.0000000 0.0000000 0.0000000 1.0000000
0.9997334 -0.0224849 0.0053270 55.7766114
0.0224255 0.9996890 0.0109494 1.6095569
-0.0055716 -0.0108270 0.9999274 0.9016943
0.0000000 0.0000000 0.0000000 1.0000000
0.9997903 -0.0200035 0.0043132 56.8374284
0.0199486 0.9997247 0.0123853 1.5964410
-0.0045598 -0.0122966 0.9999155 0.9267732
0.0000000 0.0000000 0.0000000 1.0000000
0.9997631 -0.0207419 0.0066329 57.8780468
0.0206735 0.9997346 0.0102075 1.6082575
-0.0068429 -0.0100679 0.9999275 0.9633557
0.0000000 0.0000000 0.0000000 1.0000000
0.9997219 -0.0200894 0.0123524 58.9544301
0.0199821 0.9997629 0.0087405 1.6468555
-0.0125251 -0.0084911 0.9998872 0.9588980
0.0000000 0.0000000 0.0000000 1.0000000
0.9996090 -0.0205419 0.0189627 60.0513041
0.0203848 0.9997574 0.0084353 1.6494710
-0.0191314 -0.0080454 0.9997864 0.9966740
0.0000000 0.0000000 0.0000000 1.0000000
0.9995516 -0.0213124 0.0210331 61.1752920
0.0211972 0.9997600 0.0056772 1.6356771
-0.0211491 -0.0052287 0.9997644 0.9947319
0.0000000 0.0000000 0.0000000 1.0000000
0.9996314 -0.0199999 0.0183347 62.2893747
0.0198914 0.9997844 0.0060689 1.6448906
-0.0184522 -0.0057019 0.9998152 0.9969294
0.0000000 0.0000000 0.0000000 1.0000000
0.9996697 -0.0205920 0.0153520 63.3759523
0.0205064 0.9997742 0.0057007 1.7108714
-0.0154660 -0.0053839 0.9998677 1.0150845
0.0000000 0.0000000 0.0000000 1.0000000
0.9997333 -0.0199597 0.0116004 64.5705071
0.0198673 0.9997711 0.0080089 1.6753612
-0.0117576 -0.0077762 0.9999025 1.0172611
0.0000000 0.0000000 0.0000000 1.0000000
0.9997598 -0.0201706 0.0085466 65.5731600
0.0201052 0.9997691 0.0076535 1.7032530
-0.0086991 -0.0074798 0.9999361 1.0259364
0.0000000 0.0000000 0.0000000 1.0000000
0.9997968 -0.0186705 0.0075810 66.7575388
0.0185986 0.9997828 0.0094313 1.7814754
-0.0077555 -0.0092884 0.9999287 1.0287038
0.0000000 0.0000000 0.0000000 1.0000000
0.9997950 -0.0172280 0.0106330 67.8715276
0.0171082 0.9997909 0.0112421 1.7983768
-0.0108245 -0.0110578 0.9998821 0.9867932
0.0000000 0.0000000 0.0000000 1.0000000
0.9997547 -0.0180766 0.0128153 69.0041686
0.0179308 0.9997748 0.0113913 1.7428805
-0.0130184 -0.0111586 0.9998549 1.0244029
0.0000000 0.0000000 0.0000000 1.0000000
0.9997477 -0.0182207 0.0131769 70.2543831
0.0180484 0.9997517 0.0130774 1.7811305
-0.0134120 -0.0128362 0.9998296 1.0494251
0.0000000 0.0000000 0.0000000 1.0000000
0.9997330 -0.0174955 0.0151294 71.2684798
0.0173256 0.9997868 0.0112839 1.6955333
-0.0153237 -0.0110187 0.9998238 1.0571285
0.0000000 0.0000000 0.0000000 1.0000000
0.9996889 -0.0188128 0.0163984 72.4349084
0.0186488 0.9997754 0.0100929 1.7170932
-0.0165846 -0.0097838 0.9998166 1.0745862
0.0000000 0.0000000 0.0000000 1.0000000
0.9996432 -0.0196833 0.0180930 73.5913975
0.0195366 0.9997753 0.0082493 1.7189248
-0.0182514 -0.0078928 0.9998044 1.0684728
0.0000000 0.0000000 0.0000000 1.0000000
0.9995947 -0.0202338 0.0200532 74.6673775
0.0201142 0.9997787 0.0061442 1.7617906
-0.0201731 -0.0057382 0.9997821 1.0576651
0.0000000 0.0000000 0.0000000 1.0000000
0.9995992 -0.0204473 0.0196313 75.8550447
0.0203117 0.9997688 0.0070842 1.7519824
-0.0197717 -0.0066825 0.9997844 1.0778199
0.0000000 0.0000000 0.0000000 1.0000000
0.9996804 -0.0200192 0.0155049 76.9263129
0.0198905 0.9997665 0.0084191 1.6089756
-0.0156699 -0.0081079 0.9998466 1.0850029
0.0000000 0.0000000 0.0000000 1.0000000
0.9996850 -0.0206123 0.0143890 78.0952076
0.0204976 0.9997574 0.0080743 1.6891536
-0.0145520 -0.0077767 0.9998663 1.0733404
0.0000000 0.0000000 0.0000000 1.0000000
0.9996404 -0.0219753 0.0154048 79.2208415
0.0218548 0.9997297 0.0079471 1.6580276
-0.0155753 -0.0076075 0.9998522 1.0631220
0.0000000 0.0000000 0.0000000 1.0000000
0.9995572 -0.0219208 0.0201696 80.2084907
0.0217314 0.9997180 0.0095643 1.6407110
-0.0203737 -0.0091217 0.9997533 1.0677200
0.0000000 0.0000000 0.0000000 1.0000000
0.9994525 -0.0225631 0.0242428 81.3464765
0.0222801 0.9996814 0.0118802 1.6316121
-0.0245033 -0.0113335 0.9996380 1.0694573
0.0000000 0.0000000 0.0000000 1.0000000
0.9993961 -0.0242522 0.0249340 82.4816862
0.0239315 0.9996283 0.0130802 1.6766747
-0.0252421 -0.0124755 0.9996060 1.0563704
0.0000000 0.0000000 0.0000000 1.0000000
0.9993960 -0.0255328 0.0236076 83.5787612
0.0252023 0.9995818 0.0141882 1.7427763
-0.0239601 -0.0135846 0.9996231 1.0712248
0.0000000 0.0000000 0.0000000 1.0000000
0.9994376 -0.0250541 0.0223221 84.6666726
0.0247160 0.9995774 0.0152945 1.6784002
-0.0226959 -0.0147340 0.9996363 1.0733971
0.0000000 0.0000000 0.0000000 1.0000000
0.9993925 -0.0267909 0.0223148 85.7850231
0.0264709 0.9995443 0.0145084 1.7463566
-0.0226934 -0.0139088 0.9996483 1.0875971
0.0000000 0.0000000 0.0000000 1.0000000
0.9993567 -0.0278452 0.0226036 86.7763197
0.0275377 0.9995255 0.0137973 1.7589958
-0.0229772 -0.0131659 0.9996518 1.1077930
0.0000000 0.0000000 0.0000000 1.0000000
0.9992777 -0.0292839 0.0241990 87.8633391
0.0290063 0.9995100 0.0117377 1.7180398
-0.0245310 -0.0110272 0.9996407 1.0879357
0.0000000 0.0000000 0.0000000 1.0000000
0.9991988 -0.0300511 0.0263909 88.9519976
0.0297974 0.9995059 0.0099440 1.8409123
-0.0266769 -0.0091496 0.9996047 1.0468326
0.0000000 0.0000000 0.0000000 1.0000000
0.9991137 -0.0311734 0.0282346 89.9861448
0.0308825 0.9994659 0.0106681 1.8530934
-0.0285522 -0.0097866 0.9995470 1.0725318
0.0000000 0.0000000 0.0000000 1.0000000
0.9990774 -0.0325283 0.0279842 91.0004596
0.0322384 0.9994222 0.0107376 1.8597201
-0.0283174 -0.0098255 0.9995533 1.0387821
0.0000000 0.0000000 0.0000000 1.0000000
0.9989775 -0.0357165 0.0276682 91.9108366
0.0354300 0.9993137 0.0107664 1.8926041
-0.0280339 -0.0097750 0.9995618 1.0157388
0.0000000 0.0000000 0.0000000 1.0000000
0.9988393 -0.0398703 0.0269664 92.8395511
0.0396396 0.9991731 0.0090250 1.9579589
-0.0273041 -0.0079455 0.9995983 0.9949078
0.0000000 0.0000000 0.0000000 1.0000000
0.9987520 -0.0423781 0.0263598 93.7367442
0.0421388 0.9990658 0.0095540 1.9740298
-0.0267402 -0.0084312 0.9996094 1.0078660
0.0000000 0.0000000 0.0000000 1.0000000
0.9985906 -0.0452688 0.0276344 94.6079939
0.0449749 0.9989255 0.0111525 1.9860543
-0.0281097 -0.0098939 0.9995585 0.9855385
0.0000000 0.0000000 0.0000000 1.0000000
0.9983846 -0.0486532 0.0292714 95.5367308
0.0482719 0.9987414 0.0135834 2.0270491
-0.0298956 -0.0121483 0.9994818 0.9607244
0.0000000 0.0000000 0.0000000 1.0000000
0.9981872 -0.0522877 0.0297243 96.4025341
0.0518337 0.9985299 0.0158319 2.0227654
-0.0305086 -0.0142625 0.9994353 0.9624512
0.0000000 0.0000000 0.0000000 1.0000000
0.9979786 -0.0549982 0.0317564 97.2301741
0.0545520 0.9984020 0.0147347 2.0529641
-0.0325161 -0.0129725 0.9993896 0.9335142
0.0000000 0.0000000 0.0000000 1.0000000
0.9978331 -0.0579255 0.0311169 98.0733793
0.0573364 0.9981645 0.0194881 2.1009384
-0.0321887 -0.0176618 0.9993283 0.9457940
0.0000000 0.0000000 0.0000000 1.0000000
0.9976224 -0.0617931 0.0304219 98.8046084
0.0612930 0.9979730 0.0170916 2.1655215
-0.0314165 -0.0151862 0.9993935 0.9194927
0.0000000 0.0000000 0.0000000 1.0000000
0.9975334 -0.0648536 0.0267559 99.5460475
0.0643029 0.9977105 0.0209404 2.2090848
-0.0280528 -0.0191683 0.9994251 0.9369829
0.0000000 0.0000000 0.0000000 1.0000000
0.9974220 -0.0677404 0.0235658 100.2471205
0.0672234 0.9974936 0.0220638 2.2733309
-0.0250015 -0.0204228 0.9994812 0.9310621
0.0000000 0.0000000 0.0000000 1.0000000
0.9973864 -0.0690747 0.0210451 100.8958991
0.0685867 0.9973777 0.0230738 2.3821184
-0.0225838 -0.0215701 0.9995146 0.9279996
0.0000000 0.0000000 0.0000000 1.0000000
0.9973025 -0.0704304 0.0205231 101.4772069
0.0698912 0.9972184 0.0258842 2.3161485
-0.0222891 -0.0243800 0.9994567 0.9355035
0.0000000 0.0000000 0.0000000 1.0000000
0.9973202 -0.0701309 0.0206983 102.0303845
0.0695510 0.9971988 0.0275037 2.4047843
-0.0225693 -0.0259904 0.9994099 0.9417696
0.0000000 0.0000000 0.0000000 1.0000000
0.9974482 -0.0677563 0.0223502 102.5566821
0.0670828 0.9973075 0.0296017 2.3774242
-0.0242958 -0.0280268 0.9993144 0.9110957
0.0000000 0.0000000 0.0000000 1.0000000
0.9977900 -0.0620935 0.0234988 103.1773781
0.0613605 0.9976427 0.0307079 2.4377862
-0.0253503 -0.0291982 0.9992547 0.9068137
0.0000000 0.0000000 0.0000000 1.0000000
0.9981585 -0.0551055 0.0252065 103.8722280
0.0543033 0.9980278 0.0314557 2.5137026
-0.0268903 -0.0300290 0.9991898 0.9175733
0.0000000 0.0000000 0.0000000 1.0000000
0.9985665 -0.0456431 0.0278302 104.3407835
0.0447930 0.9985319 0.0304243 2.4940526
-0.0291782 -0.0291341 0.9991523 0.9387035
0.0000000 0.0000000 0.0000000 1.0000000
0.9989455 -0.0353997 0.0291209 104.8162227
0.0344982 0.9989264 0.0308800 2.5339199
-0.0301830 -0.0298429 0.9991014 0.9631867
0.0000000 0.0000000 0.0000000 1.0000000
0.9993414 -0.0211783 0.0293560 105.3415304
0.0202539 0.9993001 0.0314197 2.5358975
-0.0300010 -0.0308045 0.9990778 0.9402968
0.0000000 0.0000000 0.0000000 1.0000000
0.9995417 -0.0067814 0.0294166 105.7654849
0.0058168 0.9994462 0.0327378 2.5043275
-0.0296225 -0.0325517 0.9990337 0.9031941
0.0000000 0.0000000 0.0000000 1.0000000
0.9995625 0.0112430 0.0272609 106.1116434
-0.0120867 0.9994464 0.0309642 2.5372984
-0.0268978 -0.0312801 0.9991514 0.9241919
0.0000000 0.0000000 0.0000000 1.0000000
0.9991958 0.0323199 0.0236254 106.5605333
-0.0330604 0.9989513 0.0316312 2.5249401
-0.0225785 -0.0323868 0.9992231 0.8965292
0.0000000 0.0000000 0.0000000 1.0000000
0.9981240 0.0578877 0.0198123 107.0427719
-0.0584783 0.9978172 0.0306268 2.4737994
-0.0179963 -0.0317280 0.9993373 0.9131811
0.0000000 0.0000000 0.0000000 1.0000000
0.9961637 0.0856978 0.0175757 107.5070676
-0.0861402 0.9959386 0.0261454 2.3906361
-0.0152638 -0.0275591 0.9995064 0.8900390
0.0000000 0.0000000 0.0000000 1.0000000
0.9931582 0.1155263 0.0169085 107.8676771
-0.1159239 0.9929480 0.0247654 2.3039394
-0.0139283 -0.0265560 0.9995531 0.8943643
0.0000000 0.0000000 0.0000000 1.0000000
0.9889922 0.1471654 0.0152037 108.2215358
-0.1474857 0.9888036 0.0226316 2.1826498
-0.0117030 -0.0246247 0.9996312 0.8944601
0.0000000 0.0000000 0.0000000 1.0000000
0.9836759 0.1794031 0.0138162 108.5618894
-0.1796798 0.9834697 0.0223477 2.1220634
-0.0095786 -0.0244653 0.9996577 0.9013457
0.0000000 0.0000000 0.0000000 1.0000000
0.9759007 0.2177683 0.0137886 108.8701853
-0.2180029 0.9757681 0.0186645 1.9730126
-0.0093900 -0.0212206 0.9997337 0.9292607
0.0000000 0.0000000 0.0000000 1.0000000
0.9661181 0.2577616 0.0130410 109.1951438
-0.2579721 0.9659763 0.0183535 1.7948664
-0.0078666 -0.0210958 0.9997495 0.9473472
0.0000000 0.0000000 0.0000000 1.0000000
0.9541712 0.2990001 0.0123250 109.4363845
-0.2991810 0.9540404 0.0171366 1.7135381
-0.0066348 -0.0200385 0.9997802 0.9228455
0.0000000 0.0000000 0.0000000 1.0000000
0.9384595 0.3450936 0.0140978 109.8063439
-0.3453160 0.9382972 0.0187506 1.5468829
-0.0067573 -0.0224649 0.9997279 0.9518385
0.0000000 0.0000000 0.0000000 1.0000000
0.9211770 0.3887960 0.0162952 110.1578241
-0.3890564 0.9210351 0.0180734 1.3995283
-0.0079817 -0.0229885 0.9997070 0.9606628
0.0000000 0.0000000 0.0000000 1.0000000
0.9011006 0.4332641 0.0171864 110.4378015
-0.4335331 0.9009673 0.0174322 1.2106898
-0.0079318 -0.0231589 0.9997035 0.9596026
0.0000000 0.0000000 0.0000000 1.0000000
0.8789321 0.4766586 0.0164035 110.7090080
-0.4768982 0.8787992 0.0166621 1.0125391
-0.0064734 -0.0224676 0.9997299 0.9910254
0.0000000 0.0000000 0.0000000 1.0000000
0.8536130 0.5206889 0.0148772 110.9171252
-0.5208860 0.8534690 0.0163056 0.8347851
-0.0042072 -0.0216679 0.9997598 0.9932833
0.0000000 0.0000000 0.0000000 1.0000000
0.8266620 0.5625583 0.0123204 111.1089810
-0.5626948 0.8264743 0.0176782 0.5703528
-0.0002376 -0.0215465 0.9997712 1.0055665
0.0000000 0.0000000 0.0000000 1.0000000
0.7962140 0.6049034 0.0113151 111.2315702
-0.6049959 0.7959236 0.0219845 0.3670086
0.0042924 -0.0243499 0.9996977 1.0122642
0.0000000 0.0000000 0.0000000 1.0000000
0.7626581 0.6466970 0.0113895 111.5171070
-0.6467431 0.7622437 0.0265596 0.0950201
0.0084944 -0.0276220 0.9995858 1.0144127
0.0000000 0.0000000 0.0000000 1.0000000
0.7258262 0.6877575 0.0126451 111.6076831
-0.6877727 0.7252784 0.0306162 0.0016046
0.0118852 -0.0309191 0.9994547 0.9826159
0.0000000 0.0000000 0.0000000 1.0000000
0.6868360 0.7266972 0.0127086 111.7773817
-0.7266907 0.6863013 0.0301555 -0.2654089
0.0131920 -0.0299471 0.9994678 1.0068903
0.0000000 0.0000000 0.0000000 1.0000000
0.6467837 0.7625708 0.0122749 112.0541455
-0.7625560 0.6463229 0.0277882 -0.6014417
0.0132569 -0.0273333 0.9995418 0.9962434
0.0000000 0.0000000 0.0000000 1.0000000
0.6037193 0.7970762 0.0136343 112.2618156
-0.7971046 0.6033068 0.0253256 -0.8940062
0.0119606 -0.0261576 0.9995896 1.0244772
0.0000000 0.0000000 0.0000000 1.0000000
0.5570922 0.8302933 0.0159655 112.5400457
-0.8303789 0.5566942 0.0236420 -1.2479086
0.0107417 -0.0264282 0.9995963 1.0123353
0.0000000 0.0000000 0.0000000 1.0000000
0.5110044 0.8593896 0.0178227 112.6004578
-0.8595279 0.5106486 0.0211139 -1.5793332
0.0090438 -0.0261085 0.9996216 0.9833725
0.0000000 0.0000000 0.0000000 1.0000000
0.4609563 0.8872321 0.0182206 112.8815914
-0.8873971 0.4606988 0.0167029 -2.0613248
0.0064250 -0.0238683 0.9996979 1.0216591
0.0000000 0.0000000 0.0000000 1.0000000
0.4089332 0.9122947 0.0220442 113.0707578
-0.9125464 0.4086642 0.0157848 -2.3193022
0.0053915 -0.0265714 0.9996359 0.9883128
0.0000000 0.0000000 0.0000000 1.0000000
0.3575155 0.9335724 0.0248857 113.0869734
-0.9338499 0.3570773 0.0204128 -2.8151587
0.0101705 -0.0305375 0.9994855 0.9863769
0.0000000 0.0000000 0.0000000 1.0000000
0.3079344 0.9510697 0.0252416 113.2504091
-0.9512610 0.3073164 0.0256090 -3.2462671
0.0165987 -0.0318974 0.9993571 1.0012962
0.0000000 0.0000000 0.0000000 1.0000000
0.2605921 0.9651351 0.0244969 113.2873516
-0.9652554 0.2599503 0.0265533 -3.6405672
0.0192595 -0.0305656 0.9993510 0.9959466
0.0000000 0.0000000 0.0000000 1.0000000
0.2173131 0.9759064 0.0193971 113.3917194
-0.9758606 0.2167762 0.0264808 -4.0945472
0.0216379 -0.0246836 0.9994649 0.9760310
0.0000000 0.0000000 0.0000000 1.0000000
0.1809995 0.9833867 0.0135563 113.3462453
-0.9832189 0.1806151 0.0256089 -4.5269653
0.0227348 -0.0179641 0.9995840 1.0416612
0.0000000 0.0000000 0.0000000 1.0000000
0.1503314 0.9885888 0.0092553 113.4334862
-0.9883079 0.1500347 0.0270918 -4.8487689
0.0253940 -0.0132199 0.9995940 1.0298650
0.0000000 0.0000000 0.0000000 1.0000000
0.1217666 0.9924945 0.0109859 113.4790536
-0.9922615 0.1214526 0.0257538 -5.3558867
0.0242262 -0.0140368 0.9996119 1.0695505
0.0000000 0.0000000 0.0000000 1.0000000
0.0963087 0.9952143 0.0163262 113.4806304
-0.9951260 0.0959265 0.0227624 -5.8862758
0.0210872 -0.0184390 0.9996115 1.0665321
0.0000000 0.0000000 0.0000000 1.0000000
0.0742425 0.9970357 0.0200251 113.4897581
-0.9970840 0.0738629 0.0190618 -6.3400377
0.0175260 -0.0213820 0.9996217 1.0783673
0.0000000 0.0000000 0.0000000 1.0000000
0.0513148 0.9985524 0.0158884 113.5086338
-0.9985666 0.0510619 0.0159209 -6.8525064
0.0150864 -0.0166827 0.9997510 1.1107859
0.0000000 0.0000000 0.0000000 1.0000000
0.0307281 0.9994780 0.0095847 113.4385999
-0.9994051 0.0305735 0.0158470 -7.3442910
0.0155455 -0.0100659 0.9998325 1.1621671
0.0000000 0.0000000 0.0000000 1.0000000
0.0138610 0.9998605 0.0089037 113.4191239
-0.9997596 0.0137076 0.0170297 -7.7843816
0.0169052 -0.0091376 0.9998195 1.1322451
0.0000000 0.0000000 0.0000000 1.0000000
0.0003382 0.9999671 0.0075399 113.4091486
-0.9997577 0.0001722 0.0219549 -8.3869387
0.0219528 -0.0075455 0.9997346 1.1627222
0.0000000 0.0000000 0.0000000 1.0000000
-0.0125135 0.9998649 0.0102375 113.4340344
-0.9995664 -0.0127811 0.0264694 -9.0246996
0.0265967 -0.0099019 0.9996013 1.1814103
0.0000000 0.0000000 0.0000000 1.0000000
-0.0192501 0.9997584 0.0102089 113.4502112
-0.9994676 -0.0195113 0.0260897 -9.6032887
0.0262825 -0.0097013 0.9996115 1.1585295
0.0000000 0.0000000 0.0000000 1.0000000
-0.0219054 0.9997454 0.0045220 113.4585289
-0.9994949 -0.0220036 0.0228475 -10.1254674
0.0229410 -0.0040192 0.9997328 1.1612434
0.0000000 0.0000000 0.0000000 1.0000000
-0.0217050 0.9997532 0.0036287 113.4537332
-0.9995272 -0.0217790 0.0216164 -10.8633214
0.0216900 -0.0031577 0.9997639 1.1689875
0.0000000 0.0000000 0.0000000 1.0000000
-0.0188516 0.9998016 0.0056906 113.3274747
-0.9995900 -0.0189697 0.0213715 -11.5137167
0.0214751 -0.0052854 0.9997597 1.2257310
0.0000000 0.0000000 0.0000000 1.0000000
-0.0173959 0.9998156 0.0075649 113.3269196
-0.9996134 -0.0175553 0.0214836 -12.1942281
0.0216123 -0.0071882 0.9997448 1.2194067
0.0000000 0.0000000 0.0000000 1.0000000
-0.0149779 0.9998434 0.0089497 113.2288559
-0.9996423 -0.0151719 0.0219722 -12.9368518
0.0221045 -0.0086174 0.9997227 1.2814530
0.0000000 0.0000000 0.0000000 1.0000000
-0.0144088 0.9998456 0.0095679 113.2743494
-0.9996371 -0.0146221 0.0225632 -13.6989147
0.0226996 -0.0092393 0.9997040 1.3123456
0.0000000 0.0000000 0.0000000 1.0000000
-0.0136458 0.9998233 0.0125725 113.3505018
-0.9996586 -0.0139215 0.0220669 -14.3882704
0.0222379 -0.0122671 0.9996820 1.3679852
0.0000000 0.0000000 0.0000000 1.0000000
-0.0126355 0.9998376 0.0124862 113.3098376
-0.9996899 -0.0128992 0.0212278 -15.1605584
0.0213853 -0.0122141 0.9997012 1.3977434
0.0000000 0.0000000 0.0000000 1.0000000
-0.0129114 0.9998425 0.0118054 113.3252877
-0.9997145 -0.0131449 0.0198798 -15.9289913
0.0200317 -0.0115453 0.9997373 1.4451687
0.0000000 0.0000000 0.0000000 1.0000000
-0.0133236 0.9998411 0.0114382 113.3388241
-0.9997302 -0.0135375 0.0187860 -16.6739808
0.0189377 -0.0111849 0.9997627 1.4845414
0.0000000 0.0000000 0.0000000 1.0000000
-0.0136674 0.9998205 0.0127675 113.2687072
-0.9997560 -0.0138849 0.0170703 -17.4279117
0.0172444 -0.0125312 0.9997774 1.5052567
0.0000000 0.0000000 0.0000000 1.0000000
-0.0144598 0.9998012 0.0133965 113.3666439
-0.9997582 -0.0146774 0.0162512 -18.2533560
0.0164444 -0.0131583 0.9997828 1.5235697
0.0000000 0.0000000 0.0000000 1.0000000
-0.0166246 0.9997802 0.0124182 113.4068644
-0.9997625 -0.0167952 0.0137252 -19.0604273
0.0139305 -0.0121871 0.9998333 1.5859382
0.0000000 0.0000000 0.0000000 1.0000000
-0.0171609 0.9997747 0.0121571 113.3350535
-0.9997766 -0.0173064 0.0119261 -19.8688378
0.0121335 -0.0119497 0.9998597 1.6323669
0.0000000 0.0000000 0.0000000 1.0000000
-0.0191916 0.9997283 0.0129277 113.2051115
-0.9997509 -0.0193336 0.0109102 -20.6672342
0.0111569 -0.0127152 0.9998617 1.6665935
0.0000000 0.0000000 0.0000000 1.0000000
-0.0196080 0.9996617 0.0168673 113.2708694
-0.9996758 -0.0198742 0.0157328 -21.4065605
0.0160625 -0.0165535 0.9997388 1.6830571
0.0000000 0.0000000 0.0000000 1.0000000
-0.0211867 0.9995792 0.0196320 113.3166529
-0.9995716 -0.0215726 0.0196365 -22.2530751
0.0200516 -0.0192077 0.9996194 1.7288829
0.0000000 0.0000000 0.0000000 1.0000000
-0.0221001 0.9995575 0.0197223 113.3085969
-0.9995294 -0.0225083 0.0207004 -23.0400371
0.0211350 -0.0192557 0.9995962 1.7664223
0.0000000 0.0000000 0.0000000 1.0000000
-0.0239340 0.9994957 0.0206837 113.2468882
-0.9995242 -0.0243242 0.0188023 -23.8416639
0.0192957 -0.0202240 0.9996144 1.8040127
0.0000000 0.0000000 0.0000000 1.0000000
-0.0247054 0.9994311 0.0227722 113.2604654
-0.9995704 -0.0250512 0.0150077 -24.7991473
0.0155694 -0.0223918 0.9996332 1.8456281
0.0000000 0.0000000 0.0000000 1.0000000
-0.0252424 0.9994159 0.0228548 113.2238605
-0.9996221 -0.0254766 0.0099975 -25.5901186
0.0105737 -0.0225939 0.9996941 1.9241485
0.0000000 0.0000000 0.0000000 1.0000000
-0.0257472 0.9993452 0.0252553 113.2833112
-0.9996484 -0.0258847 0.0051161 -26.3928805
0.0057661 -0.0251149 0.9996733 1.9521347
0.0000000 0.0000000 0.0000000 1.0000000
-0.0257153 0.9993432 0.0253713 113.2583346
-0.9996477 -0.0258597 0.0053619 -27.4191683
0.0060141 -0.0252247 0.9996691 1.9707924
0.0000000 0.0000000 0.0000000 1.0000000
-0.0254126 0.9993910 0.0237246 113.3209254
-0.9996130 -0.0256656 0.0104022 -28.1676999
0.0110045 -0.0234512 0.9996699 1.9988537
0.0000000 0.0000000 0.0000000 1.0000000
-0.0244844 0.9993761 0.0253032 113.2955558
-0.9994821 -0.0249963 0.0200986 -28.9259039
0.0207183 -0.0247982 0.9994833 2.0201815
0.0000000 0.0000000 0.0000000 1.0000000
-0.0247115 0.9993575 0.0258053 113.3039818
-0.9993374 -0.0253815 0.0259523 -29.7186763
0.0265905 -0.0251471 0.9993357 2.0265493
0.0000000 0.0000000 0.0000000 1.0000000
-0.0227959 0.9994745 0.0228773 113.2896084
-0.9994998 -0.0232834 0.0212572 -30.4056641
0.0217786 -0.0223814 0.9995180 2.0328982
0.0000000 0.0000000 0.0000000 1.0000000
-0.0203020 0.9996259 0.0181141 113.2576917
-0.9996724 -0.0205756 0.0150242 -31.2289945
0.0153910 -0.0178033 0.9997288 2.0534803
0.0000000 0.0000000 0.0000000 1.0000000
-0.0221044 0.9996016 0.0173535 113.1893705
-0.9996773 -0.0223131 0.0119081 -32.0960777
0.0122902 -0.0170848 0.9997843 2.0884592
0.0000000 0.0000000 0.0000000 1.0000000
-0.0224226 0.9995276 0.0208609 113.1986946
-0.9996796 -0.0226565 0.0110234 -32.8760484
0.0114906 -0.0206072 0.9997274 2.0968482
0.0000000 0.0000000 0.0000000 1.0000000
-0.0228623 0.9995209 0.0206969 113.2518183
-0.9996525 -0.0231225 0.0124017 -33.7342706
0.0128741 -0.0204062 0.9997147 2.1160701
0.0000000 0.0000000 0.0000000 1.0000000
-0.0240072 0.9994673 0.0219304 113.3007109
-0.9996245 -0.0242852 0.0124837 -34.4197557
0.0130094 -0.0216226 0.9996874 2.1511866
0.0000000 0.0000000 0.0000000 1.0000000
-0.0261296 0.9993417 0.0249973 113.2208051
-0.9995765 -0.0264359 0.0119885 -35.2129450
0.0126412 -0.0246736 0.9996215 2.1740950
0.0000000 0.0000000 0.0000000 1.0000000
-0.0288194 0.9993353 0.0221297 113.2790709
-0.9994925 -0.0291069 0.0127665 -35.9117556
0.0134019 -0.0217506 0.9996794 2.2072165
0.0000000 0.0000000 0.0000000 1.0000000
-0.0303500 0.9992433 0.0241509 113.1699647
-0.9994502 -0.0306573 0.0124406 -36.6513151
0.0131713 -0.0237602 0.9996368 2.2412659
0.0000000 0.0000000 0.0000000 1.0000000
-0.0321034 0.9991162 0.0269730 113.1484630
-0.9994036 -0.0324275 0.0116516 -37.4823090
0.0125157 -0.0265830 0.9995743 2.2727835
0.0000000 0.0000000 0.0000000 1.0000000
-0.0342156 0.9990327 0.0274581 113.0745301
-0.9993499 -0.0345052 0.0101276 -38.3682504
0.0110649 -0.0270939 0.9995777 2.3371884
0.0000000 0.0000000 0.0000000 1.0000000
-0.0358603 0.9989720 0.0275696 113.0608224
-0.9992908 -0.0361554 0.0102648 -39.1448193
0.0112508 -0.0271821 0.9995732 2.3270154
0.0000000 0.0000000 0.0000000 1.0000000
-0.0398034 0.9987990 0.0284183 112.9545407
-0.9991272 -0.0401378 0.0112761 -39.9797260
0.0124029 -0.0279448 0.9995385 2.3635255
0.0000000 0.0000000 0.0000000 1.0000000
-0.0398459 0.9988101 0.0279581 112.9442889
-0.9991354 -0.0401512 0.0104258 -40.6856959
0.0115356 -0.0275186 0.9995607 2.3787752
0.0000000 0.0000000 0.0000000 1.0000000
-0.0412704 0.9988121 0.0257340 112.8809989
-0.9990865 -0.0415313 0.0096669 -41.5530830
0.0107238 -0.0253117 0.9996281 2.3760956
0.0000000 0.0000000 0.0000000 1.0000000
-0.0418588 0.9987919 0.0255640 112.8323056
-0.9990686 -0.0421010 0.0089878 -42.2635058
0.0100529 -0.0251642 0.9996388 2.3927140
0.0000000 0.0000000 0.0000000 1.0000000
-0.0429370 0.9987400 0.0258102 112.7514570
-0.9990279 -0.0431679 0.0084372 -43.0456616
0.0095403 -0.0254230 0.9996374 2.3504516
0.0000000 0.0000000 0.0000000 1.0000000
-0.0441125 0.9986666 0.0266599 112.8419418
-0.9989826 -0.0443330 0.0077155 -43.7679033
0.0088868 -0.0262926 0.9996211 2.3916243
0.0000000 0.0000000 0.0000000 1.0000000
-0.0441183 0.9986569 0.0269995 112.7252409
-0.9989962 -0.0442953 0.0059744 -44.6109541
0.0071619 -0.0267091 0.9996239 2.3564835
0.0000000 0.0000000 0.0000000 1.0000000
-0.0445748 0.9986724 0.0256473 112.6992817
-0.9989757 -0.0447451 0.0060865 -45.2024612
0.0072256 -0.0253499 0.9996588 2.4048693
0.0000000 0.0000000 0.0000000 1.0000000
-0.0456175 0.9985572 0.0281675 112.5665974
-0.9989101 -0.0458654 0.0082015 -46.0015111
0.0094812 -0.0277628 0.9995759 2.3973873
0.0000000 0.0000000 0.0000000 1.0000000
-0.0445624 0.9986384 0.0269514 112.6072619
-0.9989354 -0.0448566 0.0103897 -46.6757419
0.0115842 -0.0264599 0.9995892 2.4429308
0.0000000 0.0000000 0.0000000 1.0000000
-0.0457981 0.9986135 0.0257891 112.5926372
-0.9988550 -0.0461283 0.0123389 -47.4226486
0.0135111 -0.0251946 0.9995976 2.5125707
0.0000000 0.0000000 0.0000000 1.0000000
-0.0458355 0.9985711 0.0273176 112.5564129
-0.9988423 -0.0462058 0.0130637 -48.0970662
0.0143069 -0.0266874 0.9995479 2.5107065
0.0000000 0.0000000 0.0000000 1.0000000
-0.0469055 0.9985472 0.0263644 112.5648832
-0.9987960 -0.0472556 0.0127946 -48.7593235
0.0140215 -0.0257327 0.9995770 2.5056859
0.0000000 0.0000000 0.0000000 1.0000000
-0.0464968 0.9985672 0.0263185 112.5129981
-0.9988239 -0.0468302 0.0121770 -49.4426705
0.0133917 -0.0257215 0.9995860 2.5303358
0.0000000 0.0000000 0.0000000 1.0000000
-0.0458186 0.9984577 0.0312091 112.4591008
-0.9988548 -0.0462125 0.0120027 -50.0205994
0.0134261 -0.0306236 0.9994474 2.5582564
0.0000000 0.0000000 0.0000000 1.0000000
-0.0457827 0.9984824 0.0304699 112.4262736
-0.9988450 -0.0461925 0.0128662 -50.7471622
0.0142538 -0.0298459 0.9994594 2.5999992
0.0000000 0.0000000 0.0000000 1.0000000
-0.0449233 0.9986660 0.0252865 112.4629010
-0.9988983 -0.0452394 0.0120496 -51.5447301
0.0131771 -0.0247175 0.9996142 2.6105006
0.0000000 0.0000000 0.0000000 1.0000000
-0.0455930 0.9985287 0.0292059 112.3705116
-0.9988658 -0.0459604 0.0120145 -52.2687838
0.0133388 -0.0286252 0.9995078 2.6246813
0.0000000 0.0000000 0.0000000 1.0000000
-0.0488123 0.9983245 0.0309178 112.2991002
-0.9987197 -0.0491853 0.0114011 -52.9986403
0.0129024 -0.0303218 0.9994636 2.6598739
0.0000000 0.0000000 0.0000000 1.0000000
-0.0547597 0.9980032 0.0313307 112.2886891
-0.9984178 -0.0551173 0.0106450 -53.6717427
0.0123502 -0.0306985 0.9994591 2.6756094
0.0000000 0.0000000 0.0000000 1.0000000
-0.0602440 0.9976759 0.0316816 112.1768812
-0.9980637 -0.0606887 0.0132468 -54.4298325
0.0151384 -0.0308225 0.9994170 2.7100566
0.0000000 0.0000000 0.0000000 1.0000000
-0.0679554 0.9970984 0.0341729 112.1911423
-0.9975302 -0.0685053 0.0151686 -55.0806111
0.0174653 -0.0330580 0.9993075 2.7143427
0.0000000 0.0000000 0.0000000 1.0000000
-0.0761695 0.9965007 0.0342912 112.1454665
-0.9969154 -0.0767556 0.0160949 -55.8015502
0.0186704 -0.0329597 0.9992892 2.7188921
0.0000000 0.0000000 0.0000000 1.0000000
-0.0809030 0.9961563 0.0334371 112.0721488
-0.9965512 -0.0814568 0.0155254 -56.4085673
0.0181891 -0.0320659 0.9993272 2.7510720
0.0000000 0.0000000 0.0000000 1.0000000
-0.0863614 0.9956636 0.0344504 112.0174678
-0.9961223 -0.0868718 0.0135844 -57.0744380
0.0165180 -0.0331439 0.9993210 2.7768318
0.0000000 0.0000000 0.0000000 1.0000000
-0.0904373 0.9954165 0.0309485 111.9498433
-0.9957406 -0.0909314 0.0149262 -57.8083750
0.0176717 -0.0294670 0.9994165 2.8210378
0.0000000 0.0000000 0.0000000 1.0000000
-0.0938796 0.9949429 0.0355769 111.8880077
-0.9954161 -0.0944513 0.0147262 -58.5112506
0.0180117 -0.0340316 0.9992654 2.8172839
0.0000000 0.0000000 0.0000000 1.0000000
-0.0980134 0.9945251 0.0361037 111.7405969
-0.9950692 -0.0984824 0.0114289 -59.2540551
0.0149216 -0.0348057 0.9992898 2.7971423
0.0000000 0.0000000 0.0000000 1.0000000
-0.0989654 0.9945599 0.0323557 111.7866960
-0.9950107 -0.0993074 0.0091180 -60.0275455
0.0122812 -0.0312921 0.9994420 2.7933603
0.0000000 0.0000000 0.0000000 1.0000000
-0.1013178 0.9943846 0.0304038 111.6469750
-0.9948009 -0.1015693 0.0068239 -60.8141989
0.0098733 -0.0295545 0.9995216 2.8112374
0.0000000 0.0000000 0.0000000 1.0000000
-0.1029555 0.9941694 0.0319045 111.6192677
-0.9946413 -0.1031876 0.0056955 -61.4659576
0.0089540 -0.0311474 0.9994818 2.8376829
0.0000000 0.0000000 0.0000000 1.0000000
-0.1031649 0.9942223 0.0294748 111.5064788
-0.9945894 -0.1034650 0.0088257 -62.1510272
0.0118239 -0.0284049 0.9995338 2.8491329
0.0000000 0.0000000 0.0000000 1.0000000
-0.1031539 0.9942596 0.0282143 111.3037513
-0.9945598 -0.1035075 0.0113476 -62.8625152
0.0142025 -0.0268903 0.9995447 2.8331337
0.0000000 0.0000000 0.0000000 1.0000000
-0.1046462 0.9942095 0.0242028 111.2836617
-0.9943429 -0.1050387 0.0155333 -63.7124200
0.0179853 -0.0224404 0.9995937 2.8732291
0.0000000 0.0000000 0.0000000 1.0000000
-0.1049905 0.9942155 0.0224046 111.1956720
-0.9942832 -0.1053806 0.0169779 -64.4620780
0.0192404 -0.0204940 0.9996121 2.8971764
0.0000000 0.0000000 0.0000000 1.0000000
-0.1049737 0.9941907 0.0235425 111.0598950
-0.9943207 -0.1053411 0.0149207 -65.2605896
0.0173137 -0.0218425 0.9996189 2.9046085
0.0000000 0.0000000 0.0000000 1.0000000
-0.1042225 0.9942680 0.0236198 111.0709202
-0.9944472 -0.1045257 0.0119593 -65.9800060
0.0143593 -0.0222422 0.9996570 2.8789214
0.0000000 0.0000000 0.0000000 1.0000000
-0.1052534 0.9941982 0.0219510 110.8892223
-0.9943715 -0.1054838 0.0095852 -66.7942325
0.0118447 -0.0208186 0.9997208 2.9062005
0.0000000 0.0000000 0.0000000 1.0000000
-0.1066668 0.9940096 0.0235993 110.7865249
-0.9942205 -0.1069116 0.0093396 -67.5557080
0.0118063 -0.0224667 0.9996856 2.9217767
0.0000000 0.0000000 0.0000000 1.0000000
-0.1088488 0.9938537 0.0199120 110.7879126
-0.9939724 -0.1090745 0.0105923 -68.2549501
0.0126987 -0.0186390 0.9997534 2.9601359
0.0000000 0.0000000 0.0000000 1.0000000
-0.1099476 0.9937209 0.0205147 110.6808895
-0.9938448 -0.1101898 0.0110476 -68.8700544
0.0132384 -0.0191738 0.9997364 2.9755786
0.0000000 0.0000000 0.0000000 1.0000000
-0.1120785 0.9934637 0.0214272 110.6273549
-0.9936129 -0.1123209 0.0104367 -69.5461839
0.0127748 -0.0201206 0.9997239 2.9931322
0.0000000 0.0000000 0.0000000 1.0000000
-0.1138504 0.9932614 0.0214706 110.5119482
-0.9934089 -0.1140968 0.0105907 -70.2412610
0.0129686 -0.0201233 0.9997213 3.0055315
0.0000000 0.0000000 0.0000000 1.0000000
-0.1157128 0.9930148 0.0228663 110.4282774
-0.9931958 -0.1159699 0.0102263 -71.0006280
0.0128062 -0.0215274 0.9996942 3.0228258
0.0000000 0.0000000 0.0000000 1.0000000
-0.1171049 0.9928576 0.0225838 110.3665887
-0.9930258 -0.1173701 0.0107668 -71.7117851
0.0133402 -0.0211654 0.9996949 3.0120778
0.0000000 0.0000000 0.0000000 1.0000000
-0.1182810 0.9926593 0.0250205 110.2386370
-0.9928725 -0.1185954 0.0114488 -72.4723533
0.0143317 -0.0234880 0.9996293 3.0371534
0.0000000 0.0000000 0.0000000 1.0000000
-0.1191127 0.9924825 0.0279086 110.1096299
-0.9927617 -0.1194804 0.0118734 -73.0999852
