1.0000000 0.0000000 0.0000000 0.0000000
0.0000000 1.0000000 0.0000000 0.0000000
0.0000000 0.0000000 1.0000000 0.0000000
0.0000000 0.0000000 0.0000000 1.0000000
0.9999985 0.0016749 0.0001994 1.1602352
-0.0016753 0.9999970 0.0018270 -0.0032956
-0.0001963 -0.0018274 0.9999984 -0.0164634
0.0000000 0.0000000 0.0000000 1.0000000
0.9999965 0.0020301 0.0012175 2.2893716
-0.0020332 0.9999949 0.0025220 0.0057915
-0.0012124 -0.0025245 0.9999961 -0.0244860
0.0000000 0.0000000 0.0000000 1.0000000
0.9999905 0.0038217 0.0019919 3.5072523
-0.0038232 0.9999926 0.0006769 -0.0683261
-0.0019893 -0.0006845 0.9999978 -0.0081656
0.0000000 0.0000000 0.0000000 1.0000000
0.9999759 0.0067652 0.0010949 4.6266734
-0.0067642 0.9999771 -0.0008988 -0.1020739
-0.0011009 0.0008914 0.9999989 -0.0134861
0.0000000 0.0000000 0.0000000 1.0000000
0.9999853 0.0051695 0.0013170 5.8790339
-0.0051692 0.9999869 -0.0002275 -0.0932218
-0.0013182 0.0002207 0.9999990 0.0242295
0.0000000 0.0000000 0.0000000 1.0000000
0.9999660 0.0081988 0.0008199 7.0163579
-0.0081977 0.9999654 -0.0014203 -0.1272383
-0.0008315 0.0014135 0.9999986 0.0016206
0.0000000 0.0000000 0.0000000 1.0000000
0.9999765 0.0066733 0.0014941 8.2524467
-0.0066707 0.9999760 -0.0018505 -0.0349905
-0.0015064 0.0018405 0.9999972 0.0368652
0.0000000 0.0000000 0.0000000 1.0000000
0.9999677 0.0076525 0.0022430 9.3766310
-0.0076499 0.9999695 -0.0012267 -0.1132194
-0.0022523 0.0012095 0.9999966 0.0492081
0.0000000 0.0000000 0.0000000 1.0000000
0.9999835 0.0050696 0.0024944 10.6021772
-0.0050587 0.9999768 -0.0043645 -0.1224758
-0.0025164 0.0043518 0.9999872 0.0173254
0.0000000 0.0000000 0.0000000 1.0000000
0.9999876 0.0044680 0.0019787 11.7155074
-0.0044610 0.9999828 -0.0036020 -0.1849257
-0.0019947 0.0035932 0.9999914 0.0721618
0.0000000 0.0000000 0.0000000 1.0000000
0.9999906 0.0035622 0.0023274 12.9050874
-0.0035526 0.9999844 -0.0041673 -0.1014440
-0.0023422 0.0041590 0.9999885 0.0746337
0.0000000 0.0000000 0.0000000 1.0000000
0.9999874 0.0046562 0.0017056 14.0903237
-0.0046503 0.9999823 -0.0035025 -0.1218430
-0.0017219 0.0034945 0.9999923 0.0576930
0.0000000 0.0000000 0.0000000 1.0000000
0.9999938 0.0031428 0.0015691 15.2022598
-0.0031388 0.9999911 -0.0026038 -0.1767335
-0.0015773 0.0025989 0.9999952 0.0624228
0.0000000 0.0000000 0.0000000 1.0000000
0.9999907 0.0037474 0.0021277 16.4776615
-0.0037359 0.9999777 -0.0054098 -0.1092538
-0.0021480 0.0054018 0.9999830 0.0584029
0.0000000 0.0000000 0.0000000 1.0000000
0.9999829 0.0049638 0.0029907 17.6501107
-0.0049430 0.9999633 -0.0069497 -0.0973952
-0.0030251 0.0069348 0.9999713 0.0600919
0.0000000 0.0000000 0.0000000 1.0000000
0.9999914 0.0033607 0.0023398 18.9193992
-0.0033433 0.9999656 -0.0074851 -0.0371824
-0.0023649 0.0074772 0.9999692 0.0397610
0.0000000 0.0000000 0.0000000 1.0000000
0.9999927 0.0025747 0.0025979 20.1624869
-0.0025613 0.9999822 -0.0052398 -0.0330759
-0.0026114 0.0052331 0.9999829 0.0603933
0.0000000 0.0000000 0.0000000 1.0000000
0.9999897 0.0031347 0.0030010 21.2802124
-0.0031168 0.9999766 -0.0060056 -0.0345899
-0.0030198 0.0059962 0.9999774 0.0407110
0.0000000 0.0000000 0.0000000 1.0000000
0.9999882 0.0041871 0.0019356 22.3996706
-0.0041761 0.9999746 -0.0057202 0.0356616
-0.0019595 0.0057121 0.9999817 0.0485253
0.0000000 0.0000000 0.0000000 1.0000000
0.9999918 0.0036593 0.0012270 23.5535788
-0.0036530 0.9999795 -0.0051728 -0.0457908
-0.0012460 0.0051683 0.9999857 0.0294047
0.0000000 0.0000000 0.0000000 1.0000000
0.9999916 0.0033436 0.0018295 24.7800511
-0.0033371 0.9999878 -0.0035935 -0.1549167
-0.0018416 0.0035873 0.9999917 0.0478456
0.0000000 0.0000000 0.0000000 1.0000000
0.9999903 0.0015409 0.0038195 26.0623087
-0.0015235 0.9999880 -0.0045708 -0.0256068
-0.0038266 0.0045649 0.9999821 0.0248205
0.0000000 0.0000000 0.0000000 1.0000000
0.9999867 0.0002311 0.0049335 27.2682967
-0.0002032 0.9999836 -0.0056855 0.0203469
-0.0049348 0.0056845 0.9999715 0.0281550
0.0000000 0.0000000 0.0000000 1.0000000
0.9999883 -0.0007976 0.0044982 28.4535670
0.0008071 0.9999972 -0.0021267 -0.0452955
-0.0044965 0.0021303 0.9999875 0.0047221
0.0000000 0.0000000 0.0000000 1.0000000
0.9999909 -0.0016598 0.0035141 29.5306446
0.0016649 0.9999974 -0.0014699 0.0243844
-0.0035117 0.0014757 0.9999926 0.0337020
0.0000000 0.0000000 0.0000000 1.0000000
0.9999912 -0.0020345 0.0031282 30.7312887
0.0020400 0.9999967 -0.0017753 -0.0595512
-0.0031246 0.0017816 0.9999934 0.0462751
0.0000000 0.0000000 0.0000000 1.0000000
0.9999912 -0.0021325 0.0030494 31.8530584
0.0021407 0.9999942 -0.0026874 0.0227468
-0.0030437 0.0026939 0.9999916 0.0505242
0.0000000 0.0000000 0.0000000 1.0000000
0.9999854 -0.0040107 0.0031853 33.0174698
0.0040163 0.9999906 -0.0017799 -0.0064114
-0.0031782 0.0017927 0.9999932 0.1053236
0.0000000 0.0000000 0.0000000 1.0000000
0.9999809 -0.0048768 0.0032396 34.1903168
0.0048842 0.9999853 -0.0022991 -0.0121150
-0.0032284 0.0023149 0.9999920 0.1323576
0.0000000 0.0000000 0.0000000 1.0000000
0.9999771 -0.0051288 0.0039238 35.3017972
0.0051406 0.9999825 -0.0030327 -0.0288975
-0.0039083 0.0030528 0.9999875 0.1153579
0.0000000 0.0000000 0.0000000 1.0000000
0.9999852 -0.0030501 0.0040371 36.5023260
0.0030556 0.9999945 -0.0013804 -0.0114081
-0.0040330 0.0013927 0.9999907 0.1633320
0.0000000 0.0000000 0.0000000 1.0000000
0.9999718 -0.0052911 0.0050514 37.6692120
0.0053039 0.9999832 -0.0025251 -0.0038175
-0.0050380 0.0025518 0.9999840 0.1686183
0.0000000 0.0000000 0.0000000 1.0000000
0.9999761 -0.0030741 0.0059334 38.7973381
0.0030851 0.9999940 -0.0018626 -0.0468426
-0.0059277 0.0018809 0.9999807 0.1765112
0.0000000 0.0000000 0.0000000 1.0000000
0.9999777 -0.0027897 0.0058104 39.9409613
0.0027893 0.9999964 0.0000510 -0.0797594
-0.0058106 -0.0000348 0.9999832 0.1788419
0.0000000 0.0000000 0.0000000 1.0000000
0.9999680 -0.0037674 0.0067410 41.2702671
0.0037590 0.9999920 0.0012456 -0.0336778
-0.0067457 -0.0012202 0.9999766 0.2175299
0.0000000 0.0000000 0.0000000 1.0000000
0.9999651 -0.0022964 0.0077523 42.3802567
0.0022748 0.9999933 0.0027913 -0.0861463
-0.0077587 -0.0027736 0.9999662 0.1934194
0.0000000 0.0000000 0.0000000 1.0000000
0.9999387 -0.0035727 0.0103044 43.6151937
0.0035607 0.9999933 0.0011766 -0.1619792
-0.0103086 -0.0011399 0.9999463 0.1836955
0.0000000 0.0000000 0.0000000 1.0000000
0.9999091 -0.0016052 0.0132817 44.7934396
0.0015574 0.9999927 0.0035933 -0.0266817
-0.0132875 -0.0035723 0.9999055 0.2207772
0.0000000 0.0000000 0.0000000 1.0000000
0.9998820 -0.0014990 0.0152143 46.2358770
0.0014679 0.9999974 0.0020432 -0.0257810
-0.0152174 -0.0020206 0.9998824 0.2240840
0.0000000 0.0000000 0.0000000 1.0000000
0.9998213 -0.0030096 0.0186143 47.4205933
0.0029869 0.9999950 0.0012383 0.0756537
-0.0186181 -0.0011824 0.9998262 0.2083302
0.0000000 0.0000000 0.0000000 1.0000000
0.9998621 -0.0029751 0.0162738 48.6962101
0.0029706 0.9999960 0.0002829 -0.0888920
-0.0162747 -0.0002345 0.9998678 0.1531746
0.0000000 0.0000000 0.0000000 1.0000000
0.9998757 -0.0010258 0.0156444 49.9756942
0.0010115 0.9999996 0.0009070 -0.1600773
-0.0156453 -0.0008911 0.9998774 0.1799438
0.0000000 0.0000000 0.0000000 1.0000000
0.9998951 -0.0005701 0.0143561 51.2087576
0.0005293 0.9999967 0.0028273 -0.0790811
-0.0143577 -0.0028194 0.9998932 0.1384227
0.0000000 0.0000000 0.0000000 1.0000000
0.9998938 0.0004087 0.0144669 52.3628359
-0.0004461 0.9999975 0.0025610 -0.1403924
-0.0144659 -0.0025672 0.9998922 0.1545970
0.0000000 0.0000000 0.0000000 1.0000000
0.9998994 -0.0032007 0.0137317 53.6438279
0.0031714 0.9999933 0.0021459 -0.1312079
-0.0137386 -0.0021021 0.9999035 0.1500518
0.0000000 0.0000000 0.0000000 1.0000000
0.9998960 -0.0043596 0.0135865 54.9211584
0.0043395 0.9999905 0.0014989 -0.1014090
-0.0135930 -0.0014398 0.9999069 0.1225028
0.0000000 0.0000000 0.0000000 1.0000000
0.9999000 -0.0035488 0.0135486 56.0808663
0.0035328 0.9999940 0.0012011 -0.2574074
-0.0135529 -0.0011531 0.9999078 0.1225096
0.0000000 0.0000000 0.0000000 1.0000000
0.9998794 -0.0063274 0.0140507 57.2341781
0.0063021 0.9999794 0.0018383 -0.2095817
-0.0140621 -0.0017495 0.9998999 0.1457447
0.0000000 0.0000000 0.0000000 1.0000000
0.9998665 -0.0082655 0.0139988 58.5535620
0.0082290 0.9999637 0.0026595 -0.1842658
-0.0140203 -0.0025439 0.9998988 0.1339390
0.0000000 0.0000000 0.0000000 1.0000000
0.9998426 -0.0097921 0.0147374 59.6874221
0.0097683 0.9999515 0.0016955 -0.1632304
-0.0147533 -0.0015513 0.9998904 0.1530220
0.0000000 0.0000000 0.0000000 1.0000000
0.9998578 -0.0088062 0.0143595 60.9909607
0.0087945 0.9999617 0.0008937 -0.2528029
-0.0143669 -0.0007672 0.9998970 0.1392723
0.0000000 0.0000000 0.0000000 1.0000000
0.9998464 -0.0104907 0.0140099 62.2018994
0.0104856 0.9999457 0.0004494 -0.1681717
-0.0140139 -0.0003025 0.9999022 0.1390576
0.0000000 0.0000000 0.0000000 1.0000000
0.9998214 -0.0111089 0.0152773 63.3569895
0.0111195 0.9999389 -0.0005996 -0.1975207
-0.0152697 0.0007694 0.9998836 0.1470466
0.0000000 0.0000000 0.0000000 1.0000000
0.9997863 -0.0127601 0.0162586 64.8076048
0.0127798 0.9999185 -0.0010934 -0.1370261
-0.0162434 0.0013010 0.9998677 0.1160749
0.0000000 0.0000000 0.0000000 1.0000000
0.9997890 -0.0141442 0.0148459 66.0624434
0.0141394 0.9999004 0.0004393 -0.0975351
-0.0148507 -0.0002293 0.9998901 0.1440454
0.0000000 0.0000000 0.0000000 1.0000000
0.9998021 -0.0148369 0.0132127 67.2950638
0.0148276 0.9998903 0.0008203 -0.0653503
-0.0132235 -0.0006242 0.9999130 0.1468341
0.0000000 0.0000000 0.0000000 1.0000000
0.9997855 -0.0158229 0.0132963 68.5413727
0.0157881 0.9998724 0.0027253 -0.0153483
-0.0133378 -0.0025148 0.9999086 0.1504033
0.0000000 0.0000000 0.0000000 1.0000000
0.9997830 -0.0157614 0.0135605 69.6794921
0.0157084 0.9998698 0.0040018 -0.0082237
-0.0136219 -0.0037879 0.9999007 0.1643545
0.0000000 0.0000000 0.0000000 1.0000000
0.9997874 -0.0148098 0.0142869 71.0036216
0.0147244 0.9998745 0.0060616 -0.0851713
-0.0143750 -0.0058499 0.9998803 0.1450634
0.0000000 0.0000000 0.0000000 1.0000000
0.9997719 -0.0147046 0.0154563 72.1921760
0.0146300 0.9998819 0.0049327 -0.0364352
-0.0155271 -0.0047054 0.9998692 0.1347960
0.0000000 0.0000000 0.0000000 1.0000000
0.9998085 -0.0117763 0.0155879 73.3634300
0.0116715 0.9999096 0.0068019 -0.0914027
-0.0156666 -0.0066187 0.9998561 0.1216543
0.0000000 0.0000000 0.0000000 1.0000000
0.9998288 -0.0119266 0.0140937 74.5235662
0.0118437 0.9999130 0.0059531 0.0102195
-0.0141636 -0.0057852 0.9998836 0.0971705
0.0000000 0.0000000 0.0000000 1.0000000
0.9999015 -0.0108527 0.0088150 75.6785092
0.0108070 0.9999286 0.0052290 -0.0635480
-0.0088712 -0.0051332 0.9999482 0.1854894
0.0000000 0.0000000 0.0000000 1.0000000
0.9999004 -0.0114652 0.0081253 76.8608353
0.0114220 0.9999209 0.0053617 -0.0845427
-0.0081862 -0.0052684 0.9999534 0.1360184
0.0000000 0.0000000 0.0000000 1.0000000
0.9998628 -0.0111670 0.0121860 77.9063146
0.0111248 0.9999326 0.0035295 -0.0523609
-0.0122246 -0.0033934 0.9999204 0.1111116
0.0000000 0.0000000 0.0000000 1.0000000
0.9998654 -0.0091921 0.0135512 79.0986683
0.0091580 0.9999557 0.0025823 0.0217477
-0.0135744 -0.0024579 0.9999058 0.1076558
0.0000000 0.0000000 0.0000000 1.0000000
0.9999031 -0.0059657 0.0125208 80.2048956
0.0059190 0.9999761 0.0037734 0.0074961
-0.0125431 -0.0036989 0.9999154 0.1054651
0.0000000 0.0000000 0.0000000 1.0000000
0.9999207 -0.0072339 0.0102337 81.3542223
0.0072215 0.9999740 0.0012477 0.1052422
-0.0102425 -0.0011737 0.9999478 0.0798337
0.0000000 0.0000000 0.0000000 1.0000000
0.9999603 -0.0049462 0.0073346 82.3722202
0.0049445 0.9999888 0.0002488 0.0301147
-0.0073358 -0.0002125 0.9999740 0.0569243
0.0000000 0.0000000 0.0000000 1.0000000
0.9999772 -0.0023401 0.0062377 83.6134439
0.0023396 0.9999981 0.0000931 0.0668515
-0.0062379 -0.0000784 0.9999815 0.1078552
0.0000000 0.0000000 0.0000000 1.0000000
0.9999709 0.0019670 0.0072635 84.7675874
-0.0019630 0.9999988 -0.0005551 0.1102841
-0.0072647 0.0005409 0.9999745 0.1281856
0.0000000 0.0000000 0.0000000 1.0000000
0.9999563 0.0043571 0.0081503 85.9885889
-0.0043492 0.9999911 -0.0009839 0.0788708
-0.0081546 0.0009485 0.9999673 0.1617016
0.0000000 0.0000000 0.0000000 1.0000000
0.9999714 0.0052286 0.0052612 87.2938482
-0.0052193 0.9999855 -0.0017764 0.1480461
-0.0052705 0.0017489 0.9999857 0.0923671
0.0000000 0.0000000 0.0000000 1.0000000
0.9999467 0.0095401 0.0036726 88.2857176
-0.0095351 0.9999541 -0.0013892 0.2377377
-0.0036857 0.0013542 0.9999935 0.0888898
0.0000000 0.0000000 0.0000000 1.0000000
0.9999258 0.0115025 0.0038514 89.3549613
-0.0114937 0.9999320 -0.0023061 0.1842453
-0.0038777 0.0022617 0.9999912 0.0976300
0.0000000 0.0000000 0.0000000 1.0000000
0.9998816 0.0144433 0.0052999 90.6261298
-0.0144194 0.9998865 -0.0045131 0.0770212
-0.0053646 0.0044362 0.9999772 0.1006061
0.0000000 0.0000000 0.0000000 1.0000000
0.9998132 0.0179245 0.0071813 91.7943221
-0.0178894 0.9998285 -0.0049274 0.0489810
-0.0072685 0.0047981 0.9999635 0.1162726
0.0000000 0.0000000 0.0000000 1.0000000
0.9997882 0.0189223 0.0080489 93.0347892
-0.0188825 0.9998103 -0.0049822 0.0884147
-0.0081417 0.0048292 0.9999567 0.1430407
0.0000000 0.0000000 0.0000000 1.0000000
0.9997094 0.0223040 0.0090782 94.3165711
-0.0222649 0.9997434 -0.0043811 0.1189872
-0.0091736 0.0041777 0.9999507 0.1656507
0.0000000 0.0000000 0.0000000 1.0000000
0.9995901 0.0275265 0.0077814 95.3390881
-0.0274808 0.9996059 -0.0059177 0.0303038
-0.0079413 0.0057014 0.9999538 0.1811254
0.0000000 0.0000000 0.0000000 1.0000000
0.9995292 0.0304585 0.0036449 96.5755646
-0.0304323 0.9995128 -0.0070572 -0.0835693
-0.0038581 0.0069430 0.9999700 0.1545038
0.0000000 0.0000000 0.0000000 1.0000000
0.9994924 0.0317829 0.0020886 97.7563465
-0.0317693 0.9994761 -0.0062976 -0.0314181
-0.0022878 0.0062281 0.9999796 0.1275491
0.0000000 0.0000000 0.0000000 1.0000000
0.9994291 0.0337437 0.0012398 98.9723978
-0.0337363 0.9994160 -0.0056330 0.0231217
-0.0014292 0.0055880 0.9999852 0.1149992
0.0000000 0.0000000 0.0000000 1.0000000
0.9994450 0.0332631 0.0014628 100.0080287
-0.0332541 0.9994308 -0.0058419 0.0112140
-0.0016563 0.0057901 0.9999837 0.1093570
0.0000000 0.0000000 0.0000000 1.0000000
0.9995065 0.0312584 0.0028997 101.2738207
-0.0312421 0.9994980 -0.0054800 0.1113719
-0.0030696 0.0053868 0.9999827 0.0909840
0.0000000 0.0000000 0.0000000 1.0000000
0.9995476 0.0298411 0.0036655 102.5056384
-0.0298177 0.9995367 -0.0062786 0.0561186
-0.0038512 0.0061665 0.9999755 0.0997150
0.0000000 0.0000000 0.0000000 1.0000000
0.9995806 0.0286071 0.0044787 103.6919717
-0.0285851 0.9995802 -0.0049096 0.0370072
-0.0046174 0.0047796 0.9999800 0.1155884
0.0000000 0.0000000 0.0000000 1.0000000
0.9996741 0.0248823 0.0057385 104.8175526
-0.0248548 0.9996803 -0.0048191 -0.0527305
-0.0058566 0.0046749 0.9999740 0.1051250
0.0000000 0.0000000 0.0000000 1.0000000
0.9997810 0.0203519 0.0048704 106.1312157
-0.0203270 0.9997812 -0.0051282 -0.0024767
-0.0049738 0.0050281 0.9999771 0.0845048
0.0000000 0.0000000 0.0000000 1.0000000
0.9998718 0.0155751 0.0037060 107.2270882
-0.0155572 0.9998685 -0.0048232 0.0185253
-0.0037807 0.0047649 0.9999836 0.0597256
0.0000000 0.0000000 0.0000000 1.0000000
0.9999180 0.0122181 0.0037485 108.3742015
-0.0122085 0.9999235 -0.0025810 -0.0426824
-0.0037799 0.0025351 0.9999919 0.0664475
0.0000000 0.0000000 0.0000000 1.0000000
0.9999452 0.0086263 0.0058468 109.6540688
-0.0086198 0.9999634 -0.0011464 0.0943636
-0.0058566 0.0010959 0.9999846 0.1112745
0.0000000 0.0000000 0.0000000 1.0000000
0.9999648 0.0048718 0.0067062 110.8900386
-0.0048646 0.9999886 -0.0010949 -0.0100553
-0.0067115 0.0010622 0.9999794 0.1247483
0.0000000 0.0000000 0.0000000 1.0000000
0.9999696 0.0002839 0.0076721 112.1004502
-0.0002731 0.9999999 -0.0014116 0.0640718
-0.0076726 0.0014095 0.9999721 0.0915299
0.0000000 0.0000000 0.0000000 1.0000000
0.9999509 -0.0060394 0.0077144 113.4527714
0.0060358 0.9999825 0.0004898 0.0689120
-0.0077174 -0.0004432 0.9999726 0.1033542
0.0000000 0.0000000 0.0000000 1.0000000
0.9999192 -0.0097561 0.0080002 114.6723696
0.0097524 0.9999530 0.0004962 0.0942618
-0.0080047 -0.0004181 0.9999703 0.1166835
0.0000000 0.0000000 0.0000000 1.0000000
0.9998713 -0.0143650 0.0069733 115.9370234
0.0143625 0.9998976 0.0003991 0.0609783
-0.0069784 -0.0002989 0.9999780 0.0676013
0.0000000 0.0000000 0.0000000 1.0000000
0.9997941 -0.0188973 0.0071921 117.1096151
0.0188803 0.9998194 0.0024278 0.1199087
-0.0072368 -0.0022915 0.9999737 0.1154466
0.0000000 0.0000000 0.0000000 1.0000000
0.9997522 -0.0212385 0.0065154 118.3082546
0.0212168 0.9997696 0.0033424 0.1569622
-0.0065851 -0.0032033 0.9999757 0.1070449
0.0000000 0.0000000 0.0000000 1.0000000
0.9996738 -0.0245191 0.0069370 119.5208479
0.0244749 0.9996806 0.0063667 0.2333729
-0.0070911 -0.0061949 0.9999581 0.1102868
0.0000000 0.0000000 0.0000000 1.0000000
0.9996161 -0.0266964 0.0072006 120.6649961
0.0266443 0.9996191 0.0072314 0.3167712
-0.0073911 -0.0070368 0.9999504 0.1058841
0.0000000 0.0000000 0.0000000 1.0000000
0.9995813 -0.0280575 0.0068003 121.9009658
0.0279948 0.9995665 0.0091467 0.4682502
-0.0070541 -0.0089525 0.9999375 0.1091284
0.0000000 0.0000000 0.0000000 1.0000000
0.9995210 -0.0299824 0.0073517 123.1481246
0.0299084 0.9995030 0.0099621 0.6404379
-0.0076469 -0.0097375 0.9999260 0.1097565
0.0000000 0.0000000 0.0000000 1.0000000
0.9994851 -0.0309720 0.0081383 124.4501541
0.0308826 0.9994639 0.0108823 0.6535228
-0.0084711 -0.0106254 0.9999104 0.1040727
0.0000000 0.0000000 0.0000000 1.0000000
0.9993601 -0.0341345 0.0104938 125.7918273
0.0339608 0.9992905 0.0163021 0.7417817
-0.0110429 -0.0159354 0.9998147 0.1098207
0.0000000 0.0000000 0.0000000 1.0000000
0.9993574 -0.0333292 0.0130347 127.1429716
0.0331003 0.9993008 0.0173988 0.8502262
-0.0136057 -0.0169562 0.9997666 0.1176218
0.0000000 0.0000000 0.0000000 1.0000000
0.9991652 -0.0383773 0.0138064 128.5001730
0.0381476 0.9991353 0.0165317 0.7844623
-0.0144291 -0.0159913 0.9997709 0.1369597
0.0000000 0.0000000 0.0000000 1.0000000
0.9992457 -0.0366109 0.0127407 129.7584827
0.0364061 0.9992096 0.0159599 0.9075741
-0.0133151 -0.0154841 0.9997945 0.1636407
0.0000000 0.0000000 0.0000000 1.0000000
0.9992963 -0.0345637 0.0143838 130.8447552
0.0343503 0.9993003 0.0148248 0.8900243
-0.0148863 -0.0143204 0.9997898 0.1470622
0.0000000 0.0000000 0.0000000 1.0000000
0.9991734 -0.0374340 0.0156991 132.1971559
0.0372552 0.9992396 0.0115348 0.9021123
-0.0161192 -0.0109404 0.9998134 0.1567009
0.0000000 0.0000000 0.0000000 1.0000000
0.9990966 -0.0386609 0.0175196 133.5328537
0.0384759 0.9992018 0.0107742 0.9804324
-0.0179224 -0.0100904 0.9997917 0.1510029
0.0000000 0.0000000 0.0000000 1.0000000
0.9990451 -0.0393682 0.0188530 134.8943274
0.0392341 0.9992027 0.0074311 0.9675623
-0.0191308 -0.0066844 0.9997981 0.1396186
0.0000000 0.0000000 0.0000000 1.0000000
0.9991093 -0.0383817 0.0174222 136.2068241
0.0383216 0.9992583 0.0037746 0.9106225
-0.0175543 -0.0031037 0.9998446 0.1339868
0.0000000 0.0000000 0.0000000 1.0000000
0.9991341 -0.0382981 0.0161477 137.4665808
0.0383038 0.9992659 -0.0000405 0.8865454
-0.0161345 0.0006589 0.9998730 0.1291526
0.0000000 0.0000000 0.0000000 1.0000000
0.9990190 -0.0404496 0.0179192 138.9262690
0.0404991 0.9991767 -0.0024114 0.9587507
-0.0178071 0.0031347 0.9998398 0.1672905
0.0000000 0.0000000 0.0000000 1.0000000
0.9990555 -0.0395969 0.0178254 140.0885839
0.0396436 0.9992111 -0.0022780 0.9433636
-0.0177213 0.0029826 0.9998419 0.1511515
0.0000000 0.0000000 0.0000000 1.0000000
0.9990622 -0.0387233 0.0193077 141.2769068
0.0387622 0.9992470 -0.0016464 1.0662444
-0.0192296 0.0023933 0.9998156 0.1572726
0.0000000 0.0000000 0.0000000 1.0000000
0.9990975 -0.0369654 0.0208736 142.6517756
0.0369723 0.9993164 0.0000475 1.0303369
-0.0208613 0.0007242 0.9997855 0.1376327
0.0000000 0.0000000 0.0000000 1.0000000
0.9992180 -0.0336751 0.0206608 143.8497634
0.0336948 0.9994323 -0.0006088 1.0557017
-0.0206288 0.0013045 0.9997900 0.1521187
0.0000000 0.0000000 0.0000000 1.0000000
0.9992753 -0.0326051 0.0195831 145.1593224
0.0325734 0.9994679 0.0019317 1.1110265
-0.0196359 -0.0012924 0.9998100 0.1022495
0.0000000 0.0000000 0.0000000 1.0000000
0.9992713 -0.0331146 0.0189149 146.3240025
0.0331048 0.9994519 0.0008258 1.2126546
-0.0189321 -0.0001990 0.9998244 0.1041911
0.0000000 0.0000000 0.0000000 1.0000000
0.9993006 -0.0341273 0.0151871 147.7239225
0.0341164 0.9994179 0.0009706 1.1831672
-0.0152116 -0.0004518 0.9998878 0.0869192
0.0000000 0.0000000 0.0000000 1.0000000
0.9992814 -0.0358745 0.0120863 148.9495815
0.0358668 0.9993563 0.0008488 1.2509951
-0.0121092 -0.0004147 0.9999302 0.0873749
0.0000000 0.0000000 0.0000000 1.0000000
0.9992960 -0.0356180 0.0116364 150.3086047
0.0356160 0.9993661 0.0003583 1.2894840
-0.0116420 0.0000564 0.9999360 0.0889107
0.0000000 0.0000000 0.0000000 1.0000000
0.9993121 -0.0348525 0.0125588 151.5702131
0.0348671 0.9993924 -0.0009626 1.2974124
-0.0125178 0.0013999 0.9999245 0.1499096
0.0000000 0.0000000 0.0000000 1.0000000
0.9993006 -0.0351631 0.0125853 152.9675575
0.0351502 0.9993820 0.0012344 1.2832233
-0.0126211 -0.0007912 0.9999237 0.1161916
0.0000000 0.0000000 0.0000000 1.0000000
0.9993280 -0.0338382 0.0139614 154.2123471
0.0338266 0.9994277 0.0010538 1.3479597
-0.0139892 -0.0005808 0.9999057 0.1329903
0.0000000 0.0000000 0.0000000 1.0000000
0.9992761 -0.0351702 0.0143768 155.4879672
0.0351473 0.9993806 0.0018327 1.3868819
-0.0144325 -0.0013261 0.9998987 0.1418833
0.0000000 0.0000000 0.0000000 1.0000000
0.9992228 -0.0365331 0.0146808 156.6327651
0.0365210 0.9993326 0.0010716 1.4926810
-0.0147104 -0.0005346 0.9998954 0.1164331
0.0000000 0.0000000 0.0000000 1.0000000
0.9993025 -0.0346653 0.0137739 157.8916431
0.0346602 0.9993995 0.0005867 1.4664461
-0.0137862 -0.0001089 0.9999087 0.1278404
0.0000000 0.0000000 0.0000000 1.0000000
0.9991976 -0.0372261 0.0146605 159.1990293
0.0372460 0.9993058 -0.0010960 1.6825268
-0.0146097 0.0016412 0.9998957 0.1169684
0.0000000 0.0000000 0.0000000 1.0000000
0.9992204 -0.0362431 0.0155481 160.4388322
0.0362444 0.9993433 0.0001917 1.7126236
-0.0155451 0.0003719 0.9998830 0.1144254
0.0000000 0.0000000 0.0000000 1.0000000
0.9991131 -0.0392080 0.0152451 161.7172556
0.0391968 0.9992312 0.0010206 1.7004773
-0.0152736 -0.0004222 0.9998872 0.1358580
0.0000000 0.0000000 0.0000000 1.0000000
0.9990394 -0.0410198 0.0152754 163.0048157
0.0409930 0.9991578 0.0020437 1.7172996
-0.0153466 -0.0014156 0.9998853 0.1232361
0.0000000 0.0000000 0.0000000 1.0000000
0.9990593 -0.0402178 0.0160801 164.2708868
0.0401695 0.9991875 0.0032945 1.6501694
-0.0161997 -0.0026455 0.9998694 0.1147798
0.0000000 0.0000000 0.0000000 1.0000000
0.9989263 -0.0436190 0.0154342 165.6483323
0.0436032 0.9990476 0.0013450 1.7929333
-0.0154784 -0.0006706 0.9998841 0.1002081
0.0000000 0.0000000 0.0000000 1.0000000
0.9988533 -0.0450965 0.0159189 166.7873807
0.0450608 0.9989810 0.0025621 1.9121493
-0.0160185 -0.0018419 0.9998741 0.0939154
0.0000000 0.0000000 0.0000000 1.0000000
0.9987333 -0.0476143 0.0161349 168.1982381
0.0475892 0.9988652 0.0019125 2.0904227
-0.0162079 -0.0011423 0.9998721 0.0739061
0.0000000 0.0000000 0.0000000 1.0000000
0.9986826 -0.0483155 0.0171697 169.6214633
0.0482864 0.9988312 0.0020850 2.1114521
-0.0172506 -0.0012532 0.9998546 0.0903676
0.0000000 0.0000000 0.0000000 1.0000000
0.9986319 -0.0489813 0.0181929 170.9262090
0.0489287 0.9987963 0.0033105 2.1559350
-0.0183334 -0.0024159 0.9998333 0.0629684
0.0000000 0.0000000 0.0000000 1.0000000
0.9985120 -0.0509264 0.0193821 172.1741490
0.0508809 0.9987000 0.0028213 2.1756214
-0.0195009 -0.0018309 0.9998126 0.0755922
0.0000000 0.0000000 0.0000000 1.0000000
0.9984502 -0.0521614 0.0192797 173.4045177
0.0521206 0.9986364 0.0026022 2.2867428
-0.0193894 -0.0015933 0.9998151 0.0425546
0.0000000 0.0000000 0.0000000 1.0000000
0.9983136 -0.0548028 0.0190466 174.8049385
0.0547776 0.9984961 0.0018350 2.4582880
-0.0191188 -0.0007886 0.9998213 0.0116283
0.0000000 0.0000000 0.0000000 1.0000000
0.9983681 -0.0541475 0.0180522 175.8405903
0.0540431 0.9985185 0.0062188 2.3283294
-0.0183625 -0.0052331 0.9998222 0.0053588
0.0000000 0.0000000 0.0000000 1.0000000
0.9984482 -0.0524648 0.0185764 177.1700458
0.0523249 0.9985978 0.0079339 2.4266430
-0.0189669 -0.0069496 0.9998005 0.0010383
0.0000000 0.0000000 0.0000000 1.0000000
0.9982796 -0.0556813 0.0182677 178.4110713
0.0555750 0.9984342 0.0062730 2.4282272
-0.0185886 -0.0052470 0.9998180 -0.0295456
0.0000000 0.0000000 0.0000000 1.0000000
0.9983201 -0.0556535 0.0160143 179.6298465
0.0555594 0.9984353 0.0062591 2.5157604
-0.0163378 -0.0053589 0.9998567 -0.0223406
0.0000000 0.0000000 0.0000000 1.0000000
0.9981038 -0.0589346 0.0176781 180.8607459
0.0588852 0.9982585 0.0033110 2.5454964
-0.0178427 -0.0022638 0.9998427 0.0024666
0.0000000 0.0000000 0.0000000 1.0000000
0.9979583 -0.0603400 0.0208673 182.1801360
0.0602325 0.9981672 0.0057449 2.4512389
-0.0211759 -0.0044763 0.9997702 0.0250267
0.0000000 0.0000000 0.0000000 1.0000000
0.9978922 -0.0595635 0.0256954 183.4671919
0.0595128 0.9982231 0.0027325 2.6497105
-0.0258128 -0.0011976 0.9996704 -0.0189291
0.0000000 0.0000000 0.0000000 1.0000000
0.9976752 -0.0630579 0.0257716 184.5668705
0.0629634 0.9980053 0.0044588 2.7860146
-0.0260017 -0.0028258 0.9996622 -0.0164434
0.0000000 0.0000000 0.0000000 1.0000000
0.9977045 -0.0636415 0.0230632 185.9413829
0.0635010 0.9979581 0.0067739 2.8480391
-0.0234475 -0.0052939 0.9997154 -0.0022413
0.0000000 0.0000000 0.0000000 1.0000000
0.9974647 -0.0679245 0.0211569 187.1093759
0.0678071 0.9976783 0.0062229 2.9710631
-0.0215308 -0.0047726 0.9997611 -0.0289355
0.0000000 0.0000000 0.0000000 1.0000000
0.9971657 -0.0719967 0.0217781 188.4591053
0.0718770 0.9973935 0.0062321 3.1876437
-0.0221703 -0.0046491 0.9997478 -0.0427582
0.0000000 0.0000000 0.0000000 1.0000000
0.9972594 -0.0701729 0.0233964 189.6771630
0.0700502 0.9975247 0.0060286 3.2502770
-0.0237618 -0.0043732 0.9997125 -0.0501218
0.0000000 0.0000000 0.0000000 1.0000000
0.9971698 -0.0709291 0.0248988 191.0335648
0.0707634 0.9974645 0.0074839 3.4128676
-0.0253667 -0.0057009 0.9996664 -0.0287018
0.0000000 0.0000000 0.0000000 1.0000000
0.9971480 -0.0706108 0.0266411 192.4477287
0.0704668 0.9974937 0.0063158 3.4888840
-0.0270206 -0.0044205 0.9996296 -0.0340561
0.0000000 0.0000000 0.0000000 1.0000000
0.9973869 -0.0673765 0.0260484 193.5910943
0.0672409 0.9977184 0.0060506 3.5563578
-0.0263969 -0.0042833 0.9996469 -0.0331442
0.0000000 0.0000000 0.0000000 1.0000000
0.9976362 -0.0639975 0.0250047 195.0252112
0.0638940 0.9979448 0.0049187 3.6400477
-0.0252683 -0.0033094 0.9996798 -0.0485080
0.0000000 0.0000000 0.0000000 1.0000000
0.9977093 -0.0633263 0.0237748 196.3249227
0.0632627 0.9979913 0.0034219 3.7591553
-0.0239440 -0.0019100 0.9997162 -0.0896196
0.0000000 0.0000000 0.0000000 1.0000000
0.9978178 -0.0619118 0.0229387 197.5768325
0.0618784 0.9980814 0.0021690 3.8595626
-0.0230292 -0.0007449 0.9997393 -0.0642762
0.0000000 0.0000000 0.0000000 1.0000000
0.9979199 -0.0599463 0.0236919 198.7963037
0.0599121 0.9982015 0.0021550 3.9289041
-0.0237788 -0.0007311 0.9997217 -0.0930251
0.0000000 0.0000000 0.0000000 1.0000000
0.9979540 -0.0589858 0.0246415 200.2361480
0.0589156 0.9982569 0.0035640 3.9368967
-0.0248091 -0.0021050 0.9996948 -0.0785823
0.0000000 0.0000000 0.0000000 1.0000000
0.9979152 -0.0595689 0.0248147 201.4958812
0.0594902 0.9982215 0.0039010 3.9903070
-0.0250032 -0.0024167 0.9996893 -0.1166004
0.0000000 0.0000000 0.0000000 1.0000000
0.9978958 -0.0599335 0.0247001 202.5408519
0.0598315 0.9981973 0.0048450 4.1362120
-0.0249463 -0.0033570 0.9996881 -0.1033581
0.0000000 0.0000000 0.0000000 1.0000000
0.9978040 -0.0610947 0.0255648 203.8955639
0.0609846 0.9981268 0.0050606 4.1890545
-0.0258263 -0.0034904 0.9996654 -0.0811093
0.0000000 0.0000000 0.0000000 1.0000000
0.9979311 -0.0587674 0.0260546 205.0655379
0.0587020 0.9982706 0.0032684 4.2794844
-0.0262019 -0.0017322 0.9996602 -0.1149513
0.0000000 0.0000000 0.0000000 1.0000000
0.9978816 -0.0592015 0.0269549 206.3002268
0.0592005 0.9982461 0.0008367 4.4084776
-0.0269575 0.0007608 0.9996413 -0.1894871
0.0000000 0.0000000 0.0000000 1.0000000
0.9978743 -0.0595653 0.0264044 207.4469067
0.0595510 0.9982245 0.0013281 4.4474951
-0.0264369 0.0002471 0.9996554 -0.1574839
0.0000000 0.0000000 0.0000000 1.0000000
0.9979652 -0.0575586 0.0273922 208.6513742
0.0575776 0.9983413 0.0000875 4.5216966
-0.0273521 0.0014898 0.9996298 -0.1518505
0.0000000 0.0000000 0.0000000 1.0000000
0.9980087 -0.0565560 0.0278826 209.6975539
0.0565631 0.9983996 0.0005226 4.5771518
-0.0278679 0.0010556 0.9996162 -0.1521607
0.0000000 0.0000000 0.0000000 1.0000000
0.9980283 -0.0562873 0.0277347 210.9076565
0.0563039 0.9984143 0.0001759 4.5922791
-0.0277009 0.0013860 0.9996205 -0.1646616
0.0000000 0.0000000 0.0000000 1.0000000
0.9980433 -0.0558946 0.0280130 211.9612120
0.0558671 0.9984371 0.0017623 4.6116229
-0.0280680 -0.0001938 0.9996113 -0.1695872
0.0000000 0.0000000 0.0000000 1.0000000
0.9979142 -0.0577785 0.0287760 213.0401237
0.0577809 0.9983293 0.0007449 4.7175690
-0.0287713 0.0009193 0.9995909 -0.1861342
0.0000000 0.0000000 0.0000000 1.0000000
0.9979829 -0.0570719 0.0277947 214.1404496
0.0570506 0.9983704 0.0015587 4.7757376
-0.0278387 0.0000301 0.9996177 -0.2054415
0.0000000 0.0000000 0.0000000 1.0000000
0.9979414 -0.0575027 0.0283815 215.2572718
0.0575079 0.9983457 0.0006289 4.8477309
-0.0283710 0.0010045 0.9996023 -0.2064550
0.0000000 0.0000000 0.0000000 1.0000000
0.9979473 -0.0576001 0.0279799 216.2652401
0.0575751 0.9983407 0.0016938 4.8396822
-0.0280314 -0.0000794 0.9996125 -0.1751896
0.0000000 0.0000000 0.0000000 1.0000000
0.9978500 -0.0590210 0.0284901 217.4345009
0.0590591 0.9982551 -0.0004997 4.9071312
-0.0284112 0.0021813 0.9995994 -0.2107394
0.0000000 0.0000000 0.0000000 1.0000000
0.9976002 -0.0626005 0.0295885 218.5111297
0.0626693 0.9980342 -0.0014024 5.0478293
-0.0294429 0.0032533 0.9995668 -0.2031960
0.0000000 0.0000000 0.0000000 1.0000000
0.9975525 -0.0624301 0.0314938 219.6317835
0.0625585 0.9980374 -0.0031069 5.1435749
-0.0312383 0.0050695 0.9995047 -0.2443060
0.0000000 0.0000000 0.0000000 1.0000000
0.9974831 -0.0633440 0.0318640 220.5632542
0.0634564 0.9979826 -0.0025307 5.1893993
-0.0316397 0.0045463 0.9994947 -0.2499279
0.0000000 0.0000000 0.0000000 1.0000000
0.9974402 -0.0645642 0.0307201 221.4618366
0.0646538 0.9979074 -0.0019398 5.2352317
-0.0305309 0.0039210 0.9995320 -0.2674417
0.0000000 0.0000000 0.0000000 1.0000000
0.9971234 -0.0688688 0.0316549 222.2354388
0.0689584 0.9976197 -0.0017578 5.3026368
-0.0314588 0.0039357 0.9995032 -0.2756246
0.0000000 0.0000000 0.0000000 1.0000000
0.9970524 -0.0701679 0.0310403 223.2296217
0.0702181 0.9975334 -0.0005360 5.3369333
-0.0309264 0.0027141 0.9995240 -0.2685251
0.0000000 0.0000000 0.0000000 1.0000000
0.9968031 -0.0735711 0.0311622 224.1445556
0.0736559 0.9972842 -0.0015866 5.4291780
-0.0309612 0.0038768 0.9995191 -0.3099833
0.0000000 0.0000000 0.0000000 1.0000000
0.9968218 -0.0738638 0.0298433 224.8968111
0.0739191 0.9972654 -0.0007584 5.4417404
-0.0297060 0.0029620 0.9995603 -0.3320040
0.0000000 0.0000000 0.0000000 1.0000000
0.9965905 -0.0771672 0.0292077 225.6650227
0.0772376 0.9970136 -0.0012953 5.5406406
-0.0290208 0.0035468 0.9995785 -0.3690968
0.0000000 0.0000000 0.0000000 1.0000000
0.9964087 -0.0798268 0.0282488 226.5365841
0.0798640 0.9968074 -0.0001970 5.6390945
-0.0281432 0.0024524 0.9996070 -0.3990200
0.0000000 0.0000000 0.0000000 1.0000000
0.9966434 -0.0772521 0.0271162 227.2465635
0.0772632 0.9970123 0.0006315 5.6008398
-0.0270843 0.0014657 0.9996383 -0.3934634
0.0000000 0.0000000 0.0000000 1.0000000
0.9963906 -0.0802696 0.0276381 228.1022056
0.0802491 0.9967746 0.0018479 5.5918046
-0.0276976 0.0003767 0.9996225 -0.4334746
0.0000000 0.0000000 0.0000000 1.0000000
0.9963466 -0.0807231 0.0278921 228.8016290
0.0806436 0.9967370 0.0039598 5.5948358
-0.0281210 -0.0016961 0.9996094 -0.4255245
0.0000000 0.0000000 0.0000000 1.0000000
0.9964983 -0.0781209 0.0298058 229.5209102
0.0780807 0.9969456 0.0025069 5.6814589
-0.0299109 -0.0001708 0.9995588 -0.3860998
0.0000000 0.0000000 0.0000000 1.0000000
0.9965081 -0.0779100 0.0300312 230.1886535
0.0778103 0.9969599 0.0044677 5.7149088
-0.0302883 -0.0021154 0.9995452 -0.4301899
0.0000000 0.0000000 0.0000000 1.0000000
0.9965706 -0.0771924 0.0298163 230.9901670
0.0771799 0.9970177 0.0015681 5.7614913
-0.0298487 0.0007385 0.9995604 -0.4394113
0.0000000 0.0000000 0.0000000 1.0000000
0.9967946 -0.0749241 0.0280547 231.6930424
0.0749146 0.9971908 0.0013811 5.7391195
-0.0280797 0.0007250 0.9996117 -0.4644951
0.0000000 0.0000000 0.0000000 1.0000000
0.9967724 -0.0760167 0.0258316 232.3865540
0.0760087 0.9971078 0.0012852 5.8904623
-0.0258549 0.0006823 0.9996717 -0.4817460
0.0000000 0.0000000 0.0000000 1.0000000
0.9966403 -0.0780511 0.0248546 232.8089239
0.0780458 0.9969508 0.0011811 5.9269524
-0.0248713 0.0007627 0.9996967 -0.5348057
0.0000000 0.0000000 0.0000000 1.0000000
0.9971201 -0.0714210 0.0255452 234.0582613
0.0714381 0.9974466 0.0002388 5.9575093
-0.0254973 0.0015868 0.9996801 -0.5297031
0.0000000 0.0000000 0.0000000 1.0000000
0.9972993 -0.0691023 0.0249190 235.0578228
0.0691027 0.9976110 0.0008416 6.0058133
-0.0249179 0.0008827 0.9996955 -0.5367601
0.0000000 0.0000000 0.0000000 1.0000000
0.9976081 -0.0639848 0.0261980 236.0265231
0.0640256 0.9979497 -0.0007258 6.0288555
-0.0260981 0.0024014 0.9996630 -0.5508681
0.0000000 0.0000000 0.0000000 1.0000000
0.9976799 -0.0633160 0.0250622 236.8723678
0.0633239 0.9979944 0.0004720 6.0485927
-0.0250421 0.0011161 0.9996922 -0.5424901
0.0000000 0.0000000 0.0000000 1.0000000
0.9976737 -0.0634600 0.0249282 237.4896614
0.0634750 0.9979849 0.0001868 6.0974422
-0.0248901 0.0013959 0.9996956 -0.5547706
0.0000000 0.0000000 0.0000000 1.0000000
0.9978246 -0.0605133 0.0261758 238.2701492
0.0605286 0.9981677 0.0002017 6.1565120
-0.0261404 0.0013831 0.9996637 -0.5951863
0.0000000 0.0000000 0.0000000 1.0000000
0.9979557 -0.0582333 0.0263466 238.9491935
0.0582429 0.9983035 0.0004000 6.1450277
-0.0263255 0.0011353 0.9996591 -0.5955874
0.0000000 0.0000000 0.0000000 1.0000000
0.9980200 -0.0562491 0.0281652 239.7505794
0.0562706 0.9984173 0.0000229 6.0806874
-0.0281222 0.0015620 0.9996098 -0.6053412
0.0000000 0.0000000 0.0000000 1.0000000
0.9981822 -0.0531307 0.0284588 240.3509113
0.0532002 0.9985844 -0.0017019 6.1617775
-0.0283284 0.0032129 0.9996001 -0.6080376
0.0000000 0.0000000 0.0000000 1.0000000
0.9982974 -0.0503319 0.0294697 241.0065969
0.0504551 0.9987224 -0.0034638 6.2439569
-0.0292580 0.0049448 0.9995663 -0.6610727
0.0000000 0.0000000 0.0000000 1.0000000
0.9984351 -0.0473624 0.0297404 241.7884662
0.0475166 0.9988625 -0.0045113 6.1761594
-0.0294932 0.0059175 0.9995542 -0.6935263
0.0000000 0.0000000 0.0000000 1.0000000
0.9984652 -0.0466955 0.0297850 242.6254806
0.0468150 0.9988999 -0.0033377 6.1776885
-0.0295967 0.0047270 0.9995574 -0.7035181
0.0000000 0.0000000 0.0000000 1.0000000
0.9985496 -0.0452809 0.0291236 243.3950347
0.0454035 0.9989637 -0.0035695 6.3085108
-0.0289322 0.0048866 0.9995761 -0.6833324
0.0000000 0.0000000 0.0000000 1.0000000
0.9986546 -0.0428566 0.0291840 244.1009213
0.0430357 0.9990599 -0.0055472 6.3040852
-0.0289191 0.0067957 0.9995654 -0.6985367
0.0000000 0.0000000 0.0000000 1.0000000
0.9986358 -0.0430222 0.0295797 244.8732671
0.0432286 0.9990464 -0.0063816 6.3557977
-0.0292773 0.0076515 0.9995488 -0.7280026
0.0000000 0.0000000 0.0000000 1.0000000
0.9987437 -0.0401851 0.0299193 245.6666988
0.0404194 0.9991573 -0.0072788 6.4063848
-0.0296020 0.0084790 0.9995325 -0.7396298
0.0000000 0.0000000 0.0000000 1.0000000
0.9988535 -0.0377800 0.0293795 246.4308514
0.0380862 0.9992260 -0.0099433 6.4904667
-0.0289815 0.0110509 0.9995256 -0.7563366
0.0000000 0.0000000 0.0000000 1.0000000
0.9989744 -0.0361366 0.0272581 247.0908996
0.0363931 0.9992982 -0.0089851 6.5321185
-0.0269146 0.0099679 0.9995948 -0.7271256
0.0000000 0.0000000 0.0000000 1.0000000
0.9990216 -0.0359145 0.0257892 247.9840073
0.0361581 0.9993060 -0.0090552 6.5190420
-0.0254464 0.0099788 0.9996331 -0.7289546
0.0000000 0.0000000 0.0000000 1.0000000
0.9990511 -0.0351068 0.0257606 248.7925412
0.0353855 0.9993201 -0.0104552 6.5589655
-0.0253763 0.0113568 0.9996203 -0.7550224
0.0000000 0.0000000 0.0000000 1.0000000
0.9989490 -0.0370720 0.0269370 249.5861619
0.0373809 0.9992411 -0.0110631 6.6055368
-0.0265068 0.0120584 0.9995828 -0.7529016
0.0000000 0.0000000 0.0000000 1.0000000
0.9989198 -0.0377292 0.0270973 250.4063155
0.0379559 0.9992490 -0.0079104 6.6436028
-0.0267788 0.0089303 0.9996084 -0.7448024
0.0000000 0.0000000 0.0000000 1.0000000
0.9988942 -0.0388881 0.0264139 251.1746978
0.0391160 0.9992020 -0.0081754 6.7371948
-0.0260753 0.0091995 0.9996246 -0.7899774
0.0000000 0.0000000 0.0000000 1.0000000
0.9990437 -0.0366676 0.0238169 251.9235794
0.0368858 0.9992818 -0.0087990 6.7105728
-0.0234774 0.0096691 0.9996847 -0.7763325
0.0000000 0.0000000 0.0000000 1.0000000
0.9990393 -0.0376635 0.0224026 252.8925875
0.0379581 0.9991970 -0.0128825 6.6794270
-0.0218997 0.0137204 0.9996731 -0.7965494
0.0000000 0.0000000 0.0000000 1.0000000
0.9990332 -0.0381503 0.0218527 253.7027536
0.0385005 0.9991334 -0.0158436 6.8206742
-0.0212296 0.0166696 0.9996427 -0.7954484
0.0000000 0.0000000 0.0000000 1.0000000
0.9988719 -0.0390689 0.0269871 254.6418414
0.0394933 0.9991020 -0.0153821 6.8246026
-0.0263622 0.0164306 0.9995246 -0.8161896
0.0000000 0.0000000 0.0000000 1.0000000
0.9986974 -0.0393358 0.0325039 255.4735439
0.0398995 0.9990617 -0.0168852 6.9065240
-0.0318095 0.0181600 0.9993361 -0.9118999
0.0000000 0.0000000 0.0000000 1.0000000
0.9985978 -0.0395992 0.0351262 256.2441509
0.0402696 0.9990169 -0.0185973 7.0229452
-0.0343555 0.0199858 0.9992171 -0.9084211
0.0000000 0.0000000 0.0000000 1.0000000
0.9986293 -0.0400647 0.0336760 257.0162877
0.0407124 0.9989957 -0.0187817 7.0165658
-0.0328901 0.0201270 0.9992636 -0.9276374
0.0000000 0.0000000 0.0000000 1.0000000
0.9989759 -0.0354936 0.0280660 258.0065723
0.0360216 0.9991801 -0.0185451 7.1338468
-0.0273851 0.0195371 0.9994414 -0.9200354
0.0000000 0.0000000 0.0000000 1.0000000
0.9991724 -0.0309207 0.0264248 258.8816444
0.0313602 0.9993749 -0.0163951 7.2129829
-0.0259017 0.0172102 0.9995238 -1.0536291
0.0000000 0.0000000 0.0000000 1.0000000
0.9992143 -0.0295096 0.0264560 259.6674924
0.0299425 0.9994230 -0.0161278 7.1835472
-0.0259651 0.0169073 0.9995275 -1.0263213
0.0000000 0.0000000 0.0000000 1.0000000
0.9992354 -0.0269497 0.0283094 260.5732596
0.0274272 0.9994870 -0.0166337 7.1739454
-0.0278469 0.0173974 0.9994685 -1.0214290
0.0000000 0.0000000 0.0000000 1.0000000
0.9991434 -0.0247002 0.0331978 261.5396314
0.0254407 0.9994338 -0.0220822 7.1825027
-0.0326339 0.0229079 0.9992125 -1.0942405
0.0000000 0.0000000 0.0000000 1.0000000
0.9991499 -0.0226587 0.0344423 262.5747433
0.0234750 0.9994495 -0.0234953 7.1540746
-0.0338914 0.0242838 0.9991382 -1.1030033
0.0000000 0.0000000 0.0000000 1.0000000
0.9991515 -0.0212667 0.0352810 263.4625312
0.0220044 0.9995453 -0.0206648 7.2067551
-0.0348259 0.0214236 0.9991713 -1.0744486
0.0000000 0.0000000 0.0000000 1.0000000
0.9992181 -0.0217170 0.0330248 264.3099831
0.0223905 0.9995463 -0.0201731 7.2661901
-0.0325721 0.0208966 0.9992587 -1.1421223
0.0000000 0.0000000 0.0000000 1.0000000
0.9993375 -0.0186883 0.0312061 265.2632881
0.0192488 0.9996575 -0.0177711 7.2225500
-0.0308637 0.0183599 0.9993627 -1.1528448
0.0000000 0.0000000 0.0000000 1.0000000
0.9992894 -0.0197626 0.0320586 266.2919065
0.0203004 0.9996579 -0.0165503 7.2177747
-0.0317209 0.0171893 0.9993568 -1.1667540
0.0000000 0.0000000 0.0000000 1.0000000
0.9992492 -0.0171611 0.0347036 267.1685998
0.0176963 0.9997289 -0.0151868 7.1462847
-0.0344340 0.0157894 0.9992901 -1.2417057
0.0000000 0.0000000 0.0000000 1.0000000
0.9991924 -0.0174555 0.0361648 268.2424777
0.0179868 0.9997351 -0.0144292 7.2068354
-0.0359038 0.0150679 0.9992497 -1.2504042
0.0000000 0.0000000 0.0000000 1.0000000
0.9992544 -0.0134815 0.0361435 269.1446894
0.0139880 0.9998075 -0.0138104 7.2143604
-0.0359508 0.0143055 0.9992592 -1.2588937
0.0000000 0.0000000 0.0000000 1.0000000
0.9992819 -0.0115352 0.0360424 269.9108986
0.0120286 0.9998374 -0.0135155 7.2232312
-0.0358810 0.0139392 0.9992667 -1.2941761
0.0000000 0.0000000 0.0000000 1.0000000
