1.0000000 0.0000000 0.0000000 0.0000000
0.0000000 1.0000000 0.0000000 0.0000000
0.0000000 0.0000000 1.0000000 0.0000000
0.0000000 0.0000000 0.0000000 1.0000000
0.9999720 -0.0074848 -0.0005060 0.1259944
0.0074843 0.9999717 -0.0009511 0.0879142
0.0005131 0.0009473 0.9999995 0.0067216
0.0000000 0.0000000 0.0000000 1.0000000
0.9998830 -0.0152684 -0.0009797 0.0994488
0.0152655 0.9998792 -0.0029143 0.0859857
0.0010241 0.0028990 0.9999954 0.0086404
0.0000000 0.0000000 0.0000000 1.0000000
0.9997317 -0.0230520 -0.0020158 0.2825911
0.0230483 0.9997323 -0.0018466 0.0985458
0.0020578 0.0017997 0.9999965 0.0077768
0.0000000 0.0000000 0.0000000 1.0000000
0.9993937 -0.0345534 -0.0041170 0.4052171
0.0345490 0.9994017 -0.0011418 0.0901847
0.0041540 0.0009988 0.9999912 0.0128148
0.0000000 0.0000000 0.0000000 1.0000000
0.9987772 -0.0492195 -0.0044057 0.3995879
0.0492265 0.9987857 0.0015026 0.1201540
0.0043264 -0.0017177 0.9999895 0.0324962
0.0000000 0.0000000 0.0000000 1.0000000
0.9979174 -0.0643411 -0.0044068 0.5765846
0.0643385 0.9979271 -0.0007338 0.1431282
0.0044449 0.0004488 0.9999904 0.0286315
0.0000000 0.0000000 0.0000000 1.0000000
0.9964780 -0.0837460 -0.0040845 0.7266414
0.0837314 0.9964814 -0.0036362 0.2562408
0.0043746 0.0032813 0.9999854 0.0329049
0.0000000 0.0000000 0.0000000 1.0000000
0.9948864 -0.1008695 -0.0050236 0.8536499
0.1008554 0.9948963 -0.0029995 0.2025680
0.0053005 0.0024775 0.9999832 0.0494312
0.0000000 0.0000000 0.0000000 1.0000000
0.9923675 -0.1231942 -0.0054272 1.0280395
0.1231693 0.9923748 -0.0046987 0.2124010
0.0059647 0.0039944 0.9999746 0.0642900
0.0000000 0.0000000 0.0000000 1.0000000
0.9891119 -0.1470203 -0.0065237 1.1894568
0.1470025 0.9891315 -0.0031389 0.2479262
0.0069143 0.0021457 0.9999744 0.0597574
0.0000000 0.0000000 0.0000000 1.0000000
0.9849452 -0.1726344 -0.0089382 1.3726789
0.1726378 0.9849856 -0.0004085 0.3159007
0.0088745 -0.0011408 0.9999606 0.0812940
0.0000000 0.0000000 0.0000000 1.0000000
0.9796171 -0.2005582 -0.0112150 1.5957370
0.2005928 0.9796733 0.0020235 0.3866321
0.0105811 -0.0042319 0.9999358 0.0781805
0.0000000 0.0000000 0.0000000 1.0000000
0.9733201 -0.2291592 -0.0114672 1.8440025
0.2291980 0.9733781 0.0021562 0.4850327
0.0106678 -0.0047269 0.9999326 0.0518151
0.0000000 0.0000000 0.0000000 1.0000000
0.9655586 -0.2598981 -0.0121526 2.0152061
0.2599576 0.9656141 0.0035541 0.5015148
0.0108109 -0.0065909 0.9999205 0.0822580
0.0000000 0.0000000 0.0000000 1.0000000
0.9566276 -0.2910432 -0.0124535 2.1655661
0.2911336 0.9566636 0.0061097 0.6048527
0.0101356 -0.0094703 0.9999045 0.0739358
0.0000000 0.0000000 0.0000000 1.0000000
0.9456051 -0.3250766 -0.0124172 2.3543412
0.3251725 0.9456321 0.0066043 0.7177972
0.0095952 -0.0102827 0.9999018 0.0520736
0.0000000 0.0000000 0.0000000 1.0000000
0.9330206 -0.3595372 -0.0142844 2.5099175
0.3596706 0.9330440 0.0081185 0.7874039
0.0104091 -0.0127124 0.9998657 0.0402924
0.0000000 0.0000000 0.0000000 1.0000000
0.9198635 -0.3919228 -0.0157262 2.7443143
0.3920958 0.9198709 0.0099232 0.9690845
0.0105770 -0.0152942 0.9998278 -0.0038922
0.0000000 0.0000000 0.0000000 1.0000000
0.9042117 -0.4267735 -0.0163049 2.8933766
0.4269541 0.9042207 0.0097614 1.1085181
0.0105773 -0.0157878 0.9998202 0.0013029
0.0000000 0.0000000 0.0000000 1.0000000
0.8859571 -0.4634934 -0.0159394 3.0912455
0.4636329 0.8860046 0.0063525 1.2284416
0.0111780 -0.0130181 0.9998536 -0.0031620
0.0000000 0.0000000 0.0000000 1.0000000
0.8646416 -0.5021629 -0.0150776 3.2749490
0.5022584 0.8647122 0.0031131 1.3959901
0.0114744 -0.0102646 0.9998824 0.0161735
0.0000000 0.0000000 0.0000000 1.0000000
0.8400075 -0.5424011 -0.0137136 3.5672322
0.5424942 0.8400502 0.0040027 1.5486340
0.0093490 -0.0108018 0.9998988 0.0198974
0.0000000 0.0000000 0.0000000 1.0000000
0.8115077 -0.5841586 -0.0146134 3.7945454
0.5843012 0.8114909 0.0085753 1.7551815
0.0068494 -0.0154975 0.9998573 -0.0047009
0.0000000 0.0000000 0.0000000 1.0000000
0.7793108 -0.6264540 -0.0151015 3.9602712
0.6266106 0.7792709 0.0097445 2.0413483
0.0056637 -0.0170568 0.9998395 0.0320846
0.0000000 0.0000000 0.0000000 1.0000000
0.7432556 -0.6688258 -0.0155436 4.0844255
0.6689850 0.7432162 0.0093323 2.1846610
0.0053105 -0.0173347 0.9998368 0.0245762
0.0000000 0.0000000 0.0000000 1.0000000
0.7040969 -0.7099952 -0.0123717 4.3267577
0.7100904 0.7040796 0.0064625 2.3009892
0.0041223 -0.0133352 0.9999038 0.0065188
0.0000000 0.0000000 0.0000000 1.0000000
0.6633472 -0.7482250 -0.0113516 4.5886144
0.7482936 0.6633566 0.0034741 2.6490419
0.0049308 -0.0107989 0.9999308 0.0484450
0.0000000 0.0000000 0.0000000 1.0000000
0.6179861 -0.7861397 -0.0087555 4.6456603
0.7861808 0.6179886 0.0027612 2.8371711
0.0032401 -0.0085897 0.9999592 0.0513610
0.0000000 0.0000000 0.0000000 1.0000000
0.5708593 -0.8210152 -0.0072416 4.7635629
0.8210434 0.5708597 0.0022628 3.1476253
0.0022762 -0.0072374 0.9999727 0.0320281
0.0000000 0.0000000 0.0000000 1.0000000
0.5209794 -0.8535462 -0.0061342 4.9890518
0.8535675 0.5209737 0.0027283 3.4443219
0.0008671 -0.0066573 0.9999790 0.0716665
0.0000000 0.0000000 0.0000000 1.0000000
0.4692821 -0.8830327 -0.0050559 5.1778045
0.8830467 0.4692709 0.0033925 3.7517540
-0.0006232 -0.0060566 0.9999830 0.0625989
0.0000000 0.0000000 0.0000000 1.0000000
0.4127243 -0.9108488 -0.0033802 5.2848653
0.9108491 0.4127068 0.0050046 4.1964414
-0.0031634 -0.0051444 0.9999831 0.1394324
0.0000000 0.0000000 0.0000000 1.0000000
0.3582588 -0.9336121 -0.0041488 5.3415124
0.9336103 0.3582303 0.0064127 4.5691655
-0.0045007 -0.0061708 0.9999724 0.1518396
0.0000000 0.0000000 0.0000000 1.0000000
0.3030305 -0.9529704 -0.0042801 5.5093324
0.9529559 0.3029881 0.0085314 4.9640289
-0.0068334 -0.0066639 0.9999560 0.1216267
0.0000000 0.0000000 0.0000000 1.0000000
0.2496019 -0.9683466 -0.0014888 5.5274489
0.9683158 0.2495814 0.0085284 5.3742553
-0.0078869 -0.0035703 0.9999641 0.1149781
0.0000000 0.0000000 0.0000000 1.0000000
0.1989506 -0.9800080 0.0010233 5.5631536
0.9799598 0.1989514 0.0097210 5.8110431
-0.0097303 -0.0009312 0.9999538 0.1773079
0.0000000 0.0000000 0.0000000 1.0000000
0.1496546 -0.9887372 0.0009160 5.6282000
0.9886830 0.1496564 0.0103290 6.2595690
-0.0103498 -0.0006401 0.9999480 0.1724248
0.0000000 0.0000000 0.0000000 1.0000000
0.1076473 -0.9941801 -0.0040797 5.6783282
0.9941401 0.1076014 0.0102375 6.6567604
-0.0097390 -0.0051578 0.9999411 0.1580617
0.0000000 0.0000000 0.0000000 1.0000000
0.0702130 -0.9974878 -0.0093157 5.6899375
0.9975001 0.0701355 0.0084318 7.1437199
-0.0077573 -0.0098844 0.9999229 0.1664125
0.0000000 0.0000000 0.0000000 1.0000000
0.0342421 -0.9993866 -0.0071655 5.6897817
0.9993987 0.0342043 0.0053884 7.6642431
-0.0051400 -0.0073456 0.9999616 0.1496490
0.0000000 0.0000000 0.0000000 1.0000000
0.0046896 -0.9999698 -0.0059264 5.6083744
0.9999807 0.0046683 0.0036831 8.1200410
-0.0036554 -0.0059435 0.9999773 0.1511204
0.0000000 0.0000000 0.0000000 1.0000000
-0.0240768 -0.9996833 -0.0071265 5.6238121
0.9997053 -0.0240927 0.0022193 8.7113174
-0.0023902 -0.0070709 0.9999737 0.1784415
0.0000000 0.0000000 0.0000000 1.0000000
-0.0449339 -0.9989141 -0.0122091 5.5379778
0.9989871 -0.0449413 0.0003723 9.3216731
-0.0009206 -0.0121800 0.9999270 0.1702976
0.0000000 0.0000000 0.0000000 1.0000000
-0.0625772 -0.9979256 -0.0150547 5.5263617
0.9980375 -0.0625689 -0.0009947 9.8774175
0.0000507 -0.0150874 0.9998879 0.1477509
0.0000000 0.0000000 0.0000000 1.0000000
-0.0751094 -0.9970460 -0.0159985 5.3969521
0.9971720 -0.0751014 -0.0010806 10.4196646
-0.0001241 -0.0160344 0.9998732 0.1345990
0.0000000 0.0000000 0.0000000 1.0000000
-0.0850075 -0.9962830 -0.0138618 5.3441590
0.9963751 -0.0850275 0.0008959 10.9434119
-0.0020712 -0.0137354 0.9999052 0.1979409
0.0000000 0.0000000 0.0000000 1.0000000
-0.0934945 -0.9955504 -0.0117092 5.2591727
0.9956066 -0.0935385 0.0033015 11.5084853
-0.0043821 -0.0113491 0.9999276 0.1916865
0.0000000 0.0000000 0.0000000 1.0000000
-0.0962608 -0.9952909 -0.0113441 5.1639081
0.9953404 -0.0963093 0.0038550 12.0953632
-0.0049294 -0.0109201 0.9999300 0.1933826
0.0000000 0.0000000 0.0000000 1.0000000
-0.0973622 -0.9951669 -0.0127208 5.2327474
0.9952335 -0.0974156 0.0036833 12.7934091
-0.0049047 -0.0123015 0.9999142 0.2176534
0.0000000 0.0000000 0.0000000 1.0000000
-0.0966552 -0.9952678 -0.0098743 5.0700709
0.9952884 -0.0967194 0.0063060 13.3844891
-0.0072312 -0.0092182 0.9999332 0.2102690
0.0000000 0.0000000 0.0000000 1.0000000
-0.0955435 -0.9953989 -0.0070616 4.9958595
0.9953754 -0.0956046 0.0089624 14.0254071
-0.0095963 -0.0061725 0.9999368 0.2649071
0.0000000 0.0000000 0.0000000 1.0000000
-0.0940033 -0.9955442 -0.0072114 4.9320921
0.9955113 -0.0940724 0.0100039 14.6980908
-0.0106378 -0.0062385 0.9999257 0.2710629
0.0000000 0.0000000 0.0000000 1.0000000
-0.0929108 -0.9955514 -0.0155614 4.8879892
0.9956212 -0.0930506 0.0085408 15.4575479
-0.0099508 -0.0146997 0.9998442 0.2585019
0.0000000 0.0000000 0.0000000 1.0000000
-0.0919794 -0.9956612 -0.0139708 4.8940589
0.9957154 -0.0920951 0.0079111 16.1883574
-0.0091635 -0.0131833 0.9998730 0.2759166
0.0000000 0.0000000 0.0000000 1.0000000
-0.0891188 -0.9959920 -0.0073889 4.7562597
0.9959567 -0.0891927 0.0104287 16.9306671
-0.0110460 -0.0064295 0.9999202 0.2889507
0.0000000 0.0000000 0.0000000 1.0000000
-0.0889659 -0.9960022 -0.0077773 4.6893084
0.9959214 -0.0890689 0.0141638 17.7186135
-0.0148000 -0.0064854 0.9998714 0.2821489
0.0000000 0.0000000 0.0000000 1.0000000
-0.0870708 -0.9961853 -0.0053768 4.6751627
0.9960550 -0.0871482 0.0165167 18.5026765
-0.0169224 -0.0039173 0.9998511 0.3095850
0.0000000 0.0000000 0.0000000 1.0000000
-0.0851509 -0.9962903 -0.0123150 4.5841492
0.9962309 -0.0853351 0.0153298 19.2119727
-0.0163239 -0.0109631 0.9998088 0.2818793
0.0000000 0.0000000 0.0000000 1.0000000
-0.0841920 -0.9963279 -0.0154599 4.5935947
0.9963482 -0.0843902 0.0126714 20.1087942
-0.0139297 -0.0143365 0.9998023 0.2967281
0.0000000 0.0000000 0.0000000 1.0000000
-0.0828148 -0.9963830 -0.0189429 4.4501897
0.9964687 -0.0830502 0.0120103 20.7822132
-0.0135402 -0.0178813 0.9997505 0.2947086
0.0000000 0.0000000 0.0000000 1.0000000
-0.0814775 -0.9966067 -0.0115232 4.3817410
0.9965505 -0.0816414 0.0145834 21.6569038
-0.0154748 -0.0102951 0.9998294 0.2942124
0.0000000 0.0000000 0.0000000 1.0000000
-0.0795552 -0.9967569 -0.0119182 4.2498253
0.9966773 -0.0797440 0.0163393 22.5059391
-0.0172369 -0.0105786 0.9997976 0.3010047
0.0000000 0.0000000 0.0000000 1.0000000
-0.0793612 -0.9968074 -0.0085322 4.1914557
0.9966758 -0.0795009 0.0175548 23.3139144
-0.0181772 -0.0071105 0.9998115 0.3055231
0.0000000 0.0000000 0.0000000 1.0000000
-0.0788735 -0.9968317 -0.0100721 4.1725759
0.9967603 -0.0790161 0.0146773 24.1708752
-0.0154269 -0.0088816 0.9998437 0.3460423
0.0000000 0.0000000 0.0000000 1.0000000
-0.0800607 -0.9966766 -0.0149189 4.0106358
0.9967466 -0.0801806 0.0076367 25.0272563
-0.0088076 -0.0142588 0.9998618 0.3188965
0.0000000 0.0000000 0.0000000 1.0000000
-0.0808492 -0.9965551 -0.0184046 4.0253140
0.9967084 -0.0809315 0.0037875 25.8368385
-0.0052640 -0.0180377 0.9998257 0.2988326
0.0000000 0.0000000 0.0000000 1.0000000
-0.0817454 -0.9964695 -0.0190830 3.9892217
0.9966311 -0.0818437 0.0044386 26.7110169
-0.0059848 -0.0186558 0.9998103 0.3061934
0.0000000 0.0000000 0.0000000 1.0000000
-0.0814196 -0.9966135 -0.0114080 3.8942245
0.9966151 -0.0815356 0.0101223 27.5407727
-0.0110183 -0.0105452 0.9998859 0.3810974
0.0000000 0.0000000 0.0000000 1.0000000
-0.0813477 -0.9965770 -0.0146470 3.7887064
0.9965263 -0.0815857 0.0164743 28.3981501
-0.0176131 -0.0132559 0.9997592 0.3829267
0.0000000 0.0000000 0.0000000 1.0000000
-0.0824112 -0.9965433 -0.0104104 3.7328131
0.9963089 -0.0826329 0.0230714 29.2223946
-0.0238520 -0.0084706 0.9996818 0.4026656
0.0000000 0.0000000 0.0000000 1.0000000
-0.0825320 -0.9964512 -0.0164752 3.6407233
0.9962816 -0.0829028 0.0232736 30.0651944
-0.0245571 -0.0144930 0.9995955 0.3528517
0.0000000 0.0000000 0.0000000 1.0000000
-0.0842912 -0.9962837 -0.0176637 3.5070241
0.9961911 -0.0846510 0.0207321 30.9452248
-0.0221505 -0.0158489 0.9996313 0.3597182
0.0000000 0.0000000 0.0000000 1.0000000
-0.0849526 -0.9961397 -0.0220859 3.4229605
0.9961665 -0.0853732 0.0188659 31.7566716
-0.0206788 -0.0203985 0.9995804 0.3217302
0.0000000 0.0000000 0.0000000 1.0000000
-0.0847381 -0.9960563 -0.0262634 3.3551175
0.9961897 -0.0852318 0.0182960 32.6243354
-0.0204624 -0.0246129 0.9994900 0.2516654
0.0000000 0.0000000 0.0000000 1.0000000
-0.0852751 -0.9960090 -0.0263248 3.3193164
0.9961189 -0.0857996 0.0194964 33.5112977
-0.0216774 -0.0245600 0.9994658 0.2424374
0.0000000 0.0000000 0.0000000 1.0000000
-0.0867854 -0.9958681 -0.0267177 3.2914596
0.9960139 -0.0872862 0.0181991 34.3422269
-0.0204562 -0.0250318 0.9994798 0.2189362
0.0000000 0.0000000 0.0000000 1.0000000
-0.0864952 -0.9958702 -0.0275840 3.1970440
0.9961079 -0.0869161 0.0144524 35.2179816
-0.0167903 -0.0262267 0.9995174 0.2203668
0.0000000 0.0000000 0.0000000 1.0000000
-0.0858268 -0.9959355 -0.0273089 3.0994730
0.9962078 -0.0861716 0.0117185 36.1639052
-0.0140242 -0.0261997 0.9995608 0.2191539
0.0000000 0.0000000 0.0000000 1.0000000
-0.0860503 -0.9958128 -0.0308601 3.0904975
0.9961729 -0.0864681 0.0124773 37.0226363
-0.0150936 -0.0296685 0.9994484 0.1891942
0.0000000 0.0000000 0.0000000 1.0000000
-0.0852918 -0.9960058 -0.0264090 2.9252457
0.9962273 -0.0856708 0.0135728 37.9749516
-0.0157812 -0.0251517 0.9995617 0.1715887
0.0000000 0.0000000 0.0000000 1.0000000
-0.0860365 -0.9959012 -0.0278994 2.9542488
0.9960611 -0.0865803 0.0189103 38.8498990
-0.0212485 -0.0261626 0.9994345 0.1845600
0.0000000 0.0000000 0.0000000 1.0000000
-0.0842088 -0.9960768 -0.0271975 2.8058101
0.9961230 -0.0848430 0.0230744 39.7086443
-0.0252916 -0.0251490 0.9993665 0.1225798
0.0000000 0.0000000 0.0000000 1.0000000
-0.0823707 -0.9960469 -0.0332572 2.6846518
0.9962049 -0.0832293 0.0253177 40.6566373
-0.0279858 -0.0310456 0.9991289 0.1182184
0.0000000 0.0000000 0.0000000 1.0000000
-0.0829497 -0.9958047 -0.0386383 2.5959650
0.9961722 -0.0839237 0.0243128 41.5430901
-0.0274537 -0.0364738 0.9989602 0.0567340
0.0000000 0.0000000 0.0000000 1.0000000
-0.0835285 -0.9959712 -0.0326342 2.3760847
0.9961870 -0.0842804 0.0223928 42.3348561
-0.0250532 -0.0306395 0.9992193 0.0212708
0.0000000 0.0000000 0.0000000 1.0000000
-0.0836139 -0.9959534 -0.0329544 2.4269643
0.9962601 -0.0842662 0.0189335 43.1415965
-0.0216339 -0.0312481 0.9992804 0.0137439
0.0000000 0.0000000 0.0000000 1.0000000
-0.0824342 -0.9959527 -0.0358255 2.3377790
0.9964142 -0.0830481 0.0160041 44.0966395
-0.0189148 -0.0343778 0.9992328 0.0168749
0.0000000 0.0000000 0.0000000 1.0000000
-0.0836148 -0.9957107 -0.0396191 2.2633452
0.9963422 -0.0842325 0.0141908 44.8760593
-0.0174673 -0.0382877 0.9991170 0.0175521
0.0000000 0.0000000 0.0000000 1.0000000
-0.0847924 -0.9956228 -0.0393283 2.1984509
0.9962702 -0.0853412 0.0124931 45.5585173
-0.0157949 -0.0381224 0.9991511 0.0082182
0.0000000 0.0000000 0.0000000 1.0000000
-0.0873650 -0.9954782 -0.0373062 2.1811023
0.9960940 -0.0877699 0.0093593 46.4932027
-0.0125914 -0.0363429 0.9992629 0.0236384
0.0000000 0.0000000 0.0000000 1.0000000
-0.0882331 -0.9954421 -0.0362073 2.0633873
0.9960301 -0.0885908 0.0084003 47.2761010
-0.0115698 -0.0353225 0.9993119 0.0080873
0.0000000 0.0000000 0.0000000 1.0000000
-0.0898890 -0.9954131 -0.0327847 2.0643006
0.9958478 -0.0903001 0.0112871 48.0275783
-0.0141959 -0.0316341 0.9994017 0.0116364
0.0000000 0.0000000 0.0000000 1.0000000
-0.0926633 -0.9952087 -0.0312424 2.0243336
0.9955209 -0.0931886 0.0158036 48.8440056
-0.0186395 -0.0296382 0.9993900 -0.0057855
0.0000000 0.0000000 0.0000000 1.0000000
-0.0932839 -0.9953262 -0.0250301 1.8873340
0.9954192 -0.0937593 0.0185471 49.7434304
-0.0208074 -0.0231853 0.9995177 0.0320725
0.0000000 0.0000000 0.0000000 1.0000000
-0.0952761 -0.9951273 -0.0254152 1.7789681
0.9952424 -0.0957436 0.0178687 50.5683264
-0.0202151 -0.0235919 0.9995202 -0.0015122
0.0000000 0.0000000 0.0000000 1.0000000
-0.0964997 -0.9949562 -0.0274159 1.6885753
0.9951735 -0.0969362 0.0150692 51.3667324
-0.0176509 -0.0258295 0.9995136 -0.0215455
0.0000000 0.0000000 0.0000000 1.0000000
-0.0979370 -0.9946796 -0.0319730 1.6503836
0.9950750 -0.0983615 0.0119876 52.1859064
-0.0150689 -0.0306416 0.9994199 0.0027681
0.0000000 0.0000000 0.0000000 1.0000000
-0.0994948 -0.9945103 -0.0324295 1.5238680
0.9949328 -0.0998972 0.0110339 52.9798197
-0.0142131 -0.0311674 0.9994161 -0.0170628
0.0000000 0.0000000 0.0000000 1.0000000
-0.1016251 -0.9943619 -0.0303116 1.4322638
0.9947111 -0.1020152 0.0116147 53.7817495
-0.0146416 -0.0289710 0.9994761 0.0186666
0.0000000 0.0000000 0.0000000 1.0000000
-0.1025731 -0.9943127 -0.0286851 1.3019518
0.9945886 -0.1029865 0.0133267 54.5333203
-0.0162052 -0.0271630 0.9995027 0.0401566
0.0000000 0.0000000 0.0000000 1.0000000
-0.1032398 -0.9942745 -0.0276056 1.1798164
0.9945167 -0.1036423 0.0135684 55.3216608
-0.0163520 -0.0260536 0.9995297 0.0613244
0.0000000 0.0000000 0.0000000 1.0000000
-0.1040468 -0.9940736 -0.0315144 1.1701969
0.9944544 -0.1044597 0.0117505 56.1539788
-0.0149730 -0.0301172 0.9994371 0.0418660
0.0000000 0.0000000 0.0000000 1.0000000
-0.1049593 -0.9940719 -0.0283775 1.0919634
0.9943343 -0.1053757 0.0135988 56.8723454
-0.0165086 -0.0267895 0.9995076 0.0326191
0.0000000 0.0000000 0.0000000 1.0000000
-0.1049375 -0.9940367 -0.0296569 0.9254031
0.9942722 -0.1054696 0.0169861 57.6904839
-0.0200130 -0.0277047 0.9994187 0.0545927
0.0000000 0.0000000 0.0000000 1.0000000
-0.1047421 -0.9939552 -0.0328972 0.8649881
0.9942067 -0.1054497 0.0205687 58.4638840
-0.0239137 -0.0305523 0.9992500 0.0218863
0.0000000 0.0000000 0.0000000 1.0000000
-0.1041094 -0.9940032 -0.0334517 0.6770629
0.9942298 -0.1048835 0.0222866 59.2892301
-0.0256617 -0.0309385 0.9991947 0.0120976
0.0000000 0.0000000 0.0000000 1.0000000
-0.1056829 -0.9938362 -0.0334715 0.6263673
0.9940782 -0.1064384 0.0216576 60.0998254
-0.0250870 -0.0309845 0.9992079 -0.0156050
0.0000000 0.0000000 0.0000000 1.0000000
-0.1061108 -0.9938008 -0.0331754 0.5556008
0.9940716 -0.1068099 0.0200595 60.7866208
-0.0234788 -0.0308503 0.9992513 -0.0072262
0.0000000 0.0000000 0.0000000 1.0000000
-0.1067016 -0.9937610 -0.0324684 0.5559351
0.9940937 -0.1072658 0.0161631 61.5719623
-0.0195452 -0.0305521 0.9993451 0.0084563
0.0000000 0.0000000 0.0000000 1.0000000
-0.1065942 -0.9937562 -0.0329632 0.3927151
0.9941420 -0.1071052 0.0141447 62.2022838
-0.0175871 -0.0312625 0.9993596 -0.0230757
0.0000000 0.0000000 0.0000000 1.0000000
-0.1062666 -0.9938956 -0.0296472 0.3391566
0.9942000 -0.1066914 0.0131360 62.8707586
-0.0162191 -0.0280794 0.9994773 0.0204225
0.0000000 0.0000000 0.0000000 1.0000000
-0.1035004 -0.9941318 -0.0314647 0.2796513
0.9945085 -0.1039185 0.0119531 63.5001618
-0.0151529 -0.0300549 0.9994366 0.0141643
0.0000000 0.0000000 0.0000000 1.0000000
-0.1005310 -0.9943116 -0.0351874 0.2516613
0.9948000 -0.1010243 0.0125294 64.1535530
-0.0160131 -0.0337449 0.9993054 0.0085850
0.0000000 0.0000000 0.0000000 1.0000000
-0.0944810 -0.9948246 -0.0373802 0.1313470
0.9953725 -0.0950513 0.0137855 64.9140025
-0.0172674 -0.0359049 0.9992093 0.0148453
0.0000000 0.0000000 0.0000000 1.0000000
-0.0877287 -0.9956681 -0.0308042 0.0080319
0.9959591 -0.0882605 0.0163538 65.7011810
-0.0190020 -0.0292451 0.9993949 0.0371652
0.0000000 0.0000000 0.0000000 1.0000000
-0.0774475 -0.9963238 -0.0366196 -0.0095246
0.9967665 -0.0781591 0.0184167 66.3333575
-0.0212114 -0.0350750 0.9991629 0.0429709
0.0000000 0.0000000 0.0000000 1.0000000
-0.0657016 -0.9972892 -0.0331303 -0.0428691
0.9975949 -0.0663785 0.0197632 66.9578585
-0.0219090 -0.0317522 0.9992591 0.0448421
0.0000000 0.0000000 0.0000000 1.0000000
-0.0500882 -0.9980572 -0.0370469 -0.1084500
0.9984781 -0.0508923 0.0210906 67.7057112
-0.0229353 -0.0359342 0.9990944 0.0413239
0.0000000 0.0000000 0.0000000 1.0000000
-0.0326380 -0.9988407 -0.0353744 -0.1699823
0.9991542 -0.0334887 0.0237330 68.3258077
-0.0248904 -0.0345698 0.9990958 0.0580718
0.0000000 0.0000000 0.0000000 1.0000000
-0.0122377 -0.9991772 -0.0386638 -0.1216921
0.9996375 -0.0131476 0.0233697 68.9002073
-0.0238591 -0.0383638 0.9989824 0.0473035
0.0000000 0.0000000 0.0000000 1.0000000
0.0121991 -0.9993640 -0.0335134 -0.1197847
0.9995954 0.0113311 0.0259653 69.5027215
-0.0255693 -0.0338166 0.9991044 0.0913584
0.0000000 0.0000000 0.0000000 1.0000000
0.0411068 -0.9985855 -0.0337329 -0.0971087
0.9988601 0.0402558 0.0255255 69.9779724
-0.0241317 -0.0347438 0.9991084 0.0710354
0.0000000 0.0000000 0.0000000 1.0000000
0.0749054 -0.9965819 -0.0348416 -0.0407233
0.9969233 0.0740355 0.0256127 70.3770241
-0.0229459 -0.0366530 0.9990682 0.0517502
0.0000000 0.0000000 0.0000000 1.0000000
0.1131659 -0.9930083 -0.0335805 0.0732583
0.9933393 0.1123415 0.0254944 70.8647516
-0.0215439 -0.0362419 0.9991145 0.0610197
0.0000000 0.0000000 0.0000000 1.0000000
0.1518451 -0.9878923 -0.0318053 0.1456959
0.9881644 0.1510251 0.0267664 71.3080752
-0.0216392 -0.0354932 0.9991393 0.0938937
0.0000000 0.0000000 0.0000000 1.0000000
0.1996532 -0.9794602 -0.0281956 0.2262000
0.9796423 0.1989139 0.0269718 71.8202251
-0.0208097 -0.0330066 0.9992421 0.0867395
0.0000000 0.0000000 0.0000000 1.0000000
0.2463520 -0.9688326 -0.0259507 0.3852152
0.9689715 0.2456600 0.0271580 72.2494226
-0.0199369 -0.0318359 0.9992978 0.0667157
0.0000000 0.0000000 0.0000000 1.0000000
0.2967057 -0.9547373 -0.0210299 0.5570511
0.9548179 0.2962000 0.0240951 72.6943787
-0.0167757 -0.0272289 0.9994919 0.0819123
0.0000000 0.0000000 0.0000000 1.0000000
0.3476858 -0.9374461 -0.0175681 0.7644922
0.9375144 0.3473253 0.0205980 73.0993948
-0.0132079 -0.0236320 0.9996368 0.1062714
0.0000000 0.0000000 0.0000000 1.0000000
0.4005542 -0.9161672 -0.0139047 0.9378972
0.9162201 0.4003279 0.0164360 73.5090670
-0.0094920 -0.0193232 0.9997715 0.0730790
0.0000000 0.0000000 0.0000000 1.0000000
0.4511686 -0.8923471 -0.0127664 1.2107511
0.8923974 0.4509692 0.0156937 73.8906432
-0.0082472 -0.0184732 0.9997985 0.0534595
0.0000000 0.0000000 0.0000000 1.0000000
0.5007148 -0.8655380 -0.0112996 1.5007335
0.8655794 0.5005460 0.0147526 74.2764283
-0.0071132 -0.0171675 0.9998304 0.0941378
0.0000000 0.0000000 0.0000000 1.0000000
0.5453871 -0.8381650 -0.0056202 1.7685134
0.8381531 0.5453010 0.0116955 74.6145262
-0.0067383 -0.0110891 0.9999189 0.0999767
0.0000000 0.0000000 0.0000000 1.0000000
0.5896390 -0.8076654 0.0012282 2.0752572
0.8076360 0.5896286 0.0073001 74.9739654
-0.0066205 -0.0033123 0.9999757 0.1689814
0.0000000 0.0000000 0.0000000 1.0000000
0.6337843 -0.7735055 0.0023989 2.3231153
0.7734944 0.6337862 0.0034695 75.3374868
-0.0042043 -0.0003433 0.9999943 0.1816773
0.0000000 0.0000000 0.0000000 1.0000000
0.6740925 -0.7386386 -0.0033436 2.7260037
0.7386383 0.6740948 -0.0005424 75.6628801
0.0026543 -0.0021040 0.9999974 0.1348944
0.0000000 0.0000000 0.0000000 1.0000000
0.7137309 -0.7003675 -0.0085000 3.1202366
0.7003520 0.7137742 -0.0048142 75.8630143
0.0094387 -0.0025169 0.9999555 0.1758081
0.0000000 0.0000000 0.0000000 1.0000000
0.7530617 -0.6577329 -0.0168429 3.4843740
0.6577337 0.7532189 -0.0061179 76.1528896
0.0167102 -0.0064709 0.9998426 0.1799708
0.0000000 0.0000000 0.0000000 1.0000000
0.7912148 -0.6111896 -0.0205795 3.9040506
0.6112100 0.7914394 -0.0059389 76.3559565
0.0199172 -0.0078793 0.9997738 0.1834877
0.0000000 0.0000000 0.0000000 1.0000000
0.8242874 -0.5657829 -0.0208937 4.3422300
0.5657570 0.8245302 -0.0075958 76.5724467
0.0215250 -0.0055596 0.9997559 0.2070975
0.0000000 0.0000000 0.0000000 1.0000000
0.8566088 -0.5153938 -0.0242211 4.8715800
0.5153471 0.8569321 -0.0085399 76.8991356
0.0251572 -0.0051668 0.9996733 0.1644984
0.0000000 0.0000000 0.0000000 1.0000000
0.8834589 -0.4679615 -0.0225533 5.3377929
0.4679118 0.8837351 -0.0076906 77.0742157
0.0235300 -0.0037586 0.9997192 0.2145783
0.0000000 0.0000000 0.0000000 1.0000000
0.9050401 -0.4245937 -0.0248948 5.8457731
0.4246593 0.9053430 -0.0027914 77.2269514
0.0237235 -0.0080455 0.9996894 0.2051208
0.0000000 0.0000000 0.0000000 1.0000000
0.9235463 -0.3825450 -0.0268010 6.3398153
0.3826828 0.9238739 0.0000690 77.4196156
0.0247343 -0.0103200 0.9996440 0.2326547
0.0000000 0.0000000 0.0000000 1.0000000
0.9374138 -0.3471785 -0.0268067 6.8371463
0.3473130 0.9377429 0.0004405 77.5586230
0.0249848 -0.0097232 0.9996437 0.2202898
0.0000000 0.0000000 0.0000000 1.0000000
0.9491566 -0.3139376 -0.0232590 7.4189984
0.3140881 0.9493829 0.0030896 77.8255628
0.0211117 -0.0102379 0.9997280 0.3085285
0.0000000 0.0000000 0.0000000 1.0000000
0.9570152 -0.2892662 -0.0210642 8.0436016
0.2893942 0.9571985 0.0032930 77.9601651
0.0192100 -0.0092474 0.9997759 0.3522892
0.0000000 0.0000000 0.0000000 1.0000000
0.9632922 -0.2678031 -0.0186240 8.6286160
0.2679131 0.9634301 0.0036814 78.1114546
0.0169569 -0.0085359 0.9998230 0.4016720
0.0000000 0.0000000 0.0000000 1.0000000
0.9687790 -0.2473743 -0.0164299 9.2555089
0.2474772 0.9688773 0.0045864 78.3151876
0.0147839 -0.0085093 0.9998579 0.3914208
0.0000000 0.0000000 0.0000000 1.0000000
0.9723180 -0.2331987 -0.0145844 9.8859345
0.2333138 0.9723722 0.0068108 78.4188153
0.0125930 -0.0100251 0.9998738 0.4107416
0.0000000 0.0000000 0.0000000 1.0000000
0.9755764 -0.2192857 -0.0126620 10.5513549
0.2193940 0.9755981 0.0079962 78.5312238
0.0105993 -0.0105789 0.9998913 0.4583902
0.0000000 0.0000000 0.0000000 1.0000000
0.9781981 -0.2073260 -0.0118467 11.1922849
0.2074184 0.9782198 0.0072621 78.6819098
0.0100828 -0.0095611 0.9999068 0.4744849
0.0000000 0.0000000 0.0000000 1.0000000
0.9810612 -0.1933308 -0.0117433 11.7978739
0.1934118 0.9810922 0.0062885 78.8184244
0.0103053 -0.0084408 0.9999147 0.4673993
0.0000000 0.0000000 0.0000000 1.0000000
0.9840928 -0.1773246 -0.0106666 12.5106259
0.1773890 0.9841203 0.0055120 78.9811856
0.0095196 -0.0073166 0.9999313 0.4842573
0.0000000 0.0000000 0.0000000 1.0000000
0.9866769 -0.1622528 -0.0118159 13.2057202
0.1623642 0.9866827 0.0092465 79.1607645
0.0101580 -0.0110419 0.9998909 0.4559250
0.0000000 0.0000000 0.0000000 1.0000000
0.9887767 -0.1488471 -0.0127381 13.8246759
0.1489444 0.9888147 0.0071223 79.2860734
0.0115353 -0.0089397 0.9998969 0.4558953
0.0000000 0.0000000 0.0000000 1.0000000
0.9905281 -0.1362855 -0.0166788 14.6062029
0.1364324 0.9906116 0.0080411 79.4125672
0.0154261 -0.0102406 0.9998320 0.4434531
0.0000000 0.0000000 0.0000000 1.0000000
0.9915206 -0.1281366 -0.0215832 15.3378467
0.1283196 0.9917001 0.0073354 79.4452382
0.0204641 -0.0100428 0.9997436 0.5142355
0.0000000 0.0000000 0.0000000 1.0000000
0.9926231 -0.1194504 -0.0207151 16.0560264
0.1196051 0.9927952 0.0064117 79.5309996
0.0197998 -0.0088421 0.9997684 0.5440726
0.0000000 0.0000000 0.0000000 1.0000000
0.9933698 -0.1140199 -0.0146177 16.8464920
0.1141047 0.9934502 0.0051349 79.5742905
0.0139363 -0.0067688 0.9998835 0.5394212
0.0000000 0.0000000 0.0000000 1.0000000
0.9941299 -0.1078283 -0.0087920 17.6735656
0.1079025 0.9941198 0.0085074 79.7209349
0.0078227 -0.0094062 0.9999287 0.5332210
0.0000000 0.0000000 0.0000000 1.0000000
0.9947316 -0.1024132 -0.0043689 18.3664814
0.1024458 0.9947000 0.0081683 79.8655611
0.0035089 -0.0085729 0.9999607 0.5571710
0.0000000 0.0000000 0.0000000 1.0000000
0.9950369 -0.0993863 -0.0048266 19.0999788
0.0994271 0.9949973 0.0092153 79.8862336
0.0038863 -0.0096496 0.9999496 0.5888671
0.0000000 0.0000000 0.0000000 1.0000000
0.9953028 -0.0965840 -0.0065166 19.8354346
0.0966565 0.9952408 0.0119998 80.0116443
0.0053263 -0.0125735 0.9999104 0.6221472
0.0000000 0.0000000 0.0000000 1.0000000
0.9955465 -0.0941858 -0.0038744 20.5888973
0.0942159 0.9955098 0.0086252 80.0628031
0.0030444 -0.0089519 0.9999590 0.6093368
0.0000000 0.0000000 0.0000000 1.0000000
0.9958207 -0.0912988 -0.0022646 21.3847224
0.0913109 0.9957987 0.0061932 80.1083972
0.0016893 -0.0063741 0.9999821 0.6528790
0.0000000 0.0000000 0.0000000 1.0000000
0.9962238 -0.0868128 -0.0012153 22.1976800
0.0868180 0.9962036 0.0056766 80.2333766
0.0007176 -0.0057607 0.9999871 0.6817618
0.0000000 0.0000000 0.0000000 1.0000000
0.9965038 -0.0834388 -0.0042772 22.9042831
0.0834630 0.9964891 0.0059046 80.3020397
0.0037693 -0.0062410 0.9999773 0.6857362
0.0000000 0.0000000 0.0000000 1.0000000
0.9963831 -0.0842315 -0.0112332 23.5946042
0.0843485 0.9963772 0.0104123 80.3057305
0.0103152 -0.0113223 0.9998866 0.7175443
0.0000000 0.0000000 0.0000000 1.0000000
0.9966034 -0.0804316 -0.0177046 24.3851928
0.0806652 0.9966528 0.0129243 80.3918233
0.0166056 -0.0143087 0.9997636 0.7365079
0.0000000 0.0000000 0.0000000 1.0000000
0.9967934 -0.0771049 -0.0214241 25.1394256
0.0774000 0.9969063 0.0133240 80.5001027
0.0203303 -0.0149396 0.9996856 0.7582061
0.0000000 0.0000000 0.0000000 1.0000000
0.9970490 -0.0741389 -0.0199272 25.8640984
0.0744367 0.9971131 0.0146629 80.5346679
0.0187824 -0.0161031 0.9996979 0.8064690
0.0000000 0.0000000 0.0000000 1.0000000
0.9971804 -0.0729114 -0.0177420 26.6937321
0.0732200 0.9971588 0.0174279 80.5287422
0.0164207 -0.0186780 0.9996947 0.8372536
0.0000000 0.0000000 0.0000000 1.0000000
0.9974656 -0.0700335 -0.0125524 27.4209385
0.0702855 0.9973025 0.0209326 80.6053319
0.0110523 -0.0217620 0.9997061 0.8615821
0.0000000 0.0000000 0.0000000 1.0000000
0.9976779 -0.0672278 -0.0109405 28.3240358
0.0674294 0.9975331 0.0192788 80.7269632
0.0096172 -0.0199720 0.9997583 0.9177553
0.0000000 0.0000000 0.0000000 1.0000000
0.9977628 -0.0659054 -0.0112159 28.9428588
0.0661174 0.9976117 0.0197483 80.7147902
0.0098874 -0.0204459 0.9997459 0.9324586
0.0000000 0.0000000 0.0000000 1.0000000
0.9977721 -0.0658291 -0.0108283 29.7688224
0.0660262 0.9976323 0.0190162 80.7422648
0.0095507 -0.0196890 0.9997646 0.9533711
0.0000000 0.0000000 0.0000000 1.0000000
0.9979174 -0.0634339 -0.0116703 30.6481285
0.0636505 0.9977820 0.0192620 80.8960749
0.0104224 -0.0199650 0.9997506 0.9811154
0.0000000 0.0000000 0.0000000 1.0000000
0.9978944 -0.0636822 -0.0122627 31.4580462
0.0639167 0.9977547 0.0198162 80.9424946
0.0109730 -0.0205584 0.9997327 1.0099034
0.0000000 0.0000000 0.0000000 1.0000000
0.9980199 -0.0618110 -0.0116344 32.2502873
0.0620392 0.9978608 0.0204265 80.9719719
0.0103467 -0.0211081 0.9997280 1.0462335
0.0000000 0.0000000 0.0000000 1.0000000
0.9981716 -0.0592320 -0.0120210 33.0152367
0.0594174 0.9981060 0.0157232 81.0585239
0.0110667 -0.0164089 0.9998085 1.0522562
0.0000000 0.0000000 0.0000000 1.0000000
0.9982225 -0.0581769 -0.0129109 33.7514081
0.0584313 0.9980813 0.0203136 81.1224337
0.0117041 -0.0210321 0.9997146 1.1085193
0.0000000 0.0000000 0.0000000 1.0000000
0.9982165 -0.0582787 -0.0129220 34.4500544
0.0585132 0.9981099 0.0185953 81.2659735
0.0118137 -0.0193184 0.9997479 1.1008165
0.0000000 0.0000000 0.0000000 1.0000000
0.9980541 -0.0611035 -0.0124323 35.2137620
0.0612841 0.9980081 0.0147242 81.2319559
0.0115076 -0.0154576 0.9998187 1.1140870
0.0000000 0.0000000 0.0000000 1.0000000
0.9979853 -0.0624410 -0.0112718 35.9548836
0.0626331 0.9978774 0.0176033 81.3158715
0.0101485 -0.0182740 0.9997859 1.1351841
0.0000000 0.0000000 0.0000000 1.0000000
0.9979603 -0.0626944 -0.0120093 36.8412453
0.0629098 0.9978436 0.0185133 81.4058192
0.0108225 -0.0192312 0.9997610 1.1419630
0.0000000 0.0000000 0.0000000 1.0000000
0.9977377 -0.0651806 -0.0164859 37.6616221
0.0655225 0.9976235 0.0211385 81.4666110
0.0150687 -0.0221711 0.9996452 1.1286574
0.0000000 0.0000000 0.0000000 1.0000000
0.9975094 -0.0677444 -0.0196385 38.4215625
0.0681990 0.9973913 0.0234984 81.4950473
0.0179952 -0.0247795 0.9995357 1.1319538
0.0000000 0.0000000 0.0000000 1.0000000
0.9973913 -0.0694103 -0.0198181 39.2277148
0.0698181 0.9973412 0.0206957 81.5710140
0.0183287 -0.0220255 0.9995940 1.1486524
0.0000000 0.0000000 0.0000000 1.0000000
0.9973110 -0.0706773 -0.0193436 40.0408000
0.0710840 0.9972404 0.0212257 81.6069172
0.0177899 -0.0225439 0.9995922 1.1677602
0.0000000 0.0000000 0.0000000 1.0000000
0.9971437 -0.0733277 -0.0180759 40.8587719
0.0737030 0.9970539 0.0210729 81.6752558
0.0164772 -0.0223452 0.9996192 1.1683079
0.0000000 0.0000000 0.0000000 1.0000000
0.9970505 -0.0750411 -0.0160857 41.7029466
0.0753353 0.9969820 0.0185638 81.7205952
0.0146438 -0.0197210 0.9997029 1.2213474
0.0000000 0.0000000 0.0000000 1.0000000
0.9971774 -0.0739013 -0.0132311 42.5195033
0.0742131 0.9969279 0.0249039 81.8243105
0.0113498 -0.0258158 0.9996070 1.3107540
0.0000000 0.0000000 0.0000000 1.0000000
0.9970122 -0.0766960 -0.0091295 43.4140683
0.0769033 0.9967184 0.0251332 81.8331046
0.0071717 -0.0257605 0.9996471 1.3402118
0.0000000 0.0000000 0.0000000 1.0000000
0.9969709 -0.0773174 -0.0083400 44.3072104
0.0775093 0.9966508 0.0259278 81.9035532
0.0063072 -0.0264960 0.9996338 1.3553228
0.0000000 0.0000000 0.0000000 1.0000000
0.9972280 -0.0739082 -0.0084881 45.0750740
0.0741475 0.9967081 0.0326882 82.0083993
0.0060440 -0.0332274 0.9994343 1.3870351
0.0000000 0.0000000 0.0000000 1.0000000
0.9974042 -0.0713312 -0.0097467 45.8945773
0.0716080 0.9969191 0.0318959 82.0187013
0.0074413 -0.0325114 0.9994483 1.4112467
0.0000000 0.0000000 0.0000000 1.0000000
0.9975265 -0.0693485 -0.0114341 46.8047415
0.0696963 0.9970007 0.0335376 82.0385855
0.0090738 -0.0342519 0.9993767 1.4246712
0.0000000 0.0000000 0.0000000 1.0000000
0.9975892 -0.0682981 -0.0122850 47.6760108
0.0686567 0.9971347 0.0316471 82.1381279
0.0100881 -0.0324146 0.9994284 1.4509503
0.0000000 0.0000000 0.0000000 1.0000000
0.9976717 -0.0672718 -0.0112045 48.5766146
0.0676047 0.9971751 0.0326304 82.1008207
0.0089775 -0.0333122 0.9994095 1.4583689
0.0000000 0.0000000 0.0000000 1.0000000
0.9976295 -0.0682804 -0.0085690 49.4836492
0.0685107 0.9971849 0.0303465 82.0397935
0.0064726 -0.0308619 0.9995076 1.4887005
0.0000000 0.0000000 0.0000000 1.0000000
0.9977007 -0.0673673 -0.0074643 50.4583476
0.0675540 0.9973044 0.0284979 82.1408868
0.0055240 -0.0289368 0.9995709 1.4991521
0.0000000 0.0000000 0.0000000 1.0000000
0.9977630 -0.0664129 -0.0076962 51.3141931
0.0666000 0.9974005 0.0273556 82.1428733
0.0058592 -0.0278071 0.9996010 1.5055248
0.0000000 0.0000000 0.0000000 1.0000000
0.9978035 -0.0656293 -0.0091059 52.2035695
0.0658566 0.9974480 0.0274242 82.2353604
0.0072825 -0.0279638 0.9995873 1.5501131
0.0000000 0.0000000 0.0000000 1.0000000
0.9977145 -0.0659364 -0.0148358 53.1425510
0.0664036 0.9972237 0.0335734 82.2587496
0.0125806 -0.0344820 0.9993311 1.5718155
0.0000000 0.0000000 0.0000000 1.0000000
0.9977054 -0.0645956 -0.0203486 54.0188709
0.0653048 0.9971986 0.0363472 82.3689090
0.0179435 -0.0375929 0.9991370 1.5963750
0.0000000 0.0000000 0.0000000 1.0000000
0.9976584 -0.0635902 -0.0252596 54.9310527
0.0644698 0.9972773 0.0356676 82.5361059
0.0229226 -0.0372128 0.9990494 1.6124727
0.0000000 0.0000000 0.0000000 1.0000000
0.9976632 -0.0630017 -0.0265190 55.8532477
0.0640115 0.9971780 0.0391111 82.5848719
0.0239799 -0.0407174 0.9988880 1.6565905
0.0000000 0.0000000 0.0000000 1.0000000
0.9976203 -0.0654102 -0.0218906 56.7788033
0.0661265 0.9972358 0.0337570 82.4895545
0.0196219 -0.0351244 0.9991955 1.6544603
0.0000000 0.0000000 0.0000000 1.0000000
0.9975751 -0.0681953 -0.0140448 57.8136986
0.0685744 0.9972336 0.0285328 82.6810563
0.0120598 -0.0294269 0.9994995 1.6488600
0.0000000 0.0000000 0.0000000 1.0000000
0.9974995 -0.0701521 -0.0087636 58.7322759
0.0703230 0.9972992 0.0209849 82.7561246
0.0072675 -0.0215488 0.9997467 1.6269144
0.0000000 0.0000000 0.0000000 1.0000000
0.9973900 -0.0715769 -0.0096786 59.4445443
0.0718038 0.9970872 0.0255499 82.7355381
0.0078213 -0.0261783 0.9996320 1.6538881
0.0000000 0.0000000 0.0000000 1.0000000
0.9971127 -0.0747583 -0.0134921 60.3452351
0.0751029 0.9968023 0.0271338 82.7213898
0.0114202 -0.0280689 0.9995461 1.6978610
0.0000000 0.0000000 0.0000000 1.0000000
0.9968863 -0.0778289 -0.0128424 61.2150804
0.0781123 0.9966691 0.0232605 82.8561360
0.0109890 -0.0241914 0.9996524 1.6932909
0.0000000 0.0000000 0.0000000 1.0000000
0.9966350 -0.0806304 -0.0148958 62.0077283
0.0809344 0.9964927 0.0210662 82.9381704
0.0131447 -0.0222010 0.9996726 1.7259946
0.0000000 0.0000000 0.0000000 1.0000000
0.9963697 -0.0835159 -0.0166437 62.8420419
0.0838387 0.9962799 0.0197348 82.9411517
0.0149333 -0.0210586 0.9996721 1.7382924
0.0000000 0.0000000 0.0000000 1.0000000
0.9960404 -0.0870182 -0.0183014 63.5513529
0.0873353 0.9960249 0.0172990 83.0805025
0.0167231 -0.0188289 0.9996885 1.7790199
0.0000000 0.0000000 0.0000000 1.0000000
0.9957121 -0.0895156 -0.0234041 64.4119882
0.0900068 0.9957190 0.0208503 83.0731564
0.0214373 -0.0228675 0.9995142 1.8549289
0.0000000 0.0000000 0.0000000 1.0000000
0.9950772 -0.0961241 -0.0241906 65.2168113
0.0967415 0.9949712 0.0257975 83.1162015
0.0215890 -0.0280109 0.9993800 1.8803120
0.0000000 0.0000000 0.0000000 1.0000000
0.9947820 -0.0993716 -0.0231830 65.9783984
0.1000010 0.9945953 0.0277819 83.2650251
0.0202968 -0.0299554 0.9993507 1.8860847
0.0000000 0.0000000 0.0000000 1.0000000
0.9942778 -0.1051253 -0.0190512 66.8860774
0.1056420 0.9939909 0.0285290 83.3422255
0.0159374 -0.0303786 0.9994170 1.8941677
0.0000000 0.0000000 0.0000000 1.0000000
0.9940755 -0.1080697 -0.0117897 67.7032240
0.1083586 0.9937275 0.0275017 83.4735474
0.0087433 -0.0286164 0.9995579 1.9064012
0.0000000 0.0000000 0.0000000 1.0000000
0.9934197 -0.1141674 -0.0093221 68.5180757
0.1143891 0.9930261 0.0283996 83.5682858
0.0060144 -0.0292792 0.9995588 1.9876246
0.0000000 0.0000000 0.0000000 1.0000000
0.9926978 -0.1202744 -0.0093903 69.3079937
0.1205149 0.9921981 0.0318090 83.6084485
0.0054909 -0.0327086 0.9994555 2.0621337
0.0000000 0.0000000 0.0000000 1.0000000
0.9918499 -0.1272646 -0.0063862 70.1629096
0.1273809 0.9915694 0.0236037 83.7515303
0.0033281 -0.0242250 0.9997066 2.0400321
0.0000000 0.0000000 0.0000000 1.0000000
0.9913138 -0.1313379 -0.0071234 70.7983278
0.1314878 0.9909126 0.0282241 83.8028897
0.0033515 -0.0289157 0.9995819 2.0637508
0.0000000 0.0000000 0.0000000 1.0000000
0.9903324 -0.1385667 -0.0066067 71.5720429
0.1386958 0.9899596 0.0271370 83.9202516
0.0027798 -0.0277911 0.9996156 2.0503434
0.0000000 0.0000000 0.0000000 1.0000000
0.9895657 -0.1436628 -0.0111248 72.3923378
0.1439871 0.9888377 0.0382187 84.0258933
0.0055097 -0.0394220 0.9992132 2.1373566
0.0000000 0.0000000 0.0000000 1.0000000
0.9888431 -0.1483067 -0.0141078 73.1807931
0.1487170 0.9882632 0.0348215 84.0264532
0.0087776 -0.0365313 0.9992997 2.1519634
0.0000000 0.0000000 0.0000000 1.0000000
0.9885404 -0.1503273 -0.0139151 73.9113322
0.1506723 0.9881699 0.0284818 84.2225208
0.0094686 -0.0302522 0.9995033 2.1540635
0.0000000 0.0000000 0.0000000 1.0000000
0.9878108 -0.1552204 -0.0118668 74.8307565
0.1554865 0.9874810 0.0264266 84.4482544
0.0076160 -0.0279497 0.9995861 2.1455179
0.0000000 0.0000000 0.0000000 1.0000000
0.9869642 -0.1607822 -0.0073729 75.5993455
0.1609287 0.9865454 0.0286861 84.5331910
0.0026611 -0.0294988 0.9995671 2.1925604
0.0000000 0.0000000 0.0000000 1.0000000
0.9861195 -0.1659992 -0.0038978 76.4542173
0.1660441 0.9857899 0.0252795 84.6987531
-0.0003543 -0.0255759 0.9996786 2.1624518
0.0000000 0.0000000 0.0000000 1.0000000
0.9854882 -0.1695802 -0.0076342 77.2084266
0.1697262 0.9851146 0.0270949 84.6874774
0.0029255 -0.0279976 0.9996096 2.1940614
0.0000000 0.0000000 0.0000000 1.0000000
0.9836639 -0.1793276 -0.0157868 78.0098831
0.1797113 0.9833237 0.0277517 84.8650887
0.0105467 -0.0301356 0.9994960 2.2074066
0.0000000 0.0000000 0.0000000 1.0000000
0.9821469 -0.1873053 -0.0175082 78.8378440
0.1876819 0.9819518 0.0232004 85.0041521
0.0128464 -0.0260724 0.9995834 2.2198240
0.0000000 0.0000000 0.0000000 1.0000000
0.9801321 -0.1978051 -0.0147068 79.5213966
0.1981046 0.9799078 0.0229749 85.0961607
0.0098665 -0.0254321 0.9996338 2.2389944
0.0000000 0.0000000 0.0000000 1.0000000
0.9777464 -0.2095811 -0.0094014 80.3144265
0.2097368 0.9775252 0.0211337 85.3296903
0.0047606 -0.0226354 0.9997384 2.2782556
0.0000000 0.0000000 0.0000000 1.0000000
0.9743762 -0.2249145 -0.0018332 81.1741527
0.2249067 0.9741897 0.0190620 85.5704043
-0.0025018 -0.0189860 0.9998227 2.3137947
0.0000000 0.0000000 0.0000000 1.0000000
0.9721107 -0.2345092 0.0025458 81.8572486
0.2344225 0.9719534 0.0185445 85.6965564
-0.0068236 -0.0174306 0.9998308 2.3228339
0.0000000 0.0000000 0.0000000 1.0000000
0.9687966 -0.2478367 -0.0032146 82.5840258
0.2478396 0.9684953 0.0241610 85.8959136
-0.0028750 -0.0242039 0.9997089 2.3572869
