1.0000000 0.0000000 0.0000000 0.0000000
0.0000000 1.0000000 0.0000000 0.0000000
0.0000000 0.0000000 1.0000000 0.0000000
0.0000000 0.0000000 0.0000000 1.0000000
0.9999995 -0.0000169 0.0009827 0.8398548
0.0000145 0.9999953 0.0028704 -0.2567645
-0.0009828 -0.0028703 0.9999955 0.0271751
0.0000000 0.0000000 0.0000000 1.0000000
0.9999918 0.0041694 0.0006398 1.7266869
-0.0041708 0.9999841 0.0035563 -0.2513400
-0.0006250 -0.0035589 0.9999937 0.0518755
0.0000000 0.0000000 0.0000000 1.0000000
0.9999572 0.0092335 0.0011300 2.5553067
-0.0092386 0.9999438 0.0050817 -0.2259082
-0.0010831 -0.0050919 0.9999868 0.0605056
0.0000000 0.0000000 0.0000000 1.0000000
0.9999580 0.0090785 0.0012694 3.3354760
-0.0090833 0.9999490 0.0042412 -0.3959559
-0.0012309 -0.0042526 0.9999906 0.0372980
0.0000000 0.0000000 0.0000000 1.0000000
0.9999486 0.0100603 0.0009273 4.2251067
-0.0100626 0.9999440 0.0029489 -0.2813662
-0.0008976 -0.0029581 0.9999957 0.0482428
0.0000000 0.0000000 0.0000000 1.0000000
0.9999058 0.0130369 0.0041784 5.1276820
-0.0130573 0.9999015 0.0050289 -0.4152737
-0.0041125 -0.0050830 0.9999791 0.0611257
0.0000000 0.0000000 0.0000000 1.0000000
0.9998806 0.0136125 0.0071881 5.9002103
-0.0136601 0.9998837 0.0066813 -0.6862172
-0.0070963 -0.0067787 0.9999524 0.0477184
0.0000000 0.0000000 0.0000000 1.0000000
0.9998104 0.0154552 0.0117632 6.6625461
-0.0155232 0.9998623 0.0057381 -0.7635153
-0.0116729 -0.0059196 0.9999149 0.1127093
0.0000000 0.0000000 0.0000000 1.0000000
0.9998198 0.0141921 0.0125512 7.2006770
-0.0142557 0.9998848 0.0050375 -0.7225543
-0.0124783 -0.0052155 0.9999091 0.1291236
0.0000000 0.0000000 0.0000000 1.0000000
0.9997915 0.0163667 0.0121664 7.8715493
-0.0164189 0.9998549 0.0042968 -0.7799110
-0.0120944 -0.0044957 0.9999173 0.1201021
0.0000000 0.0000000 0.0000000 1.0000000
0.9997544 0.0196247 0.0102296 8.6930944
-0.0196803 0.9997900 0.0054796 -0.8871915
-0.0101199 -0.0056795 0.9999333 0.1401441
0.0000000 0.0000000 0.0000000 1.0000000
0.9997380 0.0217039 0.0072254 9.2161570
-0.0217522 0.9997382 0.0069317 -0.7735796
-0.0070731 -0.0070870 0.9999505 0.1317328
0.0000000 0.0000000 0.0000000 1.0000000
0.9997035 0.0235319 0.0062790 9.9733304
-0.0235665 0.9997046 0.0057901 -0.7706906
-0.0061410 -0.0059363 0.9999641 0.1487942
0.0000000 0.0000000 0.0000000 1.0000000
0.9997597 0.0212907 0.0052688 10.3198358
-0.0213103 0.9997642 0.0040516 -0.8452600
-0.0051813 -0.0041629 0.9999786 0.1871454
0.0000000 0.0000000 0.0000000 1.0000000
0.9996391 0.0266062 0.0039250 10.8914881
-0.0266096 0.9996443 0.0014982 -0.9934382
-0.0038837 -0.0016021 0.9999918 0.1793724
0.0000000 0.0000000 0.0000000 1.0000000
0.9994678 0.0325677 0.0022186 11.3091453
-0.0325733 0.9994627 0.0035948 -1.1441431
-0.0021004 -0.0036651 0.9999916 0.2057334
0.0000000 0.0000000 0.0000000 1.0000000
0.9992841 0.0378216 0.0018574 11.7809856
-0.0378297 0.9992658 0.0060429 -1.2057662
-0.0016275 -0.0061088 0.9999805 0.2262734
0.0000000 0.0000000 0.0000000 1.0000000
0.9990259 0.0440919 0.0025424 12.4572991
-0.0441083 0.9989945 0.0080182 -1.1898859
-0.0021863 -0.0081225 0.9999652 0.2431979
0.0000000 0.0000000 0.0000000 1.0000000
0.9987199 0.0505827 0.0019905 12.8139001
-0.0505895 0.9987053 0.0053129 -1.3764529
-0.0017191 -0.0054068 0.9999844 0.2804686
0.0000000 0.0000000 0.0000000 1.0000000
0.9985328 0.0541552 0.0018411 13.2583800
-0.0541564 0.9985296 0.0023382 -1.4108740
-0.0017117 -0.0024345 0.9999960 0.2955314
0.0000000 0.0000000 0.0000000 1.0000000
0.9984797 0.0550968 0.0024841 13.6077760
-0.0550948 0.9984804 0.0005400 -1.5819568
-0.0024506 -0.0006760 0.9999971 0.2875273
0.0000000 0.0000000 0.0000000 1.0000000
0.9982753 0.0586428 0.0031948 13.8123772
-0.0586401 0.9982785 0.0001048 -1.5724558
-0.0031832 -0.0002919 0.9999954 0.2829112
0.0000000 0.0000000 0.0000000 1.0000000
0.9980943 0.0616306 0.0035302 14.0475143
-0.0616284 0.9980984 0.0002793 -1.5940848
-0.0035063 -0.0004963 0.9999942 0.3140147
0.0000000 0.0000000 0.0000000 1.0000000
0.9980785 0.0619631 0.0016044 14.2329547
-0.0619628 0.9980763 0.0016753 -1.4953947
-0.0014975 -0.0017715 0.9999979 0.3229241
0.0000000 0.0000000 0.0000000 1.0000000
0.9981401 0.0609614 0.0015079 14.4864171
-0.0609621 0.9981368 0.0022214 -1.4385254
-0.0013697 -0.0023092 0.9999969 0.3278305
0.0000000 0.0000000 0.0000000 1.0000000
0.9979593 0.0638451 0.0015074 14.8022631
-0.0638484 0.9979520 0.0037604 -1.6496343
-0.0012642 -0.0038490 0.9999924 0.3269778
0.0000000 0.0000000 0.0000000 1.0000000
0.9978064 0.0662099 0.0005419 15.0010031
-0.0662092 0.9977970 0.0040078 -1.6311380
-0.0002753 -0.0040349 0.9999925 0.3176132
0.0000000 0.0000000 0.0000000 1.0000000
0.9977153 0.0675487 -0.0015982 15.3002934
-0.0675390 0.9977063 0.0043720 -1.4884202
0.0018898 -0.0042540 0.9999899 0.3366626
0.0000000 0.0000000 0.0000000 1.0000000
0.9975233 0.0702887 -0.0027353 15.3041869
-0.0702742 0.9975172 0.0043226 -1.5931529
0.0030323 -0.0041197 0.9999877 0.3343598
0.0000000 0.0000000 0.0000000 1.0000000
0.9974199 0.0716932 -0.0038457 15.4775468
-0.0716815 0.9974231 0.0025212 -1.6958306
0.0040165 -0.0022390 0.9999903 0.3729976
0.0000000 0.0000000 0.0000000 1.0000000
0.9972205 0.0742437 -0.0063664 15.6606890
-0.0742274 0.9972372 0.0023756 -1.7248340
0.0065251 -0.0018964 0.9999778 0.3432641
0.0000000 0.0000000 0.0000000 1.0000000
0.9969349 0.0779480 -0.0068365 15.9867381
-0.0779278 0.9969537 0.0028437 -1.7046240
0.0070373 -0.0023022 0.9999735 0.3545034
0.0000000 0.0000000 0.0000000 1.0000000
0.9969357 0.0778757 -0.0074724 16.3313253
-0.0778545 0.9969594 0.0027863 -1.6197077
0.0076666 -0.0021960 0.9999691 0.3607101
0.0000000 0.0000000 0.0000000 1.0000000
0.9967966 0.0793510 -0.0101103 16.5535362
-0.0793285 0.9968445 0.0023201 -1.6622142
0.0102625 -0.0015106 0.9999471 0.3580595
0.0000000 0.0000000 0.0000000 1.0000000
0.9970491 0.0759810 -0.0110891 16.5022049
-0.0759569 0.9971072 0.0022816 -1.6381461
0.0112304 -0.0014325 0.9999367 0.3634183
0.0000000 0.0000000 0.0000000 1.0000000
0.9972650 0.0728878 -0.0123980 16.7000112
-0.0728599 0.9973379 0.0024806 -1.6575060
0.0125458 -0.0015705 0.9999209 0.4166986
0.0000000 0.0000000 0.0000000 1.0000000
0.9975117 0.0693061 -0.0130731 17.0356162
-0.0692610 0.9975903 0.0036683 -1.7484578
0.0132958 -0.0027537 0.9999086 0.4463606
0.0000000 0.0000000 0.0000000 1.0000000
0.9977840 0.0650104 -0.0142901 17.2937671
-0.0649632 0.9978797 0.0035869 -1.7379912
0.0144930 -0.0026506 0.9998923 0.4255640
0.0000000 0.0000000 0.0000000 1.0000000
0.9981343 0.0591413 -0.0152853 17.5987398
-0.0590878 0.9982440 0.0037885 -1.7476640
0.0154825 -0.0028783 0.9998769 0.4258673
0.0000000 0.0000000 0.0000000 1.0000000
0.9984898 0.0528074 -0.0152806 17.7827767
-0.0527408 0.9985964 0.0045908 -1.7426463
0.0155016 -0.0037779 0.9998736 0.4247129
0.0000000 0.0000000 0.0000000 1.0000000
0.9987683 0.0468244 -0.0165152 18.1679440
-0.0467225 0.9988862 0.0063805 -1.8356659
0.0167956 -0.0056010 0.9998441 0.4232201
0.0000000 0.0000000 0.0000000 1.0000000
0.9990186 0.0407108 -0.0175320 18.4332221
-0.0406129 0.9991568 0.0057960 -1.7260895
0.0177532 -0.0050783 0.9998304 0.4296712
0.0000000 0.0000000 0.0000000 1.0000000
0.9993464 0.0312702 -0.0181854 18.6442231
-0.0311778 0.9994988 0.0052318 -1.7727678
0.0183398 -0.0046613 0.9998220 0.4354635
0.0000000 0.0000000 0.0000000 1.0000000
0.9996152 0.0192296 -0.0200176 18.8297548
-0.0191461 0.9998066 0.0042654 -1.8023133
0.0200957 -0.0038804 0.9997917 0.4171777
0.0000000 0.0000000 0.0000000 1.0000000
0.9997646 0.0032679 -0.0214718 19.0181328
-0.0031742 0.9999847 0.0043198 -1.8317401
0.0214856 -0.0042506 0.9997614 0.4004675
0.0000000 0.0000000 0.0000000 1.0000000
0.9996640 -0.0127142 -0.0226178 19.2189878
0.0128338 0.9999041 0.0050773 -1.8344489
0.0225510 -0.0053658 0.9997327 0.4008668
0.0000000 0.0000000 0.0000000 1.0000000
0.9992019 -0.0319087 -0.0240593 19.4923788
0.0320601 0.9994680 0.0058607 -1.8288207
0.0238595 -0.0066274 0.9996946 0.4037330
0.0000000 0.0000000 0.0000000 1.0000000
0.9983612 -0.0529325 -0.0218058 19.8309227
0.0530782 0.9985712 0.0060755 -1.7613332
0.0214531 -0.0072229 0.9997451 0.4147501
0.0000000 0.0000000 0.0000000 1.0000000
0.9971166 -0.0729034 -0.0211154 20.3310762
0.0730348 0.9973137 0.0054341 -1.7442945
0.0206625 -0.0069606 0.9997636 0.4232763
0.0000000 0.0000000 0.0000000 1.0000000
0.9947888 -0.0999743 -0.0200654 20.5278227
0.1001185 0.9949552 0.0062294 -1.5495179
0.0193414 -0.0082058 0.9997806 0.4243342
0.0000000 0.0000000 0.0000000 1.0000000
0.9912250 -0.1309103 -0.0183719 20.9200944
0.1310647 0.9913455 0.0073609 -1.5198384
0.0172493 -0.0097042 0.9998055 0.4538049
0.0000000 0.0000000 0.0000000 1.0000000
0.9864445 -0.1633351 -0.0158404 21.2939171
0.1634699 0.9865187 0.0074902 -1.4068216
0.0144034 -0.0099780 0.9998477 0.5023306
0.0000000 0.0000000 0.0000000 1.0000000
0.9793115 -0.2020071 -0.0120005 21.4574915
0.2021308 0.9793061 0.0099986 -1.1302769
0.0097324 -0.0122174 0.9998794 0.5102472
0.0000000 0.0000000 0.0000000 1.0000000
0.9713329 -0.2375516 -0.0090967 21.9057226
0.2376566 0.9712634 0.0128028 -1.0674663
0.0057940 -0.0145977 0.9998781 0.4826172
0.0000000 0.0000000 0.0000000 1.0000000
0.9609015 -0.2768436 -0.0052805 22.2733928
0.2768945 0.9607735 0.0155183 -1.2196789
0.0007772 -0.0163736 0.9998670 0.4894147
0.0000000 0.0000000 0.0000000 1.0000000
0.9479563 -0.3183941 -0.0023450 22.6326561
0.3183832 0.9477817 0.0184189 -0.9243242
-0.0036419 -0.0182069 0.9998291 0.4993810
0.0000000 0.0000000 0.0000000 1.0000000
0.9338565 -0.3576435 0.0021277 22.9872123
0.3575311 0.9336782 0.0203419 -0.6799602
-0.0092617 -0.0182357 0.9997922 0.5122935
0.0000000 0.0000000 0.0000000 1.0000000
0.9177969 -0.3970004 0.0064399 23.4194504
0.3967600 0.9176180 0.0235867 -0.6072267
-0.0152733 -0.0190926 0.9997025 0.5330546
0.0000000 0.0000000 0.0000000 1.0000000
0.8985573 -0.4388046 0.0069190 23.6433460
0.4384867 0.8983279 0.0270980 -0.4048942
-0.0181063 -0.0213152 0.9996103 0.5380308
0.0000000 0.0000000 0.0000000 1.0000000
0.8781249 -0.4783604 0.0083954 24.0453409
0.4779636 0.8779004 0.0289787 -0.2085396
-0.0212327 -0.0214342 0.9995462 0.5078633
0.0000000 0.0000000 0.0000000 1.0000000
0.8551632 -0.5183061 0.0075896 24.6413453
0.5178328 0.8548568 0.0326745 -0.3144658
-0.0234235 -0.0240119 0.9994384 0.5183615
0.0000000 0.0000000 0.0000000 1.0000000
0.8280012 -0.5606820 0.0072293 24.8644087
0.5601770 0.8276863 0.0336979 0.1643899
-0.0248774 -0.0238522 0.9994071 0.5272670
0.0000000 0.0000000 0.0000000 1.0000000
0.8009081 -0.5987574 0.0061967 25.2627535
0.5981591 0.8004934 0.0376094 0.6175783
-0.0274794 -0.0264150 0.9992744 0.4763031
0.0000000 0.0000000 0.0000000 1.0000000
0.7678865 -0.6405512 0.0068576 25.6998132
0.6398955 0.7675059 0.0382952 0.6888109
-0.0297934 -0.0250182 0.9992441 0.4803493
0.0000000 0.0000000 0.0000000 1.0000000
0.7340189 -0.6790939 0.0070583 26.0462924
0.6784222 0.7336849 0.0380491 0.9626000
-0.0310176 -0.0231402 0.9992521 0.4851204
0.0000000 0.0000000 0.0000000 1.0000000
0.6983226 -0.7157178 0.0097971 26.3904209
0.7150021 0.6981304 0.0372056 1.4508198
-0.0334685 -0.0189765 0.9992607 0.4943294
0.0000000 0.0000000 0.0000000 1.0000000
0.6604136 -0.7507999 0.0124936 26.7705025
0.7500928 0.6603784 0.0354859 1.7694693
-0.0348933 -0.0140640 0.9992932 0.5786299
0.0000000 0.0000000 0.0000000 1.0000000
0.6238360 -0.7814597 0.0122872 27.1449155
0.7807381 0.6238220 0.0359300 2.3402697
-0.0357429 -0.0128213 0.9992799 0.5382798
0.0000000 0.0000000 0.0000000 1.0000000
0.5818740 -0.8132031 0.0112005 27.5483913
0.8125195 0.5818672 0.0352179 2.6939529
-0.0351566 -0.0113917 0.9993180 0.5299759
0.0000000 0.0000000 0.0000000 1.0000000
0.5420994 -0.8402329 0.0117765 27.9160618
0.8395856 0.5421561 0.0340629 3.4194859
-0.0350055 -0.0085781 0.9993514 0.4946070
0.0000000 0.0000000 0.0000000 1.0000000
0.4993762 -0.8662965 0.0124734 28.0041741
0.8657316 0.4995035 0.0316616 3.8365455
-0.0336589 -0.0050124 0.9994218 0.4912597
0.0000000 0.0000000 0.0000000 1.0000000
0.4509019 -0.8924666 0.0138791 28.2483925
0.8919086 0.4511081 0.0315755 4.4166608
-0.0344411 -0.0018585 0.9994060 0.5336771
0.0000000 0.0000000 0.0000000 1.0000000
0.4101777 -0.9118726 0.0156123 28.6561000
0.9112550 0.4104710 0.0335252 4.8140339
-0.0369791 0.0004756 0.9993168 0.5033732
0.0000000 0.0000000 0.0000000 1.0000000
0.3627348 -0.9317415 0.0168152 28.9322762
0.9310195 0.3631131 0.0367161 5.6645172
-0.0403158 0.0023371 0.9991853 0.5012747
0.0000000 0.0000000 0.0000000 1.0000000
0.3214831 -0.9467165 0.0194480 29.0900235
0.9460378 0.3219980 0.0364086 6.2148461
-0.0407308 0.0066939 0.9991490 0.5237406
0.0000000 0.0000000 0.0000000 1.0000000
0.2784954 -0.9602014 0.0213441 29.5172320
0.9595376 0.2791240 0.0370602 7.1202901
-0.0415429 0.0101594 0.9990863 0.5590369
0.0000000 0.0000000 0.0000000 1.0000000
0.2415667 -0.9701906 0.0194324 29.7529218
0.9696165 0.2421201 0.0349036 7.7023065
-0.0385681 0.0104105 0.9992029 0.5638837
0.0000000 0.0000000 0.0000000 1.0000000
0.2062194 -0.9783960 0.0147110 29.5970381
0.9779082 0.2065919 0.0318133 8.3450737
-0.0341651 0.0078256 0.9993867 0.5331606
0.0000000 0.0000000 0.0000000 1.0000000
0.1807276 -0.9834884 0.0095003 29.5171098
0.9829702 0.1809391 0.0320443 9.1759868
-0.0332341 0.0035473 0.9994424 0.4824928
0.0000000 0.0000000 0.0000000 1.0000000
0.1612085 -0.9868778 0.0092476 29.6470623
0.9862222 0.1614364 0.0360451 9.9655797
-0.0370649 0.0033095 0.9993086 0.4815511
0.0000000 0.0000000 0.0000000 1.0000000
0.1468068 -0.9891001 0.0114103 29.7328054
0.9882617 0.1471524 0.0409901 10.5797612
-0.0422223 0.0052588 0.9990957 0.4572134
0.0000000 0.0000000 0.0000000 1.0000000
0.1425776 -0.9897071 0.0124085 29.7351237
0.9888230 0.1429769 0.0422151 11.5162145
-0.0435546 0.0062509 0.9990329 0.4062548
0.0000000 0.0000000 0.0000000 1.0000000
0.1455360 -0.9892919 0.0110964 29.7493768
0.9884698 0.1458673 0.0405688 12.3412599
-0.0417529 0.0050643 0.9991166 0.3644021
0.0000000 0.0000000 0.0000000 1.0000000
0.1436645 -0.9894867 0.0166911 30.0214793
0.9888843 0.1441856 0.0362465 13.3772326
-0.0382720 0.0112983 0.9992049 0.3588795
0.0000000 0.0000000 0.0000000 1.0000000
0.1478387 -0.9887492 0.0228202 30.2759976
0.9883224 0.1485535 0.0338604 14.1447025
-0.0368694 0.0175479 0.9991676 0.3895788
0.0000000 0.0000000 0.0000000 1.0000000
0.1533184 -0.9878888 0.0238955 30.2839462
0.9874700 0.1540743 0.0340594 15.3133103
-0.0373285 0.0183742 0.9991356 0.2996167
0.0000000 0.0000000 0.0000000 1.0000000
0.1531648 -0.9879334 0.0230307 30.3292331
0.9874796 0.1538977 0.0345845 16.3827583
-0.0377115 0.0174453 0.9991378 0.2071486
0.0000000 0.0000000 0.0000000 1.0000000
0.1575269 -0.9871612 0.0264473 30.6890726
0.9869316 0.1582933 0.0300911 17.0324618
-0.0338911 0.0213616 0.9991985 0.2596785
0.0000000 0.0000000 0.0000000 1.0000000
0.1630039 -0.9863895 0.0216107 30.8407150
0.9863168 0.1634571 0.0213706 17.9333043
-0.0246121 0.0178316 0.9995394 0.2318065
0.0000000 0.0000000 0.0000000 1.0000000
0.1573293 -0.9874512 0.0137547 31.2261265
0.9873720 0.1575436 0.0164896 18.9285198
-0.0184495 0.0109867 0.9997709 0.1407647
0.0000000 0.0000000 0.0000000 1.0000000
0.1600750 -0.9870708 0.0082810 31.4675405
0.9869839 0.1601770 0.0142155 19.9106170
-0.0153580 0.0058978 0.9998661 0.1051679
0.0000000 0.0000000 0.0000000 1.0000000
0.1529275 -0.9882306 0.0037982 31.3585407
0.9880161 0.1529699 0.0204720 20.7288800
-0.0208120 0.0006220 0.9997847 0.0666233
0.0000000 0.0000000 0.0000000 1.0000000
0.1503113 -0.9886346 0.0029135 31.5160206
0.9882418 0.1503304 0.0278196 22.0037653
-0.0279414 -0.0013023 0.9996103 0.0422952
0.0000000 0.0000000 0.0000000 1.0000000
0.1510248 -0.9885289 0.0014041 31.7902453
0.9879242 0.1509785 0.0347282 23.0303916
-0.0345418 -0.0038576 0.9993974 0.0514037
0.0000000 0.0000000 0.0000000 1.0000000
0.1567892 -0.9876302 0.0018110 31.9452997
0.9866801 0.1567150 0.0435580 23.9830164
-0.0433030 -0.0050424 0.9990509 0.0028744
0.0000000 0.0000000 0.0000000 1.0000000
0.1560795 -0.9877349 0.0043215 32.1024915
0.9864953 0.1560972 0.0495463 25.0596128
-0.0496132 -0.0034699 0.9987642 -0.0046032
0.0000000 0.0000000 0.0000000 1.0000000
0.1540495 -0.9880459 0.0058246 32.3225803
0.9867221 0.1541410 0.0511248 26.1505879
-0.0514115 -0.0021283 0.9986769 -0.0463195
0.0000000 0.0000000 0.0000000 1.0000000
0.1507294 -0.9885666 0.0041086 32.5019058
0.9872856 0.1507399 0.0503859 27.1534084
-0.0504292 -0.0035382 0.9987231 -0.1678354
0.0000000 0.0000000 0.0000000 1.0000000
0.1479362 -0.9889935 0.0025868 32.6382418
0.9878323 0.1478848 0.0480776 28.0287361
-0.0479310 -0.0045570 0.9988420 -0.2265032
0.0000000 0.0000000 0.0000000 1.0000000
0.1447511 -0.9894680 0.0002115 32.9728731
0.9885121 0.1446174 0.0438650 28.9163424
-0.0434336 -0.0061404 0.9990392 -0.1922621
0.0000000 0.0000000 0.0000000 1.0000000
0.1356116 -0.9907622 0.0001659 33.3211334
0.9899669 0.1355057 0.0399622 29.8743230
-0.0396154 -0.0052550 0.9992030 -0.1949171
0.0000000 0.0000000 0.0000000 1.0000000
0.1311207 -0.9913657 -0.0010436 33.3123930
0.9906344 0.1309798 0.0384737 31.0849554
-0.0380047 -0.0060784 0.9992609 -0.2466463
0.0000000 0.0000000 0.0000000 1.0000000
0.1251593 -0.9921354 0.0013624 33.2585338
0.9912746 0.1251038 0.0414356 31.8623663
-0.0412802 -0.0038354 0.9991421 -0.2866014
0.0000000 0.0000000 0.0000000 1.0000000
0.1204313 -0.9927199 0.0016598 33.3754920
0.9916787 0.1203773 0.0455596 33.0363309
-0.0454277 -0.0038407 0.9989622 -0.3252669
0.0000000 0.0000000 0.0000000 1.0000000
0.1213024 -0.9926083 0.0036128 33.1367724
0.9914189 0.1213304 0.0485777 34.3011359
-0.0486570 -0.0023106 0.9988149 -0.3674161
0.0000000 0.0000000 0.0000000 1.0000000
0.1171383 -0.9931143 0.0011764 33.4143494
0.9918060 0.1170411 0.0511351 35.4576485
-0.0509208 -0.0048230 0.9986930 -0.3963355
0.0000000 0.0000000 0.0000000 1.0000000
0.1173764 -0.9930856 -0.0017570 33.4427394
0.9916120 0.1171021 0.0546406 36.7224600
-0.0540571 -0.0081557 0.9985066 -0.4547351
0.0000000 0.0000000 0.0000000 1.0000000
0.1135524 -0.9935212 -0.0045657 33.4903755
0.9919648 0.1131108 0.0566063 37.6486569
-0.0557232 -0.0109567 0.9983882 -0.4793110
0.0000000 0.0000000 0.0000000 1.0000000
0.1116801 -0.9937292 -0.0053710 33.7673079
0.9921459 0.1111893 0.0572369 38.8765613
-0.0562809 -0.0117210 0.9983484 -0.5418713
0.0000000 0.0000000 0.0000000 1.0000000
0.1114553 -0.9937466 -0.0066597 33.8748768
0.9922405 0.1109067 0.0561378 39.8131990
-0.0550482 -0.0128648 0.9984030 -0.5515383
0.0000000 0.0000000 0.0000000 1.0000000
0.1098309 -0.9939267 -0.0067686 34.1127407
0.9924843 0.1092938 0.0549831 40.9268712
-0.0539094 -0.0127565 0.9984667 -0.6061134
0.0000000 0.0000000 0.0000000 1.0000000
0.1062823 -0.9943048 -0.0077497 34.3336076
0.9928757 0.1056980 0.0549487 41.9823133
-0.0538167 -0.0135345 0.9984615 -0.6415187
0.0000000 0.0000000 0.0000000 1.0000000
0.1069378 -0.9941981 -0.0115062 34.2496280
0.9928506 0.1061587 0.0545208 42.9015367
-0.0529831 -0.0172542 0.9984487 -0.6578852
0.0000000 0.0000000 0.0000000 1.0000000
0.1076591 -0.9940481 -0.0166191 34.3237762
0.9929909 0.1066922 0.0507942 44.0374749
-0.0487188 -0.0219711 0.9985732 -0.7164255
0.0000000 0.0000000 0.0000000 1.0000000
0.1062375 -0.9941651 -0.0186417 34.6366707
0.9931680 0.1051811 0.0504831 45.2580580
-0.0482279 -0.0238775 0.9985534 -0.7384955
0.0000000 0.0000000 0.0000000 1.0000000
0.1110513 -0.9936717 -0.0167954 34.7435018
0.9924636 0.1100013 0.0539420 46.3694565
-0.0517533 -0.0226591 0.9984053 -0.8394012
0.0000000 0.0000000 0.0000000 1.0000000
0.1133781 -0.9934303 -0.0154965 34.7254278
0.9920656 0.1123397 0.0563879 47.4333698
-0.0542767 -0.0217666 0.9982913 -0.9042562
0.0000000 0.0000000 0.0000000 1.0000000
0.1187759 -0.9928443 -0.0122804 34.8988814
0.9914333 0.1179095 0.0561409 48.4056530
-0.0542913 -0.0188433 0.9983501 -0.9420063
0.0000000 0.0000000 0.0000000 1.0000000
0.1224484 -0.9924001 -0.0120996 35.0378374
0.9910309 0.1216012 0.0553645 49.5723082
-0.0534725 -0.0187703 0.9983957 -0.9864574
0.0000000 0.0000000 0.0000000 1.0000000
0.1302194 -0.9913781 -0.0145117 35.1939094
0.9900203 0.1292152 0.0561985 50.5493200
-0.0538390 -0.0216849 0.9983169 -1.0188129
0.0000000 0.0000000 0.0000000 1.0000000
0.1375116 -0.9903582 -0.0167233 35.3000941
0.9889570 0.1363330 0.0580771 51.6875438
-0.0552373 -0.0245248 0.9981749 -1.0824117
0.0000000 0.0000000 0.0000000 1.0000000
0.1423705 -0.9896142 -0.0198158 35.5480394
0.9882701 0.1409999 0.0586227 52.5428467
-0.0552200 -0.0279294 0.9980865 -1.0928645
0.0000000 0.0000000 0.0000000 1.0000000
0.1503007 -0.9884212 -0.0207655 35.6697428
0.9871957 0.1489104 0.0571456 53.5144140
-0.0533919 -0.0290885 0.9981529 -1.1095396
0.0000000 0.0000000 0.0000000 1.0000000
0.1544243 -0.9877632 -0.0217916 35.8715587
0.9866253 0.1530038 0.0561735 54.7112470
-0.0521521 -0.0301746 0.9981863 -1.1279344
0.0000000 0.0000000 0.0000000 1.0000000
0.1616568 -0.9866494 -0.0196880 36.0786371
0.9854608 0.1603383 0.0561522 55.6449549
-0.0522459 -0.0284791 0.9982312 -1.1739041
0.0000000 0.0000000 0.0000000 1.0000000
0.1675158 -0.9856698 -0.0197808 36.1834153
0.9845023 0.1661916 0.0559428 57.0433512
-0.0518538 -0.0288455 0.9982412 -1.2618730
0.0000000 0.0000000 0.0000000 1.0000000
0.1682774 -0.9855703 -0.0182248 36.2115904
0.9842356 0.1669688 0.0582708 58.1661807
-0.0543871 -0.0277431 0.9981376 -1.3102702
0.0000000 0.0000000 0.0000000 1.0000000
0.1761502 -0.9841817 -0.0188543 36.3038446
0.9827957 0.1747547 0.0597352 59.1759300
-0.0554955 -0.0290522 0.9980393 -1.3350259
0.0000000 0.0000000 0.0000000 1.0000000
0.1809380 -0.9833513 -0.0167054 36.5628575
0.9819623 0.1796796 0.0588287 60.1942758
-0.0548478 -0.0270483 0.9981316 -1.4330804
0.0000000 0.0000000 0.0000000 1.0000000
0.1870370 -0.9822133 -0.0164600 36.5495162
0.9810461 0.1858954 0.0546517 61.3172172
-0.0506199 -0.0263698 0.9983731 -1.4678724
0.0000000 0.0000000 0.0000000 1.0000000
0.1905404 -0.9815560 -0.0154560 36.9403234
0.9806639 0.1896015 0.0484113 62.4781423
-0.0445880 -0.0243812 0.9987112 -1.5136890
0.0000000 0.0000000 0.0000000 1.0000000
0.1938862 -0.9809265 -0.0137022 36.9445336
0.9799833 0.1930164 0.0486878 63.5829761
-0.0451145 -0.0228676 0.9987233 -1.5758944
0.0000000 0.0000000 0.0000000 1.0000000
0.1979211 -0.9801300 -0.0130215 37.1545692
0.9791203 0.1970513 0.0498775 64.8753971
-0.0463206 -0.0226213 0.9986738 -1.6298300
0.0000000 0.0000000 0.0000000 1.0000000
0.2004128 -0.9796521 -0.0107128 37.4017407
0.9786189 0.1996586 0.0493405 65.9182989
-0.0461977 -0.0203721 0.9987280 -1.7131676
0.0000000 0.0000000 0.0000000 1.0000000
0.2014181 -0.9793991 -0.0143874 37.5408362
0.9784418 0.2004913 0.0494742 67.0437956
-0.0455704 -0.0240421 0.9986754 -1.7197122
0.0000000 0.0000000 0.0000000 1.0000000
0.2049213 -0.9786651 -0.0148698 37.8407655
0.9777178 0.2039666 0.0495782 68.2094785
-0.0454875 -0.0246980 0.9986631 -1.7664301
0.0000000 0.0000000 0.0000000 1.0000000
0.2032094 -0.9789993 -0.0162999 38.0058973
0.9781010 0.2021994 0.0492655 69.4529202
-0.0449350 -0.0259540 0.9986563 -1.8335011
0.0000000 0.0000000 0.0000000 1.0000000
0.2062722 -0.9783342 -0.0177252 38.2819483
0.9775287 0.2052280 0.0480873 70.4564356
-0.0434077 -0.0272459 0.9986894 -1.8575981
0.0000000 0.0000000 0.0000000 1.0000000
0.2053606 -0.9785249 -0.0177690 38.2858762
0.9776996 0.2043030 0.0485406 71.7437019
-0.0438679 -0.0273410 0.9986667 -1.9032053
0.0000000 0.0000000 0.0000000 1.0000000
0.2071062 -0.9782017 -0.0151027 38.3340967
0.9773571 0.2061919 0.0474405 73.0519588
-0.0432923 -0.0245859 0.9987637 -1.8874873
0.0000000 0.0000000 0.0000000 1.0000000
0.2092585 -0.9778041 -0.0104561 38.6274394
0.9768607 0.2085475 0.0473535 74.2622133
-0.0441219 -0.0201231 0.9988273 -1.9419641
0.0000000 0.0000000 0.0000000 1.0000000
0.2121309 -0.9771936 -0.0095964 38.9831452
0.9761455 0.2114162 0.0493338 75.4005533
-0.0461799 -0.0198326 0.9987401 -1.9332496
0.0000000 0.0000000 0.0000000 1.0000000
0.2122921 -0.9771473 -0.0106635 39.2841134
0.9759828 0.2114661 0.0522524 76.6597987
-0.0488034 -0.0215001 0.9985809 -2.0067196
0.0000000 0.0000000 0.0000000 1.0000000
0.2190169 -0.9756468 -0.0119767 39.4781537
0.9745464 0.2181334 0.0516439 77.5626863
-0.0477737 -0.0229826 0.9985978 -2.0412433
0.0000000 0.0000000 0.0000000 1.0000000
0.2215896 -0.9750372 -0.0140957 39.5417557
0.9740232 0.2206198 0.0509527 78.9665169
-0.0465710 -0.0250200 0.9986058 -2.0929859
0.0000000 0.0000000 0.0000000 1.0000000
0.2228427 -0.9747473 -0.0144087 40.0961023
0.9738475 0.2219153 0.0486375 80.0414302
-0.0442118 -0.0248702 0.9987168 -2.1273459
0.0000000 0.0000000 0.0000000 1.0000000
0.2224605 -0.9748605 -0.0125488 40.4122390
0.9739202 0.2216184 0.0485370 81.1243259
-0.0445357 -0.0230189 0.9987470 -2.1448881
0.0000000 0.0000000 0.0000000 1.0000000
0.2236125 -0.9745965 -0.0126055 40.8389514
0.9735912 0.2227320 0.0500269 82.3319640
-0.0459484 -0.0234591 0.9986728 -2.1372601
0.0000000 0.0000000 0.0000000 1.0000000
0.2239295 -0.9745466 -0.0106920 41.3678558
0.9733880 0.2230868 0.0523361 83.6640424
-0.0486188 -0.0221269 0.9985768 -2.1988363
0.0000000 0.0000000 0.0000000 1.0000000
0.2263663 -0.9739836 -0.0106646 41.7268868
0.9727228 0.2254747 0.0544327 84.8158858
-0.0506120 -0.0226953 0.9984651 -2.2194736
0.0000000 0.0000000 0.0000000 1.0000000
0.2280224 -0.9735776 -0.0122976 42.1220831
0.9723123 0.2270249 0.0553065 85.8316610
-0.0510534 -0.0245681 0.9983984 -2.2504915
0.0000000 0.0000000 0.0000000 1.0000000
0.2315818 -0.9727409 -0.0120103 42.3484201
0.9716290 0.2306709 0.0521415 86.9370573
-0.0479497 -0.0237444 0.9985721 -2.2956386
0.0000000 0.0000000 0.0000000 1.0000000
0.2335598 -0.9722987 -0.0091853 42.7243495
0.9711990 0.2328156 0.0505913 87.8821617
-0.0470514 -0.0207367 0.9986819 -2.3321110
0.0000000 0.0000000 0.0000000 1.0000000
0.2324547 -0.9725801 -0.0071903 43.1160541
0.9714305 0.2318021 0.0508003 89.0643457
-0.0477406 -0.0187935 0.9986876 -2.3755777
0.0000000 0.0000000 0.0000000 1.0000000
0.2369810 -0.9715083 -0.0033747 43.3846624
0.9701994 0.2364761 0.0527597 89.9674367
-0.0504585 -0.0157769 0.9986062 -2.4171028
0.0000000 0.0000000 0.0000000 1.0000000
0.2415322 -0.9703904 -0.0019093 43.6542754
0.9689655 0.2410673 0.0546256 91.1706329
-0.0525479 -0.0150436 0.9985099 -2.4669850
0.0000000 0.0000000 0.0000000 1.0000000
0.2415448 -0.9703873 -0.0019765 43.9293242
0.9689551 0.2410744 0.0547710 92.0759082
-0.0526726 -0.0151445 0.9985019 -2.5444555
0.0000000 0.0000000 0.0000000 1.0000000
0.2458257 -0.9693115 -0.0020691 44.2741900
0.9677384 0.2453019 0.0574415 93.3079090
-0.0551712 -0.0161227 0.9983518 -2.5982177
0.0000000 0.0000000 0.0000000 1.0000000
0.2498528 -0.9682788 -0.0030796 44.5334355
0.9668169 0.2492963 0.0557350 94.4295033
-0.0531993 -0.0169027 0.9984460 -2.6598377
0.0000000 0.0000000 0.0000000 1.0000000
0.2545241 -0.9670516 -0.0054033 44.9071631
0.9658210 0.2539073 0.0520691 95.4614484
-0.0489815 -0.0184712 0.9986341 -2.6873209
0.0000000 0.0000000 0.0000000 1.0000000
0.2600758 -0.9655540 -0.0081698 45.1863049
0.9644302 0.2593389 0.0510721 96.5835442
-0.0471941 -0.0211617 0.9986667 -2.7468135
0.0000000 0.0000000 0.0000000 1.0000000
0.2593722 -0.9657480 -0.0075858 45.6106387
0.9646206 0.2586675 0.0508855 97.7777554
-0.0471803 -0.0205155 0.9986808 -2.7757978
0.0000000 0.0000000 0.0000000 1.0000000
0.2578913 -0.9661514 -0.0067157 45.9632841
0.9649928 0.2572246 0.0511440 99.1098031
-0.0476853 -0.0196701 0.9986737 -2.8425919
0.0000000 0.0000000 0.0000000 1.0000000
0.2605382 -0.9654378 -0.0071812 46.0855584
0.9641975 0.2598074 0.0530474 100.2863670
-0.0493482 -0.0207449 0.9985711 -2.8971636
0.0000000 0.0000000 0.0000000 1.0000000
0.2569691 -0.9663999 -0.0062582 46.5868195
0.9650714 0.2562622 0.0543791 101.4987557
-0.0509482 -0.0200132 0.9985057 -2.8846238
0.0000000 0.0000000 0.0000000 1.0000000
0.2616249 -0.9651303 -0.0087721 46.7045762
0.9637932 0.2607550 0.0556688 102.6599981
-0.0514402 -0.0230187 0.9984158 -2.9712100
0.0000000 0.0000000 0.0000000 1.0000000
0.2693788 -0.9629670 -0.0113983 47.0241583
0.9616470 0.2683363 0.0567460 103.8561325
-0.0515859 -0.0262472 0.9983285 -2.9684914
0.0000000 0.0000000 0.0000000 1.0000000
0.2698768 -0.9627937 -0.0139599 47.2571755
0.9614876 0.2686700 0.0578602 105.1820865
-0.0519569 -0.0290374 0.9982320 -3.0727537
0.0000000 0.0000000 0.0000000 1.0000000
0.2747809 -0.9613835 -0.0153613 47.5465845
0.9602836 0.2735903 0.0547106 106.4314361
-0.0483952 -0.0297845 0.9983890 -3.1283099
0.0000000 0.0000000 0.0000000 1.0000000
0.2717970 -0.9622061 -0.0168654 47.9677882
0.9612947 0.2706334 0.0515740 107.7744147
-0.0450604 -0.0302301 0.9985317 -3.2028334
0.0000000 0.0000000 0.0000000 1.0000000
0.2777250 -0.9605435 -0.0149773 48.1639720
0.9596631 0.2766923 0.0497784 109.1901258
-0.0436702 -0.0281978 0.9986531 -3.2584660
0.0000000 0.0000000 0.0000000 1.0000000
0.2776562 -0.9606136 -0.0112942 48.4828774
0.9596820 0.2768116 0.0487480 110.4270865
-0.0437016 -0.0243738 0.9987524 -3.2825547
0.0000000 0.0000000 0.0000000 1.0000000
0.2836350 -0.9588634 -0.0114673 48.7966440
0.9578969 0.2827522 0.0497495 111.8522129
-0.0444605 -0.0250950 0.9987011 -3.3262549
0.0000000 0.0000000 0.0000000 1.0000000
0.2864438 -0.9580651 -0.0078242 49.1177642
0.9568309 0.2856348 0.0536468 113.0802320
-0.0491623 -0.0228531 0.9985346 -3.3770344
0.0000000 0.0000000 0.0000000 1.0000000
0.2848321 -0.9585589 -0.0059134 49.4514990
0.9573386 0.2841438 0.0524893 114.1581726
-0.0486338 -0.0206115 0.9986093 -3.4285001
0.0000000 0.0000000 0.0000000 1.0000000
0.2872283 -0.9578289 -0.0079535 49.8354822
0.9567970 0.2865063 0.0494381 115.4800099
-0.0450745 -0.0218097 0.9987509 -3.4905385
0.0000000 0.0000000 0.0000000 1.0000000
0.2871275 -0.9578366 -0.0102903 50.2091818
0.9569698 0.2863625 0.0468479 116.7746899
-0.0419258 -0.0232987 0.9988545 -3.5502629
0.0000000 0.0000000 0.0000000 1.0000000
0.2892484 -0.9571990 -0.0102338 50.4003479
0.9563335 0.2884844 0.0468258 117.7643968
-0.0418692 -0.0233310 0.9988561 -3.5869784
0.0000000 0.0000000 0.0000000 1.0000000
0.2912345 -0.9565828 -0.0114662 50.7654818
0.9556898 0.2903827 0.0482194 118.8341167
-0.0427962 -0.0250011 0.9987764 -3.6368539
0.0000000 0.0000000 0.0000000 1.0000000
0.2932619 -0.9559098 -0.0152838 51.1010169
0.9549505 0.2921314 0.0521560 120.0076101
-0.0453915 -0.0298905 0.9985277 -3.7081689
0.0000000 0.0000000 0.0000000 1.0000000
0.2959783 -0.9550237 -0.0180815 51.3923330
0.9539052 0.2945412 0.0574684 121.0480997
-0.0495580 -0.0342573 0.9981893 -3.7804929
0.0000000 0.0000000 0.0000000 1.0000000
0.2982522 -0.9541919 -0.0237554 51.8036287
0.9532641 0.2965171 0.0579469 122.3268724
-0.0482486 -0.0399279 0.9980427 -3.8304753
0.0000000 0.0000000 0.0000000 1.0000000
0.3006669 -0.9532744 -0.0294545 52.3215723
0.9526279 0.2986917 0.0572388 123.4342589
-0.0457664 -0.0452689 0.9979315 -3.8209536
0.0000000 0.0000000 0.0000000 1.0000000
0.3003522 -0.9533115 -0.0314058 52.5778536
0.9527404 0.2982739 0.0575459 124.7367611
-0.0454916 -0.0472055 0.9978544 -3.8302113
0.0000000 0.0000000 0.0000000 1.0000000
0.3012666 -0.9530987 -0.0290163 53.0666855
0.9524805 0.2993581 0.0561948 125.9630582
-0.0448729 -0.0445671 0.9980038 -3.8778252
0.0000000 0.0000000 0.0000000 1.0000000
0.2992560 -0.9537609 -0.0280601 53.3112743
0.9530953 0.2973915 0.0562107 127.2266605
-0.0452667 -0.0435654 0.9980303 -3.9205594
0.0000000 0.0000000 0.0000000 1.0000000
0.2980942 -0.9541146 -0.0284000 53.6708813
0.9534663 0.2962195 0.0561079 128.5109943
-0.0451206 -0.0438038 0.9980265 -3.9601588
0.0000000 0.0000000 0.0000000 1.0000000
0.3025264 -0.9527693 -0.0266356 54.1443929
0.9517785 0.3004814 0.0618139 129.9927903
-0.0508908 -0.0440515 0.9977381 -3.9649206
0.0000000 0.0000000 0.0000000 1.0000000
0.3051469 -0.9520136 -0.0235826 54.4412867
0.9507676 0.3031525 0.0642829 131.2340720
-0.0540492 -0.0420372 0.9976589 -4.0476839
0.0000000 0.0000000 0.0000000 1.0000000
0.3037898 -0.9524232 -0.0245276 54.7788558
0.9512148 0.3017459 0.0642884 132.4748182
-0.0538287 -0.0428611 0.9976359 -4.0937605
0.0000000 0.0000000 0.0000000 1.0000000
0.3054589 -0.9518876 -0.0246069 55.0871353
0.9508126 0.3035116 0.0618821 133.5893900
-0.0514363 -0.0422989 0.9977862 -4.1997382
0.0000000 0.0000000 0.0000000 1.0000000
0.3058629 -0.9517437 -0.0251650 55.4844532
0.9506570 0.3038567 0.0625751 134.7738516
-0.0519089 -0.0430626 0.9977291 -4.2195793
0.0000000 0.0000000 0.0000000 1.0000000
0.3081555 -0.9510073 -0.0250374 55.8833378
0.9499197 0.3061529 0.0625839 135.9101876
-0.0518524 -0.0430690 0.9977317 -4.3198401
0.0000000 0.0000000 0.0000000 1.0000000
0.3120215 -0.9497671 -0.0242263 56.1752340
0.9485627 0.3099833 0.0642916 137.0785041
-0.0535523 -0.0430405 0.9976432 -4.3636454
0.0000000 0.0000000 0.0000000 1.0000000
0.3159258 -0.9484372 -0.0256728 56.5358234
0.9471978 0.3137157 0.0662837 138.3607864
-0.0548120 -0.0452579 0.9974767 -4.3856653
0.0000000 0.0000000 0.0000000 1.0000000
0.3203258 -0.9469512 -0.0260010 56.9233929
0.9455839 0.3179650 0.0690218 139.4402007
-0.0570929 -0.0466955 0.9972826 -4.4250626
0.0000000 0.0000000 0.0000000 1.0000000
0.3244065 -0.9454756 -0.0289374 57.2473250
0.9443784 0.3219797 0.0668846 140.7731792
-0.0539206 -0.0490256 0.9973474 -4.4632170
0.0000000 0.0000000 0.0000000 1.0000000
0.3259344 -0.9449826 -0.0278628 57.5354724
0.9439584 0.3236735 0.0645972 141.9061007
-0.0520248 -0.0473557 0.9975288 -4.5271736
0.0000000 0.0000000 0.0000000 1.0000000
0.3245706 -0.9454573 -0.0276779 57.8992241
0.9445213 0.3224119 0.0626518 143.0369746
-0.0503109 -0.0464771 0.9976581 -4.5357447
0.0000000 0.0000000 0.0000000 1.0000000
0.3249996 -0.9453544 -0.0261113 58.2217076
0.9443711 0.3229408 0.0621875 144.2206895
-0.0503569 -0.0448695 0.9977292 -4.5927679
0.0000000 0.0000000 0.0000000 1.0000000
0.3283431 -0.9442619 -0.0237016 58.5296826
0.9432487 0.3264607 0.0608313 145.3475396
-0.0497031 -0.0423299 0.9978731 -4.6587904
0.0000000 0.0000000 0.0000000 1.0000000
0.3304114 -0.9435759 -0.0222291 58.9313656
0.9425759 0.3286586 0.0594044 146.3705314
-0.0487468 -0.0405804 0.9979929 -4.6694621
0.0000000 0.0000000 0.0000000 1.0000000
0.3348227 -0.9420376 -0.0214562 59.1873777
0.9410129 0.3331018 0.0594343 147.3990114
-0.0488423 -0.0400903 0.9980081 -4.7639541
0.0000000 0.0000000 0.0000000 1.0000000
0.3347315 -0.9421150 -0.0193796 59.6537378
0.9409566 0.3330733 0.0604701 148.8393336
-0.0505150 -0.0384764 0.9979884 -4.8226337
0.0000000 0.0000000 0.0000000 1.0000000
0.3362414 -0.9416301 -0.0166296 59.9492084
0.9403926 0.3347365 0.0600564 149.8244381
-0.0509844 -0.0358316 0.9980631 -4.8967687
0.0000000 0.0000000 0.0000000 1.0000000
0.3366596 -0.9414705 -0.0171867 60.2463312
0.9403222 0.3351752 0.0586928 150.9317456
-0.0494970 -0.0359204 0.9981348 -4.9118685
0.0000000 0.0000000 0.0000000 1.0000000
0.3396604 -0.9404004 -0.0167406 60.6860182
0.9392777 0.3382216 0.0579343 151.9001320
-0.0488194 -0.0354019 0.9981867 -4.9837300
0.0000000 0.0000000 0.0000000 1.0000000
0.3392611 -0.9405608 -0.0158131 60.9881824
0.9391254 0.3376761 0.0633419 153.1271128
-0.0542372 -0.0363398 0.9978733 -5.0133196
0.0000000 0.0000000 0.0000000 1.0000000
0.3461211 -0.9380537 -0.0160771 61.2638304
0.9363706 0.3443298 0.0681298 154.1128289
-0.0583736 -0.0386351 0.9975537 -5.1096754
0.0000000 0.0000000 0.0000000 1.0000000
0.3509847 -0.9361611 -0.0203738 61.7964949
0.9345624 0.3488617 0.0698827 155.2765857
-0.0583139 -0.0435682 0.9973540 -5.1390748
0.0000000 0.0000000 0.0000000 1.0000000
0.3546333 -0.9347028 -0.0238510 62.2634071
0.9333831 0.3523989 0.0678606 156.4353637
-0.0550245 -0.0463277 0.9974166 -5.2021355
0.0000000 0.0000000 0.0000000 1.0000000
0.3568041 -0.9337271 -0.0291162 62.6551324
0.9327771 0.3543871 0.0658091 157.4426714
-0.0511293 -0.0506399 0.9974143 -5.2298320
0.0000000 0.0000000 0.0000000 1.0000000
0.3558488 -0.9340223 -0.0312574 63.2237438
0.9332669 0.3534149 0.0640710 158.5308008
-0.0487968 -0.0519711 0.9974627 -5.3087923
0.0000000 0.0000000 0.0000000 1.0000000
0.3559988 -0.9340527 -0.0285209 63.4487811
0.9333614 0.3539059 0.0598463 159.4824561
-0.0458058 -0.0479255 0.9978070 -5.3731713
0.0000000 0.0000000 0.0000000 1.0000000
0.3558925 -0.9341374 -0.0270229 63.9532312
0.9335880 0.3540895 0.0550247 160.8421210
-0.0418321 -0.0448111 0.9981261 -5.4549156
0.0000000 0.0000000 0.0000000 1.0000000
0.3551215 -0.9345194 -0.0237809 64.2879147
0.9340127 0.3536422 0.0505029 161.9749577
-0.0387858 -0.0401462 0.9984478 -5.5003239
0.0000000 0.0000000 0.0000000 1.0000000
0.3500202 -0.9364964 -0.0215393 64.6108569
0.9358302 0.3485718 0.0520829 163.1909260
-0.0412673 -0.0383871 0.9984176 -5.5351102
0.0000000 0.0000000 0.0000000 1.0000000
0.3541579 -0.9349723 -0.0200766 64.9059635
0.9340492 0.3525876 0.0568009 164.1135043
-0.0460284 -0.0388690 0.9981907 -5.5931713
0.0000000 0.0000000 0.0000000 1.0000000
0.3543830 -0.9348853 -0.0201444 65.2797498
0.9338813 0.3527391 0.0585884 165.3604210
-0.0476677 -0.0395751 0.9980861 -5.6788948
0.0000000 0.0000000 0.0000000 1.0000000
0.3556373 -0.9343305 -0.0234962 65.6443069
0.9335051 0.3538701 0.0577524 166.2950556
-0.0456451 -0.0424727 0.9980616 -5.6685795
0.0000000 0.0000000 0.0000000 1.0000000
0.3599860 -0.9326198 -0.0251845 65.9168991
0.9318454 0.3581089 0.0584211 167.4179275
-0.0454658 -0.0444988 0.9979815 -5.7000299
0.0000000 0.0000000 0.0000000 1.0000000
0.3573769 -0.9336551 -0.0239545 66.3772454
0.9328166 0.3555541 0.0585216 168.5469471
-0.0461218 -0.0432595 0.9980060 -5.7638349
0.0000000 0.0000000 0.0000000 1.0000000
0.3613927 -0.9320975 -0.0243611 66.6820324
0.9313544 0.3596159 0.0569626 169.6938688
-0.0443339 -0.0432747 0.9980864 -5.7784848
0.0000000 0.0000000 0.0000000 1.0000000
0.3646694 -0.9307731 -0.0261186 67.1734781
0.9301044 0.3628034 0.0571704 170.9110543
-0.0437366 -0.0451414 0.9980301 -5.7650642
0.0000000 0.0000000 0.0000000 1.0000000
0.3664096 -0.9300632 -0.0270319 67.4468833
0.9293892 0.3644490 0.0583240 171.7097932
-0.0443931 -0.0464937 0.9979390 -5.7862170
0.0000000 0.0000000 0.0000000 1.0000000
0.3666440 -0.9299773 -0.0267962 67.8282838
0.9292126 0.3646111 0.0600936 172.9733148
-0.0461154 -0.0469324 0.9978403 -5.7427823
0.0000000 0.0000000 0.0000000 1.0000000
0.3676125 -0.9296200 -0.0259067 68.1591738
0.9287196 0.3655252 0.0621262 173.7838551
-0.0482842 -0.0468985 0.9977394 -5.8840126
0.0000000 0.0000000 0.0000000 1.0000000
0.3700353 -0.9286643 -0.0256881 68.3611226
0.9276674 0.3678684 0.0639848 174.8535479
-0.0499706 -0.0475067 0.9976278 -5.8655472
0.0000000 0.0000000 0.0000000 1.0000000
0.3708583 -0.9283567 -0.0249289 68.9234680
0.9272784 0.3686847 0.0649184 175.8364659
-0.0510765 -0.0471916 0.9975866 -5.8590570
0.0000000 0.0000000 0.0000000 1.0000000
0.3721345 -0.9278071 -0.0263229 69.2575231
0.9268236 0.3699125 0.0644237 176.6943763
-0.0500356 -0.0483711 0.9975829 -5.8943837
0.0000000 0.0000000 0.0000000 1.0000000
0.3740644 -0.9269727 -0.0282893 69.5817331
0.9260622 0.3717132 0.0650065 177.6054118
-0.0497438 -0.0505143 0.9974915 -5.8729950
0.0000000 0.0000000 0.0000000 1.0000000
0.3781713 -0.9253258 -0.0275996 69.9320378
0.9243967 0.3758563 0.0648888 178.4608808
-0.0496698 -0.0500521 0.9975185 -5.9098140
0.0000000 0.0000000 0.0000000 1.0000000
0.3792499 -0.9248920 -0.0273401 70.1620096
0.9240520 0.3770478 0.0628534 179.1197835
-0.0478240 -0.0491009 0.9976559 -5.9138677
0.0000000 0.0000000 0.0000000 1.0000000
0.3775097 -0.9255846 -0.0279663 70.5071676
0.9248512 0.3753634 0.0611494 179.9548001
-0.0461014 -0.0489492 0.9977445 -5.9056540
0.0000000 0.0000000 0.0000000 1.0000000
0.3736477 -0.9270734 -0.0304064 70.7812423
0.9265182 0.3714666 0.0596918 180.8039251
-0.0440437 -0.0504759 0.9977614 -5.8574865
0.0000000 0.0000000 0.0000000 1.0000000
0.3715578 -0.9278554 -0.0321217 71.0368938
0.9275087 0.3694564 0.0567092 181.6265042
-0.0407503 -0.0508640 0.9978816 -5.9614749
0.0000000 0.0000000 0.0000000 1.0000000
0.3699847 -0.9284141 -0.0340755 71.2703096
0.9281625 0.3678016 0.0567681 182.8867209
-0.0401712 -0.0526311 0.9978135 -5.9938330
0.0000000 0.0000000 0.0000000 1.0000000
0.3677872 -0.9292057 -0.0362238 71.4610426
0.9290372 0.3654822 0.0574374 183.6681989
-0.0401319 -0.0547782 0.9976996 -6.0023762
0.0000000 0.0000000 0.0000000 1.0000000
0.3612619 -0.9318191 -0.0347217 71.7092776
0.9315274 0.3589852 0.0580779 184.3940201
-0.0416534 -0.0533257 0.9977159 -6.0369343
0.0000000 0.0000000 0.0000000 1.0000000
0.3603010 -0.9322816 -0.0321908 71.9736349
0.9318605 0.3581380 0.0579542 185.3280892
