1.0000000 0.0000000 0.0000000 0.0000000
0.0000000 1.0000000 0.0000000 0.0000000
0.0000000 0.0000000 1.0000000 0.0000000
0.0000000 0.0000000 0.0000000 1.0000000
0.9999459 0.0103762 -0.0004005 0.4011721
-0.0103774 0.9999419 -0.0029616 -0.0178260
0.0003697 0.0029656 0.9999955 -0.0016713
0.0000000 0.0000000 0.0000000 1.0000000
0.9999478 0.0101474 -0.0009773 0.6575953
-0.0101510 0.9999414 -0.0037341 0.0418576
0.0009394 0.0037438 0.9999925 0.0046541
0.0000000 0.0000000 0.0000000 1.0000000
0.9999669 0.0079993 -0.0012547 0.9578718
-0.0080056 0.9999551 -0.0050433 0.0938684
0.0012143 0.0050532 0.9999865 0.0730452
0.0000000 0.0000000 0.0000000 1.0000000
0.9999974 -0.0000181 -0.0021306 1.3053730
0.0000044 0.9999797 -0.0064034 0.1611760
0.0021307 0.0064034 0.9999774 0.0475590
0.0000000 0.0000000 0.0000000 1.0000000
0.9999124 -0.0124788 -0.0042944 1.6277529
0.0124475 0.9998969 -0.0072111 0.2011472
0.0043839 0.0071570 0.9999649 0.0117460
0.0000000 0.0000000 0.0000000 1.0000000
0.9996065 -0.0276445 -0.0046838 2.0955750
0.0276146 0.9995989 -0.0063407 0.2879656
0.0048572 0.0062089 0.9999689 0.0611929
0.0000000 0.0000000 0.0000000 1.0000000
0.9989327 -0.0458902 -0.0052229 2.5160264
0.0458795 0.9989451 -0.0021353 0.3126584
0.0053154 0.0018934 0.9999841 0.0374744
0.0000000 0.0000000 0.0000000 1.0000000
0.9978064 -0.0659294 -0.0060537 2.8323322
0.0659255 0.9978245 -0.0008346 0.3626885
0.0060956 0.0004337 0.9999812 0.0626693
0.0000000 0.0000000 0.0000000 1.0000000
0.9964075 -0.0845083 -0.0056560 3.1873750
0.0845069 0.9964229 -0.0004924 0.4963488
0.0056774 0.0000126 0.9999838 0.0742423
0.0000000 0.0000000 0.0000000 1.0000000
0.9945533 -0.1040651 -0.0059006 3.6608581
0.1040652 0.9945703 -0.0002878 0.5157020
0.0058986 -0.0003278 0.9999826 0.1069514
0.0000000 0.0000000 0.0000000 1.0000000
0.9922660 -0.1240424 -0.0047120 3.9928264
0.1240364 0.9922762 -0.0015525 0.6354747
0.0048682 0.0009561 0.9999878 0.1098043
0.0000000 0.0000000 0.0000000 1.0000000
0.9899626 -0.1413069 -0.0026718 4.5133579
0.1413056 0.9899655 -0.0006976 0.7567120
0.0027436 0.0003131 0.9999963 0.1411235
0.0000000 0.0000000 0.0000000 1.0000000
0.9879786 -0.1545708 -0.0025737 5.0254020
0.1545742 0.9879806 0.0011783 0.7888997
0.0023606 -0.0015619 0.9999961 0.1538687
0.0000000 0.0000000 0.0000000 1.0000000
0.9856267 -0.1689113 -0.0030618 5.4488711
0.1689169 0.9856290 0.0016422 0.8510017
0.0027405 -0.0021358 0.9999941 0.1213361
0.0000000 0.0000000 0.0000000 1.0000000
0.9836008 -0.1803139 -0.0041286 5.8654645
0.1803131 0.9836093 -0.0005763 0.8900034
0.0041649 -0.0001776 0.9999915 0.1811337
0.0000000 0.0000000 0.0000000 1.0000000
0.9819566 -0.1890330 -0.0053489 6.4119040
0.1890365 0.9819704 0.0001682 0.9686884
0.0052207 -0.0011763 0.9999860 0.1470301
0.0000000 0.0000000 0.0000000 1.0000000
0.9804503 -0.1966550 -0.0067059 6.8733073
0.1966629 0.9804712 0.0005323 1.1847266
0.0064702 -0.0018407 0.9999778 0.1724990
0.0000000 0.0000000 0.0000000 1.0000000
0.9781214 -0.2078550 -0.0087209 7.3484027
0.2078736 0.9781549 0.0012671 1.3355132
0.0082670 -0.0030522 0.9999616 0.1103303
0.0000000 0.0000000 0.0000000 1.0000000
0.9762445 -0.2163900 -0.0111236 7.7501252
0.2164278 0.9762961 0.0022889 1.4301924
0.0103646 -0.0046420 0.9999361 0.1116431
0.0000000 0.0000000 0.0000000 1.0000000
0.9745068 -0.2240858 -0.0111051 8.3218887
0.2240421 0.9745666 -0.0050556 1.6800948
0.0119556 0.0024387 0.9999261 0.1694158
0.0000000 0.0000000 0.0000000 1.0000000
0.9717354 -0.2357289 -0.0127808 9.0228556
0.2356519 0.9718110 -0.0072433 1.9179809
0.0141280 0.0040268 0.9998927 0.1568820
0.0000000 0.0000000 0.0000000 1.0000000
0.9702214 -0.2418194 -0.0139961 9.6014630
0.2416982 0.9703027 -0.0098119 2.0530730
0.0159532 0.0061369 0.9998545 0.2116476
0.0000000 0.0000000 0.0000000 1.0000000
0.9668838 -0.2545013 -0.0191579 10.0437129
0.2544283 0.9670726 -0.0061950 2.4070697
0.0201038 0.0011155 0.9997980 0.1230613
0.0000000 0.0000000 0.0000000 1.0000000
0.9647428 -0.2622238 -0.0226277 10.6572218
0.2621920 0.9650067 -0.0044062 2.5366946
0.0229913 -0.0016820 0.9997352 0.1762587
0.0000000 0.0000000 0.0000000 1.0000000
0.9606475 -0.2767911 -0.0233360 11.2815983
0.2766689 0.9609296 -0.0083697 2.8014881
0.0247409 0.0015840 0.9996937 0.2512237
0.0000000 0.0000000 0.0000000 1.0000000
0.9582092 -0.2850163 -0.0245652 11.8724712
0.2848659 0.9585209 -0.0095012 3.0396123
0.0262543 0.0021063 0.9996542 0.2412093
0.0000000 0.0000000 0.0000000 1.0000000
0.9557755 -0.2928958 -0.0265901 12.4018074
0.2927199 0.9561425 -0.0103701 3.1640643
0.0284613 0.0021280 0.9995938 0.2603207
0.0000000 0.0000000 0.0000000 1.0000000
0.9527590 -0.3021743 -0.0307229 13.0402955
0.3020490 0.9532529 -0.0087576 3.3274636
0.0319330 -0.0009360 0.9994909 0.3068567
0.0000000 0.0000000 0.0000000 1.0000000
0.9495389 -0.3116403 -0.0354774 13.6712453
0.3115708 0.9501932 -0.0076104 3.5672137
0.0360821 -0.0038273 0.9993429 0.2688660
0.0000000 0.0000000 0.0000000 1.0000000
0.9477507 -0.3162996 -0.0415379 14.2900013
0.3162741 0.9486397 -0.0073639 3.8162619
0.0417337 -0.0061582 0.9991113 0.3232169
0.0000000 0.0000000 0.0000000 1.0000000
0.9444600 -0.3250369 -0.0484595 14.8820576
0.3249867 0.9456742 -0.0091486 4.2091710
0.0488005 -0.0071082 0.9987848 0.3543412
0.0000000 0.0000000 0.0000000 1.0000000
0.9423035 -0.3300549 -0.0559349 15.5555965
0.3299409 0.9439309 -0.0115328 4.4713024
0.0566052 -0.0075878 0.9983694 0.4177776
0.0000000 0.0000000 0.0000000 1.0000000
0.9396981 -0.3359942 -0.0638476 16.3350371
0.3359073 0.9418134 -0.0124137 4.9435483
0.0643035 -0.0097817 0.9978841 0.4927216
0.0000000 0.0000000 0.0000000 1.0000000
0.9378621 -0.3396054 -0.0712992 16.8955442
0.3397711 0.9404532 -0.0101629 5.1637240
0.0705050 -0.0146940 0.9974048 0.5210119
0.0000000 0.0000000 0.0000000 1.0000000
0.9363347 -0.3428402 -0.0757543 17.6457333
0.3432045 0.9392215 -0.0085641 5.4015581
0.0740862 -0.0179804 0.9970914 0.5514360
0.0000000 0.0000000 0.0000000 1.0000000
0.9334692 -0.3495824 -0.0801761 18.1891334
0.3500720 0.9366856 -0.0083324 5.6413494
0.0780126 -0.0202894 0.9967476 0.6366915
0.0000000 0.0000000 0.0000000 1.0000000
0.9307048 -0.3550748 -0.0878109 18.7803275
0.3559855 0.9344745 -0.0055975 5.9136456
0.0840446 -0.0260498 0.9961230 0.7641674
0.0000000 0.0000000 0.0000000 1.0000000
0.9292939 -0.3580813 -0.0905025 19.6081575
0.3592064 0.9332489 -0.0041022 6.2964670
0.0859303 -0.0286969 0.9958893 0.8365319
0.0000000 0.0000000 0.0000000 1.0000000
0.9277167 -0.3620580 -0.0908594 20.1719748
0.3632203 0.9316945 -0.0039873 6.5108693
0.0860969 -0.0293029 0.9958572 0.8832901
0.0000000 0.0000000 0.0000000 1.0000000
0.9253415 -0.3683515 -0.0897746 20.9899714
0.3695281 0.9292117 -0.0037532 6.7520792
0.0848021 -0.0297013 0.9959566 0.9991693
0.0000000 0.0000000 0.0000000 1.0000000
0.9237293 -0.3728141 -0.0879348 21.7035190
0.3738818 0.9274642 -0.0046228 7.0312361
0.0832798 -0.0286070 0.9961171 1.0530455
0.0000000 0.0000000 0.0000000 1.0000000
0.9193544 -0.3836083 -0.0873588 22.4114180
0.3847434 0.9230140 -0.0041316 7.3280754
0.0822183 -0.0298123 0.9961700 1.1187853
0.0000000 0.0000000 0.0000000 1.0000000
0.9161254 -0.3919303 -0.0842859 23.1144091
0.3929603 0.9195429 -0.0047047 7.6879384
0.0793484 -0.0288109 0.9964322 1.1979032
0.0000000 0.0000000 0.0000000 1.0000000
0.9116038 -0.4028213 -0.0819317 24.1256227
0.4040966 0.9147151 -0.0011163 8.0379139
0.0753938 -0.0320907 0.9966390 1.2766945
0.0000000 0.0000000 0.0000000 1.0000000
0.9078892 -0.4114849 -0.0801088 24.8734584
0.4129997 0.9107273 0.0025792 8.2384844
0.0718959 -0.0354265 0.9967845 1.3506612
0.0000000 0.0000000 0.0000000 1.0000000
0.9046215 -0.4195751 -0.0749471 25.6607153
0.4211229 0.9069873 0.0054199 8.7563398
0.0657020 -0.0364648 0.9971746 1.3798731
0.0000000 0.0000000 0.0000000 1.0000000
0.8996288 -0.4300084 -0.0759041 26.6189080
0.4317625 0.9019554 0.0075888 9.1369907
0.0651989 -0.0395996 0.9970880 1.4683739
0.0000000 0.0000000 0.0000000 1.0000000
0.8957886 -0.4381165 -0.0749530 27.3981051
0.4399001 0.8980086 0.0083182 9.5478630
0.0636640 -0.0404231 0.9971542 1.5378924
0.0000000 0.0000000 0.0000000 1.0000000
0.8925456 -0.4449665 -0.0732721 28.1400004
0.4467598 0.8946060 0.0093033 9.8770668
0.0614100 -0.0410386 0.9972706 1.5611012
0.0000000 0.0000000 0.0000000 1.0000000
0.8879888 -0.4539638 -0.0734467 28.7871713
0.4559619 0.8899157 0.0122119 10.3930517
0.0598176 -0.0443327 0.9972265 1.6285938
0.0000000 0.0000000 0.0000000 1.0000000
0.8837433 -0.4623056 -0.0726122 29.6939290
0.4643210 0.8855739 0.0128419 10.8991767
0.0583666 -0.0450642 0.9972798 1.7093395
0.0000000 0.0000000 0.0000000 1.0000000
0.8794607 -0.4710550 -0.0682408 30.4733941
0.4729565 0.8809739 0.0140251 11.2197046
0.0535118 -0.0446092 0.9975725 1.7264302
0.0000000 0.0000000 0.0000000 1.0000000
0.8764479 -0.4774736 -0.0621104 31.3280386
0.4790298 0.8777132 0.0122038 11.7505479
0.0486881 -0.0404486 0.9979969 1.8038821
0.0000000 0.0000000 0.0000000 1.0000000
0.8734347 -0.4834261 -0.0583993 32.2208427
0.4849568 0.8744127 0.0147700 12.2520746
0.0439248 -0.0412217 0.9981864 1.7896941
0.0000000 0.0000000 0.0000000 1.0000000
0.8692699 -0.4907099 -0.0597678 33.2259747
0.4925813 0.8700089 0.0211206 12.7102949
0.0416344 -0.0477999 0.9979911 1.8734017
0.0000000 0.0000000 0.0000000 1.0000000
0.8641753 -0.4997387 -0.0588188 34.1967100
0.5015589 0.8648716 0.0208067 13.3414966
0.0404726 -0.0474816 0.9980541 1.9045467
0.0000000 0.0000000 0.0000000 1.0000000
0.8612014 -0.5049012 -0.0583478 35.0007878
0.5067549 0.8618048 0.0221156 13.8430406
0.0391181 -0.0486139 0.9980536 1.9298966
0.0000000 0.0000000 0.0000000 1.0000000
0.8583127 -0.5101560 -0.0551157 35.8337526
0.5118501 0.8587938 0.0219131 14.4325361
0.0361538 -0.0470192 0.9982416 1.9448044
0.0000000 0.0000000 0.0000000 1.0000000
0.8551230 -0.5153791 -0.0560953 36.6912559
0.5171713 0.8555647 0.0232447 14.9682411
0.0360132 -0.0488879 0.9981570 1.9822094
0.0000000 0.0000000 0.0000000 1.0000000
0.8522240 -0.5200087 -0.0574629 37.4864048
0.5219079 0.8526553 0.0242482 15.4302999
0.0363866 -0.0506552 0.9980554 2.0683647
0.0000000 0.0000000 0.0000000 1.0000000
0.8507143 -0.5223894 -0.0582283 38.2162249
0.5244372 0.8510109 0.0272439 15.9353794
0.0353208 -0.0537139 0.9979337 2.0860020
0.0000000 0.0000000 0.0000000 1.0000000
0.8502318 -0.5234053 -0.0561114 39.0748446
0.5252805 0.8505451 0.0254770 16.5317204
0.0343903 -0.0511355 0.9981016 2.0801509
0.0000000 0.0000000 0.0000000 1.0000000
0.8504825 -0.5227595 -0.0582883 40.0087182
0.5249501 0.8505544 0.0313142 17.1025254
0.0332073 -0.0572307 0.9978108 2.1545911
0.0000000 0.0000000 0.0000000 1.0000000
0.8491746 -0.5253564 -0.0538411 41.0488695
0.5271848 0.8492999 0.0275973 17.7244510
0.0312287 -0.0518191 0.9981703 2.1765743
0.0000000 0.0000000 0.0000000 1.0000000
0.8487225 -0.5260660 -0.0540448 41.9602280
0.5278946 0.8488700 0.0272585 18.3385604
0.0315370 -0.0516648 0.9981687 2.2043170
0.0000000 0.0000000 0.0000000 1.0000000
0.8474485 -0.5281530 -0.0536826 42.8986850
0.5299186 0.8476524 0.0258499 18.9747987
0.0318513 -0.0503539 0.9982259 2.2418131
0.0000000 0.0000000 0.0000000 1.0000000
0.8466995 -0.5296439 -0.0507324 43.7878098
0.5312301 0.8468644 0.0247333 19.5571410
0.0298634 -0.0478922 0.9984085 2.2730429
0.0000000 0.0000000 0.0000000 1.0000000
0.8441080 -0.5340051 -0.0481323 44.7174267
0.5354970 0.8441416 0.0257818 20.1177529
0.0268627 -0.0475373 0.9985107 2.3351075
0.0000000 0.0000000 0.0000000 1.0000000
0.8402821 -0.5404826 -0.0424351 45.5293605
0.5416747 0.8402395 0.0241379 20.5754846
0.0226092 -0.0432686 0.9988103 2.3682064
0.0000000 0.0000000 0.0000000 1.0000000
0.8354399 -0.5479930 -0.0417135 46.4531715
0.5491887 0.8352975 0.0258169 21.2408476
0.0206955 -0.0444770 0.9987988 2.4470645
0.0000000 0.0000000 0.0000000 1.0000000
0.8290228 -0.5573797 -0.0452240 47.3025382
0.5588099 0.8287782 0.0292454 21.7469425
0.0211795 -0.0495167 0.9985515 2.5095958
0.0000000 0.0000000 0.0000000 1.0000000
0.8241427 -0.5644437 -0.0467846 48.2016034
0.5658975 0.8240341 0.0269276 22.5579642
0.0233527 -0.0486675 0.9985448 2.5655492
0.0000000 0.0000000 0.0000000 1.0000000
0.8165790 -0.5755825 -0.0435952 49.0891640
0.5767899 0.8165773 0.0226374 23.0574531
0.0225689 -0.0436304 0.9987957 2.5815077
0.0000000 0.0000000 0.0000000 1.0000000
0.8095437 -0.5857938 -0.0384853 50.0383361
0.5867974 0.8093938 0.0234047 23.7974599
0.0174391 -0.0415301 0.9989878 2.6498970
0.0000000 0.0000000 0.0000000 1.0000000
0.8038022 -0.5936977 -0.0377044 50.8373533
0.5947608 0.8033461 0.0298668 24.4300051
0.0125574 -0.0464321 0.9988452 2.6592601
0.0000000 0.0000000 0.0000000 1.0000000
0.8009517 -0.5974348 -0.0393016 51.6420750
0.5985630 0.8005377 0.0293161 25.1435263
0.0139476 -0.0470052 0.9988000 2.6829259
0.0000000 0.0000000 0.0000000 1.0000000
0.7950833 -0.6048583 -0.0445559 52.7460212
0.6062382 0.7947423 0.0292781 26.0395362
0.0177010 -0.0502900 0.9985806 2.6802168
0.0000000 0.0000000 0.0000000 1.0000000
0.7930163 -0.6070892 -0.0506466 53.5460811
0.6087053 0.7929750 0.0258225 26.5354629
0.0244846 -0.0513065 0.9983858 2.7280711
0.0000000 0.0000000 0.0000000 1.0000000
0.7895587 -0.6112577 -0.0543829 54.4487984
0.6131658 0.7894023 0.0294802 27.2912895
0.0249097 -0.0566221 0.9980879 2.8260356
0.0000000 0.0000000 0.0000000 1.0000000
0.7848623 -0.6175268 -0.0514605 55.1849044
0.6192988 0.7845486 0.0308249 27.9462980
0.0213377 -0.0560628 0.9982023 2.8749818
0.0000000 0.0000000 0.0000000 1.0000000
0.7811496 -0.6225991 -0.0466016 56.1633031
0.6241509 0.7805729 0.0337470 28.7481821
0.0153647 -0.0554479 0.9983465 2.9321570
0.0000000 0.0000000 0.0000000 1.0000000
0.7781108 -0.6265848 -0.0439480 56.9467182
0.6279836 0.7775095 0.0333603 29.5489595
0.0132665 -0.0535567 0.9984799 2.9401215
0.0000000 0.0000000 0.0000000 1.0000000
0.7757167 -0.6295220 -0.0442965 57.6871189
0.6309376 0.7751138 0.0333705 30.2697873
0.0133270 -0.0538343 0.9984641 2.9614941
0.0000000 0.0000000 0.0000000 1.0000000
0.7713376 -0.6349151 -0.0437995 58.5602566
0.6362833 0.7707872 0.0320727 31.0424601
0.0133963 -0.0526077 0.9985286 3.0029651
0.0000000 0.0000000 0.0000000 1.0000000
0.7662655 -0.6408003 -0.0470047 59.4257023
0.6423313 0.7657688 0.0317283 31.5589918
0.0156628 -0.0545048 0.9983939 3.0820283
0.0000000 0.0000000 0.0000000 1.0000000
0.7631577 -0.6443652 -0.0487917 60.1520157
0.6460120 0.7626152 0.0329269 32.2430396
0.0159919 -0.0566484 0.9982694 3.1060597
0.0000000 0.0000000 0.0000000 1.0000000
0.7590152 -0.6493495 -0.0473063 60.9448861
0.6509083 0.7584419 0.0328917 32.8886118
0.0145205 -0.0557573 0.9983421 3.1288751
0.0000000 0.0000000 0.0000000 1.0000000
0.7529077 -0.6563120 -0.0487975 61.9228611
0.6579821 0.7522121 0.0351276 33.7556661
0.0136510 -0.0585557 0.9981942 3.1492732
0.0000000 0.0000000 0.0000000 1.0000000
0.7480588 -0.6617100 -0.0504462 62.6478722
0.6634859 0.7473176 0.0360624 34.3759381
0.0138362 -0.0604471 0.9980789 3.1795200
0.0000000 0.0000000 0.0000000 1.0000000
0.7413088 -0.6694189 -0.0483403 63.5078308
0.6710164 0.7407255 0.0325668 35.1582869
0.0140058 -0.0565791 0.9983033 3.2301552
0.0000000 0.0000000 0.0000000 1.0000000
0.7339308 -0.6774096 -0.0495885 64.2963831
0.6790707 0.7333533 0.0324617 35.8457420
0.0143757 -0.0574986 0.9982454 3.2950262
0.0000000 0.0000000 0.0000000 1.0000000
0.7288838 -0.6827233 -0.0511389 65.1283429
0.6844708 0.7283157 0.0324733 36.5177521
0.0150747 -0.0586722 0.9981669 3.3425535
0.0000000 0.0000000 0.0000000 1.0000000
0.7228300 -0.6890015 -0.0528381 65.9271422
0.6908624 0.7222037 0.0336119 37.2715753
0.0150009 -0.0607994 0.9980409 3.3958032
0.0000000 0.0000000 0.0000000 1.0000000
0.7158475 -0.6962681 -0.0526457 66.6196559
0.6980894 0.7152875 0.0321580 37.9634622
0.0152660 -0.0597714 0.9980990 3.4127629
0.0000000 0.0000000 0.0000000 1.0000000
0.7088855 -0.7033714 -0.0524240 67.3621728
0.7052085 0.7081521 0.0346505 38.6812538
0.0127517 -0.0615329 0.9980272 3.4268957
0.0000000 0.0000000 0.0000000 1.0000000
0.7005419 -0.7116324 -0.0530862 68.3257114
0.7135037 0.6997839 0.0348329 39.7534779
0.0123604 -0.0622789 0.9979859 3.4676810
0.0000000 0.0000000 0.0000000 1.0000000
0.6955570 -0.7163277 -0.0554349 69.0701311
0.7183579 0.6947381 0.0360464 40.4210456
0.0126914 -0.0648943 0.9978152 3.5733603
0.0000000 0.0000000 0.0000000 1.0000000
0.6893075 -0.7220153 -0.0595562 69.7457778
0.7243356 0.6884212 0.0375853 41.2566041
0.0138623 -0.0690464 0.9975209 3.5910948
0.0000000 0.0000000 0.0000000 1.0000000
0.6818715 -0.7287881 -0.0625890 70.7789894
0.7313480 0.6808278 0.0400282 42.1767965
0.0134400 -0.0730684 0.9972401 3.6205649
0.0000000 0.0000000 0.0000000 1.0000000
0.6754325 -0.7349073 -0.0608247 71.3691491
0.7373233 0.6743815 0.0395207 42.8629584
0.0119747 -0.0715409 0.9973694 3.6517942
0.0000000 0.0000000 0.0000000 1.0000000
0.6698111 -0.7399282 -0.0621055 72.1224970
0.7424647 0.6685178 0.0427586 43.7288680
0.0098800 -0.0747513 0.9971569 3.7396891
0.0000000 0.0000000 0.0000000 1.0000000
0.6641579 -0.7448333 -0.0641554 72.8137575
0.7475058 0.6629324 0.0418862 44.4748601
0.0113322 -0.0757755 0.9970643 3.6904450
0.0000000 0.0000000 0.0000000 1.0000000
0.6585762 -0.7496199 -0.0659236 73.4740108
0.7523758 0.6576005 0.0386177 45.2846683
0.0144025 -0.0750319 0.9970810 3.6696850
0.0000000 0.0000000 0.0000000 1.0000000
0.6535969 -0.7536633 -0.0692907 74.2427036
0.7566630 0.6526905 0.0381460 46.1034108
0.0164759 -0.0773617 0.9968707 3.7622156
0.0000000 0.0000000 0.0000000 1.0000000
0.6469256 -0.7591182 -0.0722913 75.1325425
0.7623497 0.6460315 0.0382918 47.0365810
0.0176342 -0.0798831 0.9966521 3.8259937
0.0000000 0.0000000 0.0000000 1.0000000
0.6418041 -0.7636827 -0.0698234 75.9064344
0.7667055 0.6408839 0.0378258 47.9591722
0.0158616 -0.0778105 0.9968458 3.8459972
0.0000000 0.0000000 0.0000000 1.0000000
0.6367246 -0.7681040 -0.0678025 76.6037982
0.7709610 0.6357723 0.0375919 48.8480429
0.0142322 -0.0762086 0.9969941 3.8734682
0.0000000 0.0000000 0.0000000 1.0000000
0.6313780 -0.7725990 -0.0667221 77.2506486
0.7753496 0.6304872 0.0363198 49.6912295
0.0140066 -0.0746642 0.9971143 3.9124688
0.0000000 0.0000000 0.0000000 1.0000000
0.6265136 -0.7764394 -0.0679803 77.9473205
0.7792917 0.6255546 0.0372214 50.5306587
0.0136250 -0.0762960 0.9969962 3.9563480
0.0000000 0.0000000 0.0000000 1.0000000
0.6218914 -0.7803365 -0.0657620 78.8252475
0.7829874 0.6210469 0.0350775 51.6530858
0.0134688 -0.0733050 0.9972227 3.9758461
0.0000000 0.0000000 0.0000000 1.0000000
0.6175399 -0.7838237 -0.0652903 79.5066499
0.7864299 0.6167053 0.0346583 52.4998988
0.0130986 -0.0727490 0.9972684 3.9908448
0.0000000 0.0000000 0.0000000 1.0000000
0.6135218 -0.7869899 -0.0650865 80.3896706
0.7895559 0.6127847 0.0330929 53.5047434
0.0138400 -0.0716925 0.9973348 4.0636419
0.0000000 0.0000000 0.0000000 1.0000000
0.6094425 -0.7904939 -0.0608091 81.3115003
0.7926962 0.6089515 0.0284498 54.5504090
0.0145402 -0.0655414 0.9977480 4.1488280
0.0000000 0.0000000 0.0000000 1.0000000
0.6052107 -0.7938097 -0.0598654 82.0331448
0.7959118 0.6048519 0.0260053 55.5348058
0.0155662 -0.0633861 0.9978719 4.1849430
0.0000000 0.0000000 0.0000000 1.0000000
0.5995048 -0.7979948 -0.0616086 82.8653082
0.8002194 0.5991036 0.0268462 56.3859416
0.0154865 -0.0653946 0.9977436 4.2503841
0.0000000 0.0000000 0.0000000 1.0000000
0.5910735 -0.8044284 -0.0593665 83.6765579
0.8064756 0.5907393 0.0249182 57.4110305
0.0150249 -0.0626059 0.9979295 4.2862147
0.0000000 0.0000000 0.0000000 1.0000000
0.5817010 -0.8115776 -0.0544326 84.3954195
0.8133066 0.5813442 0.0238171 58.3350225
0.0123143 -0.0581246 0.9982378 4.3392580
0.0000000 0.0000000 0.0000000 1.0000000
0.5719854 -0.8187010 -0.0505738 85.2531149
0.8202075 0.5715646 0.0238591 59.5127240
0.0093724 -0.0551278 0.9984398 4.2881728
0.0000000 0.0000000 0.0000000 1.0000000
0.5634350 -0.8244709 -0.0527700 86.0048839
0.8260983 0.5630113 0.0239963 60.5895851
0.0099255 -0.0571133 0.9983228 4.3446633
0.0000000 0.0000000 0.0000000 1.0000000
0.5546224 -0.8302794 -0.0550096 86.6575129
0.8320173 0.5542847 0.0226182 61.5348407
0.0117113 -0.0583133 0.9982341 4.3396763
0.0000000 0.0000000 0.0000000 1.0000000
0.5444593 -0.8369163 -0.0559545 87.4055568
0.8386649 0.5442967 0.0194470 62.5714772
0.0141801 -0.0575149 0.9982485 4.3994888
0.0000000 0.0000000 0.0000000 1.0000000
0.5347403 -0.8429909 -0.0584349 88.0421944
0.8449040 0.5345073 0.0208608 63.5900331
0.0136482 -0.0605266 0.9980779 4.4307889
0.0000000 0.0000000 0.0000000 1.0000000
0.5253724 -0.8491237 -0.0544820 88.6754378
0.8507922 0.5251120 0.0201435 64.6376588
0.0115046 -0.0569354 0.9983163 4.4456401
0.0000000 0.0000000 0.0000000 1.0000000
0.5159643 -0.8547171 -0.0568826 89.3779578
0.8565536 0.5155410 0.0230138 65.6706167
0.0096548 -0.0605970 0.9981204 4.4981335
0.0000000 0.0000000 0.0000000 1.0000000
0.5043539 -0.8616283 -0.0567435 90.1871609
0.8634448 0.5039437 0.0223650 66.8823899
0.0093249 -0.0602744 0.9981432 4.5272435
0.0000000 0.0000000 0.0000000 1.0000000
0.4941954 -0.8673270 -0.0592458 90.7692250
0.8692845 0.4938349 0.0216046 67.9279827
0.0105191 -0.0621781 0.9980146 4.5413106
0.0000000 0.0000000 0.0000000 1.0000000
0.4826908 -0.8737401 -0.0598555 91.4276229
0.8757369 0.4822736 0.0221872 69.1860395
0.0094806 -0.0631269 0.9979655 4.5940873
0.0000000 0.0000000 0.0000000 1.0000000
0.4716887 -0.8794951 -0.0631886 92.1232162
0.8817085 0.4712414 0.0227383 70.2252397
0.0097787 -0.0664390 0.9977477 4.6341559
0.0000000 0.0000000 0.0000000 1.0000000
0.4624625 -0.8842375 -0.0651704 92.7930008
0.8865918 0.4619232 0.0240184 71.3503554
0.0088655 -0.0688869 0.9975902 4.6833165
0.0000000 0.0000000 0.0000000 1.0000000
0.4532123 -0.8892704 -0.0615728 93.2255065
0.8913766 0.4526171 0.0240926 72.4551698
0.0064438 -0.0658033 0.9978170 4.7127903
0.0000000 0.0000000 0.0000000 1.0000000
0.4465537 -0.8926543 -0.0612619 93.8155756
0.8947498 0.4457329 0.0272209 73.5256050
0.0030073 -0.0669693 0.9977558 4.7881480
0.0000000 0.0000000 0.0000000 1.0000000
0.4364005 -0.8975563 -0.0627832 94.3871318
0.8997482 0.4354989 0.0281062 74.7718503
0.0021149 -0.0687543 0.9976366 4.7878651
0.0000000 0.0000000 0.0000000 1.0000000
0.4286608 -0.9012112 -0.0637405 94.8931166
0.9034587 0.4278371 0.0267331 75.9147680
0.0031782 -0.0690459 0.9976138 4.8064557
0.0000000 0.0000000 0.0000000 1.0000000
0.4222742 -0.9042355 -0.0635379 95.4795322
0.9064561 0.4215702 0.0247514 77.1288631
0.0044044 -0.0680458 0.9976778 4.8107090
0.0000000 0.0000000 0.0000000 1.0000000
0.4180893 -0.9061547 -0.0638713 96.0604767
0.9083847 0.4175060 0.0228531 78.3182469
0.0059580 -0.0675739 0.9977019 4.8442835
0.0000000 0.0000000 0.0000000 1.0000000
0.4110100 -0.9091708 -0.0668844 96.6977319
0.9116045 0.4104371 0.0227108 79.4319239
0.0068037 -0.0703061 0.9975078 4.8455624
0.0000000 0.0000000 0.0000000 1.0000000
0.4068487 -0.9109923 -0.0675395 97.2150399
0.9134708 0.4062610 0.0228230 80.5456961
0.0066470 -0.0709804 0.9974611 4.8976993
0.0000000 0.0000000 0.0000000 1.0000000
0.4015964 -0.9135602 -0.0642059 97.9522676
0.9158146 0.4007391 0.0262614 81.8930567
0.0017382 -0.0693467 0.9975967 4.9618684
0.0000000 0.0000000 0.0000000 1.0000000
0.3977648 -0.9155238 -0.0599438 98.4614673
0.9174848 0.3967834 0.0279626 83.0307268
-0.0018159 -0.0661195 0.9978158 4.9961642
0.0000000 0.0000000 0.0000000 1.0000000
0.3910637 -0.9184132 -0.0598414 98.9573139
0.9203534 0.3899292 0.0300516 84.2063178
-0.0042662 -0.0668268 0.9977612 5.0162623
0.0000000 0.0000000 0.0000000 1.0000000
0.3893911 -0.9190901 -0.0603492 99.5907566
0.9210542 0.3881413 0.0316699 85.4187360
-0.0056837 -0.0679163 0.9976806 5.0032819
0.0000000 0.0000000 0.0000000 1.0000000
0.3863939 -0.9205973 -0.0565178 100.0009595
0.9223040 0.3851706 0.0315575 86.5760812
-0.0072830 -0.0643197 0.9979085 5.0546074
0.0000000 0.0000000 0.0000000 1.0000000
0.3851986 -0.9209730 -0.0585184 100.6946760
0.9227859 0.3837620 0.0345003 87.6728976
-0.0093170 -0.0672889 0.9976958 5.0786616
0.0000000 0.0000000 0.0000000 1.0000000
0.3848227 -0.9211722 -0.0578454 101.0867603
0.9229409 0.3834025 0.0343396 88.8877340
-0.0094550 -0.0666020 0.9977407 5.0917690
0.0000000 0.0000000 0.0000000 1.0000000
0.3836857 -0.9216355 -0.0580240 101.6196316
0.9234094 0.3822240 0.0348972 89.9753956
-0.0099846 -0.0669689 0.9977111 5.1106810
0.0000000 0.0000000 0.0000000 1.0000000
0.3794199 -0.9238249 -0.0508092 102.1321696
0.9251412 0.3780746 0.0342301 91.3904711
-0.0124133 -0.0599925 0.9981276 5.1089074
0.0000000 0.0000000 0.0000000 1.0000000
0.3800883 -0.9236659 -0.0486627 102.7051378
0.9248342 0.3786787 0.0358160 92.5290056
-0.0146548 -0.0586174 0.9981791 5.1643178
0.0000000 0.0000000 0.0000000 1.0000000
0.3762252 -0.9254444 -0.0447366 103.1604049
0.9264152 0.3749844 0.0337648 93.5030550
-0.0144722 -0.0541471 0.9984343 5.1582991
0.0000000 0.0000000 0.0000000 1.0000000
0.3766750 -0.9253127 -0.0436670 103.4875790
0.9262425 0.3755095 0.0326512 94.5159310
-0.0138156 -0.0527444 0.9985187 5.1208332
0.0000000 0.0000000 0.0000000 1.0000000
0.3770197 -0.9248658 -0.0497350 103.9433402
0.9261087 0.3756620 0.0346198 95.7098968
-0.0133355 -0.0591117 0.9981686 5.1079496
0.0000000 0.0000000 0.0000000 1.0000000
0.3794312 -0.9238725 -0.0498550 104.2810804
0.9251406 0.3781405 0.0335101 96.7388341
-0.0121072 -0.0588370 0.9982005 5.0953696
0.0000000 0.0000000 0.0000000 1.0000000
0.3808075 -0.9230608 -0.0542092 104.8011464
0.9245854 0.3794054 0.0345298 97.8117044
-0.0113062 -0.0632696 0.9979388 5.0730356
0.0000000 0.0000000 0.0000000 1.0000000
0.3855353 -0.9210875 -0.0543562 105.2014414
0.9226323 0.3841629 0.0341612 98.8653402
-0.0105841 -0.0633205 0.9979436 5.0611156
0.0000000 0.0000000 0.0000000 1.0000000
0.3907224 -0.9184047 -0.0621606 105.7351677
0.9204704 0.3891978 0.0354701 99.8875667
-0.0083834 -0.0710754 0.9974422 5.0460899
0.0000000 0.0000000 0.0000000 1.0000000
0.3974067 -0.9154103 -0.0639281 106.0719098
0.9176088 0.3958280 0.0362341 100.8856312
-0.0078648 -0.0730601 0.9973030 5.0118309
0.0000000 0.0000000 0.0000000 1.0000000
0.4030220 -0.9128645 -0.0651710 106.5172750
0.9151550 0.4013561 0.0374640 101.9426784
-0.0080431 -0.0747399 0.9971772 4.9738705
0.0000000 0.0000000 0.0000000 1.0000000
0.4119012 -0.9088875 -0.0652414 107.0964030
0.9111942 0.4102028 0.0381840 103.0862785
-0.0079431 -0.0751750 0.9971454 4.9648923
0.0000000 0.0000000 0.0000000 1.0000000
0.4219643 -0.9043596 -0.0638354 107.4951109
0.9065855 0.4203561 0.0374519 104.0298633
-0.0070367 -0.0736750 0.9972642 4.9795572
0.0000000 0.0000000 0.0000000 1.0000000
0.4327407 -0.8991336 -0.0654921 108.0245739
0.9014985 0.4311002 0.0381055 105.0991016
-0.0060286 -0.0755303 0.9971321 4.9851690
0.0000000 0.0000000 0.0000000 1.0000000
0.4419587 -0.8944935 -0.0674420 108.5667910
0.8970302 0.4404310 0.0368348 106.0950054
-0.0032453 -0.0767764 0.9970499 5.0140698
0.0000000 0.0000000 0.0000000 1.0000000
0.4535860 -0.8882287 -0.0728281 109.0342406
0.8912134 0.4520517 0.0372514 107.0781289
-0.0001660 -0.0818015 0.9966556 5.0124781
0.0000000 0.0000000 0.0000000 1.0000000
0.4637002 -0.8829593 -0.0732059 109.5236855
0.8859882 0.4623820 0.0350332 108.0615289
0.0029160 -0.0811039 0.9967083 5.0570211
0.0000000 0.0000000 0.0000000 1.0000000
0.4761500 -0.8762204 -0.0742529 110.0250578
0.8793552 0.4748433 0.0354705 109.0313885
0.0041782 -0.0821834 0.9966154 5.0917138
0.0000000 0.0000000 0.0000000 1.0000000
0.4897380 -0.8687674 -0.0734469 110.5210974
0.8718625 0.4883550 0.0369455 110.0098276
0.0037708 -0.0821287 0.9966216 5.1222034
0.0000000 0.0000000 0.0000000 1.0000000
0.5007588 -0.8620136 -0.0785331 111.0525082
0.8655787 0.4991121 0.0407528 110.9521242
0.0040670 -0.0883834 0.9960852 5.1183173
0.0000000 0.0000000 0.0000000 1.0000000
0.5140958 -0.8544611 -0.0748068 111.6707088
0.8577201 0.5126194 0.0392091 111.9404151
0.0048444 -0.0843201 0.9964338 5.1859816
0.0000000 0.0000000 0.0000000 1.0000000
0.5239581 -0.8480808 -0.0788792 112.1309440
0.8517212 0.5223849 0.0410509 112.7697685
0.0063905 -0.0886916 0.9960456 5.1759318
0.0000000 0.0000000 0.0000000 1.0000000
0.5366307 -0.8401031 -0.0790560 112.7499115
0.8437667 0.5352742 0.0392406 113.6770579
0.0093502 -0.0877621 0.9961046 5.2280508
0.0000000 0.0000000 0.0000000 1.0000000
0.5462025 -0.8336847 -0.0814141 113.2746375
0.8375721 0.5449221 0.0391543 114.4264748
0.0117217 -0.0895759 0.9959179 5.2732125
0.0000000 0.0000000 0.0000000 1.0000000
0.5576839 -0.8261469 -0.0804121 113.8966306
0.8299605 0.5564557 0.0390303 115.4290297
0.0125007 -0.0885051 0.9960042 5.2883113
0.0000000 0.0000000 0.0000000 1.0000000
0.5699611 -0.8176467 -0.0812025 114.4760646
0.8215711 0.5686525 0.0406862 116.2456713
0.0129087 -0.0899028 0.9958737 5.3143070
0.0000000 0.0000000 0.0000000 1.0000000
0.5799633 -0.8108331 -0.0786656 115.1085264
0.8145682 0.5785144 0.0424322 117.0945638
0.0111034 -0.0886872 0.9960044 5.3144712
0.0000000 0.0000000 0.0000000 1.0000000
0.5910796 -0.8025736 -0.0805965 115.6642480
0.8065083 0.5896624 0.0429279 117.9774949
0.0130715 -0.0903752 0.9958288 5.3694711
0.0000000 0.0000000 0.0000000 1.0000000
0.6009383 -0.7952772 -0.0800174 116.2875355
0.7991528 0.5997075 0.0413007 118.6476778
0.0151412 -0.0887650 0.9959443 5.4257394
0.0000000 0.0000000 0.0000000 1.0000000
0.6102372 -0.7882920 -0.0787496 116.8109324
0.7920447 0.6091677 0.0397459 119.4791557
0.0166400 -0.0866273 0.9961086 5.4613571
0.0000000 0.0000000 0.0000000 1.0000000
0.6200763 -0.7804023 -0.0804522 117.4800105
0.7843462 0.6189433 0.0413500 120.2054764
0.0175253 -0.0887422 0.9959073 5.4893867
0.0000000 0.0000000 0.0000000 1.0000000
0.6309280 -0.7715687 -0.0812814 118.1079114
0.7756422 0.6296716 0.0435061 120.9840263
0.0176123 -0.0904942 0.9957482 5.5305733
0.0000000 0.0000000 0.0000000 1.0000000
0.6390461 -0.7649848 -0.0800827 118.7005718
0.7689868 0.6376862 0.0448891 121.6763398
0.0167277 -0.0902685 0.9957839 5.5721038
0.0000000 0.0000000 0.0000000 1.0000000
0.6483794 -0.7573333 -0.0777507 119.3184527
0.7611514 0.6469800 0.0454376 122.4452830
0.0158913 -0.0886406 0.9959438 5.5890108
0.0000000 0.0000000 0.0000000 1.0000000
0.6563870 -0.7504862 -0.0769503 119.9692711
0.7542457 0.6550287 0.0452786 123.1398696
0.0164233 -0.0877594 0.9960132 5.6033863
0.0000000 0.0000000 0.0000000 1.0000000
0.6647672 -0.7429834 -0.0778170 120.6529953
0.7468537 0.6633701 0.0463626 123.9129517
0.0171744 -0.0889380 0.9958961 5.6615442
0.0000000 0.0000000 0.0000000 1.0000000
0.6719646 -0.7364594 -0.0780182 121.3875141
0.7404088 0.6703588 0.0491352 124.6795113
0.0161136 -0.0907822 0.9957474 5.6542107
0.0000000 0.0000000 0.0000000 1.0000000
0.6816683 -0.7276416 -0.0765653 122.0891337
0.7314840 0.6800700 0.0493628 125.4231301
0.0161508 -0.0896551 0.9958489 5.6694351
0.0000000 0.0000000 0.0000000 1.0000000
0.6891818 -0.7203059 -0.0786416 122.6666744
0.7243911 0.6874616 0.0515261 125.9617003
0.0169480 -0.0924779 0.9955776 5.6619764
0.0000000 0.0000000 0.0000000 1.0000000
0.6983441 -0.7113141 -0.0796511 123.4412464
0.7155573 0.6964755 0.0538569 126.6957479
0.0171654 -0.0946054 0.9953739 5.7061451
0.0000000 0.0000000 0.0000000 1.0000000
0.7077177 -0.7021599 -0.0781292 124.0870062
0.7063049 0.7057632 0.0550743 127.2495781
0.0164692 -0.0941599 0.9954281 5.7315894
0.0000000 0.0000000 0.0000000 1.0000000
0.7151219 -0.6946853 -0.0775264 124.7194832
0.6988293 0.7129965 0.0572309 127.8143020
0.0155181 -0.0951045 0.9953536 5.7662400
0.0000000 0.0000000 0.0000000 1.0000000
0.7246980 -0.6849980 -0.0747553 125.4380677
0.6889370 0.7224030 0.0591769 128.5621806
0.0134668 -0.0943869 0.9954518 5.7247091
0.0000000 0.0000000 0.0000000 1.0000000
0.7339919 -0.6748522 -0.0763472 126.0356015
0.6790149 0.7315123 0.0618988 129.1996486
0.0140758 -0.0972739 0.9951655 5.8051399
0.0000000 0.0000000 0.0000000 1.0000000
0.7481669 -0.6588217 -0.0787323 126.9866482
0.6633083 0.7455993 0.0640829 129.9602913
0.0164830 -0.1001684 0.9948415 5.8336792
0.0000000 0.0000000 0.0000000 1.0000000
0.7572403 -0.6482647 -0.0796169 127.5294679
0.6528798 0.7547291 0.0643050 130.5672152
0.0184020 -0.1006744 0.9947569 5.8724209
0.0000000 0.0000000 0.0000000 1.0000000
0.7718741 -0.6306715 -0.0803918 128.4916556
0.6354724 0.7692325 0.0667805 131.2529665
0.0197229 -0.1026327 0.9945316 5.8434060
0.0000000 0.0000000 0.0000000 1.0000000
0.7831252 -0.6165235 -0.0813178 129.3007732
0.6215669 0.7800890 0.0715480 132.1620226
0.0193236 -0.1065753 0.9941247 5.8915345
0.0000000 0.0000000 0.0000000 1.0000000
0.7918389 -0.6056965 -0.0782452 129.9302148
0.6104848 0.7886499 0.0730985 132.5484784
0.0174320 -0.1056495 0.9942585 5.9111948
0.0000000 0.0000000 0.0000000 1.0000000
0.8037404 -0.5907468 -0.0708447 130.8062897
0.5948094 0.8006721 0.0716239 133.2400412
0.0144111 -0.0997059 0.9949205 5.9343838
0.0000000 0.0000000 0.0000000 1.0000000
0.8092747 -0.5831328 -0.0709251 131.4475326
0.5872682 0.8059995 0.0740629 133.5679470
0.0139765 -0.1015890 0.9947362 5.9328589
0.0000000 0.0000000 0.0000000 1.0000000
0.8155559 -0.5745775 -0.0687677 132.1543200
0.5785257 0.8123179 0.0738371 134.2948649
0.0134355 -0.1000020 0.9949045 5.9381913
0.0000000 0.0000000 0.0000000 1.0000000
0.8242091 -0.5620004 -0.0695321 132.8683964
0.5660999 0.8208712 0.0755369 134.7694698
0.0146244 -0.1016202 0.9947238 5.9447879
0.0000000 0.0000000 0.0000000 1.0000000
0.8319742 -0.5504766 -0.0692426 133.7523670
0.5545938 0.8286824 0.0756043 135.4518923
0.0157611 -0.1013022 0.9947391 5.9811993
0.0000000 0.0000000 0.0000000 1.0000000
0.8393290 -0.5391278 -0.0697704 134.7179378
0.5433514 0.8360557 0.0760572 136.0180729
0.0173267 -0.1017467 0.9946677 5.9700170
0.0000000 0.0000000 0.0000000 1.0000000
0.8491395 -0.5237056 -0.0685211 135.9026960
0.5278860 0.8457832 0.0774098 136.8009083
0.0174133 -0.1019029 0.9946503 5.9743406
0.0000000 0.0000000 0.0000000 1.0000000
0.8526424 -0.5179472 -0.0687909 136.4680810
0.5221991 0.8491969 0.0786010 137.2152630
0.0177052 -0.1029410 0.9945384 5.9666037
0.0000000 0.0000000 0.0000000 1.0000000
0.8604253 -0.5051012 -0.0673857 137.5075307
0.5092705 0.8569611 0.0791571 137.7819047
0.0177638 -0.1024262 0.9945905 6.0127357
0.0000000 0.0000000 0.0000000 1.0000000
0.8633468 -0.5001691 -0.0668070 138.3063788
0.5042802 0.8600018 0.0781234 138.3567990
0.0183785 -0.1011369 0.9947114 6.0737113
0.0000000 0.0000000 0.0000000 1.0000000
0.8704139 -0.4876390 -0.0677346 139.2245142
0.4918393 0.8673952 0.0756621 138.8520278
0.0218561 -0.0991717 0.9948390 6.1638876
0.0000000 0.0000000 0.0000000 1.0000000
0.8721635 -0.4846398 -0.0667466 139.9221320
0.4888047 0.8688874 0.0781663 139.3155415
0.0201120 -0.1007997 0.9947122 6.1496577
0.0000000 0.0000000 0.0000000 1.0000000
0.8752241 -0.4792910 -0.0652939 140.8461837
0.4833432 0.8718748 0.0788635 139.9126926
0.0191288 -0.1005825 0.9947536 6.1591803
0.0000000 0.0000000 0.0000000 1.0000000
0.8804705 -0.4697770 -0.0638839 141.9999275
0.4737802 0.8768257 0.0819424 140.2477643
0.0175196 -0.1024148 0.9945963 6.1706427
0.0000000 0.0000000 0.0000000 1.0000000
0.8853536 -0.4609869 -0.0603344 143.0332131
0.4647099 0.8813858 0.0849075 140.6361293
0.0140359 -0.1032111 0.9945692 6.2061825
0.0000000 0.0000000 0.0000000 1.0000000
0.8879839 -0.4562181 -0.0578818 143.8681922
0.4597339 0.8838042 0.0868351 141.1867232
0.0115396 -0.1037183 0.9945486 6.1979504
0.0000000 0.0000000 0.0000000 1.0000000
0.8922623 -0.4478900 -0.0571255 144.8384512
0.4513703 0.8880731 0.0871581 141.2959052
0.0116936 -0.1035526 0.9945642 6.2381710
0.0000000 0.0000000 0.0000000 1.0000000
0.8957356 -0.4413506 -0.0535527 145.6754801
0.4445276 0.8911244 0.0910949 141.5022905
0.0075164 -0.1054025 0.9944103 6.3070913
0.0000000 0.0000000 0.0000000 1.0000000
0.8995328 -0.4337796 -0.0517276 146.5380339
0.4368050 0.8949142 0.0912973 142.2845778
0.0066880 -0.1047198 0.9944884 6.2540958
0.0000000 0.0000000 0.0000000 1.0000000
0.9040049 -0.4246063 -0.0498435 147.7875712
0.4274755 0.8995153 0.0902337 142.7316573
0.0065203 -0.1028785 0.9946816 6.3284841
0.0000000 0.0000000 0.0000000 1.0000000
0.9086833 -0.4143257 -0.0512791 148.6550375
0.4173708 0.9044852 0.0878276 143.1513641
0.0099912 -0.1012098 0.9948240 6.2372890
0.0000000 0.0000000 0.0000000 1.0000000
0.9150571 -0.4002656 -0.0495894 149.8984709
0.4032002 0.9109346 0.0873716 143.3652657
0.0102000 -0.0999444 0.9949498 6.2816926
0.0000000 0.0000000 0.0000000 1.0000000
0.9169207 -0.3958724 -0.0504200 150.8364963
0.3989020 0.9128893 0.0866970 143.9305314
0.0117061 -0.0996068 0.9949672 6.2665866
0.0000000 0.0000000 0.0000000 1.0000000
0.9201490 -0.3881317 -0.0517664 151.8839650
0.3912971 0.9163861 0.0844378 144.1526892
0.0146641 -0.0979514 0.9950924 6.3776626
0.0000000 0.0000000 0.0000000 1.0000000
0.9262899 -0.3728900 -0.0542268 153.1315143
0.3763559 0.9226378 0.0842774 144.6323477
0.0186046 -0.0984739 0.9949750 6.4332036
0.0000000 0.0000000 0.0000000 1.0000000
0.9331291 -0.3554760 -0.0539178 153.8913571
0.3590633 0.9291033 0.0885871 145.1399336
0.0186037 -0.1020232 0.9946174 6.4873465
0.0000000 0.0000000 0.0000000 1.0000000
0.9396303 -0.3384077 -0.0507496 155.1796070
0.3418155 0.9351939 0.0926363 145.6467436
0.0161110 -0.1043910 0.9944153 6.4442763
0.0000000 0.0000000 0.0000000 1.0000000
0.9441932 -0.3253757 -0.0512911 156.4158258
0.3289439 0.9395584 0.0950432 146.1076841
0.0172653 -0.1066111 0.9941603 6.4583170
0.0000000 0.0000000 0.0000000 1.0000000
0.9526633 -0.2998194 -0.0504192 157.9611094
0.3034403 0.9479890 0.0961664 146.3426594
0.0189633 -0.1069135 0.9940971 6.5405543
0.0000000 0.0000000 0.0000000 1.0000000
0.9560731 -0.2887876 -0.0502735 158.8618073
0.2924594 0.9513707 0.0967923 146.9728356
0.0198754 -0.1072435 0.9940437 6.5116118
0.0000000 0.0000000 0.0000000 1.0000000
0.9634826 -0.2634054 -0.0481772 160.3477289
0.2669844 0.9587951 0.0971566 147.0797246
0.0205995 -0.1064713 0.9941120 6.6242980
0.0000000 0.0000000 0.0000000 1.0000000
0.9669602 -0.2506724 -0.0464011 161.8749361
0.2541950 0.9619026 0.1006775 147.7405623
0.0193953 -0.1091462 0.9938461 6.6792328
0.0000000 0.0000000 0.0000000 1.0000000
0.9703804 -0.2378002 -0.0425990 162.9616716
0.2410560 0.9647767 0.1053799 147.6981330
0.0160382 -0.1125274 0.9935289 6.6373656
0.0000000 0.0000000 0.0000000 1.0000000
0.9773456 -0.2072053 -0.0431710 164.6223371
0.2107856 0.9713581 0.1097298 147.9176516
0.0191970 -0.1163439 0.9930332 6.7089016
0.0000000 0.0000000 0.0000000 1.0000000
0.9819404 -0.1840981 -0.0436261 165.8879438
0.1879854 0.9754329 0.1148884 148.2694845
0.0214026 -0.1210148 0.9924297 6.6586710
0.0000000 0.0000000 0.0000000 1.0000000
0.9852361 -0.1645366 -0.0473145 167.4245918
0.1689967 0.9789082 0.1148326 148.4674382
0.0274214 -0.1211336 0.9922673 6.7971960
0.0000000 0.0000000 0.0000000 1.0000000
0.9884527 -0.1435184 -0.0486338 168.5227558
0.1483572 0.9819270 0.1175448 148.6775852
0.0308841 -0.1234029 0.9918858 6.7931598
0.0000000 0.0000000 0.0000000 1.0000000
0.9917426 -0.1191734 -0.0473903 170.2534732
0.1239824 0.9854320 0.1164442 148.6484765
0.0328219 -0.1213585 0.9920757 6.9397548
0.0000000 0.0000000 0.0000000 1.0000000
0.9950583 -0.0876989 -0.0465693 171.4141601
0.0926277 0.9888029 0.1170276 148.7566278
0.0357837 -0.1207632 0.9920460 6.9700229
0.0000000 0.0000000 0.0000000 1.0000000
0.9965713 -0.0696924 -0.0445998 172.9763362
0.0745548 0.9901381 0.1186363 148.9716134
0.0358909 -0.1215550 0.9919453 6.9902937
0.0000000 0.0000000 0.0000000 1.0000000
0.9977252 -0.0507464 -0.0443782 174.5100165
0.0558512 0.9908967 0.1225207 148.5245401
0.0377558 -0.1247211 0.9914828 7.1522637
0.0000000 0.0000000 0.0000000 1.0000000
0.9986505 -0.0269053 -0.0444155 175.9573414
0.0321862 0.9919153 0.1227802 148.6483633
0.0407521 -0.1240447 0.9914490 7.2085081
0.0000000 0.0000000 0.0000000 1.0000000
0.9989323 -0.0038564 -0.0460207 177.1019870
0.0096434 0.9919660 0.1261619 148.3787079
0.0451636 -0.1264717 0.9909511 7.2717351
0.0000000 0.0000000 0.0000000 1.0000000
0.9986223 0.0221935 -0.0475485 179.0814619
-0.0159362 0.9916347 0.1281158 148.4814042
0.0499933 -0.1271822 0.9906281 7.4256038
0.0000000 0.0000000 0.0000000 1.0000000
0.9979052 0.0419788 -0.0492227 180.4482593
-0.0354680 0.9913528 0.1263667 148.5841944
0.0541010 -0.1243568 0.9907711 7.5298007
0.0000000 0.0000000 0.0000000 1.0000000
0.9969881 0.0576890 -0.0518322 181.7889362
-0.0506990 0.9905748 0.1272711 148.5626315
0.0586850 -0.1242605 0.9905222 7.5628198
0.0000000 0.0000000 0.0000000 1.0000000
0.9957080 0.0768104 -0.0516308 182.9656560
