1.0000000 0.0000000 0.0000000 0.0000000
0.0000000 1.0000000 0.0000000 0.0000000
0.0000000 0.0000000 1.0000000 0.0000000
0.0000000 0.0000000 0.0000000 1.0000000
0.9997652 0.0216579 0.0002426 0.1598800
-0.0216585 0.9997642 0.0017603 0.0013336
-0.0002044 -0.0017652 0.9999985 0.0044818
0.0000000 0.0000000 0.0000000 1.0000000
0.9988743 0.0474289 0.0003413 0.4219566
-0.0474300 0.9988698 0.0032667 -0.0447237
-0.0001860 -0.0032792 0.9999947 0.0081902
0.0000000 0.0000000 0.0000000 1.0000000
0.9961521 0.0875634 0.0035198 0.8425009
-0.0875835 0.9961397 0.0059114 -0.0665484
-0.0029886 -0.0061969 0.9999765 -0.0199844
0.0000000 0.0000000 0.0000000 1.0000000
0.9918374 0.1274347 0.0042486 0.9928266
-0.1274494 0.9918401 0.0032588 -0.0018090
-0.0037987 -0.0037737 0.9999859 -0.0328811
0.0000000 0.0000000 0.0000000 1.0000000
0.9864795 0.1638314 0.0041327 1.2648925
-0.1638354 0.9864881 0.0004384 -0.0496615
-0.0040051 -0.0011096 0.9999916 -0.0585307
0.0000000 0.0000000 0.0000000 1.0000000
0.9790867 0.2033653 0.0056074 1.5567882
-0.2033694 0.9791027 -0.0001091 -0.3746640
-0.0055124 -0.0010335 0.9999846 -0.0395461
0.0000000 0.0000000 0.0000000 1.0000000
0.9680611 0.2505940 0.0077359 1.7996372
-0.2506063 0.9680896 0.0004424 -0.5389073
-0.0073781 -0.0023670 0.9999704 -0.0477840
0.0000000 0.0000000 0.0000000 1.0000000
0.9560377 0.2928840 0.0145116 2.1603272
-0.2928726 0.9561473 -0.0030538 -0.7248662
-0.0147697 -0.0013306 0.9998906 -0.0394101
0.0000000 0.0000000 0.0000000 1.0000000
0.9420403 0.3349939 0.0183900 2.3011015
-0.3348613 0.9422145 -0.0100578 -1.1907684
-0.0206966 0.0033168 0.9997810 -0.0352388
0.0000000 0.0000000 0.0000000 1.0000000
0.9214908 0.3879111 0.0194703 2.6995871
-0.3876900 0.9216797 -0.0143023 -1.2912521
-0.0234934 0.0056310 0.9997089 -0.0211199
0.0000000 0.0000000 0.0000000 1.0000000
0.8978304 0.4397467 0.0228620 2.9325833
-0.4394872 0.8981129 -0.0156781 -1.4856745
-0.0274270 0.0040287 0.9996166 -0.1195556
0.0000000 0.0000000 0.0000000 1.0000000
0.8762553 0.4811651 0.0256187 3.0764838
-0.4808694 0.8766259 -0.0171335 -1.7668122
-0.0307021 0.0026940 0.9995259 -0.1652196
0.0000000 0.0000000 0.0000000 1.0000000
0.8514726 0.5236937 0.0271526 3.2302289
-0.5232609 0.8518951 -0.0217768 -2.2889647
-0.0345355 0.0043345 0.9993950 -0.2091450
0.0000000 0.0000000 0.0000000 1.0000000
0.8181309 0.5743840 0.0272552 3.5070448
-0.5737231 0.8185479 -0.0286880 -2.7303776
-0.0387876 0.0078336 0.9992178 -0.1821698
0.0000000 0.0000000 0.0000000 1.0000000
0.7840146 0.6201596 0.0268539 4.0916475
-0.6193480 0.7844194 -0.0331104 -3.0830767
-0.0415985 0.0093272 0.9990919 -0.1836280
0.0000000 0.0000000 0.0000000 1.0000000
0.7506180 0.6602322 0.0257701 3.9866360
-0.6593806 0.7510052 -0.0347986 -3.4369459
-0.0423286 0.0091282 0.9990631 -0.2432006
0.0000000 0.0000000 0.0000000 1.0000000
0.7175897 0.6960165 0.0249800 3.9241099
-0.6950130 0.7179473 -0.0388697 -3.9317547
-0.0449883 0.0105311 0.9989332 -0.2494670
0.0000000 0.0000000 0.0000000 1.0000000
0.6835497 0.7294037 0.0269830 4.2271358
-0.7283845 0.6840443 -0.0392645 -4.3936014
-0.0470973 0.0071853 0.9988658 -0.3561726
0.0000000 0.0000000 0.0000000 1.0000000
0.6508793 0.7586406 0.0286160 4.2702909
-0.7575721 0.6514905 -0.0405795 -4.6639973
-0.0494284 0.0047337 0.9987677 -0.3686299
0.0000000 0.0000000 0.0000000 1.0000000
0.6185924 0.7851607 0.0293909 4.5620687
-0.7840779 0.6192847 -0.0413655 -5.1923382
-0.0506800 0.0025437 0.9987130 -0.3810179
0.0000000 0.0000000 0.0000000 1.0000000
0.5802104 0.8139599 0.0286805 4.7889601
-0.8128479 0.5809167 -0.0426259 -5.8914466
-0.0513568 0.0014192 0.9986806 -0.4045967
0.0000000 0.0000000 0.0000000 1.0000000
0.5493033 0.8351156 0.0290589 4.9695702
-0.8340166 0.5500705 -0.0429013 -6.4112073
-0.0518121 -0.0006697 0.9986579 -0.4522975
0.0000000 0.0000000 0.0000000 1.0000000
0.5222159 0.8524114 0.0261135 5.1221477
-0.8513188 0.5228677 -0.0432177 -7.1071827
-0.0504933 0.0003382 0.9987256 -0.4936417
0.0000000 0.0000000 0.0000000 1.0000000
0.4904852 0.8711306 0.0235080 5.0974560
-0.8701076 0.4910474 -0.0422795 -7.8454914
-0.0483746 0.0002830 0.9988306 -0.4965355
0.0000000 0.0000000 0.0000000 1.0000000
0.4686387 0.8832041 0.0180239 5.4978045
-0.8822125 0.4689689 -0.0420778 -8.4032507
-0.0456160 0.0038184 0.9989532 -0.5219925
0.0000000 0.0000000 0.0000000 1.0000000
0.4417741 0.8970017 0.0148351 5.5691817
-0.8960477 0.4419927 -0.0417413 -9.0317144
-0.0439990 0.0051473 0.9990197 -0.5638529
0.0000000 0.0000000 0.0000000 1.0000000
0.4267018 0.9043255 0.0108384 5.8245443
-0.9033785 0.4267597 -0.0422510 -10.0217147
-0.0428341 0.0082375 0.9990496 -0.5864189
0.0000000 0.0000000 0.0000000 1.0000000
0.4136595 0.9103926 0.0082153 6.1330057
-0.9094359 0.4136115 -0.0430473 -10.6347445
-0.0425879 0.0103358 0.9990407 -0.6418256
0.0000000 0.0000000 0.0000000 1.0000000
0.3996793 0.9166233 0.0073745 6.3086080
-0.9155664 0.3995829 -0.0455190 -11.2404623
-0.0446705 0.0114413 0.9989378 -0.6747203
0.0000000 0.0000000 0.0000000 1.0000000
0.3857339 0.9225805 0.0071130 6.7919468
-0.9214291 0.3856178 -0.0476181 -12.0488622
-0.0466745 0.0118139 0.9988418 -0.7091292
0.0000000 0.0000000 0.0000000 1.0000000
0.3750747 0.9269539 0.0084316 6.9347176
-0.9257627 0.3750286 -0.0481264 -12.8381191
-0.0477731 0.0102454 0.9988072 -0.7292196
0.0000000 0.0000000 0.0000000 1.0000000
0.3670170 0.9301616 0.0097059 7.3006962
-0.9289772 0.3670454 -0.0477227 -13.7616982
-0.0479524 0.0084986 0.9988150 -0.7521588
0.0000000 0.0000000 0.0000000 1.0000000
0.3594488 0.9330972 0.0110720 7.5557949
-0.9318837 0.3595501 -0.0481168 -14.5819853
-0.0488786 0.0069777 0.9987820 -0.7762238
0.0000000 0.0000000 0.0000000 1.0000000
0.3518320 0.9359850 0.0119276 7.9295921
-0.9346981 0.3519769 -0.0494996 -15.5088920
-0.0505292 0.0062669 0.9987047 -0.7812936
0.0000000 0.0000000 0.0000000 1.0000000
0.3456657 0.9382388 0.0148095 8.1782546
-0.9370152 0.3459708 -0.0480167 -16.3766474
-0.0501748 0.0027211 0.9987385 -0.8155569
0.0000000 0.0000000 0.0000000 1.0000000
0.3352046 0.9420304 0.0146107 8.5464979
-0.9405834 0.3354998 -0.0523637 -17.2243259
-0.0542301 0.0038100 0.9985230 -0.8624249
0.0000000 0.0000000 0.0000000 1.0000000
0.3281551 0.9444398 0.0185719 8.3894663
-0.9427726 0.3286774 -0.0561311 -18.0895136
-0.0591167 0.0009107 0.9982524 -0.8560015
0.0000000 0.0000000 0.0000000 1.0000000
0.3176044 0.9480141 0.0198282 8.6498316
-0.9462482 0.3182212 -0.0578753 -19.2030438
-0.0611764 -0.0003809 0.9981287 -0.8794599
0.0000000 0.0000000 0.0000000 1.0000000
0.3136047 0.9493137 0.0212467 8.7958874
-0.9474820 0.3143180 -0.0590003 -20.3912111
-0.0626881 -0.0016281 0.9980336 -0.8959903
0.0000000 0.0000000 0.0000000 1.0000000
0.3008536 0.9534256 0.0215197 9.0556014
-0.9515701 0.3016098 -0.0595391 -21.1393637
-0.0632568 -0.0025649 0.9979958 -0.9486643
0.0000000 0.0000000 0.0000000 1.0000000
0.2889324 0.9570998 0.0217673 9.3370424
-0.9552625 0.2897267 -0.0594148 -22.0479285
-0.0631725 -0.0036266 0.9979978 -0.9936347
0.0000000 0.0000000 0.0000000 1.0000000
0.2751946 0.9611537 0.0211597 9.6768492
-0.9594904 0.2759653 -0.0567438 -22.8148730
-0.0603789 -0.0046869 0.9981662 -1.0058530
0.0000000 0.0000000 0.0000000 1.0000000
0.2604040 0.9652501 0.0218723 9.6648222
-0.9635778 0.2612463 -0.0571489 -23.6014720
-0.0608770 -0.0061938 0.9981278 -1.0786666
0.0000000 0.0000000 0.0000000 1.0000000
0.2355026 0.9716291 0.0217234 9.8590101
-0.9700618 0.2363678 -0.0557490 -24.6562279
-0.0593021 -0.0079440 0.9982102 -1.1178635
0.0000000 0.0000000 0.0000000 1.0000000
0.2084512 0.9777717 0.0225016 9.9943985
-0.9761807 0.2094155 -0.0566905 -25.4797906
-0.0601426 -0.0101484 0.9981398 -1.1575088
0.0000000 0.0000000 0.0000000 1.0000000
0.1705779 0.9850465 0.0241271 10.0475770
-0.9835611 0.1716894 -0.0559191 -26.4788603
-0.0592253 -0.0141919 0.9981453 -1.1886496
0.0000000 0.0000000 0.0000000 1.0000000
0.1391137 0.9900233 0.0222855 10.2205383
-0.9884974 0.1401758 -0.0567414 -27.2293138
-0.0592993 -0.0141356 0.9981419 -1.2179373
0.0000000 0.0000000 0.0000000 1.0000000
0.1018589 0.9945609 0.0216491 10.1417468
-0.9931249 0.1029237 -0.0557347 -28.2658646
-0.0576599 -0.0158232 0.9982125 -1.2383449
0.0000000 0.0000000 0.0000000 1.0000000
0.0765420 0.9968608 0.0201423 10.3003262
-0.9954627 0.0775471 -0.0551053 -28.7814650
-0.0564943 -0.0158330 0.9982790 -1.2806103
0.0000000 0.0000000 0.0000000 1.0000000
0.0428983 0.9988822 0.0197607 10.2944694
-0.9976591 0.0438820 -0.0524112 -29.6417945
-0.0532198 -0.0174660 0.9984319 -1.3261044
0.0000000 0.0000000 0.0000000 1.0000000
0.0126258 0.9997555 0.0180762 10.2324346
-0.9987797 0.0134717 -0.0474757 -30.6429347
-0.0477075 -0.0174547 0.9987107 -1.3012380
0.0000000 0.0000000 0.0000000 1.0000000
-0.0184959 0.9997503 0.0123886 10.0620982
-0.9988317 -0.0179237 -0.0448325 -31.3655052
-0.0445992 -0.0132032 0.9989196 -1.3642223
0.0000000 0.0000000 0.0000000 1.0000000
-0.0554929 0.9984279 0.0076350 9.7427577
-0.9976212 -0.0551324 -0.0413130 -32.1341130
-0.0408270 -0.0099093 0.9991191 -1.3768589
0.0000000 0.0000000 0.0000000 1.0000000
-0.0819671 0.9966283 0.0032311 9.7171889
-0.9959045 -0.0817831 -0.0384708 -33.0573281
-0.0380767 -0.0063711 0.9992566 -1.4372896
0.0000000 0.0000000 0.0000000 1.0000000
-0.1133996 0.9935386 -0.0043027 9.3940752
-0.9928863 -0.1134810 -0.0359571 -33.9360655
-0.0362129 0.0001948 0.9993463 -1.5352830
0.0000000 0.0000000 0.0000000 1.0000000
-0.1408242 0.9900048 -0.0075188 9.1832178
-0.9896059 -0.1409821 -0.0282607 -34.7832649
-0.0290380 0.0034611 0.9995746 -1.5816898
0.0000000 0.0000000 0.0000000 1.0000000
-0.1716707 0.9851035 -0.0098378 8.6479039
-0.9849852 -0.1718164 -0.0166581 -35.6716175
-0.0181000 0.0068307 0.9998150 -1.6492228
0.0000000 0.0000000 0.0000000 1.0000000
-0.2005271 0.9796272 -0.0107526 8.1493870
-0.9796532 -0.2005970 -0.0058986 -36.1939582
-0.0079351 0.0093513 0.9999271 -1.7475615
0.0000000 0.0000000 0.0000000 1.0000000
-0.2261364 0.9740704 -0.0067221 7.8652860
-0.9740866 -0.2261034 0.0052727 -36.7037268
0.0036165 0.0077406 0.9999660 -1.6787846
0.0000000 0.0000000 0.0000000 1.0000000
-0.2487482 0.9685354 -0.0077328 7.6224995
-0.9684988 -0.2486286 0.0137576 -37.5224298
0.0114026 0.0109117 0.9998778 -1.6827721
0.0000000 0.0000000 0.0000000 1.0000000
-0.2708195 0.9625834 -0.0092964 7.4069132
-0.9625432 -0.2706549 0.0158587 -38.4366082
0.0127497 0.0132435 0.9998334 -1.6546566
0.0000000 0.0000000 0.0000000 1.0000000
-0.2903920 0.9568697 -0.0083119 6.7798397
-0.9568397 -0.2902598 0.0141825 -39.2744884
0.0111586 0.0120721 0.9998673 -1.6999385
0.0000000 0.0000000 0.0000000 1.0000000
-0.3125301 0.9498336 -0.0117221 6.6173499
-0.9498752 -0.3123992 0.0117354 -39.9198058
0.0074850 0.0148026 0.9998649 -1.7200311
0.0000000 0.0000000 0.0000000 1.0000000
-0.3342494 0.9423164 -0.0177133 6.2833739
-0.9424796 -0.3341530 0.0082269 -40.6355078
0.0018337 0.0194447 0.9998118 -1.6940903
0.0000000 0.0000000 0.0000000 1.0000000
-0.3484941 0.9370631 -0.0214749 5.9274063
-0.9373074 -0.3484193 0.0072494 -41.2019718
-0.0006888 0.0226555 0.9997458 -1.6328854
0.0000000 0.0000000 0.0000000 1.0000000
-0.3606331 0.9324160 -0.0232515 5.6557748
-0.9327033 -0.3604838 0.0104624 -41.9639276
0.0013738 0.0254603 0.9996777 -1.6094299
0.0000000 0.0000000 0.0000000 1.0000000
-0.3709317 0.9283497 -0.0239316 5.3435538
-0.9286524 -0.3707294 0.0125575 -42.8775878
0.0027859 0.0268826 0.9996376 -1.5974642
0.0000000 0.0000000 0.0000000 1.0000000
-0.3798137 0.9248986 -0.0173463 4.9837750
-0.9250501 -0.3796592 0.0115922 -43.5809435
0.0041362 0.0204495 0.9997853 -1.6073825
0.0000000 0.0000000 0.0000000 1.0000000
-0.3904208 0.9204763 -0.0170768 4.7066623
-0.9206229 -0.3902668 0.0117171 -44.3624329
0.0041212 0.0202964 0.9997885 -1.5876580
0.0000000 0.0000000 0.0000000 1.0000000
-0.3989329 0.9168317 -0.0163965 4.2670207
-0.9169662 -0.3987845 0.0116433 -45.1269585
0.0041366 0.0196804 0.9998008 -1.5617006
0.0000000 0.0000000 0.0000000 1.0000000
-0.4056032 0.9139110 -0.0157773 3.9487449
-0.9140243 -0.4054195 0.0136309 -46.0334076
0.0060613 0.0199501 0.9997857 -1.4761264
0.0000000 0.0000000 0.0000000 1.0000000
-0.4091385 0.9123270 -0.0161513 3.5563798
-0.9124340 -0.4089074 0.0158209 -46.8073125
0.0078298 0.0212104 0.9997477 -1.5048532
0.0000000 0.0000000 0.0000000 1.0000000
-0.4098667 0.9119987 -0.0162073 3.2208685
-0.9121057 -0.4096315 0.0159957 -47.5966837
0.0079494 0.0213394 0.9997440 -1.4917019
0.0000000 0.0000000 0.0000000 1.0000000
-0.4059404 0.9137417 -0.0168541 2.7343354
-0.9138628 -0.4057046 0.0157810 -48.2231964
0.0075823 0.0218090 0.9997368 -1.4455674
0.0000000 0.0000000 0.0000000 1.0000000
-0.4005104 0.9161018 -0.0185359 2.4270951
-0.9162598 -0.4002616 0.0157693 -48.9453088
0.0070274 0.0233000 0.9997072 -1.4387975
0.0000000 0.0000000 0.0000000 1.0000000
-0.3936069 0.9191203 -0.0169043 2.2110625
-0.9192419 -0.3933753 0.0154874 -49.8070626
0.0075854 0.0216356 0.9997405 -1.4197025
0.0000000 0.0000000 0.0000000 1.0000000
-0.3833406 0.9235014 -0.0137307 1.6984125
-0.9235660 -0.3831528 0.0144815 -50.6820781
0.0081131 0.0182330 0.9998043 -1.3693066
0.0000000 0.0000000 0.0000000 1.0000000
-0.3797095 0.9250023 -0.0136031 1.4796059
-0.9250785 -0.3795581 0.0124718 -51.6109797
0.0063736 0.0173200 0.9998331 -1.3206787
0.0000000 0.0000000 0.0000000 1.0000000
-0.3763174 0.9264124 -0.0117429 1.1885058
-0.9264618 -0.3761884 0.0118238 -52.7152909
0.0065365 0.0153292 0.9998647 -1.3222054
0.0000000 0.0000000 0.0000000 1.0000000
-0.3739720 0.9273872 -0.0095211 0.7693191
-0.9274176 -0.3738852 0.0097484 -53.6284808
0.0054811 0.0124760 0.9999108 -1.3008243
0.0000000 0.0000000 0.0000000 1.0000000
-0.3712228 0.9284942 -0.0092024 0.5531860
-0.9285249 -0.3711488 0.0088278 -54.6170633
0.0047814 0.0118220 0.9999225 -1.2829007
0.0000000 0.0000000 0.0000000 1.0000000
-0.3728830 0.9278393 -0.0080694 0.0552251
-0.9278646 -0.3728334 0.0070572 -55.3210814
0.0035397 0.0101191 0.9999465 -1.2982520
0.0000000 0.0000000 0.0000000 1.0000000
-0.3768889 0.9262215 -0.0077852 -0.3840456
-0.9262489 -0.3768538 0.0056492 -56.2458223
0.0022988 0.0093404 0.9999576 -1.2971026
0.0000000 0.0000000 0.0000000 1.0000000
-0.3764513 0.9263914 -0.0087104 -0.6812803
-0.9264286 -0.3764179 0.0052734 -57.2049592
0.0016067 0.0100550 0.9999520 -1.3082816
0.0000000 0.0000000 0.0000000 1.0000000
-0.3765273 0.9263723 -0.0072907 -1.0214053
-0.9263968 -0.3764975 0.0051651 -58.1615166
0.0020402 0.0086992 0.9999639 -1.2697273
0.0000000 0.0000000 0.0000000 1.0000000
-0.3768002 0.9262508 -0.0084879 -1.4796211
-0.9262867 -0.3767725 0.0047325 -59.2908116
0.0011857 0.0096457 0.9999565 -1.2667158
0.0000000 0.0000000 0.0000000 1.0000000
-0.3796542 0.9250969 -0.0069633 -1.7380304
-0.9251209 -0.3796359 0.0038474 -60.1144620
0.0009159 0.0079028 0.9999720 -1.2481382
0.0000000 0.0000000 0.0000000 1.0000000
-0.3784015 0.9256139 -0.0064007 -2.2068610
-0.9256344 -0.3783876 0.0032981 -61.1489276
0.0006310 0.0071729 0.9999778 -1.2130664
0.0000000 0.0000000 0.0000000 1.0000000
-0.3763809 0.9264482 -0.0045829 -2.5402375
-0.9264580 -0.3763737 0.0023719 -62.1999562
0.0004728 0.0051388 0.9999904 -1.1843694
0.0000000 0.0000000 0.0000000 1.0000000
-0.3760379 0.9265794 -0.0059423 -2.9844908
-0.9265972 -0.3760329 0.0019518 -63.1414430
-0.0004258 0.0062402 0.9999842 -1.1720187
0.0000000 0.0000000 0.0000000 1.0000000
-0.3737851 0.9274898 -0.0060896 -3.4900056
-0.9275032 -0.3737957 -0.0006134 -64.2483264
-0.0028450 0.0054190 0.9999851 -1.1815892
0.0000000 0.0000000 0.0000000 1.0000000
-0.3704945 0.9288130 -0.0054472 -3.7639799
-0.9288196 -0.3705089 -0.0018369 -65.1837557
-0.0037242 0.0043790 0.9999875 -1.1993109
0.0000000 0.0000000 0.0000000 1.0000000
-0.3681383 0.9297547 -0.0045298 -4.0610562
-0.9297524 -0.3681536 -0.0030345 -66.0993672
-0.0044888 0.0030946 0.9999892 -1.1830860
0.0000000 0.0000000 0.0000000 1.0000000
-0.3659976 0.9305959 -0.0051931 -4.4847357
-0.9305994 -0.3660128 -0.0022369 -67.0869885
-0.0039823 0.0040142 0.9999881 -1.1346217
0.0000000 0.0000000 0.0000000 1.0000000
-0.3667398 0.9303021 -0.0054528 -4.8609939
-0.9303092 -0.3667527 -0.0013928 -67.8445611
-0.0032954 0.0045621 0.9999881 -1.1802348
0.0000000 0.0000000 0.0000000 1.0000000
-0.3692134 0.9293317 -0.0037469 -5.1807730
-0.9293346 -0.3692176 -0.0002475 -68.8477467
-0.0016132 0.0033910 0.9999970 -1.1846567
0.0000000 0.0000000 0.0000000 1.0000000
-0.3688509 0.9294810 -0.0018775 -5.6154300
-0.9294795 -0.3688492 0.0014902 -69.9855712
0.0006928 0.0022948 1.0000010 -1.1593460
0.0000000 0.0000000 0.0000000 1.0000000
-0.3716640 0.9283617 -0.0004419 -5.8703711
-0.9283538 -0.3716614 0.0033038 -70.8727186
0.0029032 0.0016383 0.9999984 -1.0632455
0.0000000 0.0000000 0.0000000 1.0000000
-0.3772231 0.9261163 -0.0011591 -6.2317083
-0.9261134 -0.3772240 0.0001437 -71.6959044
-0.0003039 0.0011278 1.0000032 -1.1420939
0.0000000 0.0000000 0.0000000 1.0000000
-0.3820318 0.9241382 -0.0032101 -6.6179281
-0.9241365 -0.3820386 -0.0015367 -72.7734143
-0.0026463 0.0023797 0.9999976 -1.0298939
0.0000000 0.0000000 0.0000000 1.0000000
-0.3891941 0.9211499 -0.0001502 -7.1203615
-0.9211414 -0.3891929 -0.0033519 -73.7316656
-0.0031459 -0.0011661 0.9999984 -1.0558573
0.0000000 0.0000000 0.0000000 1.0000000
-0.3973884 0.9176445 0.0003717 -7.4547350
-0.9176373 -0.3973861 -0.0030623 -74.5668036
-0.0026622 -0.0015580 0.9999992 -0.9658084
0.0000000 0.0000000 0.0000000 1.0000000
-0.4014918 0.9158547 0.0019695 -7.8153472
-0.9158529 -0.4014906 -0.0013511 -75.4356447
-0.0004464 -0.0023462 1.0000013 -0.9519853
0.0000000 0.0000000 0.0000000 1.0000000
-0.4067469 0.9135264 0.0039663 -8.2718404
-0.9135308 -0.4067432 -0.0019553 -76.3788214
-0.0001727 -0.0044187 0.9999944 -0.9775552
0.0000000 0.0000000 0.0000000 1.0000000
-0.4097553 0.9121587 0.0075095 -8.6741470
-0.9121856 -0.4097423 -0.0033659 -77.3945828
0.0000069 -0.0082293 0.9999703 -0.8922117
0.0000000 0.0000000 0.0000000 1.0000000
-0.4132354 0.9105882 0.0073887 -9.2162660
-0.9106124 -0.4132057 -0.0053289 -78.1406438
-0.0017992 -0.0089304 0.9999627 -0.9114004
0.0000000 0.0000000 0.0000000 1.0000000
-0.4149738 0.9098240 0.0023727 -9.7333492
-0.9097648 -0.4149171 -0.0123999 -79.1664835
-0.0102972 -0.0073043 0.9999246 -0.8992516
0.0000000 0.0000000 0.0000000 1.0000000
-0.4140081 0.9102667 -0.0006237 -10.2237097
-0.9100677 -0.4139347 -0.0204005 -80.2484921
-0.0188282 -0.0078784 0.9997959 -0.8793726
0.0000000 0.0000000 0.0000000 1.0000000
-0.4185973 0.9081609 -0.0030209 -10.6982974
-0.9078990 -0.4185555 -0.0226235 -81.2072473
-0.0218103 -0.0067275 0.9997438 -0.8732261
0.0000000 0.0000000 0.0000000 1.0000000
-0.4200833 0.9074781 0.0012998 -11.1849127
-0.9073372 -0.4199960 -0.0179690 -81.9270631
-0.0157606 -0.0087279 0.9998420 -0.8703966
0.0000000 0.0000000 0.0000000 1.0000000
-0.4219501 0.9065980 0.0051252 -11.6166693
-0.9065405 -0.4218447 -0.0145444 -82.7576954
-0.0110239 -0.0107833 0.9998856 -0.8626857
0.0000000 0.0000000 0.0000000 1.0000000
-0.4211403 0.9069892 0.0004706 -12.1212929
-0.9069408 -0.4211165 -0.0099836 -83.7728865
-0.0088567 -0.0046313 0.9999545 -0.8899160
0.0000000 0.0000000 0.0000000 1.0000000
-0.4209304 0.9070857 -0.0013518 -12.6271776
-0.9070208 -0.4209205 -0.0109312 -84.5991715
-0.0104844 -0.0033751 0.9999440 -0.8693618
0.0000000 0.0000000 0.0000000 1.0000000
-0.4191045 0.9079309 -0.0011714 -13.0522134
-0.9078286 -0.4190793 -0.0141516 -85.5397481
-0.0133396 -0.0048675 0.9999039 -0.8278551
0.0000000 0.0000000 0.0000000 1.0000000
-0.4193977 0.9077943 -0.0019645 -13.5819927
-0.9076214 -0.4193620 -0.0184037 -86.5057853
-0.0175307 -0.0059355 0.9998334 -0.8078274
0.0000000 0.0000000 0.0000000 1.0000000
-0.4179232 0.9084696 -0.0034599 -13.9230332
-0.9081619 -0.4178792 -0.0244627 -87.2519653
-0.0236696 -0.0070814 0.9996996 -0.8184081
0.0000000 0.0000000 0.0000000 1.0000000
-0.4167784 0.9089924 0.0041108 -14.4323649
-0.9086681 -0.4165036 -0.0287555 -88.2987806
-0.0244265 -0.0157203 0.9995829 -0.7862836
0.0000000 0.0000000 0.0000000 1.0000000
-0.4149760 0.9097714 0.0099786 -14.6615156
-0.9094795 -0.4144961 -0.0319477 -89.1648469
-0.0249292 -0.0223332 0.9994447 -0.7669769
0.0000000 0.0000000 0.0000000 1.0000000
-0.4132442 0.9105895 0.0067121 -15.1464813
-0.9102444 -0.4128603 -0.0313442 -90.0316382
-0.0257708 -0.0190628 0.9994910 -0.7709194
0.0000000 0.0000000 0.0000000 1.0000000
-0.4102023 0.9119837 0.0030216 -15.5735119
-0.9116190 -0.4099441 -0.0296192 -90.9232579
-0.0257738 -0.0149046 0.9995615 -0.7785599
0.0000000 0.0000000 0.0000000 1.0000000
-0.4044811 0.9145282 0.0046998 -15.9664988
-0.9142432 -0.4042192 -0.0273066 -91.7383786
-0.0230731 -0.0153420 0.9996209 -0.7565713
0.0000000 0.0000000 0.0000000 1.0000000
-0.3964764 0.9180385 0.0007767 -16.3551853
-0.9177237 -0.3963228 -0.0262827 -92.5725132
-0.0238209 -0.0111335 0.9996590 -0.7669157
0.0000000 0.0000000 0.0000000 1.0000000
-0.3900477 0.9207712 -0.0056585 -16.7544118
-0.9204369 -0.3900646 -0.0249901 -93.3230675
-0.0252175 -0.0045391 0.9996765 -0.7579552
0.0000000 0.0000000 0.0000000 1.0000000
-0.3771357 0.9261442 -0.0038033 -17.1302313
-0.9258011 -0.3771066 -0.0257198 -94.4110507
-0.0252548 -0.0061788 0.9996667 -0.7778391
0.0000000 0.0000000 0.0000000 1.0000000
-0.3665384 0.9303954 -0.0018010 -17.4303558
-0.9300433 -0.3664565 -0.0265976 -95.1609481
-0.0254065 -0.0080741 0.9996494 -0.7804002
0.0000000 0.0000000 0.0000000 1.0000000
-0.3545653 0.9350210 -0.0028863 -17.7808885
-0.9345733 -0.3544923 -0.0297895 -96.0777105
-0.0288773 -0.0078650 0.9995569 -0.7546240
0.0000000 0.0000000 0.0000000 1.0000000
-0.3396878 0.9405329 -0.0003880 -18.0991551
-0.9400463 -0.3395302 -0.0318148 -97.0102213
-0.0300549 -0.0104425 0.9994985 -0.7542751
0.0000000 0.0000000 0.0000000 1.0000000
-0.3282736 0.9445775 -0.0004125 -18.4474124
-0.9440671 -0.3281154 -0.0325230 -97.8915039
-0.0308561 -0.0102872 0.9994757 -0.7502090
0.0000000 0.0000000 0.0000000 1.0000000
-0.3173724 0.9482884 -0.0037981 -18.7846383
-0.9477900 -0.3173360 -0.0311609 -98.7366062
-0.0307551 -0.0062898 0.9995120 -0.7809527
0.0000000 0.0000000 0.0000000 1.0000000
-0.3036551 0.9527717 -0.0032393 -18.9836321
-0.9523617 -0.3036258 -0.0282516 -99.6633290
-0.0279011 -0.0054939 0.9996004 -0.7985803
0.0000000 0.0000000 0.0000000 1.0000000
-0.2919360 0.9564295 -0.0026380 -19.2929440
-0.9562386 -0.2919359 -0.0189768 -100.5107570
-0.0189202 -0.0030175 0.9998214 -0.9116555
0.0000000 0.0000000 0.0000000 1.0000000
-0.2774710 0.9607260 -0.0024842 -19.6334709
-0.9606115 -0.2774810 -0.0144533 -101.4128525
-0.0145749 -0.0016240 0.9998975 -0.8898196
0.0000000 0.0000000 0.0000000 1.0000000
-0.2651065 0.9642095 -0.0031178 -19.8111525
-0.9640510 -0.2651240 -0.0171648 -102.2919239
-0.0173770 -0.0015448 0.9998527 -0.8950401
0.0000000 0.0000000 0.0000000 1.0000000
-0.2520894 0.9676879 -0.0047623 -20.0364590
-0.9674438 -0.2521369 -0.0214362 -103.1583355
-0.0219444 -0.0007966 0.9997638 -0.8929909
0.0000000 0.0000000 0.0000000 1.0000000
-0.2438371 0.9698103 -0.0018493 -20.2798510
-0.9695918 -0.2438272 -0.0204724 -104.0005921
-0.0203053 -0.0031989 0.9997936 -0.8915023
0.0000000 0.0000000 0.0000000 1.0000000
-0.2361079 0.9717211 0.0018044 -20.5093130
-0.9716094 -0.2360585 -0.0151987 -104.9561555
-0.0143429 -0.0053418 0.9998877 -0.8928373
0.0000000 0.0000000 0.0000000 1.0000000
-0.2313325 0.9728357 0.0082034 -20.7304738
-0.9728375 -0.2312608 -0.0092262 -105.8378397
-0.0070783 -0.0101150 0.9999287 -0.9090661
0.0000000 0.0000000 0.0000000 1.0000000
-0.2281667 0.9735228 0.0135862 -20.8557192
-0.9735982 -0.2280755 -0.0082127 -106.7412589
-0.0048963 -0.0151016 0.9998788 -0.8602625
0.0000000 0.0000000 0.0000000 1.0000000
-0.2260168 0.9740291 0.0132146 -21.1361531
-0.9740995 -0.2259314 -0.0079378 -107.6226093
-0.0047458 -0.0146667 0.9998861 -0.8701809
0.0000000 0.0000000 0.0000000 1.0000000
-0.2218020 0.9750284 0.0106980 -21.3127825
-0.9750664 -0.2217339 -0.0075496 -108.3219931
-0.0049887 -0.0121060 0.9999192 -0.8929425
0.0000000 0.0000000 0.0000000 1.0000000
-0.2180016 0.9758487 0.0136402 -21.5429590
-0.9758982 -0.2178533 -0.0118355 -109.2400612
-0.0085779 -0.0158919 0.9998419 -0.8640460
0.0000000 0.0000000 0.0000000 1.0000000
-0.2108780 0.9774651 0.0091963 -21.7824824
-0.9774274 -0.2107422 -0.0142141 -110.0106951
-0.0119557 -0.0119864 0.9998616 -0.8857639
0.0000000 0.0000000 0.0000000 1.0000000
-0.2059812 0.9785291 0.0066764 -21.9494916
-0.9784474 -0.2058653 -0.0153990 -110.8581101
-0.0136939 -0.0097046 0.9998640 -0.9169149
0.0000000 0.0000000 0.0000000 1.0000000
-0.1996570 0.9797889 0.0119531 -22.1513888
-0.9797608 -0.1994600 -0.0161943 -111.8146212
-0.0134828 -0.0149449 0.9998023 -0.8634428
0.0000000 0.0000000 0.0000000 1.0000000
-0.1936881 0.9807830 0.0232843 -22.3541382
-0.9809804 -0.1933399 -0.0165759 -112.8551925
-0.0117554 -0.0260525 0.9995965 -0.8594622
0.0000000 0.0000000 0.0000000 1.0000000
-0.1878119 0.9820568 0.0168386 -22.5651195
-0.9821421 -0.1876057 -0.0133528 -113.5960399
-0.0099540 -0.0190461 0.9997741 -0.8822047
0.0000000 0.0000000 0.0000000 1.0000000
-0.1802281 0.9834875 0.0162219 -22.7695858
-0.9835888 -0.1800904 -0.0098732 -114.6640624
-0.0067885 -0.0177355 0.9998248 -0.8674296
0.0000000 0.0000000 0.0000000 1.0000000
-0.1744423 0.9845651 0.0139227 -22.9387251
-0.9846043 -0.1742779 -0.0125777 -115.4579139
-0.0099570 -0.0159028 0.9998292 -0.9115970
0.0000000 0.0000000 0.0000000 1.0000000
-0.1672843 0.9858240 0.0126011 -23.1404965
-0.9857927 -0.1670732 -0.0165975 -116.2815000
-0.0142568 -0.0151989 0.9997881 -0.9446224
0.0000000 0.0000000 0.0000000 1.0000000
-0.1605548 0.9869800 0.0091650 -23.1872024
-0.9868659 -0.1603680 -0.0188079 -117.1111432
-0.0170933 -0.0120646 0.9997866 -0.9361551
0.0000000 0.0000000 0.0000000 1.0000000
-0.1545449 0.9879456 0.0084506 -23.2558428
-0.9878755 -0.1544090 -0.0153643 -117.8948239
-0.0138742 -0.0107229 0.9998518 -0.9981208
0.0000000 0.0000000 0.0000000 1.0000000
-0.1485213 0.9888189 0.0130459 -23.4396512
-0.9888265 -0.1483462 -0.0138460 -118.8648810
-0.0117557 -0.0149569 0.9998246 -0.9521050
0.0000000 0.0000000 0.0000000 1.0000000
-0.1403652 0.9899906 0.0144210 -23.5457113
-0.9900192 -0.1401755 -0.0137486 -119.6917268
-0.0115894 -0.0162072 0.9998071 -0.8749337
0.0000000 0.0000000 0.0000000 1.0000000
-0.1337854 0.9909016 0.0143958 -23.6981231
-0.9909229 -0.1335876 -0.0142510 -120.6100317
-0.0121981 -0.0161721 0.9998005 -0.8882267
0.0000000 0.0000000 0.0000000 1.0000000
-0.1257635 0.9920189 0.0085604 -23.7922972
-0.9919635 -0.1256410 -0.0141136 -121.5373050
-0.0129254 -0.0102668 0.9998694 -0.8769141
0.0000000 0.0000000 0.0000000 1.0000000
-0.1170722 0.9931021 0.0058100 -23.9813516
-0.9930260 -0.1169896 -0.0137094 -122.4124014
-0.0129350 -0.0073747 0.9998949 -0.8847790
0.0000000 0.0000000 0.0000000 1.0000000
-0.1102516 0.9938704 0.0075658 -24.0090242
-0.9938088 -0.1101479 -0.0136005 -123.3119497
-0.0126836 -0.0090187 0.9998847 -0.8544263
0.0000000 0.0000000 0.0000000 1.0000000
-0.1037336 0.9945787 0.0066422 -24.1222866
-0.9945143 -0.1036458 -0.0131385 -124.1742586
-0.0123787 -0.0079689 0.9998974 -0.9276237
0.0000000 0.0000000 0.0000000 1.0000000
-0.0976905 0.9952050 0.0037851 -24.1740936
-0.9951113 -0.0976348 -0.0139655 -124.9401411
-0.0135289 -0.0051311 0.9999011 -0.9391206
0.0000000 0.0000000 0.0000000 1.0000000
-0.0940537 0.9955176 0.0094219 -24.3132273
-0.9954528 -0.0939111 -0.0151017 -125.9230165
-0.0141491 -0.0107998 0.9998475 -0.8462456
0.0000000 0.0000000 0.0000000 1.0000000
-0.0855891 0.9962927 0.0080959 -24.4416209
-0.9962098 -0.0854640 -0.0153193 -126.7714877
-0.0145705 -0.0093767 0.9998557 -0.9036361
0.0000000 0.0000000 0.0000000 1.0000000
-0.0821273 0.9965918 0.0070026 -24.4836220
-0.9965200 -0.0820303 -0.0138752 -127.8095412
-0.0132534 -0.0081180 0.9998852 -0.9129591
0.0000000 0.0000000 0.0000000 1.0000000
-0.0770851 0.9970016 0.0058918 -24.6401951
-0.9968779 -0.0769830 -0.0167647 -128.5764278
-0.0162608 -0.0071660 0.9998481 -0.8919772
0.0000000 0.0000000 0.0000000 1.0000000
-0.0729156 0.9973309 -0.0020158 -24.6484870
-0.9971073 -0.0729476 -0.0207142 -129.5052786
-0.0208060 0.0004995 0.9997895 -0.9434531
0.0000000 0.0000000 0.0000000 1.0000000
-0.0682993 0.9976582 0.0020079 -24.9088768
-0.9974047 -0.0682435 -0.0223670 -130.5312333
-0.0221777 -0.0035304 0.9997540 -0.9302676
0.0000000 0.0000000 0.0000000 1.0000000
-0.0639260 0.9979490 0.0014674 -24.8572198
-0.9977130 -0.0638858 -0.0214754 -131.3190201
-0.0213377 -0.0028370 0.9997745 -0.9378622
0.0000000 0.0000000 0.0000000 1.0000000
-0.0574218 0.9983447 0.0010213 -24.9276125
-0.9981278 -0.0573949 -0.0204950 -132.2278046
-0.0204026 -0.0021963 0.9997957 -0.9990670
0.0000000 0.0000000 0.0000000 1.0000000
-0.0555215 0.9984524 0.0007586 -24.9079890
-0.9982237 -0.0554994 -0.0210116 -133.1619565
-0.0209371 -0.0019240 0.9997853 -1.0136698
0.0000000 0.0000000 0.0000000 1.0000000
-0.0576738 0.9983303 0.0005425 -24.9962018
-0.9980996 -0.0576556 -0.0210847 -133.9998027
-0.0210183 -0.0017576 0.9997838 -1.0598782
0.0000000 0.0000000 0.0000000 1.0000000
-0.0558416 0.9984317 -0.0022705 -25.0193212
-0.9980717 -0.0558882 -0.0264615 -134.8651609
-0.0265471 0.0007885 0.9996536 -1.0450413
0.0000000 0.0000000 0.0000000 1.0000000
-0.0511379 0.9986825 0.0027681 -25.0323260
-0.9981791 -0.0510310 -0.0316883 -135.9502230
-0.0315056 -0.0043837 0.9995003 -0.9988179
0.0000000 0.0000000 0.0000000 1.0000000
-0.0501059 0.9987371 -0.0018129 -25.1547829
-0.9981434 -0.0501448 -0.0341280 -136.7483213
-0.0341762 0.0000994 0.9994223 -0.9988696
0.0000000 0.0000000 0.0000000 1.0000000
-0.0501084 0.9987355 0.0024694 -25.1245243
-0.9982520 -0.0500144 -0.0309795 -137.5280566
-0.0308171 -0.0040176 0.9995235 -1.0933128
0.0000000 0.0000000 0.0000000 1.0000000
-0.0507972 0.9986989 0.0031240 -25.2197186
-0.9983154 -0.0506981 -0.0276312 -138.4102278
-0.0274370 -0.0045225 0.9996197 -1.1012920
0.0000000 0.0000000 0.0000000 1.0000000
-0.0504331 0.9987118 -0.0045484 -25.1874388
-0.9983231 -0.0505462 -0.0276225 -139.2687860
-0.0278170 0.0031477 0.9996145 -1.1211588
0.0000000 0.0000000 0.0000000 1.0000000
-0.0505713 0.9987117 0.0026996 -25.2702763
-0.9983278 -0.0504843 -0.0275694 -140.1512255
-0.0273977 -0.0040894 0.9996226 -1.1043678
0.0000000 0.0000000 0.0000000 1.0000000
-0.0528902 0.9985753 -0.0063349 -25.3607672
-0.9982010 -0.0530508 -0.0273357 -140.9970353
-0.0276330 0.0048778 0.9996126 -1.1048139
0.0000000 0.0000000 0.0000000 1.0000000
-0.0500359 0.9987421 -0.0005576 -25.3536447
-0.9983829 -0.0500395 -0.0263562 -141.8570629
-0.0263511 -0.0007622 0.9996589 -1.1731842
0.0000000 0.0000000 0.0000000 1.0000000
-0.0492250 0.9987612 0.0065944 -25.4026288
-0.9985316 -0.0490741 -0.0222023 -142.6550586
-0.0218512 -0.0076779 0.9997382 -1.1149903
0.0000000 0.0000000 0.0000000 1.0000000
-0.0468186 0.9988405 0.0107827 -25.3073740
-0.9986684 -0.0465864 -0.0214115 -143.5098688
-0.0208843 -0.0117711 0.9997191 -1.1005867
0.0000000 0.0000000 0.0000000 1.0000000
-0.0457506 0.9989119 0.0085864 -25.4676789
-0.9987683 -0.0455902 -0.0187226 -144.2741074
-0.0183106 -0.0094327 0.9997943 -1.0840167
0.0000000 0.0000000 0.0000000 1.0000000
-0.0463460 0.9988374 0.0129488 -25.5359948
-0.9987536 -0.0461130 -0.0182231 -145.1381742
-0.0176047 -0.0137777 0.9997566 -1.0140162
0.0000000 0.0000000 0.0000000 1.0000000
-0.0458789 0.9988260 0.0152529 -25.6944205
-0.9988027 -0.0456303 -0.0166733 -145.8653004
-0.0159575 -0.0160001 0.9997511 -1.0442915
0.0000000 0.0000000 0.0000000 1.0000000
-0.0454107 0.9988527 0.0149118 -25.7608775
-0.9988032 -0.0451483 -0.0178977 -146.6413958
-0.0172038 -0.0157072 0.9997351 -0.9712274
0.0000000 0.0000000 0.0000000 1.0000000
-0.0426129 0.9990763 0.0046825 -25.7343644
-0.9988611 -0.0425128 -0.0209070 -147.4028431
-0.0206886 -0.0055683 0.9997771 -1.0202079
0.0000000 0.0000000 0.0000000 1.0000000
-0.0419568 0.9991122 -0.0023387 -25.9071738
-0.9987318 -0.0420114 -0.0271624 -148.3297327
-0.0272367 0.0011960 0.9996350 -1.0202229
0.0000000 0.0000000 0.0000000 1.0000000
-0.0418668 0.9990984 -0.0063753 -25.9554165
-0.9986852 -0.0420401 -0.0287673 -149.0832926
-0.0290096 0.0051626 0.9995725 -1.0940757
0.0000000 0.0000000 0.0000000 1.0000000
-0.0348240 0.9993869 0.0019496 -25.9590477
-0.9991111 -0.0347763 -0.0231269 -149.8177370
-0.0230449 -0.0027534 0.9997374 -1.1071021
0.0000000 0.0000000 0.0000000 1.0000000
-0.0259015 0.9996539 -0.0036035 -25.9078325
-0.9994172 -0.0259795 -0.0213734 -150.7539150
-0.0214596 0.0030478 0.9997720 -1.1978662
0.0000000 0.0000000 0.0000000 1.0000000
-0.0185668 0.9998223 -0.0016874 -25.9359527
-0.9996095 -0.0186037 -0.0200309 -151.5336914
-0.0200587 0.0013147 0.9998050 -1.1867553
0.0000000 0.0000000 0.0000000 1.0000000
-0.0078096 0.9999427 -0.0068076 -26.0203519
-0.9996642 -0.0079775 -0.0239543 -152.6774960
-0.0240072 0.0066183 0.9996970 -1.2107296
0.0000000 0.0000000 0.0000000 1.0000000
0.0009710 0.9999776 -0.0060286 -26.0711569
-0.9996585 0.0008101 -0.0254798 -153.3774744
-0.0254744 0.0060513 0.9996642 -1.2549324
0.0000000 0.0000000 0.0000000 1.0000000
0.0141168 0.9998929 -0.0026951 -25.9934406
-0.9996544 0.0140487 -0.0214405 -154.0236498
-0.0214003 0.0029968 0.9997736 -1.2147836
0.0000000 0.0000000 0.0000000 1.0000000
0.0319380 0.9994693 -0.0057505 -25.8190392
-0.9992942 0.0318152 -0.0191280 -154.8427925
-0.0189348 0.0063574 0.9998077 -1.1721809
0.0000000 0.0000000 0.0000000 1.0000000
0.0454335 0.9988907 -0.0120545 -25.8446480
-0.9987718 0.0451857 -0.0194968 -155.6605305
-0.0189304 0.0129257 0.9997444 -1.1439942
0.0000000 0.0000000 0.0000000 1.0000000
0.0579088 0.9982414 -0.0123740 -25.8051892
-0.9981486 0.0576672 -0.0184799 -156.3215925
-0.0177337 0.0134215 0.9997599 -1.1099915
0.0000000 0.0000000 0.0000000 1.0000000
0.0723701 0.9972327 -0.0168233 -25.6901857
-0.9972786 0.0721270 -0.0141853 -156.9713603
-0.0129324 0.0178044 0.9997650 -1.0949402
0.0000000 0.0000000 0.0000000 1.0000000
0.0854682 0.9963356 -0.0022469 -25.6425135
-0.9963147 0.0854484 -0.0049009 -157.9132158
-0.0046905 0.0026575 0.9999926 -1.0954907
0.0000000 0.0000000 0.0000000 1.0000000
0.0997692 0.9948307 0.0187598 -25.5900724
-0.9949918 0.0996886 0.0047558 -158.9640512
0.0028617 -0.0191409 0.9998199 -0.9924651
0.0000000 0.0000000 0.0000000 1.0000000
0.1114922 0.9936720 0.0133720 -25.5220024
-0.9937419 0.1114140 0.0058424 -159.6935686
0.0043163 -0.0139401 0.9999008 -1.0182809
0.0000000 0.0000000 0.0000000 1.0000000
0.1225471 0.9923865 0.0120295 -25.4855394
-0.9924487 0.1225234 0.0019745 -160.4816545
0.0004861 -0.0121810 0.9999330 -0.9869265
0.0000000 0.0000000 0.0000000 1.0000000
0.1310958 0.9912880 0.0124810 -25.3830225
-0.9913545 0.1310988 -0.0001269 -161.0592334
-0.0017615 -0.0123568 0.9999294 -1.0057222
0.0000000 0.0000000 0.0000000 1.0000000
0.1417437 0.9897151 0.0191327 -25.2603673
-0.9898888 0.1416769 0.0043533 -161.8337534
0.0015985 -0.0195569 0.9998147 -0.9894618
0.0000000 0.0000000 0.0000000 1.0000000
0.1494384 0.9885808 0.0192354 -25.1644993
-0.9887132 0.1492092 0.0124204 -162.6225906
0.0094093 -0.0208749 0.9997450 -0.9945291
0.0000000 0.0000000 0.0000000 1.0000000
0.1544772 0.9876582 0.0257291 -25.0464763
-0.9879215 0.1541142 0.0152239 -163.1781942
0.0110716 -0.0277709 0.9995603 -0.9161725
0.0000000 0.0000000 0.0000000 1.0000000
0.1542682 0.9877455 0.0235539 -24.9871105
-0.9879799 0.1540037 0.0123061 -164.0610654
0.0085287 -0.0251699 0.9996542 -0.9379215
0.0000000 0.0000000 0.0000000 1.0000000
0.1506503 0.9882298 0.0264807 -24.8714536
-0.9885688 0.1504852 0.0077954 -164.6649027
0.0037194 -0.0273531 0.9996262 -0.8959088
0.0000000 0.0000000 0.0000000 1.0000000
0.1496834 0.9883885 0.0260503 -24.6735896
-0.9887208 0.1495647 0.0061148 -165.5376824
0.0021482 -0.0266724 0.9996493 -0.8884235
0.0000000 0.0000000 0.0000000 1.0000000
0.1509745 0.9882755 0.0226516 -24.5392527
-0.9885235 0.1508686 0.0059263 -166.2991837
0.0024400 -0.0232870 0.9997334 -0.9067292
0.0000000 0.0000000 0.0000000 1.0000000
0.1461707 0.9890688 0.0192765 -24.3645344
-0.9892454 0.1460825 0.0054476 -167.1623754
0.0025727 -0.0198660 0.9998068 -0.9257218
0.0000000 0.0000000 0.0000000 1.0000000
0.1430465 0.9895397 0.0185086 -24.2071806
-0.9897030 0.1429712 0.0048447 -167.9920860
0.0021485 -0.0190115 0.9998244 -0.9254375
0.0000000 0.0000000 0.0000000 1.0000000
0.1393425 0.9899449 0.0242280 -24.1755005
-0.9902307 0.1392299 0.0059065 -168.8106919
0.0024745 -0.0248150 0.9996965 -0.8793735
0.0000000 0.0000000 0.0000000 1.0000000
0.1339664 0.9906078 0.0272584 -24.0697397
-0.9909747 0.1338756 0.0047971 -169.4973628
0.0011034 -0.0276558 0.9996245 -0.8991155
0.0000000 0.0000000 0.0000000 1.0000000
0.1285052 0.9912351 0.0305481 -23.9311641
-0.9916985 0.1284117 0.0047070 -170.2403929
0.0007436 -0.0309002 0.9995298 -0.9533004
0.0000000 0.0000000 0.0000000 1.0000000
0.1218796 0.9919113 0.0353745 -23.8574948
-0.9925353 0.1217972 0.0042164 -170.9458059
-0.0001257 -0.0356251 0.9993728 -0.9534712
0.0000000 0.0000000 0.0000000 1.0000000
0.1166659 0.9925030 0.0363495 -23.7661638
-0.9931607 0.1165214 0.0058213 -171.6995289
0.0015428 -0.0367809 0.9993297 -0.9056201
0.0000000 0.0000000 0.0000000 1.0000000
0.1100461 0.9937931 0.0161148 -23.6025396
-0.9939131 0.1099747 0.0046838 -172.3180591
0.0028832 -0.0165325 0.9998667 -0.8876169
0.0000000 0.0000000 0.0000000 1.0000000
0.1087712 0.9938948 0.0183214 -23.4867589
-0.9940426 0.1086401 0.0075097 -173.1489279
0.0054741 -0.0190295 0.9998114 -0.8774314
0.0000000 0.0000000 0.0000000 1.0000000
0.1080770 0.9941384 -0.0012944 -23.3438475
-0.9941188 0.1080728 0.0052703 -174.1917617
0.0053800 0.0007171 0.9999928 -0.9809477
0.0000000 0.0000000 0.0000000 1.0000000
0.1082033 0.9940869 0.0087274 -23.2989244
-0.9940977 0.1081291 0.0075592 -174.8573526
0.0065715 -0.0094941 0.9999410 -0.9283589
0.0000000 0.0000000 0.0000000 1.0000000
0.1128672 0.9935134 0.0135787 -23.2651605
-0.9935955 0.1128006 0.0048860 -175.5103275
0.0033233 -0.0140436 0.9999037 -0.8666031
0.0000000 0.0000000 0.0000000 1.0000000
0.1176791 0.9928030 0.0220466 -23.1784745
-0.9930403 0.1175897 0.0048776 -176.1500266
0.0022507 -0.0224677 0.9997529 -0.8044075
0.0000000 0.0000000 0.0000000 1.0000000
0.1266400 0.9917758 0.0182854 -23.0457329
-0.9919207 0.1264902 0.0086112 -176.8641162
0.0062282 -0.0192286 0.9998037 -0.8249968
0.0000000 0.0000000 0.0000000 1.0000000
0.1398871 0.9900388 0.0156984 -23.0175588
-0.9901550 0.1398132 0.0050964 -177.3969149
0.0028515 -0.0162570 0.9998718 -0.7843690
0.0000000 0.0000000 0.0000000 1.0000000
0.1535498 0.9879800 0.0175947 -22.9184706
-0.9881327 0.1535044 0.0033456 -177.9320120
0.0006051 -0.0178999 0.9998476 -0.7534272
0.0000000 0.0000000 0.0000000 1.0000000
0.1695046 0.9855067 0.0060490 -22.7322848
-0.9855072 0.1695217 -0.0043239 -178.6630380
-0.0052862 -0.0052285 0.9999804 -0.7693239
0.0000000 0.0000000 0.0000000 1.0000000
0.1836728 0.9828402 0.0167807 -22.5005001
-0.9829324 0.1837935 -0.0066016 -179.4453735
-0.0095721 -0.0152821 0.9998455 -0.7285064
0.0000000 0.0000000 0.0000000 1.0000000
0.2020413 0.9792749 0.0138711 -22.3982764
-0.9792108 0.2022327 -0.0151028 -180.1414141
-0.0175948 -0.0105316 0.9997979 -0.7112740
0.0000000 0.0000000 0.0000000 1.0000000
0.2184925 0.9757334 0.0140833 -22.1393791
-0.9755134 0.2187564 -0.0223379 -180.8638517
-0.0248766 -0.0088580 0.9996595 -0.7510064
0.0000000 0.0000000 0.0000000 1.0000000
0.2376812 0.9711245 0.0204460 -21.9650293
-0.9709274 0.2381284 -0.0239640 -181.5041476
-0.0281408 -0.0141561 0.9995120 -0.8267802
0.0000000 0.0000000 0.0000000 1.0000000
0.2542019 0.9670401 0.0144290 -21.7877714
-0.9667148 0.2544948 -0.0259567 -182.2035532
-0.0287733 -0.0073506 0.9995671 -0.8821558
0.0000000 0.0000000 0.0000000 1.0000000
0.2697280 0.9628080 0.0155263 -21.6000285
-0.9624754 0.2700504 -0.0263063 -182.8216734
-0.0295208 -0.0078484 0.9995416 -0.8738111
0.0000000 0.0000000 0.0000000 1.0000000
0.2868111 0.9578840 0.0137993 -21.3697206
-0.9575036 0.2870824 -0.0273655 -183.2970550
-0.0301745 -0.0053643 0.9995385 -0.9299562
0.0000000 0.0000000 0.0000000 1.0000000
0.3031638 0.9528967 0.0084456 -21.2007506
-0.9523882 0.3032680 -0.0310292 -184.0377568
-0.0321290 0.0013635 0.9994910 -0.9761225
0.0000000 0.0000000 0.0000000 1.0000000
0.3145429 0.9489404 0.0238192 -20.9163886
-0.9485404 0.3151631 -0.0303358 -184.6971964
-0.0362939 -0.0130520 0.9992642 -0.9802459
0.0000000 0.0000000 0.0000000 1.0000000
0.3285190 0.9442701 0.0205232 -20.7770182
