0.9999999 -0.0003298 0.0000995 0.0003554
0.0003298 0.9999999 0.0000207 -0.0072465
-0.0000995 -0.0000207 1.0000000 0.0051624
0.0000000 0.0000000 0.0000000 1.0000000
0.9999956 -0.0028791 -0.0007170 0.6829183
0.0028764 0.9999888 -0.0037589 -0.0006831
0.0007278 0.0037568 0.9999927 0.0153442
0.0000000 0.0000000 0.0000000 1.0000000
0.9999706 -0.0074893 -0.0016619 1.3869841
0.0074831 0.9999650 -0.0037328 0.0054353
0.0016898 0.0037203 0.9999916 0.0164205
0.0000000 0.0000000 0.0000000 1.0000000
0.9999241 -0.0120900 -0.0023585 2.1082667
0.0120832 0.9999229 -0.0028765 0.0147350
0.0023931 0.0028478 0.9999931 0.0126718
0.0000000 0.0000000 0.0000000 1.0000000
0.9998627 -0.0163384 -0.0027813 2.8400859
0.0163335 0.9998650 -0.0017682 0.0321254
0.0028098 0.0017225 0.9999946 0.0149876
0.0000000 0.0000000 0.0000000 1.0000000
0.9997682 -0.0214278 -0.0021080 3.5886202
0.0214240 0.9997688 -0.0018071 0.0441028
0.0021462 0.0017615 0.9999961 0.0254470
0.0000000 0.0000000 0.0000000 1.0000000
0.9996651 -0.0256333 -0.0035401 4.3484994
0.0256261 0.9996695 -0.0020674 0.0657818
0.0035919 0.0019760 0.9999916 0.0289367
0.0000000 0.0000000 0.0000000 1.0000000
0.9995180 -0.0306265 -0.0050842 5.1367505
0.0306322 0.9995302 0.0010571 0.0907952
0.0050494 -0.0012124 0.9999865 0.0327598
0.0000000 0.0000000 0.0000000 1.0000000
0.9993692 -0.0350781 -0.0055445 5.9292001
0.0350907 0.9993817 0.0021976 0.1182022
0.0054639 -0.0023908 0.9999822 0.0231140
0.0000000 0.0000000 0.0000000 1.0000000
0.9992011 -0.0398650 -0.0028025 6.7268013
0.0398708 0.9992027 0.0020719 0.1529612
0.0027177 -0.0021820 0.9999939 0.0158796
0.0000000 0.0000000 0.0000000 1.0000000
0.9990344 -0.0439184 -0.0012265 7.5372760
0.0439213 0.9990320 0.0024323 0.1762231
0.0011185 -0.0024838 0.9999963 0.0265064
0.0000000 0.0000000 0.0000000 1.0000000
0.9989306 -0.0462077 -0.0015748 8.3520521
0.0462141 0.9989223 0.0043103 0.2175306
0.0013739 -0.0043785 0.9999895 0.0386775
0.0000000 0.0000000 0.0000000 1.0000000
0.9988148 -0.0485202 -0.0038446 9.1757774
0.0485337 0.9988154 0.0034913 0.2561418
0.0036707 -0.0036738 0.9999865 0.0371933
0.0000000 0.0000000 0.0000000 1.0000000
0.9987148 -0.0506321 -0.0022721 10.0134482
0.0506367 0.9987151 0.0020357 0.2881315
0.0021662 -0.0021482 0.9999953 0.0494905
0.0000000 0.0000000 0.0000000 1.0000000
0.9986345 -0.0522053 -0.0019132 10.8509874
0.0522094 0.9986338 0.0021530 0.3351430
0.0017982 -0.0022500 0.9999959 0.0541991
0.0000000 0.0000000 0.0000000 1.0000000
0.9985584 -0.0536246 -0.0023308 11.7064962
0.0536275 0.9985603 0.0011914 0.3814649
0.0022635 -0.0013147 0.9999966 0.0662647
0.0000000 0.0000000 0.0000000 1.0000000
0.9984441 -0.0555703 -0.0046068 12.5626903
0.0555817 0.9984513 0.0023822 0.4259596
0.0044673 -0.0026345 0.9999865 0.0728546
0.0000000 0.0000000 0.0000000 1.0000000
0.9983642 -0.0566994 -0.0073510 13.4231435
0.0567164 0.9983881 0.0021270 0.4720135
0.0072186 -0.0025404 0.9999707 0.0823078
0.0000000 0.0000000 0.0000000 1.0000000
0.9982662 -0.0582186 -0.0086735 14.3060236
0.0582565 0.9982929 0.0041782 0.5277741
0.0084154 -0.0046763 0.9999537 0.0900221
0.0000000 0.0000000 0.0000000 1.0000000
0.9982157 -0.0590636 -0.0087750 15.1839480
0.0591046 0.9982417 0.0044974 0.5735293
0.0084939 -0.0050080 0.9999514 0.1078660
0.0000000 0.0000000 0.0000000 1.0000000
0.9981569 -0.0602309 -0.0074172 16.0744643
0.0602651 0.9981723 0.0044808 0.6221785
0.0071338 -0.0049196 0.9999625 0.1183928
0.0000000 0.0000000 0.0000000 1.0000000
0.9980849 -0.0615971 -0.0056765 16.9742281
0.0616180 0.9980934 0.0035696 0.6771845
0.0054458 -0.0039126 0.9999775 0.1245581
0.0000000 0.0000000 0.0000000 1.0000000
0.9980176 -0.0627114 -0.0053023 17.8918536
0.0627290 0.9980254 0.0032132 0.7308605
0.0050903 -0.0035395 0.9999808 0.1447656
0.0000000 0.0000000 0.0000000 1.0000000
0.9979233 -0.0641264 -0.0060795 18.7909120
0.0641503 0.9979330 0.0038095 0.7808752
0.0058227 -0.0041916 0.9999743 0.1414247
0.0000000 0.0000000 0.0000000 1.0000000
0.9978509 -0.0651165 -0.0073083 19.7085298
0.0651353 0.9978736 0.0023731 0.8392179
0.0071383 -0.0028440 0.9999705 0.1645065
0.0000000 0.0000000 0.0000000 1.0000000
0.9978397 -0.0655248 -0.0047384 20.6267212
0.0655343 0.9978486 0.0018681 0.8929607
0.0046057 -0.0021746 0.9999870 0.1822647
0.0000000 0.0000000 0.0000000 1.0000000
0.9978604 -0.0653541 -0.0018740 21.5566501
0.0653631 0.9978478 0.0052321 0.9506303
0.0015280 -0.0053434 0.9999846 0.1940201
0.0000000 0.0000000 0.0000000 1.0000000
0.9979020 -0.0646329 0.0037782 22.4955287
0.0646182 0.9979025 0.0038754 1.0044839
-0.0040207 -0.0036232 0.9999854 0.2069886
0.0000000 0.0000000 0.0000000 1.0000000
0.9979731 -0.0632364 0.0071319 23.4313980
0.0632036 0.9979894 0.0047308 1.0567966
-0.0074167 -0.0042704 0.9999634 0.2138203
0.0000000 0.0000000 0.0000000 1.0000000
0.9980645 -0.0615205 0.0090814 24.3787223
0.0614654 0.9980898 0.0062327 1.1143056
-0.0094475 -0.0056624 0.9999393 0.2123131
0.0000000 0.0000000 0.0000000 1.0000000
0.9981484 -0.0603466 0.0076163 25.3253337
0.0602973 0.9981591 0.0065365 1.1690707
-0.0079968 -0.0060652 0.9999496 0.2213669
0.0000000 0.0000000 0.0000000 1.0000000
0.9982246 -0.0593375 0.0051739 26.2762046
0.0593012 0.9982162 0.0069098 1.2288656
-0.0055747 -0.0065907 0.9999627 0.2318545
0.0000000 0.0000000 0.0000000 1.0000000
0.9983139 -0.0579416 0.0034768 27.2296826
0.0579191 0.9983018 0.0062435 1.2781046
-0.0038327 -0.0060316 0.9999745 0.2390650
0.0000000 0.0000000 0.0000000 1.0000000
0.9983494 -0.0571375 0.0058113 28.1935667
0.0570993 0.9983471 0.0065346 1.3271719
-0.0061750 -0.0061919 0.9999618 0.2509520
0.0000000 0.0000000 0.0000000 1.0000000
0.9982981 -0.0574059 0.0102651 29.1767142
0.0573511 0.9983386 0.0055598 1.3808797
-0.0105672 -0.0049617 0.9999319 0.2609626
0.0000000 0.0000000 0.0000000 1.0000000
0.9982416 -0.0579833 0.0123168 30.1519404
0.0579432 0.9983134 0.0035855 1.4335888
-0.0125039 -0.0028655 0.9999177 0.2624677
0.0000000 0.0000000 0.0000000 1.0000000
0.9982026 -0.0587478 0.0118431 31.1441641
0.0587802 0.9982681 -0.0024036 1.4826950
-0.0116814 0.0030954 0.9999270 0.2880202
0.0000000 0.0000000 0.0000000 1.0000000
0.9981539 -0.0602189 0.0079056 32.1266395
0.0602495 0.9981766 -0.0036851 1.5333229
-0.0076693 0.0041546 0.9999620 0.2991120
0.0000000 0.0000000 0.0000000 1.0000000
0.9980650 -0.0619998 0.0047150 33.1143281
0.0620174 0.9980683 -0.0036668 1.5857638
-0.0044785 0.0039521 0.9999822 0.2988809
0.0000000 0.0000000 0.0000000 1.0000000
0.9979481 -0.0639171 0.0037715 34.1078327
0.0639262 0.9979519 -0.0023549 1.6482829
-0.0036133 0.0025912 0.9999901 0.3096674
0.0000000 0.0000000 0.0000000 1.0000000
0.9979242 -0.0641568 0.0055808 35.1050665
0.0641689 0.9979370 -0.0020270 1.7138578
-0.0054392 0.0023809 0.9999824 0.3269751
0.0000000 0.0000000 0.0000000 1.0000000
0.9978547 -0.0650556 0.0073333 36.1034446
0.0650419 0.9978803 0.0021009 1.7789399
-0.0074545 -0.0016194 0.9999709 0.3347412
0.0000000 0.0000000 0.0000000 1.0000000
0.9977930 -0.0659283 0.0079127 37.1106997
0.0658993 0.9978188 0.0038643 1.8415895
-0.0081502 -0.0033343 0.9999612 0.3549472
0.0000000 0.0000000 0.0000000 1.0000000
0.9976959 -0.0669770 0.0108173 38.1165689
0.0669245 0.9977448 0.0051385 1.9035780
-0.0111370 -0.0044027 0.9999283 0.3475237
0.0000000 0.0000000 0.0000000 1.0000000
0.9976683 -0.0668310 0.0138389 39.1179661
0.0667590 0.9977534 0.0056023 1.9775356
-0.0141822 -0.0046654 0.9998885 0.3490274
0.0000000 0.0000000 0.0000000 1.0000000
0.9976438 -0.0672710 0.0134703 40.1160721
0.0671172 0.9976781 0.0115637 2.0468349
-0.0142170 -0.0106324 0.9998424 0.3371240
0.0000000 0.0000000 0.0000000 1.0000000
0.9976541 -0.0670490 0.0138136 41.1142549
0.0668817 0.9976858 0.0122390 2.1203422
-0.0146023 -0.0112864 0.9998297 0.3305953
0.0000000 0.0000000 0.0000000 1.0000000
0.9976697 -0.0671785 0.0119266 42.0977584
0.0670345 0.9976774 0.0120915 2.1884366
-0.0127112 -0.0112639 0.9998558 0.3294603
0.0000000 0.0000000 0.0000000 1.0000000
0.9976954 -0.0672350 0.0091251 43.0971523
0.0671066 0.9976515 0.0137195 2.2585623
-0.0100261 -0.0130755 0.9998642 0.3271718
0.0000000 0.0000000 0.0000000 1.0000000
0.9976365 -0.0679714 0.0100672 44.0765377
0.0678204 0.9975901 0.0146450 2.3223624
-0.0110383 -0.0139276 0.9998421 0.3381378
0.0000000 0.0000000 0.0000000 1.0000000
0.9975355 -0.0690657 0.0123609 45.0543375
0.0689062 0.9975398 0.0128988 2.3894785
-0.0132214 -0.0120153 0.9998404 0.3543804
0.0000000 0.0000000 0.0000000 1.0000000
0.9974824 -0.0695317 0.0139395 46.0381210
0.0693486 0.9975050 0.0132110 2.4599186
-0.0148233 -0.0122110 0.9998156 0.3496294
0.0000000 0.0000000 0.0000000 1.0000000
0.9975119 -0.0693059 0.0129083 47.0126743
0.0691237 0.9975090 0.0140623 2.5299854
-0.0138508 -0.0131350 0.9998178 0.3567835
0.0000000 0.0000000 0.0000000 1.0000000
0.9974951 -0.0700776 0.0096301 47.9830839
0.0699372 0.9974501 0.0142132 2.5972871
-0.0106016 -0.0135041 0.9998526 0.3544282
0.0000000 0.0000000 0.0000000 1.0000000
0.9974660 -0.0704842 0.0096728 48.9588169
0.0703433 0.9974217 0.0142038 2.6651491
-0.0106490 -0.0134874 0.9998523 0.3568404
0.0000000 0.0000000 0.0000000 1.0000000
0.9974027 -0.0708623 0.0129026 49.9303497
0.0706873 0.9974064 0.0135531 2.7264363
-0.0138295 -0.0126059 0.9998249 0.3466135
0.0000000 0.0000000 0.0000000 1.0000000
0.9973312 -0.0712101 0.0161109 50.8977593
0.0710202 0.9974019 0.0120643 2.7877227
-0.0169281 -0.0108879 0.9997974 0.3404668
0.0000000 0.0000000 0.0000000 1.0000000
0.9972946 -0.0714346 0.0173358 51.8579083
0.0712264 0.9973838 0.0123447 2.8522625
-0.0181723 -0.0110766 0.9997735 0.3388904
0.0000000 0.0000000 0.0000000 1.0000000
0.9973153 -0.0714247 0.0161480 52.8303830
0.0712673 0.9974059 0.0101253 2.9094211
-0.0168293 -0.0089473 0.9998183 0.3303555
0.0000000 0.0000000 0.0000000 1.0000000
0.9973278 -0.0718877 0.0130129 53.7864814
0.0717986 0.9973932 0.0071888 2.9715662
-0.0134958 -0.0062353 0.9998895 0.3310967
0.0000000 0.0000000 0.0000000 1.0000000
0.9972301 -0.0730204 0.0141456 54.7317778
0.0729431 0.9973186 0.0059078 3.0403776
-0.0145391 -0.0048596 0.9998825 0.3230229
0.0000000 0.0000000 0.0000000 1.0000000
0.9970875 -0.0739490 0.0186569 55.6802006
0.0738735 0.9972565 0.0047055 3.0945372
-0.0189537 -0.0033135 0.9998149 0.3166161
0.0000000 0.0000000 0.0000000 1.0000000
0.9969191 -0.0746783 0.0239898 56.6426654
0.0746286 0.9972070 0.0029604 3.1601013
-0.0241438 -0.0011610 0.9997078 0.3080213
0.0000000 0.0000000 0.0000000 1.0000000
0.9967792 -0.0753646 0.0274132 57.5989444
0.0752769 0.9971537 0.0042189 3.2312378
-0.0276531 -0.0021417 0.9996153 0.2964917
0.0000000 0.0000000 0.0000000 1.0000000
0.9967281 -0.0767266 0.0254173 58.5320879
0.0765812 0.9970412 0.0066444 3.3039260
-0.0258519 -0.0046761 0.9996548 0.2864423
0.0000000 0.0000000 0.0000000 1.0000000
0.9967657 -0.0782248 0.0184143 59.4620144
0.0780973 0.9969172 0.0075493 3.3773463
-0.0189481 -0.0060868 0.9998019 0.2721805
0.0000000 0.0000000 0.0000000 1.0000000
0.9967714 -0.0791002 0.0137818 60.3761419
0.0789593 0.9968227 0.0104800 3.4553767
-0.0145669 -0.0093579 0.9998501 0.2701221
0.0000000 0.0000000 0.0000000 1.0000000
0.9966779 -0.0802310 0.0140077 61.2818700
0.0800157 0.9966761 0.0153042 3.5249932
-0.0151890 -0.0141325 0.9997848 0.2644747
0.0000000 0.0000000 0.0000000 1.0000000
0.9965456 -0.0816082 0.0153961 62.1721771
0.0813403 0.9965364 0.0172924 3.5965031
-0.0167540 -0.0159803 0.9997319 0.2623929
0.0000000 0.0000000 0.0000000 1.0000000
0.9964077 -0.0826378 0.0185098 63.0509776
0.0822868 0.9964279 0.0189802 3.6700731
-0.0200122 -0.0173889 0.9996485 0.2582904
0.0000000 0.0000000 0.0000000 1.0000000
0.9963050 -0.0839019 0.0183539 63.9151312
0.0835465 0.9963161 0.0193473 3.7450099
-0.0199096 -0.0177424 0.9996443 0.2512438
0.0000000 0.0000000 0.0000000 1.0000000
0.9960959 -0.0858640 0.0205044 64.7726806
0.0854303 0.9961192 0.0211695 3.8136776
-0.0222425 -0.0193351 0.9995656 0.2438645
0.0000000 0.0000000 0.0000000 1.0000000
0.9959916 -0.0872861 0.0195391 65.6111017
0.0868419 0.9959672 0.0225339 3.8882698
-0.0214272 -0.0207468 0.9995551 0.2342751
0.0000000 0.0000000 0.0000000 1.0000000
0.9958369 -0.0888389 0.0204078 66.4472459
0.0883991 0.9958525 0.0215257 3.9564123
-0.0222355 -0.0196320 0.9995600 0.2244753
0.0000000 0.0000000 0.0000000 1.0000000
0.9956710 -0.0902465 0.0222457 67.2578526
0.0897651 0.9957251 0.0217682 4.0279243
-0.0241151 -0.0196771 0.9995155 0.2133040
0.0000000 0.0000000 0.0000000 1.0000000
0.9954915 -0.0914565 0.0251491 68.0648788
0.0908468 0.9955659 0.0244028 4.1078924
-0.0272694 -0.0220081 0.9993858 0.2077420
0.0000000 0.0000000 0.0000000 1.0000000
0.9952677 -0.0925415 0.0296360 68.8513584
0.0917925 0.9954462 0.0257102 4.1869289
-0.0318803 -0.0228681 0.9992301 0.1991458
0.0000000 0.0000000 0.0000000 1.0000000
0.9950156 -0.0944201 0.0320748 69.6247174
0.0935447 0.9952274 0.0277817 4.2633050
-0.0345448 -0.0246428 0.9990993 0.1957325
0.0000000 0.0000000 0.0000000 1.0000000
0.9950229 -0.0956710 0.0278646 70.3781477
0.0948238 0.9950332 0.0302886 4.3435835
-0.0306239 -0.0274957 0.9991527 0.1877182
0.0000000 0.0000000 0.0000000 1.0000000
0.9951273 -0.0963684 0.0208536 71.1080413
0.0957206 0.9949528 0.0301080 4.4165856
-0.0236498 -0.0279651 0.9993291 0.1696291
0.0000000 0.0000000 0.0000000 1.0000000
0.9951215 -0.0973458 0.0160305 71.8076261
0.0968476 0.9948657 0.0293717 4.4865160
-0.0188075 -0.0276759 0.9994400 0.1672695
0.0000000 0.0000000 0.0000000 1.0000000
0.9950780 -0.0978424 0.0157048 72.4924129
0.0973286 0.9947790 0.0306886 4.5569630
-0.0186254 -0.0290090 0.9994056 0.1655078
0.0000000 0.0000000 0.0000000 1.0000000
0.9949428 -0.0986232 0.0190322 73.1683917
0.0979517 0.9946281 0.0334723 4.6223064
-0.0222311 -0.0314388 0.9992584 0.1600847
0.0000000 0.0000000 0.0000000 1.0000000
0.9947754 -0.0999075 0.0209853 73.8121858
0.0991668 0.9944971 0.0337856 4.6854112
-0.0242453 -0.0315280 0.9992088 0.1594176
0.0000000 0.0000000 0.0000000 1.0000000
0.9947247 -0.1007852 0.0191067 74.4476369
0.1001606 0.9944810 0.0312329 4.7434021
-0.0221491 -0.0291544 0.9993295 0.1542567
0.0000000 0.0000000 0.0000000 1.0000000
0.9948274 -0.1004470 0.0151243 75.0538488
0.1000691 0.9946920 0.0239586 4.7965626
-0.0174506 -0.0223212 0.9995985 0.1522867
0.0000000 0.0000000 0.0000000 1.0000000
0.9949510 -0.0996105 0.0122584 75.6452074
0.0993473 0.9948421 0.0204781 4.8431428
-0.0142350 -0.0191569 0.9997151 0.1464175
0.0000000 0.0000000 0.0000000 1.0000000
0.9952336 -0.0967511 0.0122205 76.2341299
0.0964427 0.9950562 0.0237070 4.9015616
-0.0144537 -0.0224154 0.9996443 0.1528970
0.0000000 0.0000000 0.0000000 1.0000000
0.9956010 -0.0927642 0.0131699 76.8019180
0.0923610 0.9953180 0.0284876 4.9653055
-0.0157509 -0.0271459 0.9995074 0.1448588
0.0000000 0.0000000 0.0000000 1.0000000
0.9959952 -0.0878585 0.0165672 77.3605207
0.0873686 0.9957745 0.0282829 5.0066047
-0.0189821 -0.0267222 0.9994627 0.1469079
0.0000000 0.0000000 0.0000000 1.0000000
0.9964112 -0.0818883 0.0214246 77.8875726
0.0813315 0.9963562 0.0256815 5.0288852
-0.0234496 -0.0238469 0.9994406 0.1490185
0.0000000 0.0000000 0.0000000 1.0000000
0.9970070 -0.0736088 0.0236398 78.4126757
0.0730757 0.9970686 0.0226751 5.0602695
-0.0252396 -0.0208797 0.9994634 0.1504639
0.0000000 0.0000000 0.0000000 1.0000000
0.9977150 -0.0633485 0.0234882 78.9301707
0.0627352 0.9976918 0.0259870 5.0848326
-0.0250802 -0.0244541 0.9993863 0.1439662
0.0000000 0.0000000 0.0000000 1.0000000
0.9985291 -0.0486964 0.0238373 79.4303730
0.0479386 0.9983569 0.0313897 5.1123727
-0.0253267 -0.0302008 0.9992229 0.1350020
0.0000000 0.0000000 0.0000000 1.0000000
0.9992474 -0.0308493 0.0235132 79.9237139
0.0299704 0.9988710 0.0368569 5.1261643
-0.0246237 -0.0361245 0.9990439 0.1222634
0.0000000 0.0000000 0.0000000 1.0000000
0.9996187 -0.0088736 0.0261464 80.4017859
0.0079052 0.9992874 0.0369081 5.1126170
-0.0264553 -0.0366874 0.9989766 0.1244350
0.0000000 0.0000000 0.0000000 1.0000000
0.9994989 0.0171739 0.0265913 80.8747965
-0.0180398 0.9993032 0.0326751 5.0744660
-0.0260116 -0.0331384 0.9991122 0.1211873
0.0000000 0.0000000 0.0000000 1.0000000
0.9985086 0.0464015 0.0287657 81.3302993
-0.0473110 0.9983744 0.0317851 5.0319043
-0.0272441 -0.0330986 0.9990807 0.1244767
0.0000000 0.0000000 0.0000000 1.0000000
0.9963804 0.0787535 0.0319985 81.7867165
-0.0797778 0.9962956 0.0321028 4.9765941
-0.0293517 -0.0345394 0.9989722 0.1188560
0.0000000 0.0000000 0.0000000 1.0000000
0.9926395 0.1163278 0.0336844 82.2344889
-0.1174015 0.9925730 0.0318712 4.9045136
-0.0297267 -0.0355912 0.9989242 0.1056641
0.0000000 0.0000000 0.0000000 1.0000000
0.9869159 0.1573643 0.0351200 82.6612290
-0.1584847 0.9868497 0.0317833 4.8086441
-0.0296566 -0.0369334 0.9988776 0.0985728
0.0000000 0.0000000 0.0000000 1.0000000
0.9786975 0.2020131 0.0366331 83.0856727
-0.2031953 0.9786136 0.0320480 4.6943408
-0.0293756 -0.0388089 0.9988148 0.0950229
0.0000000 0.0000000 0.0000000 1.0000000
0.9673661 0.2506711 0.0369693 83.4838329
-0.2519183 0.9671467 0.0341227 4.5586574
-0.0272012 -0.0423224 0.9987337 0.0877912
0.0000000 0.0000000 0.0000000 1.0000000
0.9522956 0.3029894 0.0364769 83.8674402
-0.3042158 0.9519701 0.0347234 4.4035641
-0.0242041 -0.0441638 0.9987311 0.0757703
0.0000000 0.0000000 0.0000000 1.0000000
0.9328289 0.3585142 0.0360245 84.2385942
-0.3597031 0.9324129 0.0349252 4.2224021
-0.0210685 -0.0455374 0.9987404 0.0698912
0.0000000 0.0000000 0.0000000 1.0000000
0.9090241 0.4152156 0.0356549 84.5772109
-0.4163600 0.9085273 0.0349642 4.0294371
-0.0178758 -0.0466286 0.9987523 0.0675219
0.0000000 0.0000000 0.0000000 1.0000000
0.8809084 0.4720516 0.0341704 84.9036477
-0.4730837 0.8803473 0.0343588 3.8159834
-0.0138627 -0.0464324 0.9988252 0.0639251
0.0000000 0.0000000 0.0000000 1.0000000
0.8480099 0.5289922 0.0323508 85.2147127
-0.5298918 0.8474034 0.0334998 3.5690030
-0.0096930 -0.0455505 0.9989150 0.0737879
0.0000000 0.0000000 0.0000000 1.0000000
0.8119154 0.5828771 0.0323679 85.4915352
-0.5837330 0.8112739 0.0330221 3.3221189
-0.0070114 -0.0457054 0.9989304 0.0785034
0.0000000 0.0000000 0.0000000 1.0000000
0.7720776 0.6347035 0.0323681 85.7689328
-0.6355096 0.7714433 0.0316674 3.0495514
-0.0048707 -0.0450199 0.9989742 0.0791483
0.0000000 0.0000000 0.0000000 1.0000000
0.7294243 0.6832082 0.0341589 86.0164929
-0.6840473 0.7288209 0.0299894 2.7666303
-0.0044067 -0.0452413 0.9989664 0.0805796
0.0000000 0.0000000 0.0000000 1.0000000
0.6846644 0.7280462 0.0344027 86.2399025
-0.7288522 0.6840904 0.0281898 2.4592617
-0.0030111 -0.0443750 0.9990104 0.0839044
0.0000000 0.0000000 0.0000000 1.0000000
0.6391764 0.7683768 0.0324141 86.4407968
-0.7690601 0.6386188 0.0266929 2.1385737
-0.0001900 -0.0419899 0.9991180 0.0898696
0.0000000 0.0000000 0.0000000 1.0000000
0.5928049 0.8047969 0.0297398 86.6223763
-0.8053438 0.5923117 0.0242499 1.8098253
0.0019010 -0.0383262 0.9992635 0.0957474
0.0000000 0.0000000 0.0000000 1.0000000
0.5462363 0.8370435 0.0313708 86.7917686
-0.8376170 0.5456272 0.0262417 1.4789281
0.0048487 -0.0406108 0.9991633 0.0948367
0.0000000 0.0000000 0.0000000 1.0000000
0.5000060 0.8653275 0.0346764 86.9441681
-0.8659927 0.4992593 0.0282254 1.1462871
0.0071117 -0.0441424 0.9989999 0.0962904
0.0000000 0.0000000 0.0000000 1.0000000
0.4551507 0.8897196 0.0351710 87.0932395
-0.8903431 0.4542595 0.0306150 0.8053047
0.0112620 -0.0452487 0.9989123 0.1042318
0.0000000 0.0000000 0.0000000 1.0000000
0.4134067 0.9100683 0.0295065 87.2020920
-0.9104357 0.4126340 0.0289811 0.4456282
0.0141994 -0.0388448 0.9991444 0.1023719
0.0000000 0.0000000 0.0000000 1.0000000
0.3743431 0.9270965 0.0189617 87.2881587
-0.9272059 0.3739550 0.0211347 0.0868932
0.0125031 -0.0254930 0.9995968 0.1068224
0.0000000 0.0000000 0.0000000 1.0000000
0.3395458 0.9404681 0.0151164 87.3856784
-0.9405319 0.3393034 0.0165190 -0.2829611
0.0104065 -0.0198264 0.9997493 0.1148591
0.0000000 0.0000000 0.0000000 1.0000000
0.3070250 0.9515487 0.0170561 87.4818821
-0.9516099 0.3066978 0.0193634 -0.6507960
0.0131942 -0.0221758 0.9996670 0.1257783
0.0000000 0.0000000 0.0000000 1.0000000
0.2759977 0.9608072 0.0259794 87.5684378
-0.9609735 0.2753138 0.0270584 -1.0181166
0.0188455 -0.0324336 0.9992962 0.1364998
0.0000000 0.0000000 0.0000000 1.0000000
0.2475919 0.9684176 0.0294219 87.6579534
-0.9685928 0.2466895 0.0311783 -1.3955755
0.0229355 -0.0362174 0.9990807 0.1581793
0.0000000 0.0000000 0.0000000 1.0000000
0.2230600 0.9743985 0.0281402 87.7195162
-0.9744571 0.2221168 0.0331254 -1.7980423
0.0260269 -0.0348104 0.9990550 0.1746001
0.0000000 0.0000000 0.0000000 1.0000000
0.2011283 0.9793129 0.0222199 87.7697376
-0.9791221 0.2003037 0.0346140 -2.2064141
0.0294472 -0.0287179 0.9991537 0.1858737
0.0000000 0.0000000 0.0000000 1.0000000
0.1799881 0.9835317 0.0164231 87.8135431
-0.9831154 0.1793019 0.0365349 -2.6111859
0.0329886 -0.0227217 0.9991974 0.1963882
0.0000000 0.0000000 0.0000000 1.0000000
0.1613060 0.9868164 0.0131883 87.8705089
-0.9860533 0.1605977 0.0436706 -3.0303638
0.0409768 -0.0200487 0.9989589 0.1991729
0.0000000 0.0000000 0.0000000 1.0000000
0.1447263 0.9893576 0.0150311 87.9227433
-0.9885189 0.1439038 0.0460640 -3.4655758
0.0434107 -0.0215252 0.9988254 0.2112046
0.0000000 0.0000000 0.0000000 1.0000000
0.1287540 0.9915376 0.0166033 87.9804825
-0.9908428 0.1279413 0.0431447 -3.9183562
0.0406554 -0.0220064 0.9989309 0.2248356
0.0000000 0.0000000 0.0000000 1.0000000
0.1148477 0.9932429 0.0166940 88.0312138
-0.9926778 0.1141169 0.0395979 -4.3852482
0.0374252 -0.0211195 0.9990762 0.2434959
0.0000000 0.0000000 0.0000000 1.0000000
0.1018297 0.9946919 0.0147970 88.0673389
-0.9941493 0.1012130 0.0377230 -4.8682502
0.0360251 -0.0185517 0.9991787 0.2548567
0.0000000 0.0000000 0.0000000 1.0000000
0.0900401 0.9958747 0.0112472 88.0951692
-0.9953154 0.0895788 0.0363693 -5.3485216
0.0352118 -0.0144692 0.9992751 0.2593540
0.0000000 0.0000000 0.0000000 1.0000000
0.0803396 0.9967357 0.0079719 88.1182434
-0.9961013 0.0799910 0.0371958 -5.8549932
0.0364367 -0.0109291 0.9992762 0.2734479
0.0000000 0.0000000 0.0000000 1.0000000
0.0729846 0.9973084 0.0070222 88.1501450
-0.9966431 0.0726704 0.0377017 -6.3826036
0.0370899 -0.0097503 0.9992644 0.2919362
0.0000000 0.0000000 0.0000000 1.0000000
0.0676319 0.9976908 0.0062601 88.1707619
-0.9969919 0.0673439 0.0383648 -6.9217771
0.0378546 -0.0088359 0.9992442 0.3083742
0.0000000 0.0000000 0.0000000 1.0000000
0.0616154 0.9980860 0.0052955 88.1967772
-0.9973497 0.0613625 0.0390917 -7.4898737
0.0386919 -0.0076901 0.9992216 0.3293896
0.0000000 0.0000000 0.0000000 1.0000000
0.0550563 0.9984688 0.0053767 88.2297680
-0.9977294 0.0548048 0.0391450 -8.0646407
0.0387904 -0.0075197 0.9992191 0.3481235
0.0000000 0.0000000 0.0000000 1.0000000
0.0509060 0.9986943 0.0042929 88.2546153
-0.9980097 0.0507100 0.0374844 -8.6684019
0.0372178 -0.0061926 0.9992880 0.3764014
0.0000000 0.0000000 0.0000000 1.0000000
0.0481060 0.9988383 0.0028278 88.2686483
-0.9980712 0.0479575 0.0394186 -9.2882547
0.0392372 -0.0047186 0.9992188 0.4053125
0.0000000 0.0000000 0.0000000 1.0000000
0.0457435 0.9989482 0.0031732 88.2926416
-0.9981583 0.0455802 0.0400282 -9.9143080
0.0398415 -0.0049984 0.9991935 0.4366925
0.0000000 0.0000000 0.0000000 1.0000000
0.0428600 0.9990779 0.0025673 88.3101978
-0.9982175 0.0427160 0.0416787 -10.5727719
0.0415306 -0.0043491 0.9991278 0.4667177
0.0000000 0.0000000 0.0000000 1.0000000
0.0420070 0.9991173 -0.0002979 88.3275780
-0.9982044 0.0419814 0.0427242 -11.2363616
0.0426990 -0.0014973 0.9990869 0.5012922
0.0000000 0.0000000 0.0000000 1.0000000
0.0432343 0.9990532 -0.0048656 88.3485248
-0.9980878 0.0434069 0.0440043 -11.9335732
0.0441739 0.0029538 0.9990195 0.5338003
0.0000000 0.0000000 0.0000000 1.0000000
0.0457023 0.9989354 -0.0062836 88.3678231
-0.9979534 0.0459372 0.0444812 -12.6399589
0.0447225 0.0042378 0.9989905 0.5648144
0.0000000 0.0000000 0.0000000 1.0000000
0.0492521 0.9987504 -0.0084844 88.4031216
-0.9977387 0.0495877 0.0453696 -13.3696070
0.0457337 0.0062306 0.9989342 0.6026887
0.0000000 0.0000000 0.0000000 1.0000000
0.0533238 0.9985318 -0.0095409 88.4354092
-0.9975813 0.0536948 0.0441395 -14.1097042
0.0445870 0.0071641 0.9989798 0.6360356
0.0000000 0.0000000 0.0000000 1.0000000
0.0570305 0.9982975 -0.0122394 88.4720525
-0.9974616 0.0574977 0.0420018 -14.8652009
0.0426341 0.0098129 0.9990426 0.6655354
0.0000000 0.0000000 0.0000000 1.0000000
0.0613761 0.9980538 -0.0110302 88.5187422
-0.9971801 0.0617930 0.0425821 -15.6405133
0.0431808 0.0083856 0.9990321 0.7047979
0.0000000 0.0000000 0.0000000 1.0000000
0.0652269 0.9978295 -0.0090424 88.5722739
-0.9970648 0.0655356 0.0395829 -16.4288639
0.0400896 0.0064340 0.9991754 0.7506395
0.0000000 0.0000000 0.0000000 1.0000000
0.0688340 0.9976043 -0.0069046 88.6287510
-0.9968889 0.0690477 0.0380109 -17.2308612
0.0383966 0.0042667 0.9992535 0.7863183
0.0000000 0.0000000 0.0000000 1.0000000
0.0731579 0.9972889 -0.0079263 88.6752678
-0.9965571 0.0734104 0.0385308 -18.0451445
0.0390083 0.0050801 0.9992260 0.8257871
0.0000000 0.0000000 0.0000000 1.0000000
0.0762422 0.9970815 -0.0039589 88.7370812
-0.9961593 0.0763419 0.0428781 -18.8515829
0.0430552 0.0006746 0.9990725 0.8748519
0.0000000 0.0000000 0.0000000 1.0000000
0.0777535 0.9969725 0.0006729 88.8069570
-0.9958100 0.0776302 0.0483309 -19.6528668
0.0481323 -0.0044280 0.9988312 0.9158287
0.0000000 0.0000000 0.0000000 1.0000000
0.0770515 0.9970167 0.0045654 88.8727965
-0.9957398 0.0767186 0.0511508 -20.4768894
0.0506479 -0.0084872 0.9986805 0.9698325
0.0000000 0.0000000 0.0000000 1.0000000
0.0769272 0.9970060 0.0078403 88.9401782
-0.9957599 0.0764285 0.0511945 -21.2945333
0.0504420 -0.0117453 0.9986579 1.0087943
0.0000000 0.0000000 0.0000000 1.0000000
0.0764877 0.9970137 0.0106537 89.0040591
-0.9959566 0.0758930 0.0480674 -22.1256938
0.0471154 -0.0142871 0.9987873 1.0606486
0.0000000 0.0000000 0.0000000 1.0000000
0.0761300 0.9970555 0.0092080 89.0710104
-0.9960854 0.0756334 0.0457523 -22.9527055
0.0449211 -0.0126551 0.9989104 1.1050938
0.0000000 0.0000000 0.0000000 1.0000000
0.0767984 0.9969945 0.0102022 89.1364443
-0.9960535 0.0762613 0.0454049 -23.7711275
0.0444904 -0.0136489 0.9989166 1.1400333
0.0000000 0.0000000 0.0000000 1.0000000
0.0778821 0.9968964 0.0114905 89.1971068
-0.9959119 0.0772659 0.0467899 -24.5796481
0.0457568 -0.0150876 0.9988387 1.1940240
0.0000000 0.0000000 0.0000000 1.0000000
0.0783480 0.9968631 0.0112150 89.2654637
-0.9958241 0.0777276 0.0478825 -25.3947729
0.0468605 -0.0149197 0.9987900 1.2371849
0.0000000 0.0000000 0.0000000 1.0000000
0.0771342 0.9969637 0.0106658 89.3381856
-0.9958469 0.0765201 0.0493306 -26.2136945
0.0483646 -0.0144265 0.9987256 1.2773604
0.0000000 0.0000000 0.0000000 1.0000000
0.0745214 0.9971781 0.0090799 89.4029380
-0.9959819 0.0739724 0.0504787 -27.0332590
0.0496646 -0.0128052 0.9986839 1.3278311
0.0000000 0.0000000 0.0000000 1.0000000
0.0711055 0.9974220 0.0096675 89.4645815
-0.9962375 0.0705330 0.0503574 -27.8377798
0.0495457 -0.0132118 0.9986845 1.3758346
0.0000000 0.0000000 0.0000000 1.0000000
0.0666696 0.9977133 0.0111128 89.5254034
-0.9966756 0.0660693 0.0476706 -28.6480104
0.0468274 -0.0142540 0.9988013 1.4268938
0.0000000 0.0000000 0.0000000 1.0000000
0.0600591 0.9981409 0.0103801 89.5753561
-0.9972406 0.0595439 0.0443338 -29.4609515
0.0436333 -0.0130142 0.9989628 1.4812753
0.0000000 0.0000000 0.0000000 1.0000000
0.0527556 0.9985592 0.0098249 89.6235148
-0.9976225 0.0522642 0.0449191 -30.2878132
0.0443409 -0.0121713 0.9989423 1.5238366
0.0000000 0.0000000 0.0000000 1.0000000
0.0436755 0.9989985 0.0097215 89.6589063
-0.9980225 0.0431884 0.0456697 -31.0979065
0.0452041 -0.0116970 0.9989093 1.5737197
0.0000000 0.0000000 0.0000000 1.0000000
0.0331875 0.9994010 0.0098183 89.6946740
-0.9984807 0.0327214 0.0443326 -31.8914279
0.0439848 -0.0112747 0.9989686 1.6303099
0.0000000 0.0000000 0.0000000 1.0000000
0.0225765 0.9997089 0.0085119 89.7128966
-0.9987687 0.0221774 0.0443753 -32.6722384
0.0441736 -0.0095032 0.9989787 1.6646061
0.0000000 0.0000000 0.0000000 1.0000000
0.0120126 0.9998898 0.0087272 89.7307101
-0.9989445 0.0116134 0.0444392 -33.4660162
0.0443329 -0.0092518 0.9989740 1.6924584
0.0000000 0.0000000 0.0000000 1.0000000
0.0009354 0.9999646 0.0083662 89.7170317
-0.9991722 0.0005944 0.0406739 -34.2636719
0.0406675 -0.0083973 0.9991375 1.7359177
0.0000000 0.0000000 0.0000000 1.0000000
-0.0105798 0.9999059 0.0087359 89.7018852
-0.9990941 -0.0109306 0.0411253 -35.0486510
0.0412169 -0.0082929 0.9991158 1.7759622
0.0000000 0.0000000 0.0000000 1.0000000
-0.0219557 0.9997286 0.0077980 89.6818841
-0.9989485 -0.0222513 0.0400818 -35.8323302
0.0402444 -0.0069098 0.9991660 1.8207412
0.0000000 0.0000000 0.0000000 1.0000000
-0.0326354 0.9994348 0.0080728 89.6475784
-0.9985910 -0.0329439 0.0416012 -36.5882667
0.0418437 -0.0067038 0.9991017 1.8579120
0.0000000 0.0000000 0.0000000 1.0000000
-0.0429687 0.9990379 0.0087757 89.6139972
-0.9982010 -0.0432971 0.0414732 -37.3439240
0.0418132 -0.0069779 0.9991011 1.8964792
0.0000000 0.0000000 0.0000000 1.0000000
-0.0528773 0.9985670 0.0082536 89.5711450
-0.9977041 -0.0531782 0.0419346 -38.1030425
0.0423134 -0.0060173 0.9990863 1.9314757
0.0000000 0.0000000 0.0000000 1.0000000
-0.0625110 0.9980152 0.0076269 89.5171238
-0.9971769 -0.0627734 0.0412018 -38.8435736
0.0415987 -0.0050298 0.9991217 1.9704824
0.0000000 0.0000000 0.0000000 1.0000000
-0.0724644 0.9973479 0.0067929 89.4680445
-0.9964813 -0.0726857 0.0417325 -39.5813514
0.0421156 -0.0037449 0.9991057 2.0052230
0.0000000 0.0000000 0.0000000 1.0000000
-0.0814285 0.9966642 0.0054732 89.4018192
-0.9958614 -0.0815829 0.0400530 -40.3154624
0.0403659 -0.0021891 0.9991826 2.0458275
0.0000000 0.0000000 0.0000000 1.0000000
-0.0891317 0.9960118 0.0040303 89.3322790
-0.9952320 -0.0892214 0.0394033 -41.0426628
0.0396057 -0.0004990 0.9992153 2.0817612
0.0000000 0.0000000 0.0000000 1.0000000
-0.0949221 0.9954841 0.0011685 89.2505065
-0.9947176 -0.0948950 0.0391367 -41.7535248
0.0390709 0.0025526 0.9992332 2.1152105
0.0000000 0.0000000 0.0000000 1.0000000
-0.0987139 0.9951159 0.0001206 89.1781559
-0.9943665 -0.0986443 0.0387873 -42.4617506
0.0386098 0.0037089 0.9992475 2.1623579
0.0000000 0.0000000 0.0000000 1.0000000
-0.1018365 0.9947999 -0.0016225 89.1029539
-0.9940921 -0.1017023 0.0379132 -43.1559812
0.0375511 0.0054738 0.9992797 2.2047515
0.0000000 0.0000000 0.0000000 1.0000000
-0.1042257 0.9945487 -0.0031624 89.0228925
-0.9939012 -0.1040417 0.0365455 -43.8340813
0.0360173 0.0069521 0.9993270 2.2352294
0.0000000 0.0000000 0.0000000 1.0000000
-0.1052217 0.9944467 -0.0020804 88.9475418
-0.9938278 -0.1050819 0.0355522 -44.5033182
0.0351361 0.0058084 0.9993657 2.2622676
0.0000000 0.0000000 0.0000000 1.0000000
-0.1038593 0.9945900 -0.0020254 88.8755865
-0.9939245 -0.1037148 0.0368411 -45.1539300
0.0364317 0.0058394 0.9993191 2.2915337
0.0000000 0.0000000 0.0000000 1.0000000
-0.1005690 0.9949250 -0.0032045 88.8111489
-0.9942639 -0.1003833 0.0369103 -45.7955687
0.0364013 0.0068982 0.9993135 2.3205227
0.0000000 0.0000000 0.0000000 1.0000000
-0.0959484 0.9953826 -0.0027431 88.7417548
-0.9946835 -0.0957768 0.0378339 -46.4083226
0.0373964 0.0063586 0.9992803 2.3420982
0.0000000 0.0000000 0.0000000 1.0000000
-0.0881651 0.9961048 -0.0014938 88.6908458
-0.9954179 -0.0880484 0.0372895 -47.0111975
0.0370128 0.0047746 0.9993034 2.3718168
0.0000000 0.0000000 0.0000000 1.0000000
-0.0766654 0.9970567 -0.0006980 88.6391221
-0.9963656 -0.0765862 0.0372834 -47.5948878
0.0371202 0.0035538 0.9993045 2.4006212
0.0000000 0.0000000 0.0000000 1.0000000
-0.0634927 0.9979824 0.0000977 88.6043065
-0.9972861 -0.0634521 0.0373384 -48.1613876
0.0372692 0.0022733 0.9993027 2.4351347
0.0000000 0.0000000 0.0000000 1.0000000
-0.0464691 0.9989198 -0.0001040 88.5693821
-0.9981469 -0.0464291 0.0393305 -48.7161855
0.0392831 0.0019315 0.9992262 2.4623505
0.0000000 0.0000000 0.0000000 1.0000000
-0.0259214 0.9996638 0.0006745 88.5632672
-0.9987555 -0.0259266 0.0426038 -49.2503726
0.0426070 0.0004307 0.9990918 2.4930861
0.0000000 0.0000000 0.0000000 1.0000000
-0.0004238 0.9999982 0.0018635 88.5635580
-0.9989892 -0.0005071 0.0449458 -49.7701098
0.0449466 -0.0018425 0.9989877 2.5174310
0.0000000 0.0000000 0.0000000 1.0000000
0.0284353 0.9995943 0.0017030 88.5853407
-0.9985035 0.0283245 0.0467805 -50.2855256
0.0467133 -0.0030307 0.9989037 2.5423897
0.0000000 0.0000000 0.0000000 1.0000000
0.0616710 0.9980906 0.0034706 88.6226998
-0.9970750 0.0614503 0.0454446 -50.8157053
0.0451445 -0.0062631 0.9989608 2.5651024
0.0000000 0.0000000 0.0000000 1.0000000
0.0985949 0.9951240 0.0027107 88.6843546
-0.9941883 0.0983832 0.0437055 -51.3228236
0.0432257 -0.0070041 0.9990408 2.5912730
0.0000000 0.0000000 0.0000000 1.0000000
0.1397225 0.9901841 0.0036367 88.7619511
-0.9893794 0.1394585 0.0409830 -51.8208499
0.0400736 -0.0093244 0.9991532 2.6147840
0.0000000 0.0000000 0.0000000 1.0000000
0.1850893 0.9827006 0.0064544 88.8699706
-0.9821188 0.1847417 0.0362366 -52.3124633
0.0344173 -0.0130460 0.9993224 2.6365693
0.0000000 0.0000000 0.0000000 1.0000000
0.2333336 0.9723471 0.0098279 89.0086287
-0.9718904 0.2328741 0.0346206 -52.7960238
0.0313746 -0.0176298 0.9993522 2.6537368
0.0000000 0.0000000 0.0000000 1.0000000
0.2836171 0.9588502 0.0129538 89.1652002
-0.9585391 0.2830840 0.0326505 -53.2585944
0.0276399 -0.0216770 0.9993829 2.6727039
0.0000000 0.0000000 0.0000000 1.0000000
0.3377509 0.9411542 0.0123763 89.3473208
-0.9408351 0.3371945 0.0336009 -53.7244986
0.0274504 -0.0229928 0.9993587 2.6882681
0.0000000 0.0000000 0.0000000 1.0000000
0.3947078 0.9187528 0.0099605 89.5563068
-0.9184010 0.3941882 0.0339873 -54.1601814
0.0272996 -0.0225628 0.9993726 2.7117196
0.0000000 0.0000000 0.0000000 1.0000000
0.4530446 0.8914687 0.0058541 89.7814675
-0.8909591 0.4525400 0.0374061 -54.5635587
0.0306971 -0.0221623 0.9992830 2.7275060
0.0000000 0.0000000 0.0000000 1.0000000
0.5115186 0.8592685 0.0025624 90.0423739
-0.8586530 0.5110345 0.0394799 -54.9591786
0.0326143 -0.0223949 0.9992171 2.7410283
0.0000000 0.0000000 0.0000000 1.0000000
0.5692483 0.8221616 0.0026150 90.3220300
-0.8214660 0.5686298 0.0430541 -55.3225046
0.0339104 -0.0266566 0.9990693 2.7586190
0.0000000 0.0000000 0.0000000 1.0000000
0.6240855 0.7813546 0.0015227 90.6285483
-0.7805720 0.6233708 0.0460011 -55.6721844
0.0349940 -0.0298972 0.9989402 2.7711735
0.0000000 0.0000000 0.0000000 1.0000000
0.6773330 0.7356750 -0.0015349 90.9608685
-0.7348135 0.6766380 0.0470120 -56.0070504
0.0356241 -0.0307149 0.9988931 2.7916767
0.0000000 0.0000000 0.0000000 1.0000000
0.7263295 0.6873435 -0.0020811 91.3114857
-0.6865377 0.7256183 0.0463024 -56.3080785
0.0333358 -0.0322021 0.9989253 2.8098836
0.0000000 0.0000000 0.0000000 1.0000000
0.7706441 0.6372659 0.0001374 91.6956213
-0.6366863 0.7699341 0.0428026 -56.5911461
0.0271708 -0.0330730 0.9990835 2.8305101
0.0000000 0.0000000 0.0000000 1.0000000
0.8119340 0.5837419 0.0029427 92.0788911
-0.5834161 0.8112900 0.0378710 -56.8490296
0.0197195 -0.0324656 0.9992783 2.8365503
0.0000000 0.0000000 0.0000000 1.0000000
0.8483353 0.5294197 0.0064790 92.4834704
-0.5293121 0.8477474 0.0339562 -57.0694512
0.0124845 -0.0322357 0.9994023 2.8467988
0.0000000 0.0000000 0.0000000 1.0000000
0.8793087 0.4761244 0.0110353 92.9124447
-0.4762171 0.8787263 0.0325174 -57.2708059
0.0057853 -0.0338480 0.9994102 2.8571257
0.0000000 0.0000000 0.0000000 1.0000000
0.9050875 0.4249565 0.0151182 93.3495767
-0.4252248 0.9045714 0.0305693 -57.4581720
-0.0006849 -0.0340965 0.9994183 2.8645105
0.0000000 0.0000000 0.0000000 1.0000000
0.9254029 0.3785410 0.0183359 93.7882236
-0.3789525 0.9248713 0.0317488 -57.6088544
-0.0049401 -0.0363289 0.9993277 2.8778687
0.0000000 0.0000000 0.0000000 1.0000000
0.9409948 0.3376636 0.0226304 94.2463893
-0.3382949 0.9403643 0.0356589 -57.7424954
-0.0092401 -0.0412105 0.9991078 2.8742216
0.0000000 0.0000000 0.0000000 1.0000000
0.9530023 0.3022397 0.0209212 94.7152200
-0.3028552 0.9522307 0.0391855 -57.8698838
-0.0080784 -0.0436800 0.9990129 2.8696016
0.0000000 0.0000000 0.0000000 1.0000000
0.9623224 0.2713785 0.0170091 95.1802571
-0.2718586 0.9614800 0.0406083 -57.9877488
-0.0053337 -0.0437023 0.9990304 2.8598468
0.0000000 0.0000000 0.0000000 1.0000000
0.9683855 0.2489720 0.0155691 95.6634919
-0.2493918 0.9676808 0.0373834 -58.1091818
-0.0057585 -0.0400844 0.9991797 2.8612307
0.0000000 0.0000000 0.0000000 1.0000000
0.9724268 0.2328718 0.0125262 96.1528673
-0.2331755 0.9717882 0.0354530 -58.2277045
-0.0039169 -0.0373963 0.9992928 2.8676148
0.0000000 0.0000000 0.0000000 1.0000000
0.9753823 0.2201786 0.0122802 96.6520417
-0.2204902 0.9746611 0.0376805 -58.3261394
-0.0036726 -0.0394605 0.9992144 2.8661815
0.0000000 0.0000000 0.0000000 1.0000000
0.9776756 0.2097863 0.0118342 97.1569705
-0.2101039 0.9767419 0.0427967 -58.4239251
-0.0025808 -0.0443277 0.9990137 2.8692946
0.0000000 0.0000000 0.0000000 1.0000000
0.9790732 0.2031209 0.0125503 97.6703671
-0.2034961 0.9778242 0.0494884 -58.5137757
-0.0022198 -0.0510067 0.9986958 2.8753747
0.0000000 0.0000000 0.0000000 1.0000000
0.9796343 0.2005066 0.0106640 98.1972607
-0.2007897 0.9781716 0.0535154 -58.6023510
0.0002990 -0.0545667 0.9985101 2.8813346
0.0000000 0.0000000 0.0000000 1.0000000
0.9797789 0.1999150 0.0082013 98.7285211
-0.2000668 0.9783507 0.0529454 -58.7044770
0.0025608 -0.0535156 0.9985637 2.8851745
0.0000000 0.0000000 0.0000000 1.0000000
0.9793282 0.2021765 0.0064016 99.2624671
-0.2022299 0.9779176 0.0527283 -58.8132412
0.0044002 -0.0529329 0.9985884 2.9023800
0.0000000 0.0000000 0.0000000 1.0000000
0.9784768 0.2063561 -0.0005314 99.8069616
-0.2060621 0.9772140 0.0509029 -58.9313543
0.0110234 -0.0496978 0.9987035 2.9118549
0.0000000 0.0000000 0.0000000 1.0000000
0.9775274 0.2107835 -0.0032303 100.3717063
-0.2103647 0.9763495 0.0498829 -59.0564358
0.0136684 -0.0480824 0.9987498 2.9099171
0.0000000 0.0000000 0.0000000 1.0000000
0.9766140 0.2149858 -0.0025045 100.9493293
-0.2145543 0.9752718 0.0530213 -59.1748500
0.0138414 -0.0512440 0.9985902 2.9140734
0.0000000 0.0000000 0.0000000 1.0000000
0.9754120 0.2203716 0.0027894 101.5508603
-0.2201900 0.9739142 0.0548401 -59.3030657
0.0093685 -0.0541059 0.9984913 2.9229037
0.0000000 0.0000000 0.0000000 1.0000000
0.9742827 0.2252004 0.0076163 102.1587496
-0.2252896 0.9729221 0.0516453 -59.4466212
0.0042204 -0.0520331 0.9986364 2.9324503
0.0000000 0.0000000 0.0000000 1.0000000
0.9734585 0.2284239 0.0141783 102.7745776
-0.2288467 0.9722680 0.0482092 -59.5937578
-0.0027729 -0.0501743 0.9987366 2.9429562
0.0000000 0.0000000 0.0000000 1.0000000
0.9724938 0.2322926 0.0172049 103.4063353
-0.2328534 0.9714030 0.0464273 -59.7321413
-0.0059282 -0.0491565 0.9987735 2.9479381
0.0000000 0.0000000 0.0000000 1.0000000
0.9718556 0.2349610 0.0170288 104.0347717
-0.2354786 0.9709984 0.0413747 -59.8879855
-0.0068135 -0.0442202 0.9989986 2.9475946
0.0000000 0.0000000 0.0000000 1.0000000
0.9718214 0.2352118 0.0154457 104.6626614
-0.2356458 0.9710600 0.0389043 -60.0471526
-0.0058480 -0.0414478 0.9991236 2.9544765
0.0000000 0.0000000 0.0000000 1.0000000
0.9720698 0.2345182 0.0090236 105.3039207
-0.2346917 0.9713224 0.0381121 -60.2059908
0.0001732 -0.0391654 0.9992327 2.9553799
0.0000000 0.0000000 0.0000000 1.0000000
0.9723847 0.2333754 0.0019662 105.9570020
-0.2332552 0.9715356 0.0413593 -60.3597329
0.0077420 -0.0406758 0.9991424 2.9619529
0.0000000 0.0000000 0.0000000 1.0000000
0.9729104 0.2311825 0.0001371 106.6314396
-0.2309866 0.9720613 0.0417368 -60.5126722
0.0095155 -0.0406379 0.9991286 2.9702665
0.0000000 0.0000000 0.0000000 1.0000000
0.9735488 0.2284487 0.0037253 107.3283987
-0.2284093 0.9727190 0.0405836 -60.6771556
0.0056476 -0.0403610 0.9991692 2.9706539
0.0000000 0.0000000 0.0000000 1.0000000
0.9740129 0.2262801 0.0098112 108.0346275
-0.2264892 0.9733257 0.0366017 -60.8351795
-0.0012673 -0.0378726 0.9992818 2.9759586
0.0000000 0.0000000 0.0000000 1.0000000
0.9745852 0.2235604 0.0142975 108.7553884
-0.2239335 0.9739789 0.0349130 -60.9987619
-0.0061203 -0.0372274 0.9992881 2.9729388
0.0000000 0.0000000 0.0000000 1.0000000
0.9749687 0.2218484 0.0148112 109.4803738
-0.2222561 0.9742806 0.0371413 -61.1531139
-0.0061906 -0.0395035 0.9992003 2.9812224
0.0000000 0.0000000 0.0000000 1.0000000
0.9754614 0.2198744 0.0114156 110.2152739
-0.2201645 0.9745053 0.0432095 -61.3075131
-0.0016239 -0.0446625 0.9990008 2.9791782
