0.9999999 0.0004710 0.0002609 0.0217495
-0.0004711 0.9999998 0.0004103 0.0018970
-0.0002607 -0.0004104 0.9999999 -0.0171738
0.0000000 0.0000000 0.0000000 1.0000000
0.9990067 0.0445488 -0.0009802 0.9866905
-0.0445490 0.9990072 -0.0002403 -0.0515090
0.0009685 0.0002837 0.9999995 0.0117599
0.0000000 0.0000000 0.0000000 1.0000000
0.9960110 0.0890703 -0.0053439 2.0001470
-0.0890935 0.9960141 -0.0042803 -0.1457502
0.0049413 0.0047393 0.9999766 0.0283845
0.0000000 0.0000000 0.0000000 1.0000000
0.9909098 0.1342467 -0.0086942 2.9971840
-0.1342854 0.9909345 -0.0040265 -0.2850436
0.0080748 0.0051574 0.9999541 0.0477827
0.0000000 0.0000000 0.0000000 1.0000000
0.9835866 0.1801393 -0.0103563 4.0151213
-0.1801708 0.9836329 -0.0021852 -0.4665075
0.0097932 0.0040153 0.9999440 0.0756965
0.0000000 0.0000000 0.0000000 1.0000000
0.9739068 0.2267070 -0.0104661 5.0213452
-0.2267646 0.9739384 -0.0046759 -0.6820561
0.0091333 0.0069273 0.9999343 0.1008709
0.0000000 0.0000000 0.0000000 1.0000000
0.9624111 0.2713525 -0.0115234 6.0091063
-0.2714242 0.9624459 -0.0051759 -0.9542596
0.0096862 0.0081091 0.9999202 0.1367362
0.0000000 0.0000000 0.0000000 1.0000000
0.9484757 0.3164682 -0.0155485 6.9691749
-0.3166196 0.9485151 -0.0084343 -1.2572162
0.0120787 0.0129227 0.9998435 0.1443269
0.0000000 0.0000000 0.0000000 1.0000000
0.9334079 0.3583484 -0.0183327 7.9122036
-0.3585832 0.9334256 -0.0116092 -1.6091930
0.0129521 0.0174099 0.9997645 0.1697536
0.0000000 0.0000000 0.0000000 1.0000000
0.9168571 0.3987776 -0.0186950 8.8235193
-0.3990178 0.9168714 -0.0114763 -1.9716211
0.0125644 0.0179817 0.9997594 0.1986204
0.0000000 0.0000000 0.0000000 1.0000000
0.8961770 0.4433083 -0.0185634 9.7125889
-0.4435645 0.8961468 -0.0130940 -2.3939496
0.0108309 0.0199686 0.9997419 0.2222347
0.0000000 0.0000000 0.0000000 1.0000000
0.8746835 0.4843784 -0.0175047 10.5866938
-0.4846072 0.8746409 -0.0126131 -2.8502694
0.0092008 0.0195154 0.9997672 0.2685545
0.0000000 0.0000000 0.0000000 1.0000000
0.8498651 0.5267065 -0.0175940 11.4266651
-0.5269464 0.8497817 -0.0140893 -3.3475406
0.0075301 0.0212451 0.9997459 0.2968970
0.0000000 0.0000000 0.0000000 1.0000000
0.8235395 0.5669756 -0.0179258 12.2419302
-0.5672209 0.8234386 -0.0144661 -3.8839525
0.0065589 0.0220813 0.9997347 0.3220387
0.0000000 0.0000000 0.0000000 1.0000000
0.7950200 0.6062474 -0.0201830 13.0360300
-0.6065578 0.7948508 -0.0173129 -4.4632209
0.0055466 0.0260062 0.9996464 0.3458942
0.0000000 0.0000000 0.0000000 1.0000000
0.7676548 0.6405236 -0.0208748 13.8038201
-0.6408406 0.7674957 -0.0165417 -5.0156406
0.0054260 0.0260757 0.9996452 0.3524211
0.0000000 0.0000000 0.0000000 1.0000000
0.7362602 0.6762420 -0.0248559 14.4938585
-0.6766851 0.7359807 -0.0207303 -5.6635637
0.0042747 0.0320825 0.9994761 0.3526549
0.0000000 0.0000000 0.0000000 1.0000000
0.7036825 0.7100764 -0.0249524 15.1944827
-0.7105074 0.7033989 -0.0202286 -6.3740705
0.0031876 0.0319634 0.9994840 0.3764071
0.0000000 0.0000000 0.0000000 1.0000000
0.6675729 0.7440541 -0.0270175 15.8460139
-0.7445333 0.6673213 -0.0187732 -7.0827425
0.0040611 0.0326479 0.9994587 0.3862408
0.0000000 0.0000000 0.0000000 1.0000000
0.6317169 0.7745442 -0.0318603 16.4744977
-0.7751882 0.6313923 -0.0206607 -7.8351289
0.0041137 0.0377495 0.9992788 0.3995095
0.0000000 0.0000000 0.0000000 1.0000000
0.5936699 0.8040226 -0.0332224 17.0519469
-0.8046999 0.5933492 -0.0198652 -8.6056276
0.0037404 0.0385275 0.9992505 0.4084827
0.0000000 0.0000000 0.0000000 1.0000000
0.5556247 0.8306066 -0.0370663 17.5930479
-0.8314183 0.5553290 -0.0187944 -9.4104256
0.0049732 0.0412602 0.9991361 0.4243363
0.0000000 0.0000000 0.0000000 1.0000000
0.5157097 0.8557081 -0.0425110 18.0798179
-0.8567325 0.5154766 -0.0171213 -10.2377503
0.0072626 0.0452502 0.9989493 0.4351787
0.0000000 0.0000000 0.0000000 1.0000000
0.4760062 0.8782476 -0.0458186 18.5411464
-0.8794062 0.4758094 -0.0158117 -11.0971361
0.0079144 0.0478196 0.9988246 0.4432370
0.0000000 0.0000000 0.0000000 1.0000000
0.4370636 0.8980729 -0.0494033 18.9447370
-0.8994047 0.4368077 -0.0164363 -11.9633296
0.0068188 0.0516173 0.9986437 0.4567303
0.0000000 0.0000000 0.0000000 1.0000000
0.4004294 0.9147566 -0.0536355 19.3226949
-0.9163101 0.4000963 -0.0172812 -12.8524995
0.0056513 0.0560667 0.9984110 0.4831760
0.0000000 0.0000000 0.0000000 1.0000000
0.3639313 0.9298106 -0.0548307 19.6696614
-0.9314031 0.3637012 -0.0144733 -13.7730929
0.0064846 0.0563367 0.9983908 0.5098926
0.0000000 0.0000000 0.0000000 1.0000000
0.3303643 0.9422334 -0.0552785 19.9908616
-0.9438433 0.3300650 -0.0147243 -14.7150552
0.0043717 0.0570386 0.9983624 0.5270292
0.0000000 0.0000000 0.0000000 1.0000000
0.2964331 0.9533928 -0.0563007 20.2700282
-0.9550522 0.2960176 -0.0157736 -15.6834907
0.0016275 0.0584459 0.9982893 0.5390988
0.0000000 0.0000000 0.0000000 1.0000000
0.2634936 0.9629834 -0.0568698 20.5162318
-0.9646608 0.2629944 -0.0162256 -16.6495307
-0.0006685 0.0591354 0.9982497 0.5571975
0.0000000 0.0000000 0.0000000 1.0000000
0.2302270 0.9716215 -0.0542897 20.7466020
-0.9731368 0.2298463 -0.0132401 -17.6287569
-0.0003861 0.0558796 0.9984374 0.5793072
0.0000000 0.0000000 0.0000000 1.0000000
0.1980692 0.9786217 -0.0553924 20.9326285
-0.9801879 0.1977753 -0.0107932 -18.6297009
0.0003928 0.0564328 0.9984063 0.5826462
0.0000000 0.0000000 0.0000000 1.0000000
0.1674468 0.9842393 -0.0568744 21.0897046
-0.9858804 0.1671027 -0.0107876 -19.6388680
-0.0011137 0.0578777 0.9983231 0.5993147
0.0000000 0.0000000 0.0000000 1.0000000
0.1362798 0.9889334 -0.0586404 21.2251138
-0.9906657 0.1358592 -0.0111193 -20.6709168
-0.0030294 0.0596084 0.9982172 0.6041819
0.0000000 0.0000000 0.0000000 1.0000000
0.1053519 0.9927810 -0.0573319 21.3309819
-0.9944198 0.1048574 -0.0115758 -21.7094160
-0.0054805 0.0582315 0.9982881 0.6089558
0.0000000 0.0000000 0.0000000 1.0000000
0.0753205 0.9954829 -0.0577985 21.4065711
-0.9971325 0.0747666 -0.0116891 -22.7831673
-0.0073149 0.0585132 0.9982598 0.6135772
0.0000000 0.0000000 0.0000000 1.0000000
0.0475112 0.9970230 -0.0607291 21.4677584
-0.9988345 0.0469044 -0.0113786 -23.8720482
-0.0084962 0.0611989 0.9980894 0.6056929
0.0000000 0.0000000 0.0000000 1.0000000
0.0214539 0.9976884 -0.0644801 21.4801703
-0.9997246 0.0207955 -0.0108650 -24.9578948
-0.0094990 0.0646954 0.9978598 0.5994933
0.0000000 0.0000000 0.0000000 1.0000000
-0.0009306 0.9975787 -0.0695420 21.4633250
-0.9999419 -0.0016745 -0.0106394 -26.0560079
-0.0107301 0.0695280 0.9975223 0.5811099
0.0000000 0.0000000 0.0000000 1.0000000
-0.0221988 0.9969212 -0.0752029 21.4255818
-0.9996740 -0.0230826 -0.0109036 -27.1567790
-0.0126059 0.0749364 0.9971086 0.5624734
0.0000000 0.0000000 0.0000000 1.0000000
-0.0399235 0.9960241 -0.0796382 21.3573090
-0.9990881 -0.0409990 -0.0119158 -28.2869036
-0.0151335 0.0790899 0.9967526 0.5423938
0.0000000 0.0000000 0.0000000 1.0000000
-0.0554406 0.9949824 -0.0832863 21.2768518
-0.9983316 -0.0565880 -0.0114779 -29.4049383
-0.0161333 0.0825110 0.9964596 0.5218221
0.0000000 0.0000000 0.0000000 1.0000000
-0.0684332 0.9939350 -0.0860830 21.1712935
-0.9974963 -0.0697091 -0.0118998 -30.5469124
-0.0178284 0.0850532 0.9962169 0.5059112
0.0000000 0.0000000 0.0000000 1.0000000
-0.0804786 0.9929932 -0.0865320 21.0777985
-0.9965618 -0.0818738 -0.0126917 -31.7030373
-0.0196874 0.0852131 0.9961682 0.4813514
0.0000000 0.0000000 0.0000000 1.0000000
-0.0928390 0.9919094 -0.0865836 20.9696896
-0.9954596 -0.0943008 -0.0129390 -32.8445736
-0.0209992 0.0849892 0.9961606 0.4651649
0.0000000 0.0000000 0.0000000 1.0000000
-0.1040481 0.9908341 -0.0861507 20.8434284
-0.9943913 -0.1052900 -0.0099877 -34.0113626
-0.0189670 0.0846283 0.9962321 0.4384622
0.0000000 0.0000000 0.0000000 1.0000000
-0.1170303 0.9892804 -0.0873401 20.7347179
-0.9929851 -0.1180533 -0.0066237 -35.1764575
-0.0168635 0.0859522 0.9961565 0.4039524
0.0000000 0.0000000 0.0000000 1.0000000
-0.1269282 0.9880087 -0.0879101 20.5740336
-0.9917920 -0.1277913 -0.0042371 -36.3793242
-0.0154204 0.0866507 0.9961194 0.3796884
0.0000000 0.0000000 0.0000000 1.0000000
-0.1351865 0.9869618 -0.0873559 20.3999538
-0.9906963 -0.1360369 -0.0038284 -37.5987387
-0.0156621 0.0860256 0.9961698 0.3535065
0.0000000 0.0000000 0.0000000 1.0000000
-0.1407391 0.9862046 -0.0871388 20.2117838
-0.9899323 -0.1415144 -0.0027536 -38.8332367
-0.0150470 0.0858740 0.9961924 0.3128388
0.0000000 0.0000000 0.0000000 1.0000000
-0.1464599 0.9853160 -0.0877611 20.0200530
-0.9891065 -0.1471896 -0.0018661 -40.0939377
-0.0147562 0.0865318 0.9961398 0.2951578
0.0000000 0.0000000 0.0000000 1.0000000
-0.1508501 0.9847243 -0.0869617 19.8125067
-0.9884678 -0.1514307 -0.0000807 -41.3633478
-0.0132482 0.0859467 0.9962117 0.2650893
0.0000000 0.0000000 0.0000000 1.0000000
-0.1546510 0.9841320 -0.0869907 19.6019139
-0.9878911 -0.1551448 0.0010971 -42.6756214
-0.0124164 0.0861070 0.9962085 0.2444467
0.0000000 0.0000000 0.0000000 1.0000000
-0.1575813 0.9836693 -0.0869652 19.3845183
-0.9874045 -0.1582155 -0.0004057 -43.9966398
-0.0141583 0.0858059 0.9962113 0.2259332
0.0000000 0.0000000 0.0000000 1.0000000
-0.1601016 0.9831483 -0.0882437 19.1546162
-0.9869571 -0.1609611 -0.0026653 -45.3536628
-0.0168242 0.0866660 0.9960954 0.1975604
0.0000000 0.0000000 0.0000000 1.0000000
-0.1610619 0.9829158 -0.0890823 18.9124078
-0.9867774 -0.1620368 -0.0037743 -46.7287165
-0.0181445 0.0872965 0.9960171 0.1626578
0.0000000 0.0000000 0.0000000 1.0000000
-0.1638004 0.9823416 -0.0904132 18.6676616
-0.9863245 -0.1647793 -0.0034199 -48.1257018
-0.0182577 0.0886166 0.9958985 0.1412140
0.0000000 0.0000000 0.0000000 1.0000000
-0.1645473 0.9821737 -0.0908798 18.4338859
-0.9862069 -0.1654915 -0.0029023 -49.5298104
-0.0178904 0.0891487 0.9958576 0.1015311
0.0000000 0.0000000 0.0000000 1.0000000
-0.1637193 0.9822502 -0.0915461 18.1754898
-0.9863730 -0.1645194 -0.0012115 -50.9722402
-0.0162511 0.0901003 0.9958001 0.0793401
0.0000000 0.0000000 0.0000000 1.0000000
-0.1637371 0.9822260 -0.0917732 17.9183541
-0.9863849 -0.1644526 -0.0002373 -52.4279643
-0.0153255 0.0904849 0.9957799 0.0445638
0.0000000 0.0000000 0.0000000 1.0000000
-0.1621178 0.9824393 -0.0923629 17.6646742
-0.9866757 -0.1626935 0.0013131 -53.8911811
-0.0137368 0.0913451 0.9957246 0.0218131
0.0000000 0.0000000 0.0000000 1.0000000
-0.1607945 0.9826331 -0.0926141 17.4084926
-0.9868930 -0.1613707 0.0012832 -55.3586495
-0.0136842 0.0916065 0.9957013 -0.0074965
0.0000000 0.0000000 0.0000000 1.0000000
-0.1597051 0.9828016 -0.0927116 17.1429120
-0.9870749 -0.1602514 0.0015701 -56.8867835
-0.0133141 0.0917641 0.9956918 -0.0362751
0.0000000 0.0000000 0.0000000 1.0000000
-0.1601120 0.9826762 -0.0933367 16.8779391
-0.9870111 -0.1606410 0.0018665 -58.4294876
-0.0131596 0.0924232 0.9956328 -0.0497198
0.0000000 0.0000000 0.0000000 1.0000000
-0.1607524 0.9826834 -0.0921528 16.6090345
-0.9869095 -0.1612629 0.0019282 -59.9648310
-0.0129660 0.0912565 0.9957430 -0.0734296
0.0000000 0.0000000 0.0000000 1.0000000
-0.1600476 0.9827363 -0.0928134 16.3324517
-0.9870395 -0.1604449 0.0032139 -61.5507176
-0.0117330 0.0921248 0.9956783 -0.1083557
0.0000000 0.0000000 0.0000000 1.0000000
-0.1576052 0.9832037 -0.0920394 16.0710626
-0.9874362 -0.1579857 0.0031837 -63.1385060
-0.0114106 0.0913849 0.9957503 -0.1233216
0.0000000 0.0000000 0.0000000 1.0000000
-0.1574193 0.9830972 -0.0934834 15.8058440
-0.9874361 -0.1580151 0.0010406 -64.7543975
-0.0137488 0.0924727 0.9956203 -0.1374219
0.0000000 0.0000000 0.0000000 1.0000000
-0.1563115 0.9831619 -0.0946551 15.5262949
-0.9875899 -0.1570541 -0.0004008 -66.3778381
-0.0152600 0.0934178 0.9955100 -0.1571964
0.0000000 0.0000000 0.0000000 1.0000000
-0.1561960 0.9831959 -0.0944922 15.2530608
-0.9876291 -0.1568047 0.0009945 -67.9727521
-0.0138390 0.0934786 0.9955251 -0.1899981
0.0000000 0.0000000 0.0000000 1.0000000
-0.1538016 0.9834697 -0.0955641 14.9592903
-0.9880221 -0.1542956 0.0022424 -69.6137565
-0.0125398 0.0947644 0.9954208 -0.2149004
0.0000000 0.0000000 0.0000000 1.0000000
-0.1534053 0.9835079 -0.0958077 14.6915368
-0.9880908 -0.1538461 0.0028131 -71.2633887
-0.0119729 0.0950982 0.9953959 -0.2445614
0.0000000 0.0000000 0.0000000 1.0000000
-0.1529929 0.9835657 -0.0958743 14.4124649
-0.9881387 -0.1535562 0.0015188 -72.9350950
-0.0132283 0.0949695 0.9953923 -0.2635660
0.0000000 0.0000000 0.0000000 1.0000000
-0.1532960 0.9834875 -0.0961913 14.1416309
-0.9880832 -0.1539170 0.0009749 -74.6495880
-0.0138467 0.0951945 0.9953624 -0.2948987
0.0000000 0.0000000 0.0000000 1.0000000
-0.1541839 0.9832639 -0.0970543 13.8634648
-0.9879178 -0.1549773 -0.0006441 -76.3589359
-0.0156745 0.0957824 0.9952789 -0.3014958
0.0000000 0.0000000 0.0000000 1.0000000
-0.1542105 0.9831682 -0.0979775 13.5771043
-0.9878905 -0.1551406 -0.0019002 -78.1025357
-0.0170685 0.0964980 0.9951868 -0.3381809
0.0000000 0.0000000 0.0000000 1.0000000
-0.1532715 0.9833251 -0.0978762 13.3078375
-0.9880379 -0.1541985 -0.0019327 -79.8440038
-0.0169928 0.0964092 0.9951967 -0.3583097
0.0000000 0.0000000 0.0000000 1.0000000
-0.1537099 0.9833192 -0.0972457 13.0451889
-0.9879959 -0.1544794 -0.0003897 -81.5832249
-0.0154057 0.0960185 0.9952603 -0.3800791
0.0000000 0.0000000 0.0000000 1.0000000
-0.1554090 0.9832194 -0.0955389 12.7606527
-0.9877312 -0.1561629 -0.0004186 -83.3799806
-0.0153312 0.0943017 0.9954256 -0.4140424
0.0000000 0.0000000 0.0000000 1.0000000
-0.1560117 0.9831865 -0.0948934 12.4607106
-0.9876323 -0.1567858 -0.0007118 -85.1844233
-0.0155778 0.0936087 0.9954872 -0.4455704
0.0000000 0.0000000 0.0000000 1.0000000
-0.1554116 0.9834853 -0.0927582 12.1465982
-0.9877098 -0.1562835 -0.0021656 -86.9636330
-0.0166264 0.0912817 0.9956863 -0.4735795
0.0000000 0.0000000 0.0000000 1.0000000
-0.1560127 0.9834666 -0.0919434 11.8697948
-0.9876259 -0.1568197 -0.0015745 -88.8099356
-0.0159670 0.0905601 0.9957630 -0.5007321
0.0000000 0.0000000 0.0000000 1.0000000
-0.1563433 0.9836063 -0.0898641 11.5819437
-0.9875587 -0.1572256 -0.0027802 -90.6432244
-0.0168635 0.0883114 0.9959502 -0.5395813
0.0000000 0.0000000 0.0000000 1.0000000
-0.1578778 0.9834821 -0.0885302 11.2762151
-0.9873169 -0.1587383 -0.0027206 -92.4845968
-0.0167288 0.0869778 0.9960698 -0.5729884
0.0000000 0.0000000 0.0000000 1.0000000
-0.1623988 0.9827584 -0.0883893 10.9636134
-0.9865733 -0.1632925 -0.0029263 -94.3472808
-0.0173092 0.0867273 0.9960817 -0.6121145
0.0000000 0.0000000 0.0000000 1.0000000
-0.1650757 0.9823303 -0.0881891 10.6338984
-0.9861382 -0.1659113 -0.0021798 -96.2114413
-0.0167729 0.0866068 0.9961014 -0.6474075
0.0000000 0.0000000 0.0000000 1.0000000
-0.1695883 0.9817019 -0.0866098 10.3172092
-0.9853534 -0.1704955 -0.0031325 -98.1058788
-0.0178417 0.0848101 0.9962374 -0.6897231
0.0000000 0.0000000 0.0000000 1.0000000
-0.1742009 0.9810176 -0.0851980 9.9795531
-0.9845493 -0.1750826 -0.0029307 -100.0105625
-0.0177918 0.0833711 0.9963597 -0.7399118
0.0000000 0.0000000 0.0000000 1.0000000
-0.1824230 0.9795944 -0.0843613 9.6320522
-0.9830542 -0.1832958 -0.0026529 -101.9018705
-0.0180618 0.0824478 0.9964317 -0.7808620
0.0000000 0.0000000 0.0000000 1.0000000
-0.1880882 0.9785365 -0.0841979 9.2589389
-0.9820057 -0.1888476 -0.0010751 -103.8172334
-0.0169526 0.0824806 0.9964485 -0.8310474
0.0000000 0.0000000 0.0000000 1.0000000
-0.1914783 0.9779006 -0.0839443 8.8800030
-0.9813658 -0.1921483 0.0000984 -105.7317355
-0.0160335 0.0823989 0.9964704 -0.8705138
0.0000000 0.0000000 0.0000000 1.0000000
-0.1966837 0.9769988 -0.0823950 8.4799779
-0.9803258 -0.1973855 -0.0003803 -107.6512064
-0.0166351 0.0806991 0.9965997 -0.9134508
0.0000000 0.0000000 0.0000000 1.0000000
-0.2018668 0.9760618 -0.0809528 8.0672838
-0.9792625 -0.2025939 -0.0007853 -109.6099972
-0.0171671 0.0791155 0.9967176 -0.9430954
0.0000000 0.0000000 0.0000000 1.0000000
-0.2078238 0.9749006 -0.0798636 7.6459564
-0.9780053 -0.2085769 -0.0011138 -111.5441006
-0.0177436 0.0778755 0.9968052 -0.9889174
0.0000000 0.0000000 0.0000000 1.0000000
-0.2132324 0.9738202 -0.0787803 7.2195171
-0.9768271 -0.2140233 -0.0016383 -113.4969924
-0.0184562 0.0766054 0.9968907 -1.0222334
0.0000000 0.0000000 0.0000000 1.0000000
-0.2171681 0.9728855 -0.0795735 6.7916290
-0.9759214 -0.2181001 -0.0031087 -115.4585460
-0.0203794 0.0769823 0.9968242 -1.0644511
0.0000000 0.0000000 0.0000000 1.0000000
-0.2232792 0.9714009 -0.0807890 6.3555812
-0.9745396 -0.2242022 -0.0024242 -117.4309101
-0.0204680 0.0781908 0.9967283 -1.1073277
0.0000000 0.0000000 0.0000000 1.0000000
-0.2284518 0.9702334 -0.0803558 5.8867481
-0.9733632 -0.2292662 -0.0009351 -119.3963912
-0.0193301 0.0780017 0.9967658 -1.1440019
0.0000000 0.0000000 0.0000000 1.0000000
-0.2349276 0.9685823 -0.0815928 5.4126091
-0.9718165 -0.2357382 -0.0003092 -121.3771141
-0.0195341 0.0792206 0.9966657 -1.1699473
0.0000000 0.0000000 0.0000000 1.0000000
-0.2407722 0.9672184 -0.0807310 4.9198477
-0.9703922 -0.2415343 0.0003355 -123.3511602
-0.0191748 0.0784215 0.9967359 -1.2062016
0.0000000 0.0000000 0.0000000 1.0000000
-0.2463887 0.9658130 -0.0806103 4.4327039
-0.9689773 -0.2471486 0.0005672 -125.3577954
-0.0193749 0.0782493 0.9967455 -1.2317231
0.0000000 0.0000000 0.0000000 1.0000000
-0.2518200 0.9644198 -0.0805063 3.9203728
-0.9675858 -0.2525388 0.0012923 -127.3446639
-0.0190846 0.0782222 0.9967533 -1.2677891
0.0000000 0.0000000 0.0000000 1.0000000
-0.2558608 0.9631839 -0.0825361 3.4095714
-0.9664913 -0.2566987 0.0004746 -129.3603189
-0.0207297 0.0798918 0.9965880 -1.2919044
0.0000000 0.0000000 0.0000000 1.0000000
-0.2602103 0.9618161 -0.0848564 2.8791750
-0.9652965 -0.2611562 -0.0000481 -131.3969714
-0.0222071 0.0818990 0.9963932 -1.3267992
0.0000000 0.0000000 0.0000000 1.0000000
-0.2652756 0.9603489 -0.0857841 2.3213968
-0.9639259 -0.2661685 0.0010657 -133.4187289
-0.0218096 0.0829722 0.9963132 -1.3757317
0.0000000 0.0000000 0.0000000 1.0000000
-0.2669513 0.9597879 -0.0868574 1.7423539
-0.9634486 -0.2678916 0.0008603 -135.4362641
-0.0224427 0.0839123 0.9962204 -1.4298874
0.0000000 0.0000000 0.0000000 1.0000000
-0.2707596 0.9587455 -0.0865821 1.1842723
-0.9623738 -0.2717281 0.0006217 -137.4654096
-0.0229308 0.0834927 0.9962445 -1.4749719
0.0000000 0.0000000 0.0000000 1.0000000
-0.2742684 0.9577974 -0.0860304 0.6226820
-0.9614077 -0.2751199 0.0020306 -139.5169663
-0.0217238 0.0832672 0.9962904 -1.5119509
0.0000000 0.0000000 0.0000000 1.0000000
-0.2785544 0.9566688 -0.0848082 0.0429748
-0.9601859 -0.2793496 0.0025822 -141.5703954
-0.0212208 0.0821510 0.9963939 -1.5611221
0.0000000 0.0000000 0.0000000 1.0000000
-0.2837519 0.9551776 -0.0843842 -0.5714738
-0.9586562 -0.2845547 0.0026102 -143.6412096
-0.0215187 0.0816361 0.9964299 -1.5989575
0.0000000 0.0000000 0.0000000 1.0000000
-0.2880689 0.9538561 -0.0847054 -1.1833089
-0.9573465 -0.2889342 0.0021278 -145.6822951
-0.0224447 0.0817054 0.9964038 -1.6437371
0.0000000 0.0000000 0.0000000 1.0000000
-0.2920018 0.9526448 -0.0848705 -1.8169223
-0.9561587 -0.2928361 0.0027249 -147.7526253
-0.0222572 0.0819453 0.9963883 -1.7103679
0.0000000 0.0000000 0.0000000 1.0000000
-0.2972147 0.9510459 -0.0847066 -2.4585527
-0.9545574 -0.2980074 0.0034210 -149.8292224
-0.0219897 0.0818741 0.9964001 -1.7639562
0.0000000 0.0000000 0.0000000 1.0000000
-0.3008599 0.9497891 -0.0859310 -3.1054609
-0.9533463 -0.3018762 0.0012210 -151.8968473
-0.0247808 0.0822894 0.9963003 -1.8128860
0.0000000 0.0000000 0.0000000 1.0000000
-0.3041519 0.9486578 -0.0868337 -3.7805598
-0.9522862 -0.3052038 0.0012181 -153.9713221
-0.0253464 0.0830610 0.9962221 -1.8690717
0.0000000 0.0000000 0.0000000 1.0000000
-0.3091272 0.9469525 -0.0878721 -4.4650104
-0.9506770 -0.3101774 0.0017848 -156.0559871
-0.0255658 0.0840897 0.9961302 -1.9229759
0.0000000 0.0000000 0.0000000 1.0000000
-0.3131736 0.9455760 -0.0883654 -5.1467562
-0.9493480 -0.3142188 0.0021847 -158.1326365
-0.0257003 0.0845737 0.9960857 -1.9760223
0.0000000 0.0000000 0.0000000 1.0000000
-0.3170213 0.9442863 -0.0884369 -5.8512366
-0.9480862 -0.3179970 0.0032032 -160.2182661
-0.0250979 0.0848613 0.9960766 -2.0326763
0.0000000 0.0000000 0.0000000 1.0000000
-0.3208384 0.9429884 -0.0885201 -6.5677923
-0.9468086 -0.3217735 0.0038849 -162.3261838
-0.0248200 0.0850581 0.9960668 -2.0891893
0.0000000 0.0000000 0.0000000 1.0000000
-0.3239110 0.9418141 -0.0898222 -7.2733539
-0.9457369 -0.3249127 0.0036427 -164.4302044
-0.0257537 0.0861281 0.9959512 -2.1453915
0.0000000 0.0000000 0.0000000 1.0000000
-0.3261119 0.9410112 -0.0902722 -8.0017458
-0.9449930 -0.3270594 0.0045077 -166.5444244
-0.0252826 0.0867766 0.9959069 -2.1965523
0.0000000 0.0000000 0.0000000 1.0000000
-0.3302895 0.9394370 -0.0914722 -8.7326025
-0.9435174 -0.3312931 0.0044276 -168.6655690
-0.0261446 0.0877680 0.9957978 -2.2669614
0.0000000 0.0000000 0.0000000 1.0000000
-0.3330963 0.9383183 -0.0927668 -9.5052394
-0.9425293 -0.3340838 0.0051326 -170.7745780
-0.0261759 0.0891451 0.9956746 -2.3253266
0.0000000 0.0000000 0.0000000 1.0000000
-0.3357752 0.9371332 -0.0950607 -10.2751104
-0.9415567 -0.3368108 0.0054164 -172.9092149
-0.0269416 0.0913237 0.9954567 -2.3945748
0.0000000 0.0000000 0.0000000 1.0000000
-0.3372934 0.9365514 -0.0954189 -11.0627848
-0.9409752 -0.3384480 0.0043050 -175.0512106
-0.0282625 0.0912388 0.9954279 -2.4494961
0.0000000 0.0000000 0.0000000 1.0000000
-0.3396529 0.9357456 -0.0949534 -11.8463369
-0.9401045 -0.3408669 0.0036284 -177.2013309
-0.0289712 0.0904986 0.9954751 -2.5159134
0.0000000 0.0000000 0.0000000 1.0000000
-0.3427180 0.9347588 -0.0936508 -12.6511277
-0.9389768 -0.3439674 0.0029660 -179.3401014
-0.0294403 0.0889524 0.9956007 -2.5759129
0.0000000 0.0000000 0.0000000 1.0000000
-0.3477601 0.9329598 -0.0930004 -13.4486487
-0.9371840 -0.3487930 0.0054338 -181.4964003
-0.0273684 0.0890482 0.9956512 -2.6345881
0.0000000 0.0000000 0.0000000 1.0000000
-0.3509594 0.9318699 -0.0919020 -14.2455818
-0.9360218 -0.3518818 0.0065028 -183.6615299
-0.0262789 0.0883045 0.9957468 -2.6981508
0.0000000 0.0000000 0.0000000 1.0000000
-0.3544542 0.9306511 -0.0908345 -15.0541622
-0.9347666 -0.3551502 0.0089297 -185.8362989
-0.0239494 0.0880743 0.9958260 -2.7568336
0.0000000 0.0000000 0.0000000 1.0000000
-0.3563942 0.9302426 -0.0873620 -15.8841740
-0.9340554 -0.3570163 0.0089305 -188.0133739
-0.0228821 0.0847837 0.9961366 -2.8135197
0.0000000 0.0000000 0.0000000 1.0000000
-0.3609207 0.9284206 -0.0881566 -16.7348695
-0.9323019 -0.3615667 0.0090874 -190.1968591
-0.0234376 0.0854684 0.9960652 -2.8661431
0.0000000 0.0000000 0.0000000 1.0000000
-0.3640327 0.9270729 -0.0895328 -17.5847876
-0.9310443 -0.3648178 0.0080190 -192.3999292
-0.0252290 0.0862782 0.9959516 -2.9295124
0.0000000 0.0000000 0.0000000 1.0000000
-0.3670368 0.9258212 -0.0902179 -18.4523899
-0.9298355 -0.3678992 0.0074813 -194.5655547
-0.0262648 0.0866337 0.9958940 -2.9937344
0.0000000 0.0000000 0.0000000 1.0000000
-0.3714770 0.9239687 -0.0910321 -19.3257873
-0.9280284 -0.3724490 0.0067009 -196.7204662
-0.0277134 0.0869696 0.9958254 -3.0566898
0.0000000 0.0000000 0.0000000 1.0000000
-0.3757727 0.9223121 -0.0901968 -20.2088228
-0.9262829 -0.3767763 0.0062815 -198.8804446
-0.0281905 0.0859082 0.9959042 -3.1299515
0.0000000 0.0000000 0.0000000 1.0000000
-0.3794367 0.9208453 -0.0898435 -21.1031044
-0.9247782 -0.3804566 0.0061573 -201.0833518
-0.0285116 0.0854216 0.9959369 -3.1892187
0.0000000 0.0000000 0.0000000 1.0000000
-0.3824732 0.9195176 -0.0905637 -22.0202258
-0.9235207 -0.3834923 0.0065599 -203.2813803
-0.0286986 0.0861464 0.9958691 -3.2629371
0.0000000 0.0000000 0.0000000 1.0000000
-0.3855215 0.9182180 -0.0908236 -22.9406712
-0.9222697 -0.3864724 0.0075851 -205.4778525
-0.0281361 0.0866881 0.9958381 -3.3401966
0.0000000 0.0000000 0.0000000 1.0000000
-0.3880796 0.9169954 -0.0922702 -23.8678887
-0.9211716 -0.3890824 0.0075988 -207.6477416
-0.0289327 0.0879457 0.9957050 -3.4142587
0.0000000 0.0000000 0.0000000 1.0000000
-0.3909255 0.9156989 -0.0931286 -24.8057988
-0.9199105 -0.3920765 0.0063617 -209.8130342
-0.0306881 0.0881570 0.9956338 -3.4808090
0.0000000 0.0000000 0.0000000 1.0000000
-0.3935172 0.9145128 -0.0938650 -25.7427533
-0.9187916 -0.3946888 0.0065233 -211.9788264
-0.0310818 0.0888094 0.9955636 -3.5398534
0.0000000 0.0000000 0.0000000 1.0000000
-0.3973424 0.9130368 -0.0921029 -26.6906836
-0.9171744 -0.3984218 0.0071498 -214.1800870
-0.0301678 0.0873153 0.9957238 -3.5959575
0.0000000 0.0000000 0.0000000 1.0000000
-0.3999346 0.9119573 -0.0915765 -27.6569715
-0.9160526 -0.4009901 0.0073748 -216.3798437
-0.0299958 0.0868383 0.9957707 -3.6543974
0.0000000 0.0000000 0.0000000 1.0000000
-0.4047749 0.9098990 -0.0907813 -28.6286606
-0.9139186 -0.4058309 0.0073389 -218.5739727
-0.0301642 0.0859373 0.9958438 -3.7041993
0.0000000 0.0000000 0.0000000 1.0000000
-0.4081017 0.9083867 -0.0910313 -29.6164693
-0.9124034 -0.4092375 0.0066740 -220.7612389
-0.0311908 0.0857810 0.9958257 -3.7824659
0.0000000 0.0000000 0.0000000 1.0000000
-0.4100479 0.9075732 -0.0903976 -30.6218974
-0.9115227 -0.4112008 0.0063411 -222.9551238
-0.0314165 0.0849996 0.9958856 -3.8532591
0.0000000 0.0000000 0.0000000 1.0000000
-0.4134017 0.9060407 -0.0904951 -31.6440548
-0.9099879 -0.4145892 0.0061419 -225.1544435
-0.0319535 0.0848885 0.9958780 -3.9181969
0.0000000 0.0000000 0.0000000 1.0000000
-0.4164144 0.9044357 -0.0927105 -32.6399707
-0.9085752 -0.4176736 0.0063091 -227.3289888
-0.0330166 0.0868616 0.9956731 -3.9800237
0.0000000 0.0000000 0.0000000 1.0000000
-0.4192434 0.9031252 -0.0927362 -33.6587066
-0.9072452 -0.4205622 0.0057829 -229.4795014
-0.0337786 0.0865589 0.9956739 -4.0559797
0.0000000 0.0000000 0.0000000 1.0000000
-0.4222839 0.9017703 -0.0921237 -34.7047516
-0.9057937 -0.4236933 0.0046473 -231.6445569
-0.0348414 0.0854076 0.9957367 -4.1266562
0.0000000 0.0000000 0.0000000 1.0000000
-0.4253776 0.9004170 -0.0911217 -35.7501744
-0.9043249 -0.4268267 0.0039240 -233.8108452
-0.0353599 0.0840728 0.9958320 -4.2005133
0.0000000 0.0000000 0.0000000 1.0000000
-0.4289760 0.8987280 -0.0909265 -36.7927507
-0.9025645 -0.4305470 0.0025725 -235.9851119
-0.0368362 0.0831706 0.9958543 -4.2799381
0.0000000 0.0000000 0.0000000 1.0000000
-0.4328082 0.8969056 -0.0907604 -37.8362734
-0.9006693 -0.4345035 0.0011947 -238.1605871
-0.0383642 0.0822622 0.9958720 -4.3580623
0.0000000 0.0000000 0.0000000 1.0000000
-0.4366290 0.8951586 -0.0897013 -38.8662683
-0.8988569 -0.4382377 0.0019488 -240.3395665
-0.0375660 0.0814796 0.9959668 -4.4425418
0.0000000 0.0000000 0.0000000 1.0000000
-0.4401516 0.8935877 -0.0881344 -39.9324992
-0.8971343 -0.4417554 0.0014515 -242.5040329
-0.0376368 0.0797072 0.9961075 -4.5164758
0.0000000 0.0000000 0.0000000 1.0000000
-0.4436642 0.8918972 -0.0876445 -40.9743133
-0.8953414 -0.4453805 -0.0000302 -244.6554139
-0.0390621 0.0784583 0.9961518 -4.6096716
0.0000000 0.0000000 0.0000000 1.0000000
-0.4482011 0.8896664 -0.0872327 -42.0673818
-0.8930441 -0.4499686 -0.0006708 -246.7850443
-0.0398488 0.0776020 0.9961877 -4.6997563
0.0000000 0.0000000 0.0000000 1.0000000
-0.4537980 0.8867542 -0.0879455 -43.1485463
-0.8901913 -0.4555867 -0.0002996 -248.9373609
-0.0403324 0.0781523 0.9961252 -4.7830019
0.0000000 0.0000000 0.0000000 1.0000000
-0.4571669 0.8850125 -0.0880421 -44.2301308
-0.8884523 -0.4589687 -0.0002507 -251.0629115
-0.0406305 0.0781066 0.9961167 -4.8553845
0.0000000 0.0000000 0.0000000 1.0000000
-0.4604781 0.8832786 -0.0881980 -45.3517265
-0.8867681 -0.4622137 0.0008376 -253.2062826
-0.0400265 0.0785969 0.9961026 -4.9386911
0.0000000 0.0000000 0.0000000 1.0000000
-0.4647138 0.8811444 -0.0873259 -46.4444173
-0.8845708 -0.4664044 0.0011757 -255.3415111
-0.0396932 0.0777924 0.9961791 -5.0301653
0.0000000 0.0000000 0.0000000 1.0000000
-0.4684847 0.8791043 -0.0877367 -47.5804268
-0.8825445 -0.4702279 0.0009043 -257.4744378
-0.0404613 0.0778552 0.9961433 -5.1299036
0.0000000 0.0000000 0.0000000 1.0000000
-0.4714259 0.8774659 -0.0883819 -48.7055117
-0.8809894 -0.4731323 0.0018539 -259.6175945
-0.0401896 0.0787375 0.9960849 -5.2295470
0.0000000 0.0000000 0.0000000 1.0000000
-0.4764957 0.8746168 -0.0894278 -49.8384995
-0.8782656 -0.4781628 0.0031376 -261.7539174
-0.0400169 0.0800364 0.9959884 -5.3118411
0.0000000 0.0000000 0.0000000 1.0000000
-0.4792189 0.8729450 -0.0911942 -51.0083559
-0.8768248 -0.4807789 0.0054560 -263.8753249
-0.0390815 0.0825759 0.9958182 -5.3929690
0.0000000 0.0000000 0.0000000 1.0000000
-0.4822502 0.8711561 -0.0923142 -52.1911870
-0.8751517 -0.4838094 0.0061594 -265.9932588
-0.0392967 0.0837593 0.9957109 -5.4751699
0.0000000 0.0000000 0.0000000 1.0000000
-0.4848825 0.8696057 -0.0931398 -53.3671214
-0.8737279 -0.4863536 0.0077255 -268.1008981
-0.0385807 0.0851248 0.9956231 -5.5600242
0.0000000 0.0000000 0.0000000 1.0000000
-0.4885460 0.8674184 -0.0943835 -54.5689438
-0.8717474 -0.4898433 0.0104850 -270.2161110
-0.0371383 0.0874009 0.9954807 -5.6447061
0.0000000 0.0000000 0.0000000 1.0000000
-0.4920700 0.8653262 -0.0952776 -55.7693150
-0.8697754 -0.4933082 0.0117336 -272.3201629
-0.0368478 0.0886438 0.9953816 -5.7378500
0.0000000 0.0000000 0.0000000 1.0000000
-0.4958084 0.8632953 -0.0943147 -56.9913305
-0.8676814 -0.4969638 0.0124826 -274.4682581
-0.0360949 0.0880241 0.9954642 -5.8212452
0.0000000 0.0000000 0.0000000 1.0000000
-0.4986901 0.8617395 -0.0933453 -58.2386643
-0.8660625 -0.4997611 0.0132092 -276.5783446
-0.0352675 0.0874302 0.9955462 -5.9187524
0.0000000 0.0000000 0.0000000 1.0000000
-0.5032587 0.8590141 -0.0939442 -59.4969802
-0.8634074 -0.5043168 0.0138601 -278.7144023
-0.0354716 0.0880873 0.9954810 -6.0126459
0.0000000 0.0000000 0.0000000 1.0000000
-0.5072535 0.8567690 -0.0929567 -60.7500088
-0.8610811 -0.5082703 0.0141593 -280.8472675
-0.0351159 0.0872256 0.9955695 -6.0945746
0.0000000 0.0000000 0.0000000 1.0000000
-0.5113359 0.8545168 -0.0913057 -62.0265329
-0.8586664 -0.5123506 0.0137429 -282.9994839
-0.0350370 0.0854283 0.9957281 -6.1794755
0.0000000 0.0000000 0.0000000 1.0000000
-0.5145297 0.8524765 -0.0924285 -63.3270081
-0.8567248 -0.5155862 0.0139062 -285.1423981
-0.0358001 0.0863409 0.9956222 -6.2648244
0.0000000 0.0000000 0.0000000 1.0000000
-0.5167437 0.8509751 -0.0939014 -64.6421920
-0.8553423 -0.5178815 0.0137216 -287.2998711
-0.0369530 0.0874084 0.9954869 -6.3594847
0.0000000 0.0000000 0.0000000 1.0000000
-0.5191017 0.8493935 -0.0952063 -65.9761860
-0.8538851 -0.5202717 0.0140530 -289.4617863
-0.0375966 0.0885902 0.9953584 -6.4623770
0.0000000 0.0000000 0.0000000 1.0000000
-0.5229645 0.8469589 -0.0957541 -67.3050781
-0.8515199 -0.5241152 0.0147319 -291.6396941
-0.0377088 0.0892408 0.9952960 -6.5700076
0.0000000 0.0000000 0.0000000 1.0000000
-0.5255963 0.8453064 -0.0959466 -68.6678286
-0.8498491 -0.5268424 0.0139080 -293.8103509
-0.0387922 0.0888502 0.9952893 -6.6724112
0.0000000 0.0000000 0.0000000 1.0000000
-0.5286111 0.8433292 -0.0967800 -70.0393167
-0.8479694 -0.5298439 0.0146027 -296.0016715
-0.0389633 0.0897856 0.9951987 -6.7779798
0.0000000 0.0000000 0.0000000 1.0000000
-0.5302979 0.8422259 -0.0971585 -71.4313920
-0.8469191 -0.5315060 0.0151434 -298.1918141
-0.0388862 0.0903159 0.9951537 -6.8732561
0.0000000 0.0000000 0.0000000 1.0000000
-0.5326190 0.8407700 -0.0970715 -72.8105756
-0.8454749 -0.5337833 0.0157306 -300.3866991
-0.0385893 0.0904500 0.9951531 -6.9777158
0.0000000 0.0000000 0.0000000 1.0000000
-0.5361487 0.8386684 -0.0958121 -74.2167611
-0.8433070 -0.5371596 0.0171087 -302.5915645
-0.0371178 0.0899718 0.9952524 -7.0963255
0.0000000 0.0000000 0.0000000 1.0000000
-0.5394866 0.8366372 -0.0948285 -75.6254885
-0.8411512 -0.5405558 0.0162482 -304.7814418
-0.0376663 0.0885308 0.9953610 -7.2155558
0.0000000 0.0000000 0.0000000 1.0000000
-0.5431273 0.8343557 -0.0941461 -77.0485672
-0.8387040 -0.5444161 0.0136641 -306.9703373
-0.0398539 0.0863820 0.9954646 -7.3214491
0.0000000 0.0000000 0.0000000 1.0000000
-0.5478756 0.8314546 -0.0922806 -78.4987018
-0.8355635 -0.5492655 0.0118726 -309.1981860
-0.0408150 0.0836110 0.9956623 -7.4280027
0.0000000 0.0000000 0.0000000 1.0000000
-0.5517726 0.8289046 -0.0920016 -79.9547964
-0.8329654 -0.5532069 0.0114329 -311.3962111
-0.0414192 0.0829425 0.9956932 -7.5617529
0.0000000 0.0000000 0.0000000 1.0000000
-0.5565008 0.8257330 -0.0920426 -81.4591041
-0.8297936 -0.5579510 0.0115411 -313.6139469
-0.0418254 0.0827990 0.9956882 -7.6709622
0.0000000 0.0000000 0.0000000 1.0000000
-0.5598512 0.8232921 -0.0935777 -82.9592007
-0.8275153 -0.5613043 0.0124833 -315.8164666
-0.0422482 0.0844258 0.9955337 -7.7844034
0.0000000 0.0000000 0.0000000 1.0000000
-0.5643438 0.8201939 -0.0937985 -84.4701645
-0.8244759 -0.5657331 0.0136154 -318.0164585
-0.0418976 0.0850183 0.9954981 -7.8888427
0.0000000 0.0000000 0.0000000 1.0000000
-0.5677763 0.8176718 -0.0950943 -85.9573658
-0.8220411 -0.5692750 0.0132023 -320.2417953
-0.0433396 0.0856674 0.9953807 -8.0001310
0.0000000 0.0000000 0.0000000 1.0000000
-0.5708821 0.8154013 -0.0959917 -87.4856406
-0.8197403 -0.5726306 0.0109538 -322.4503825
-0.0460360 0.0849416 0.9953219 -8.1135786
0.0000000 0.0000000 0.0000000 1.0000000
-0.5748208 0.8125739 -0.0964619 -89.0121017
-0.8168224 -0.5768277 0.0084117 -324.6508401
-0.0488068 0.0836275 0.9953011 -8.2296057
0.0000000 0.0000000 0.0000000 1.0000000
-0.5790926 0.8095633 -0.0962240 -90.5627046
-0.8137663 -0.5811356 0.0081066 -326.8185812
-0.0493564 0.0829983 0.9953267 -8.3448812
0.0000000 0.0000000 0.0000000 1.0000000
-0.5844800 0.8056114 -0.0968169 -92.1394829
-0.8098317 -0.5866111 0.0077458 -329.0202968
-0.0505537 0.0829327 0.9952721 -8.4833436
0.0000000 0.0000000 0.0000000 1.0000000
-0.5896855 0.8015632 -0.0988310 -93.7263932
-0.8059405 -0.5919452 0.0077915 -331.2138050
-0.0522572 0.0842464 0.9950737 -8.6175954
0.0000000 0.0000000 0.0000000 1.0000000
-0.5938184 0.7981877 -0.1013711 -95.3422325
-0.8027925 -0.5962019 0.0082075 -333.4214589
-0.0538865 0.0862538 0.9948148 -8.7603129
0.0000000 0.0000000 0.0000000 1.0000000
-0.5984683 0.7948308 -0.1003978 -96.9601036
-0.7993095 -0.6008703 0.0076818 -335.6122508
-0.0542203 0.0848462 0.9949177 -8.9007113
0.0000000 0.0000000 0.0000000 1.0000000
-0.6038305 0.7906258 -0.1014874 -98.5741830
-0.7951653 -0.6063474 0.0074024 -337.8000488
-0.0556841 0.0851691 0.9948093 -9.0413081
0.0000000 0.0000000 0.0000000 1.0000000
-0.6082288 0.7870741 -0.1028208 -100.2137790
-0.7917616 -0.6107746 0.0082418 -339.9634177
-0.0563134 0.0864225 0.9946657 -9.1937623
0.0000000 0.0000000 0.0000000 1.0000000
-0.6125222 0.7839962 -0.1008292 -101.8751974
-0.7886235 -0.6147865 0.0105050 -342.1200442
-0.0537526 0.0859508 0.9948483 -9.3448911
0.0000000 0.0000000 0.0000000 1.0000000
-0.6147493 0.7827472 -0.0969033 -103.5535841
-0.7870342 -0.6168205 0.0104672 -344.2584493
-0.0515787 0.0827010 0.9952388 -9.4840786
0.0000000 0.0000000 0.0000000 1.0000000
-0.6166772 0.7814793 -0.0948651 -105.2087119
-0.7854585 -0.6188645 0.0078496 -346.3620087
-0.0525744 0.0793533 0.9954592 -9.6144979
0.0000000 0.0000000 0.0000000 1.0000000
-0.6202062 0.7790223 -0.0920249 -106.8939375
-0.7827126 -0.6223466 0.0067519 -348.5094086
-0.0520114 0.0762166 0.9957338 -9.7536362
0.0000000 0.0000000 0.0000000 1.0000000
-0.6231445 0.7766031 -0.0926210 -108.5613360
-0.7803062 -0.6253660 0.0062885 -350.6051019
-0.0530384 0.0761914 0.9956816 -9.8899986
0.0000000 0.0000000 0.0000000 1.0000000
-0.6262611 0.7741242 -0.0923518 -110.2516233
-0.7778142 -0.6284596 0.0065957 -352.7400662
-0.0529334 0.0759632 0.9957046 -10.0369043
0.0000000 0.0000000 0.0000000 1.0000000
-0.6295339 0.7717556 -0.0898907 -111.9393879
-0.7752554 -0.6316126 0.0066641 -354.8066151
-0.0516330 0.0738835 0.9959293 -10.1705081
0.0000000 0.0000000 0.0000000 1.0000000
-0.6330893 0.7687497 -0.0906746 -113.6349246
-0.7722369 -0.6353107 0.0055149 -356.9063608
-0.0533670 0.0735137 0.9958653 -10.3259179
0.0000000 0.0000000 0.0000000 1.0000000
-0.6364799 0.7660431 -0.0898411 -115.3739528
-0.7693304 -0.6388434 0.0031370 -359.0251234
-0.0549914 0.0711141 0.9959512 -10.4796510
0.0000000 0.0000000 0.0000000 1.0000000
-0.6392837 0.7638219 -0.0888407 -117.1080648
-0.7669878 -0.6416572 0.0023751 -361.1201152
-0.0551911 0.0696581 0.9960430 -10.6208421
0.0000000 0.0000000 0.0000000 1.0000000
-0.6422929 0.7612451 -0.0892511 -118.8139241
-0.7644641 -0.6446593 0.0029827 -363.1536854
-0.0552660 0.0701450 0.9960047 -10.7399128
0.0000000 0.0000000 0.0000000 1.0000000
-0.6447543 0.7591150 -0.0896463 -120.5585035
-0.7623240 -0.6471909 0.0024468 -365.2121190
-0.0561609 0.0699171 0.9959707 -10.8710315
0.0000000 0.0000000 0.0000000 1.0000000
-0.6482259 0.7561192 -0.0899284 -122.3295156
-0.7592914 -0.6507487 0.0016552 -367.2989747
-0.0572692 0.0693548 0.9959469 -11.0187875
0.0000000 0.0000000 0.0000000 1.0000000
-0.6508521 0.7540782 -0.0880775 -124.1039714
-0.7569800 -0.6534377 -0.0006926 -369.3812346
-0.0580755 0.0662221 0.9961134 -11.1501966
0.0000000 0.0000000 0.0000000 1.0000000
-0.6539923 0.7522813 -0.0797935 -125.8591197
-0.7544126 -0.6563810 -0.0050512 -371.4327688
-0.0561748 0.0568938 0.9967986 -11.2944862
0.0000000 0.0000000 0.0000000 1.0000000
-0.6592000 0.7488424 -0.0684874 -127.6237066
-0.7504091 -0.6609605 -0.0041682 -373.4670471
-0.0483888 0.0486459 0.9976433 -11.4325730
0.0000000 0.0000000 0.0000000 1.0000000
-0.6631565 0.7448796 -0.0733343 -129.3956537
-0.7471398 -0.6646457 0.0053124 -375.4914203
-0.0447842 0.0583139 0.9972933 -11.5449716
0.0000000 0.0000000 0.0000000 1.0000000
-0.6640538 0.7431775 -0.0819741 -131.1985382
-0.7461337 -0.6657397 0.0086639 -377.4928799
-0.0481346 0.0669169 0.9965968 -11.6640559
0.0000000 0.0000000 0.0000000 1.0000000
-0.6657347 0.7409375 -0.0883686 -133.0107009
-0.7438303 -0.6683684 -0.0002879 -379.5303536
-0.0592761 0.0655396 0.9960878 -11.8116618
0.0000000 0.0000000 0.0000000 1.0000000
-0.6680743 0.7386090 -0.0901864 -134.8233608
-0.7409217 -0.6715023 -0.0109426 -381.5650791
-0.0686426 0.0595106 0.9958648 -11.9763215
0.0000000 0.0000000 0.0000000 1.0000000
-0.6708696 0.7362448 -0.0887564 -136.6359445
-0.7379645 -0.6746007 -0.0179508 -383.5900038
-0.0730913 0.0534564 0.9958916 -12.1623561
0.0000000 0.0000000 0.0000000 1.0000000
-0.6736115 0.7338005 -0.0882299 -138.4344496
-0.7353638 -0.6773918 -0.0195043 -385.5556674
-0.0740784 0.0517428 0.9959092 -12.3434691
0.0000000 0.0000000 0.0000000 1.0000000
-0.6762975 0.7310171 -0.0907511 -140.2651552
-0.7331468 -0.6799374 -0.0134478 -387.5566837
-0.0715357 0.0574392 0.9957828 -12.5112629
0.0000000 0.0000000 0.0000000 1.0000000
-0.6792530 0.7281181 -0.0919753 -142.0910079
-0.7307179 -0.6826373 -0.0075904 -389.5294749
-0.0683125 0.0620522 0.9957324 -12.6695084
0.0000000 0.0000000 0.0000000 1.0000000
-0.6820271 0.7256471 -0.0909694 -143.9089412
-0.7283826 -0.6851562 -0.0044505 -391.4769859
-0.0655577 0.0632252 0.9958437 -12.8218718
0.0000000 0.0000000 0.0000000 1.0000000
-0.6851577 0.7226886 -0.0909960 -145.7445705
-0.7253715 -0.6883390 -0.0050642 -393.4364495
-0.0662959 0.0625362 0.9958384 -12.9832615
0.0000000 0.0000000 0.0000000 1.0000000
-0.6875385 0.7201909 -0.0928222 -147.6238249
-0.7228851 -0.6909384 -0.0064232 -395.4517176
-0.0687603 0.0626836 0.9956620 -13.1587783
0.0000000 0.0000000 0.0000000 1.0000000
-0.6898379 0.7177863 -0.0943743 -149.4913888
-0.7204171 -0.6934885 -0.0085350 -397.4131036
-0.0715738 0.0621011 0.9955002 -13.3328935
0.0000000 0.0000000 0.0000000 1.0000000
-0.6913659 0.7163053 -0.0944453 -151.3413515
-0.7189244 -0.6950344 -0.0086499 -399.3385362
-0.0718387 0.0619187 0.9954925 -13.5044281
0.0000000 0.0000000 0.0000000 1.0000000
-0.6932302 0.7144505 -0.0948285 -153.2164588
-0.7170951 -0.6969235 -0.0084923 -401.2737245
-0.0721556 0.0621139 0.9954574 -13.6843537
0.0000000 0.0000000 0.0000000 1.0000000
-0.6945410 0.7130443 -0.0958152 -155.0724885
-0.7157531 -0.6983033 -0.0083627 -403.1865772
-0.0728710 0.0627718 0.9953640 -13.8563471
0.0000000 0.0000000 0.0000000 1.0000000
-0.6962077 0.7110654 -0.0983917 -156.9389834
-0.7139112 -0.7001835 -0.0085958 -405.1149967
-0.0750044 0.0642585 0.9951106 -14.0380448
0.0000000 0.0000000 0.0000000 1.0000000
-0.6969655 0.7099309 -0.1011796 -158.7831106
-0.7128408 -0.7012540 -0.0100448 -406.9971527
-0.0780837 0.0651241 0.9948175 -14.2279372
0.0000000 0.0000000 0.0000000 1.0000000
-0.6982935 0.7082548 -0.1037378 -160.6489807
-0.7113092 -0.7028046 -0.0102380 -408.8987680
-0.0801585 0.0666406 0.9945520 -14.4222746
0.0000000 0.0000000 0.0000000 1.0000000
-0.7000653 0.7066283 -0.1028837 -162.5360367
