0.9999976 -0.0013206 0.0017251 0.0113566
0.0013201 0.9999991 0.0002580 -0.0085594
-0.0017254 -0.0002558 0.9999985 -0.0618895
0.0000000 0.0000000 0.0000000 1.0000000
0.9999967 0.0006511 0.0024910 1.4668211
-0.0006395 0.9999888 -0.0046883 -0.0126943
-0.0024940 0.0046867 0.9999859 0.0267870
0.0000000 0.0000000 0.0000000 1.0000000
0.9999946 -0.0003126 0.0032740 2.9864279
0.0003343 0.9999780 -0.0066201 -0.0174031
-0.0032718 0.0066211 0.9999727 0.0415320
0.0000000 0.0000000 0.0000000 1.0000000
0.9999934 -0.0016305 0.0032573 4.5038621
0.0016498 0.9999811 -0.0059174 -0.0019165
-0.0032476 0.0059227 0.9999772 0.0491476
0.0000000 0.0000000 0.0000000 1.0000000
0.9999881 -0.0031354 0.0037431 5.9964845
0.0031591 0.9999749 -0.0063433 -0.0072316
-0.0037231 0.0063550 0.9999729 0.0649263
0.0000000 0.0000000 0.0000000 1.0000000
0.9999849 -0.0036763 0.0040955 7.4960736
0.0037073 0.9999644 -0.0075796 0.0018017
-0.0040675 0.0075946 0.9999629 0.0833439
0.0000000 0.0000000 0.0000000 1.0000000
0.9999781 -0.0049154 0.0044266 9.0048189
0.0049529 0.9999515 -0.0085120 0.0141362
-0.0043846 0.0085337 0.9999540 0.1064754
0.0000000 0.0000000 0.0000000 1.0000000
0.9999673 -0.0066869 0.0045485 10.4890372
0.0067325 0.9999263 -0.0100993 0.0143565
-0.0044806 0.0101296 0.9999387 0.1250241
0.0000000 0.0000000 0.0000000 1.0000000
0.9999585 -0.0078203 0.0046688 11.9892352
0.0078741 0.9999014 -0.0116234 0.0274240
-0.0045774 0.0116597 0.9999215 0.1412933
0.0000000 0.0000000 0.0000000 1.0000000
0.9999462 -0.0089063 0.0053152 13.4754769
0.0089740 0.9998771 -0.0128518 0.0280848
-0.0052000 0.0128988 0.9999033 0.1455358
0.0000000 0.0000000 0.0000000 1.0000000
0.9999396 -0.0095536 0.0054370 14.9609620
0.0096264 0.9998622 -0.0135260 0.0457372
-0.0053070 0.0135775 0.9998937 0.1549447
0.0000000 0.0000000 0.0000000 1.0000000
0.9999355 -0.0097390 0.0058372 16.4464550
0.0098130 0.9998701 -0.0127881 0.0728577
-0.0057119 0.0128446 0.9999012 0.1593034
0.0000000 0.0000000 0.0000000 1.0000000
0.9999230 -0.0101572 0.0071345 17.9341754
0.0102422 0.9998759 -0.0119719 0.0922426
-0.0070120 0.0120440 0.9999029 0.1701002
0.0000000 0.0000000 0.0000000 1.0000000
0.9999161 -0.0103408 0.0077982 19.4119929
0.0104343 0.9998730 -0.0120447 0.1047457
-0.0076726 0.0121251 0.9998971 0.1680319
0.0000000 0.0000000 0.0000000 1.0000000
0.9999168 -0.0104394 0.0075700 20.8779779
0.0105311 0.9998705 -0.0121688 0.1239165
-0.0074419 0.0122475 0.9998973 0.1648911
0.0000000 0.0000000 0.0000000 1.0000000
0.9999098 -0.0112738 0.0072935 22.3322004
0.0113587 0.9998670 -0.0117014 0.1323185
-0.0071606 0.0117832 0.9999049 0.1623017
0.0000000 0.0000000 0.0000000 1.0000000
0.9999082 -0.0106233 0.0084126 23.7805018
0.0107135 0.9998847 -0.0107597 0.1574447
-0.0082973 0.0108489 0.9999067 0.1495125
0.0000000 0.0000000 0.0000000 1.0000000
0.9998900 -0.0110654 0.0098799 25.2281422
0.0111640 0.9998879 -0.0099809 0.1600167
-0.0097683 0.0100901 0.9999014 0.1527252
0.0000000 0.0000000 0.0000000 1.0000000
0.9999049 -0.0113030 0.0078970 26.6536203
0.0113801 0.9998873 -0.0097947 0.1792127
-0.0077854 0.0098836 0.9999209 0.1588270
0.0000000 0.0000000 0.0000000 1.0000000
0.9999124 -0.0119324 0.0057246 28.0973793
0.0119885 0.9998794 -0.0098697 0.1927252
-0.0056062 0.0099374 0.9999349 0.1593576
0.0000000 0.0000000 0.0000000 1.0000000
0.9999020 -0.0126735 0.0059533 29.5302948
0.0127420 0.9998513 -0.0116224 0.2135355
-0.0058051 0.0116971 0.9999147 0.1666694
0.0000000 0.0000000 0.0000000 1.0000000
0.9998753 -0.0132047 0.0086641 30.9435364
0.0133183 0.9998243 -0.0131886 0.2258936
-0.0084884 0.0133023 0.9998755 0.1722699
0.0000000 0.0000000 0.0000000 1.0000000
0.9998679 -0.0126053 0.0102587 32.3526281
0.0127614 0.9998015 -0.0153015 0.2390081
-0.0100638 0.0154304 0.9998303 0.1798959
0.0000000 0.0000000 0.0000000 1.0000000
0.9998807 -0.0123836 0.0092296 33.7484728
0.0125348 0.9997851 -0.0165113 0.2709554
-0.0090231 0.0166250 0.9998211 0.1850172
0.0000000 0.0000000 0.0000000 1.0000000
0.9998890 -0.0128212 0.0075875 35.1202671
0.0129410 0.9997889 -0.0159564 0.2836700
-0.0073813 0.0160528 0.9998439 0.1829208
0.0000000 0.0000000 0.0000000 1.0000000
0.9998870 -0.0131491 0.0072811 36.4987435
0.0132540 0.9998064 -0.0145408 0.3055473
-0.0070885 0.0146357 0.9998678 0.1785234
0.0000000 0.0000000 0.0000000 1.0000000
0.9999092 -0.0118285 0.0064581 37.8548676
0.0119224 0.9998208 -0.0147015 0.3246158
-0.0062830 0.0147772 0.9998711 0.1915033
0.0000000 0.0000000 0.0000000 1.0000000
0.9999120 -0.0106328 0.0079323 39.1973306
0.0107476 0.9998361 -0.0145715 0.3433029
-0.0077761 0.0146554 0.9998624 0.2052468
0.0000000 0.0000000 0.0000000 1.0000000
0.9999150 -0.0086833 0.0097270 40.5243444
0.0088163 0.9998671 -0.0137143 0.3639427
-0.0096067 0.0137989 0.9998586 0.2076651
0.0000000 0.0000000 0.0000000 1.0000000
0.9999209 -0.0062123 0.0109379 41.8273695
0.0063747 0.9998691 -0.0148702 0.3938658
-0.0108441 0.0149387 0.9998296 0.2108316
0.0000000 0.0000000 0.0000000 1.0000000
0.9999199 -0.0049465 0.0116493 43.1126218
0.0051103 0.9998879 -0.0140722 0.4233862
-0.0115784 0.0141306 0.9998331 0.2096796
0.0000000 0.0000000 0.0000000 1.0000000
0.9999361 -0.0004912 0.0112907 44.3868761
0.0006524 0.9998979 -0.0142756 0.4338390
-0.0112826 0.0142820 0.9998344 0.2135571
0.0000000 0.0000000 0.0000000 1.0000000
0.9999498 0.0027596 0.0096364 45.6363853
-0.0026174 0.9998879 -0.0147410 0.4493412
-0.0096760 0.0147150 0.9998449 0.2139374
0.0000000 0.0000000 0.0000000 1.0000000
0.9999471 0.0070152 0.0075280 46.8606796
-0.0069014 0.9998631 -0.0150404 0.4449162
-0.0076324 0.0149876 0.9998585 0.2014081
0.0000000 0.0000000 0.0000000 1.0000000
0.9998943 0.0122242 0.0078670 48.0817528
-0.0121091 0.9998214 -0.0145072 0.4427141
-0.0080430 0.0144104 0.9998638 0.2020624
0.0000000 0.0000000 0.0000000 1.0000000
0.9997893 0.0190907 0.0075381 49.2787464
-0.0189820 0.9997185 -0.0142353 0.4146049
-0.0078077 0.0140893 0.9998703 0.2135315
0.0000000 0.0000000 0.0000000 1.0000000
0.9996443 0.0257554 0.0069227 50.4762918
-0.0256649 0.9995878 -0.0128657 0.3947761
-0.0072512 0.0126835 0.9998933 0.2117581
0.0000000 0.0000000 0.0000000 1.0000000
0.9994139 0.0336211 0.0064419 51.6619994
-0.0335467 0.9993730 -0.0113252 0.3672242
-0.0068186 0.0111024 0.9999151 0.2047447
0.0000000 0.0000000 0.0000000 1.0000000
0.9990635 0.0424666 0.0082878 52.8279792
-0.0423829 0.9990512 -0.0100218 0.3322671
-0.0087055 0.0096612 0.9999154 0.2077695
0.0000000 0.0000000 0.0000000 1.0000000
0.9985587 0.0528947 0.0090938 53.9935019
-0.0528263 0.9985748 -0.0076051 0.2832647
-0.0094831 0.0071137 0.9999297 0.2041500
0.0000000 0.0000000 0.0000000 1.0000000
0.9977878 0.0658045 0.0094467 55.1443387
-0.0657582 0.9978224 -0.0051315 0.2223494
-0.0097638 0.0044990 0.9999422 0.1969031
0.0000000 0.0000000 0.0000000 1.0000000
0.9966048 0.0816499 0.0105910 56.2834785
-0.0816204 0.9966584 -0.0031866 0.1614209
-0.0108158 0.0023113 0.9999388 0.1932213
0.0000000 0.0000000 0.0000000 1.0000000
0.9950916 0.0981563 0.0125752 57.4118651
-0.0981543 0.9951709 -0.0007775 0.0886853
-0.0125908 -0.0004606 0.9999206 0.1918732
0.0000000 0.0000000 0.0000000 1.0000000
0.9931114 0.1163495 0.0138757 58.5280814
-0.1163606 0.9932070 -0.0000062 -0.0169049
-0.0137821 -0.0016085 0.9999037 0.1844830
0.0000000 0.0000000 0.0000000 1.0000000
0.9905616 0.1363572 0.0139410 59.6167275
-0.1363597 0.9906591 -0.0007771 -0.1517542
-0.0139167 -0.0011312 0.9999025 0.1810395
0.0000000 0.0000000 0.0000000 1.0000000
0.9877197 0.1556934 0.0130164 60.6973169
-0.1556854 0.9878053 -0.0016280 -0.2981139
-0.0131112 -0.0004185 0.9999140 0.1719568
0.0000000 0.0000000 0.0000000 1.0000000
0.9841477 0.1769222 0.0123249 61.7645818
-0.1768855 0.9842232 -0.0040146 -0.4676216
-0.0128407 0.0017708 0.9999160 0.1555304
0.0000000 0.0000000 0.0000000 1.0000000
0.9796172 0.2003721 0.0141851 62.8102261
-0.2002593 0.9797018 -0.0089831 -0.6580398
-0.0156971 0.0059593 0.9998590 0.1562163
0.0000000 0.0000000 0.0000000 1.0000000
0.9744804 0.2240134 0.0143533 63.8267471
-0.2238189 0.9745304 -0.0139866 -0.8994542
-0.0171209 0.0104172 0.9997992 0.1505866
0.0000000 0.0000000 0.0000000 1.0000000
0.9688327 0.2473938 0.0126341 64.8087228
-0.2471337 0.9687922 -0.0191495 -1.1546502
-0.0169773 0.0154303 0.9997368 0.1425673
0.0000000 0.0000000 0.0000000 1.0000000
0.9621298 0.2724160 0.0097830 65.7854614
-0.2721193 0.9619558 -0.0243338 -1.4382779
-0.0160398 0.0207502 0.9996560 0.1320439
0.0000000 0.0000000 0.0000000 1.0000000
0.9541607 0.2991413 0.0095804 66.7402136
-0.2987946 0.9539281 -0.0272572 -1.7380465
-0.0172928 0.0231452 0.9995825 0.1166625
0.0000000 0.0000000 0.0000000 1.0000000
0.9453369 0.3259078 0.0110538 67.6756620
-0.3254883 0.9451025 -0.0289582 -2.0723594
-0.0198847 0.0237774 0.9995195 0.0969601
0.0000000 0.0000000 0.0000000 1.0000000
0.9354019 0.3533639 0.0125401 68.5983841
-0.3528289 0.9351311 -0.0322731 -2.4322892
-0.0231307 0.0257638 0.9994004 0.0790680
0.0000000 0.0000000 0.0000000 1.0000000
0.9238813 0.3825216 0.0109859 69.4952733
-0.3819428 0.9235034 -0.0355127 -2.7904656
-0.0237299 0.0286135 0.9993088 0.0714669
0.0000000 0.0000000 0.0000000 1.0000000
0.9109430 0.4124935 0.0056499 70.3810319
-0.4120603 0.9104706 -0.0353499 -3.1817443
-0.0197257 0.0298737 0.9993590 0.0509166
0.0000000 0.0000000 0.0000000 1.0000000
0.8980444 0.4399048 -0.0003854 71.2258205
-0.4396569 0.8975083 -0.0343606 -3.6037596
-0.0147695 0.0310268 0.9994094 0.0180059
0.0000000 0.0000000 0.0000000 1.0000000
0.8839829 0.4675010 -0.0041263 72.0474244
-0.4673394 0.8833639 -0.0355257 -4.0653482
-0.0129632 0.0333326 0.9993602 0.0001829
0.0000000 0.0000000 0.0000000 1.0000000
0.8675195 0.4974004 -0.0016615 72.8873928
-0.4971303 0.8669282 -0.0360136 -4.5287357
-0.0164728 0.0320685 0.9993499 -0.0232958
0.0000000 0.0000000 0.0000000 1.0000000
0.8487254 0.5288155 0.0044025 73.7165554
-0.5283570 0.8482844 -0.0353897 -5.0253275
-0.0224491 0.0277100 0.9993639 -0.0415411
0.0000000 0.0000000 0.0000000 1.0000000
0.8277880 0.5609716 0.0088323 74.5071412
-0.5604213 0.8275108 -0.0339680 -5.5443382
-0.0263639 0.0231685 0.9993839 -0.0678230
0.0000000 0.0000000 0.0000000 1.0000000
0.8050717 0.5931485 0.0058658 75.2712442
-0.5927706 0.8048463 -0.0290751 -6.0659602
-0.0219669 0.0199305 0.9995600 -0.0868680
0.0000000 0.0000000 0.0000000 1.0000000
0.7811007 0.6244025 0.0018151 76.0002967
-0.6242243 0.7809412 -0.0217904 -6.6531391
-0.0150235 0.0158875 0.9997609 -0.1076059
0.0000000 0.0000000 0.0000000 1.0000000
0.7564195 0.6540855 0.0013225 76.6874480
-0.6539546 0.7563058 -0.0185698 -7.2489339
-0.0131465 0.0131817 0.9998267 -0.1309671
0.0000000 0.0000000 0.0000000 1.0000000
0.7308412 0.6825314 0.0047005 77.3455216
-0.6823496 0.7307777 -0.0190506 -7.8631047
-0.0164376 0.0107156 0.9998075 -0.1531023
0.0000000 0.0000000 0.0000000 1.0000000
0.7067190 0.7074839 0.0038612 77.9750789
-0.7072846 0.7066319 -0.0204898 -8.5235247
-0.0172247 0.0117496 0.9997826 -0.1619197
0.0000000 0.0000000 0.0000000 1.0000000
0.6797744 0.7334213 0.0001808 78.5859820
-0.7332719 0.6796409 -0.0200106 -9.1997619
-0.0147991 0.0134701 0.9997998 -0.1602697
0.0000000 0.0000000 0.0000000 1.0000000
0.6523018 0.7579588 -0.0009123 79.1764516
-0.7578551 0.6521918 -0.0173623 -9.8831329
-0.0125649 0.0120168 0.9998488 -0.1807713
0.0000000 0.0000000 0.0000000 1.0000000
0.6256645 0.7800922 -0.0004667 79.7444030
-0.7800084 0.6255884 -0.0150317 -10.6033989
-0.0114342 0.0097688 0.9998869 -0.2003809
0.0000000 0.0000000 0.0000000 1.0000000
0.5972555 0.8020496 -0.0015242 80.2689402
-0.8019803 0.5971766 -0.0144119 -11.3371349
-0.0106488 0.0098299 0.9998950 -0.2016929
0.0000000 0.0000000 0.0000000 1.0000000
0.5686193 0.8225946 -0.0032072 80.7788331
-0.8225881 0.5685847 -0.0077589 -12.0695742
-0.0045589 0.0070500 0.9999648 -0.2123908
0.0000000 0.0000000 0.0000000 1.0000000
0.5379371 0.8429546 -0.0071678 81.2777123
-0.8429685 0.5379603 0.0016755 -12.8418816
0.0052683 0.0051409 0.9999729 -0.2261811
0.0000000 0.0000000 0.0000000 1.0000000
0.5067973 0.8620134 -0.0094622 81.7518277
-0.8619561 0.5068772 0.0103482 -13.6147657
0.0137164 0.0029116 0.9999017 -0.2325593
0.0000000 0.0000000 0.0000000 1.0000000
0.4748565 0.8800268 -0.0080162 82.1995316
-0.8798765 0.4749237 0.0162720 -14.4296851
0.0181268 -0.0006736 0.9998355 -0.2418293
0.0000000 0.0000000 0.0000000 1.0000000
0.4410151 0.8974869 -0.0048035 82.6262089
-0.8973473 0.4410325 0.0160655 -15.2679754
0.0165371 -0.0027747 0.9998594 -0.2279709
0.0000000 0.0000000 0.0000000 1.0000000
0.4088701 0.9125919 0.0011591 83.0135432
-0.9125013 0.4088109 0.0146594 -16.1040783
0.0129042 -0.0070515 0.9998919 -0.2216508
0.0000000 0.0000000 0.0000000 1.0000000
0.3735484 0.9275803 0.0075184 83.3934666
-0.9275295 0.3733962 0.0162551 -16.9686899
0.0122705 -0.0130456 0.9998396 -0.2112049
0.0000000 0.0000000 0.0000000 1.0000000
0.3371574 0.9413401 0.0142752 83.7421122
-0.9413501 0.3368645 0.0195507 -17.8363200
0.0135950 -0.0200296 0.9997070 -0.1958450
0.0000000 0.0000000 0.0000000 1.0000000
0.3009977 0.9534074 0.0203673 84.0408326
-0.9535070 0.3005562 0.0221407 -18.7403367
0.0149876 -0.0260847 0.9995474 -0.1949703
0.0000000 0.0000000 0.0000000 1.0000000
0.2635128 0.9643431 0.0245657 84.3049651
-0.9645546 0.2630307 0.0211931 -19.6544645
0.0139759 -0.0292796 0.9994735 -0.1748183
0.0000000 0.0000000 0.0000000 1.0000000
0.2256765 0.9738106 0.0276248 84.5238362
-0.9740925 0.2251347 0.0214023 -20.5753956
0.0146225 -0.0317391 0.9993892 -0.1572316
0.0000000 0.0000000 0.0000000 1.0000000
0.1878411 0.9818103 0.0276468 84.7290295
-0.9820893 0.1873244 0.0202476 -21.5147959
0.0147004 -0.0309550 0.9994127 -0.1277269
0.0000000 0.0000000 0.0000000 1.0000000
0.1509524 0.9881796 0.0267325 84.8803236
-0.9884336 0.1504822 0.0188175 -22.4699900
0.0145723 -0.0292639 0.9994655 -0.0930505
0.0000000 0.0000000 0.0000000 1.0000000
0.1161291 0.9930219 0.0205351 84.9906754
-0.9931205 0.1157784 0.0175197 -23.4121419
0.0150199 -0.0224284 0.9996356 -0.0545492
0.0000000 0.0000000 0.0000000 1.0000000
0.0802139 0.9966092 0.0183282 85.0718404
-0.9965849 0.0798232 0.0211359 -24.3893614
0.0196012 -0.0199610 0.9996086 -0.0240384
0.0000000 0.0000000 0.0000000 1.0000000
0.0487603 0.9986633 0.0171520 85.1225399
-0.9984921 0.0483041 0.0260784 -25.3518791
0.0252151 -0.0183977 0.9995127 -0.0033166
0.0000000 0.0000000 0.0000000 1.0000000
0.0198652 0.9997458 0.0106671 85.1488646
-0.9993722 0.0195425 0.0295504 -26.3380898
0.0293344 -0.0112474 0.9995064 0.0438623
0.0000000 0.0000000 0.0000000 1.0000000
-0.0061094 0.9999410 0.0089903 85.1343423
-0.9995829 -0.0063605 0.0281691 -27.3056620
0.0282247 -0.0088145 0.9995627 0.0831339
0.0000000 0.0000000 0.0000000 1.0000000
-0.0295048 0.9995250 0.0089090 85.0941717
-0.9992501 -0.0297179 0.0248196 -28.2834423
0.0250726 -0.0081700 0.9996522 0.1195031
0.0000000 0.0000000 0.0000000 1.0000000
-0.0507264 0.9986762 0.0085347 85.0497924
-0.9984675 -0.0509014 0.0217145 -29.2502671
0.0221202 -0.0074201 0.9997278 0.1562479
0.0000000 0.0000000 0.0000000 1.0000000
-0.0675773 0.9976856 0.0075401 84.9836627
-0.9974111 -0.0677410 0.0241275 -30.2277385
0.0245824 -0.0058902 0.9996805 0.1846836
0.0000000 0.0000000 0.0000000 1.0000000
-0.0830983 0.9965306 0.0046371 84.8960453
-0.9961291 -0.0831968 0.0283707 -31.2046839
0.0286580 -0.0022616 0.9995867 0.2246244
0.0000000 0.0000000 0.0000000 1.0000000
-0.0949322 0.9954827 0.0014537 84.7984386
-0.9949322 -0.0949281 0.0331432 -32.1916769
0.0331314 0.0017000 0.9994496 0.2676780
0.0000000 0.0000000 0.0000000 1.0000000
-0.1050931 0.9944562 -0.0035344 84.6779246
-0.9937977 -0.1048922 0.0369271 -33.1701144
0.0363517 0.0073932 0.9993117 0.3251888
0.0000000 0.0000000 0.0000000 1.0000000
-0.1088191 0.9940375 -0.0069280 84.5651145
-0.9932276 -0.1084398 0.0417094 -34.1764620
0.0407094 0.0114199 0.9991058 0.3800473
0.0000000 0.0000000 0.0000000 1.0000000
-0.1146711 0.9933549 -0.0098378 84.4468203
-0.9923535 -0.1140891 0.0470956 -35.1562735
0.0456603 0.0151630 0.9988419 0.4210091
0.0000000 0.0000000 0.0000000 1.0000000
-0.1166457 0.9931113 -0.0111293 84.3467022
-0.9919752 -0.1159474 0.0504112 -36.1504708
0.0487735 0.0169202 0.9986665 0.4843353
0.0000000 0.0000000 0.0000000 1.0000000
-0.1204247 0.9926626 -0.0109063 84.2130457
-0.9913763 -0.1196822 0.0533764 -37.1603588
0.0516794 0.0172401 0.9985149 0.5379446
0.0000000 0.0000000 0.0000000 1.0000000
-0.1238755 0.9922289 -0.0116936 84.0784927
-0.9908058 -0.1230347 0.0562682 -38.1390439
0.0543922 0.0185563 0.9983472 0.6002826
0.0000000 0.0000000 0.0000000 1.0000000
-0.1261480 0.9919325 -0.0125187 83.9393784
-0.9902786 -0.1251721 0.0606631 -39.1217025
0.0586067 0.0200495 0.9980798 0.6551724
0.0000000 0.0000000 0.0000000 1.0000000
-0.1282711 0.9916323 -0.0145610 83.7994754
-0.9899668 -0.1271507 0.0616308 -40.1359217
0.0592637 0.0223203 0.9979928 0.7207182
0.0000000 0.0000000 0.0000000 1.0000000
-0.1308040 0.9913071 -0.0141647 83.6714264
-0.9896836 -0.1297208 0.0608169 -41.1260704
0.0584507 0.0219736 0.9980484 0.7765804
0.0000000 0.0000000 0.0000000 1.0000000
-0.1324345 0.9910917 -0.0140916 83.5408425
-0.9894827 -0.1313583 0.0605719 -42.1489353
0.0581813 0.0219652 0.9980644 0.8415939
0.0000000 0.0000000 0.0000000 1.0000000
-0.1362087 0.9905824 -0.0139206 83.3937587
-0.9888672 -0.1350963 0.0623742 -43.1500045
0.0599061 0.0222616 0.9979557 0.8995861
0.0000000 0.0000000 0.0000000 1.0000000
-0.1368314 0.9905134 -0.0126694 83.2422116
-0.9886112 -0.1357374 0.0649852 -44.1593362
0.0626490 0.0214171 0.9978058 0.9527023
0.0000000 0.0000000 0.0000000 1.0000000
-0.1397207 0.9901350 -0.0105283 83.1033674
-0.9880382 -0.1387083 0.0673821 -45.1795225
0.0652570 0.0198171 0.9976717 1.0221337
0.0000000 0.0000000 0.0000000 1.0000000
-0.1428197 0.9897205 -0.0074827 82.9543151
-0.9872916 -0.1419287 0.0714945 -46.1992448
0.0696976 0.0175985 0.9974129 1.0797135
0.0000000 0.0000000 0.0000000 1.0000000
-0.1456639 0.9893289 -0.0032319 82.7971793
-0.9864855 -0.1449960 0.0763043 -47.2339931
0.0750214 0.0143030 0.9970793 1.1403801
0.0000000 0.0000000 0.0000000 1.0000000
-0.1485491 0.9889050 0.0003252 82.6365572
-0.9858887 -0.1481217 0.0779952 -48.2767495
0.0771780 0.0112655 0.9969537 1.2055476
0.0000000 0.0000000 0.0000000 1.0000000
-0.1519265 0.9883890 0.0023750 82.4715441
-0.9854346 -0.1516572 0.0769331 -49.3220814
0.0764000 0.0093478 0.9970334 1.2868178
0.0000000 0.0000000 0.0000000 1.0000000
-0.1531792 0.9881832 0.0055040 82.2826511
-0.9853687 -0.1531594 0.0747704 -50.3794216
0.0747298 0.0060298 0.9971856 1.3629955
0.0000000 0.0000000 0.0000000 1.0000000
-0.1560279 0.9877369 0.0055961 82.0837549
-0.9850238 -0.1560152 0.0733976 -51.4272849
0.0733706 0.0059398 0.9972871 1.4474521
0.0000000 0.0000000 0.0000000 1.0000000
-0.1582159 0.9873856 0.0061261 81.9074939
-0.9846616 -0.1582355 0.0735041 -52.4935305
0.0735462 0.0055974 0.9972761 1.5367213
0.0000000 0.0000000 0.0000000 1.0000000
-0.1591451 0.9872417 0.0051803 81.7339598
-0.9843121 -0.1590734 0.0763231 -53.5602854
0.0761734 0.0070474 0.9970697 1.6333473
0.0000000 0.0000000 0.0000000 1.0000000
-0.1587887 0.9872967 0.0056143 81.5331075
-0.9842020 -0.1587369 0.0784148 -54.6163139
0.0783099 0.0069258 0.9969050 1.7301234
0.0000000 0.0000000 0.0000000 1.0000000
-0.1588487 0.9872839 0.0061388 81.3578143
-0.9841287 -0.1588331 0.0791368 -55.6703221
0.0791055 0.0065294 0.9968449 1.8228878
0.0000000 0.0000000 0.0000000 1.0000000
-0.1576650 0.9874493 0.0092594 81.1698410
-0.9843644 -0.1579044 0.0780570 -56.7424457
0.0785394 0.0031923 0.9969059 1.9115792
0.0000000 0.0000000 0.0000000 1.0000000
-0.1571987 0.9874808 0.0130512 80.9892635
-0.9844188 -0.1577383 0.0777047 -57.8114425
0.0787906 -0.0006328 0.9968910 1.9925736
0.0000000 0.0000000 0.0000000 1.0000000
-0.1573255 0.9874079 0.0165668 80.8320517
-0.9843830 -0.1581411 0.0773391 -58.8865945
0.0789851 -0.0041407 0.9968672 2.0785357
0.0000000 0.0000000 0.0000000 1.0000000
-0.1583721 0.9871586 0.0208903 80.6739092
-0.9841683 -0.1595266 0.0772259 -59.9761484
0.0795668 -0.0083292 0.9967947 2.1579387
0.0000000 0.0000000 0.0000000 1.0000000
-0.1580896 0.9871266 0.0242654 80.4842366
-0.9842783 -0.1594985 0.0758700 -61.0535623
0.0787636 -0.0118897 0.9968224 2.2403567
0.0000000 0.0000000 0.0000000 1.0000000
-0.1587530 0.9870468 0.0231549 80.2968336
-0.9844803 -0.1600300 0.0720336 -62.1569564
0.0748060 -0.0113599 0.9971334 2.3159504
0.0000000 0.0000000 0.0000000 1.0000000
-0.1606394 0.9868309 0.0189681 80.1048605
-0.9848314 -0.1615318 0.0633599 -63.2407598
0.0655895 -0.0085022 0.9978105 2.3975094
0.0000000 0.0000000 0.0000000 1.0000000
-0.1612703 0.9868257 0.0129223 79.9280572
-0.9851375 -0.1617513 0.0577977 -64.3417031
0.0591264 -0.0034092 0.9982447 2.4567434
0.0000000 0.0000000 0.0000000 1.0000000
-0.1615308 0.9868565 0.0047123 79.7234884
-0.9850096 -0.1615177 0.0605635 -65.4321554
0.0605286 0.0051412 0.9981532 2.5230331
0.0000000 0.0000000 0.0000000 1.0000000
-0.1612042 0.9869197 -0.0016905 79.5293124
-0.9846705 -0.1607208 0.0677700 -66.5237681
0.0666118 0.0125894 0.9976995 2.5941805
0.0000000 0.0000000 0.0000000 1.0000000
-0.1616449 0.9868398 -0.0042816 79.3347192
-0.9841480 -0.1608802 0.0746334 -67.6162874
0.0729624 0.0162779 0.9972018 2.6676519
0.0000000 0.0000000 0.0000000 1.0000000
-0.1607579 0.9869770 -0.0057896 79.1629389
-0.9840397 -0.1598205 0.0782509 -68.7027577
0.0763065 0.0182766 0.9969169 2.7422919
0.0000000 0.0000000 0.0000000 1.0000000
-0.1600457 0.9871020 -0.0039021 79.0015037
-0.9842307 -0.1592760 0.0769480 -69.8301169
0.0753340 0.0161558 0.9970275 2.8136596
0.0000000 0.0000000 0.0000000 1.0000000
-0.1602075 0.9870738 -0.0043666 78.8032440
-0.9845751 -0.1594836 0.0719497 -70.9547398
0.0703233 0.0158261 0.9973987 2.8922190
0.0000000 0.0000000 0.0000000 1.0000000
-0.1604687 0.9870366 -0.0029417 78.6370083
-0.9846110 -0.1598640 0.0706018 -72.0868688
0.0692162 0.0142258 0.9975002 2.9532133
0.0000000 0.0000000 0.0000000 1.0000000
-0.1609213 0.9869659 -0.0016830 78.4699759
-0.9844311 -0.1603854 0.0719160 -73.2085569
0.0707087 0.0132296 0.9974093 3.0226469
0.0000000 0.0000000 0.0000000 1.0000000
-0.1599621 0.9871230 -0.0006518 78.2736357
-0.9843101 -0.1594564 0.0755458 -74.3467287
0.0744690 0.0127260 0.9971421 3.0878955
0.0000000 0.0000000 0.0000000 1.0000000
-0.1601658 0.9870894 -0.0012787 78.0933829
-0.9840311 -0.1595674 0.0788732 -75.4752036
0.0776508 0.0138911 0.9968838 3.1672621
0.0000000 0.0000000 0.0000000 1.0000000
-0.1598190 0.9871427 -0.0026914 77.9391361
-0.9841950 -0.1591299 0.0777025 -76.6136051
0.0762752 0.0150672 0.9969730 3.2359422
0.0000000 0.0000000 0.0000000 1.0000000
-0.1610693 0.9869248 -0.0060262 77.7523884
-0.9844828 -0.1602339 0.0715440 -77.7798638
0.0696429 0.0174563 0.9974192 3.3059369
0.0000000 0.0000000 0.0000000 1.0000000
-0.1612182 0.9868984 -0.0063544 77.5349856
-0.9845632 -0.1603855 0.0700828 -78.9250247
0.0681454 0.0175549 0.9975209 3.3886628
0.0000000 0.0000000 0.0000000 1.0000000
-0.1591255 0.9872492 -0.0042741 77.3338215
-0.9846370 -0.1583862 0.0735090 -80.0781572
0.0718948 0.0159056 0.9972854 3.4624904
0.0000000 0.0000000 0.0000000 1.0000000
-0.1595533 0.9871838 -0.0033076 77.1287133
-0.9842850 -0.1588262 0.0771829 -81.2516776
0.0756684 0.0155704 0.9970115 3.5379478
0.0000000 0.0000000 0.0000000 1.0000000
-0.1583365 0.9873819 -0.0025783 76.9447955
-0.9845054 -0.1576749 0.0767309 -82.4268382
0.0753562 0.0146876 0.9970485 3.6019320
0.0000000 0.0000000 0.0000000 1.0000000
-0.1576064 0.9874992 -0.0023909 76.7469458
-0.9848269 -0.1570010 0.0739355 -83.5905605
0.0726358 0.0140074 0.9972602 3.6820123
0.0000000 0.0000000 0.0000000 1.0000000
-0.1546029 0.9879635 -0.0051135 76.5468955
-0.9854401 -0.1538333 0.0724086 -84.7662251
0.0707505 0.0162336 0.9973619 3.7680581
0.0000000 0.0000000 0.0000000 1.0000000
-0.1526982 0.9882416 -0.0078624 76.3372711
-0.9857612 -0.1517385 0.0724584 -85.9379958
0.0704133 0.0188147 0.9973404 3.8373355
0.0000000 0.0000000 0.0000000 1.0000000
-0.1517460 0.9883630 -0.0105787 76.1392107
-0.9859732 -0.1506093 0.0719277 -87.1165322
0.0694974 0.0213450 0.9973537 3.9225797
0.0000000 0.0000000 0.0000000 1.0000000
-0.1509947 0.9884897 -0.0094271 75.9524485
-0.9861700 -0.1499675 0.0705570 -88.2839881
0.0683311 0.0199505 0.9974632 3.9921021
0.0000000 0.0000000 0.0000000 1.0000000
-0.1494595 0.9887124 -0.0104792 75.7675535
-0.9863932 -0.1483581 0.0708398 -89.4812564
0.0684855 0.0209243 0.9974327 4.0580527
0.0000000 0.0000000 0.0000000 1.0000000
-0.1481057 0.9889033 -0.0116249 75.5937007
-0.9867521 -0.1469761 0.0686892 -90.6899768
0.0662184 0.0216441 0.9975704 4.1416781
0.0000000 0.0000000 0.0000000 1.0000000
-0.1477126 0.9889627 -0.0115711 75.4280988
-0.9868568 -0.1466027 0.0679790 -91.8820849
0.0655323 0.0214604 0.9976196 4.2151797
0.0000000 0.0000000 0.0000000 1.0000000
-0.1464584 0.9891328 -0.0128965 75.2397766
-0.9870642 -0.1452677 0.0678334 -93.0903347
0.0652228 0.0226644 0.9976133 4.2872900
0.0000000 0.0000000 0.0000000 1.0000000
-0.1434236 0.9895939 -0.0115635 75.0723459
-0.9874360 -0.1423082 0.0686909 -94.2947390
0.0663305 0.0212701 0.9975710 4.3644521
0.0000000 0.0000000 0.0000000 1.0000000
-0.1409425 0.9899495 -0.0116338 74.8938719
-0.9876073 -0.1397701 0.0713868 -95.4761701
0.0690433 0.0215511 0.9973809 4.4374804
0.0000000 0.0000000 0.0000000 1.0000000
-0.1407930 0.9899872 -0.0101401 74.7178621
-0.9877234 -0.1397562 0.0697900 -96.6786961
0.0676740 0.0198415 0.9975102 4.5143191
0.0000000 0.0000000 0.0000000 1.0000000
-0.1390853 0.9902549 -0.0071193 74.5387319
-0.9879382 -0.1382586 0.0697324 -97.9063330
0.0680685 0.0167322 0.9975403 4.5880965
0.0000000 0.0000000 0.0000000 1.0000000
-0.1396849 0.9901820 -0.0052824 74.3744322
-0.9878344 -0.1389816 0.0697650 -99.1243349
0.0683459 0.0149632 0.9975495 4.6745995
0.0000000 0.0000000 0.0000000 1.0000000
-0.1393132 0.9902454 -0.0024609 74.1951224
-0.9879705 -0.1388238 0.0681326 -100.3642748
0.0671264 0.0119231 0.9976732 4.7476070
0.0000000 0.0000000 0.0000000 1.0000000
-0.1411350 0.9899904 -0.0000890 74.0090889
-0.9879048 -0.1408319 0.0648873 -101.6159365
0.0642253 0.0092458 0.9978926 4.8345933
0.0000000 0.0000000 0.0000000 1.0000000
-0.1426160 0.9897780 0.0004804 73.8472045
-0.9878796 -0.1423725 0.0618368 -102.8610590
0.0612731 0.0083443 0.9980862 4.9138157
0.0000000 0.0000000 0.0000000 1.0000000
-0.1439382 0.9895849 0.0019377 73.6628473
-0.9876185 -0.1437750 0.0627559 -104.0986576
0.0623809 0.0071192 0.9980270 4.9785791
0.0000000 0.0000000 0.0000000 1.0000000
-0.1465554 0.9891996 0.0023905 73.4957978
-0.9872342 -0.1464158 0.0626966 -105.3500643
0.0623695 0.0068286 0.9980298 5.0581116
0.0000000 0.0000000 0.0000000 1.0000000
-0.1493783 0.9887777 0.0022127 73.2959832
-0.9869314 -0.1492354 0.0607870 -106.5940982
0.0604351 0.0068964 0.9981483 5.1364228
0.0000000 0.0000000 0.0000000 1.0000000
-0.1514341 0.9884635 0.0027745 73.1238872
-0.9868934 -0.1513507 0.0559842 -107.8428653
0.0557583 0.0057398 0.9984278 5.2011696
0.0000000 0.0000000 0.0000000 1.0000000
-0.1576866 0.9874753 0.0052587 72.9277683
-0.9860035 -0.1577391 0.0539931 -109.0793801
0.0541463 0.0033289 0.9985275 5.2799852
0.0000000 0.0000000 0.0000000 1.0000000
-0.1614534 0.9868232 0.0106255 72.7408926
-0.9849923 -0.1618008 0.0600872 -110.3063960
0.0610146 -0.0007648 0.9981366 5.3398572
0.0000000 0.0000000 0.0000000 1.0000000
-0.1701974 0.9853426 0.0115320 72.5330668
-0.9832760 -0.1705869 0.0637825 -111.5270381
0.0648148 -0.0004835 0.9978972 5.4138327
0.0000000 0.0000000 0.0000000 1.0000000
-0.1797670 0.9836584 0.0100060 72.3005917
-0.9818535 -0.1800431 0.0595660 -112.7527298
0.0603941 0.0008836 0.9981742 5.4913668
0.0000000 0.0000000 0.0000000 1.0000000
-0.1913037 0.9814870 0.0092938 72.0655641
-0.9799388 -0.1915239 0.0551223 -113.9856174
0.0558818 0.0014378 0.9984364 5.5596027
0.0000000 0.0000000 0.0000000 1.0000000
-0.2049602 0.9787348 0.0083448 71.8156699
-0.9771198 -0.2051021 0.0563017 -115.1890386
0.0568160 0.0033857 0.9983789 5.6298709
0.0000000 0.0000000 0.0000000 1.0000000
-0.2191508 0.9756593 0.0078740 71.5330005
-0.9740205 -0.2192405 0.0567225 -116.3960661
0.0570682 0.0047613 0.9983589 5.6910842
0.0000000 0.0000000 0.0000000 1.0000000
-0.2341997 0.9721616 0.0072405 71.2518593
-0.9706953 -0.2342461 0.0536587 -117.6041688
0.0538610 0.0055386 0.9985331 5.7564673
0.0000000 0.0000000 0.0000000 1.0000000
-0.2492385 0.9684320 0.0044397 70.9493595
-0.9670164 -0.2491176 0.0531001 -118.7688845
0.0525298 0.0089413 0.9985793 5.8299838
0.0000000 0.0000000 0.0000000 1.0000000
-0.2642118 0.9644483 0.0056355 70.6343654
-0.9627612 -0.2640878 0.0578648 -119.9255852
0.0572959 0.0098629 0.9983085 5.8952812
0.0000000 0.0000000 0.0000000 1.0000000
-0.2793083 0.9601731 0.0073906 70.3028039
-0.9582396 -0.2792212 0.0617436 -121.0959569
0.0613481 0.0101635 0.9980647 5.9635719
0.0000000 0.0000000 0.0000000 1.0000000
-0.2952693 0.9553576 0.0103906 69.9699568
-0.9534956 -0.2953479 0.0601298 -122.2673746
0.0605144 0.0078471 0.9981365 6.0390252
0.0000000 0.0000000 0.0000000 1.0000000
-0.3104569 0.9504510 0.0161109 69.6039774
-0.9488982 -0.3108707 0.0543284 -123.4161090
0.0566448 0.0015790 0.9983931 6.0970130
0.0000000 0.0000000 0.0000000 1.0000000
-0.3257219 0.9452537 0.0200201 69.2210930
-0.9439562 -0.3263251 0.0495840 -124.5655180
0.0534025 -0.0027475 0.9985693 6.1758825
0.0000000 0.0000000 0.0000000 1.0000000
-0.3410673 0.9397458 0.0234739 68.8198369
-0.9384346 -0.3418374 0.0498755 -125.6934821
0.0548946 -0.0050178 0.9984795 6.2479174
0.0000000 0.0000000 0.0000000 1.0000000
-0.3556910 0.9342472 0.0258091 68.4157231
-0.9328660 -0.3565775 0.0511216 -126.8332549
0.0569631 -0.0058930 0.9983589 6.3171717
0.0000000 0.0000000 0.0000000 1.0000000
-0.3699097 0.9286966 0.0262590 67.9629608
-0.9272350 -0.3708070 0.0523192 -127.9489840
0.0583257 -0.0049949 0.9982851 6.3917284
0.0000000 0.0000000 0.0000000 1.0000000
-0.3846354 0.9227358 0.0247840 67.4974188
-0.9212273 -0.3854248 0.0527997 -129.0675377
0.0582726 -0.0025230 0.9982975 6.4639794
0.0000000 0.0000000 0.0000000 1.0000000
-0.4000037 0.9161487 0.0258601 67.0170259
-0.9148032 -0.4008212 0.0497733 -130.1711686
0.0559650 -0.0037474 0.9984257 6.5316425
0.0000000 0.0000000 0.0000000 1.0000000
-0.4141967 0.9098062 0.0263415 66.5298884
-0.9085848 -0.4150108 0.0473245 -131.2514475
0.0539881 -0.0043318 0.9985322 6.5941745
0.0000000 0.0000000 0.0000000 1.0000000
-0.4281249 0.9032192 0.0300713 66.0322238
-0.9019686 -0.4291292 0.0479659 -132.3163210
0.0562282 -0.0065880 0.9983962 6.6537012
0.0000000 0.0000000 0.0000000 1.0000000
-0.4428958 0.8960304 0.0311909 65.5023202
-0.8946285 -0.4439577 0.0504108 -133.3925299
0.0590170 -0.0055775 0.9982414 6.7254077
0.0000000 0.0000000 0.0000000 1.0000000
-0.4565720 0.8891022 0.0322397 64.9684297
-0.8876383 -0.4576791 0.0512637 -134.4505072
0.0603341 -0.0052116 0.9981646 6.7967500
0.0000000 0.0000000 0.0000000 1.0000000
-0.4717589 0.8811439 0.0320794 64.4079721
-0.8795612 -0.4728371 0.0528883 -135.4849280
0.0617705 -0.0032652 0.9980850 6.8691438
0.0000000 0.0000000 0.0000000 1.0000000
-0.4875318 0.8723950 0.0352096 63.8406115
-0.8706376 -0.4887882 0.0554626 -136.5167175
0.0655953 -0.0036150 0.9978398 6.9417232
0.0000000 0.0000000 0.0000000 1.0000000
-0.5023385 0.8638512 0.0376451 63.2419573
-0.8619713 -0.5037330 0.0570831 -137.5627802
0.0682744 -0.0037740 0.9976594 7.0132236
0.0000000 0.0000000 0.0000000 1.0000000
-0.5172401 0.8549770 0.0384338 62.6242374
-0.8532788 -0.5186436 0.0540738 -138.5903501
0.0661653 -0.0048257 0.9977970 7.0948981
0.0000000 0.0000000 0.0000000 1.0000000
-0.5333371 0.8449091 0.0409913 61.9788902
-0.8434837 -0.5348493 0.0497138 -139.6323139
0.0639278 -0.0080612 0.9979220 7.1615793
0.0000000 0.0000000 0.0000000 1.0000000
-0.5496323 0.8343054 0.0428820 61.3260745
-0.8329086 -0.5512330 0.0490453 -140.6723362
0.0645567 -0.0087599 0.9978756 7.2482698
0.0000000 0.0000000 0.0000000 1.0000000
-0.5653552 0.8235765 0.0457748 60.6465656
-0.8222462 -0.5671077 0.0479591 -141.6646802
0.0654572 -0.0105242 0.9977999 7.3253004
0.0000000 0.0000000 0.0000000 1.0000000
-0.5810577 0.8124696 0.0475937 59.9389579
-0.8112041 -0.5828913 0.0467509 -142.6694674
0.0657257 -0.0114432 0.9977721 7.4072774
0.0000000 0.0000000 0.0000000 1.0000000
-0.5969647 0.8006878 0.0503219 59.2157519
-0.7994876 -0.5989419 0.0456948 -143.6486753
0.0667272 -0.0129536 0.9976872 7.4854404
0.0000000 0.0000000 0.0000000 1.0000000
-0.6120143 0.7891472 0.0518201 58.4771012
-0.7879825 -0.6140589 0.0448910 -144.6179362
0.0672462 -0.0133595 0.9976470 7.5548339
0.0000000 0.0000000 0.0000000 1.0000000
-0.6267213 0.7775124 0.0519120 57.7046935
-0.7765515 -0.6287014 0.0412578 -145.5911859
0.0647156 -0.0144553 0.9977990 7.6332775
0.0000000 0.0000000 0.0000000 1.0000000
-0.6407719 0.7660378 0.0509667 56.9091991
-0.7652614 -0.6426222 0.0375718 -146.5448328
0.0615337 -0.0149279 0.9979934 7.7156529
0.0000000 0.0000000 0.0000000 1.0000000
-0.6550666 0.7539222 0.0498912 56.1063912
-0.7532320 -0.6568052 0.0353334 -147.4809604
0.0594075 -0.0144339 0.9981295 7.7942669
0.0000000 0.0000000 0.0000000 1.0000000
-0.6691121 0.7413887 0.0513017 55.2826015
-0.7407366 -0.6709099 0.0344832 -148.4279684
0.0599842 -0.0149280 0.9980877 7.8724622
0.0000000 0.0000000 0.0000000 1.0000000
-0.6831661 0.7281094 0.0560431 54.4402948
-0.7274699 -0.6852518 0.0348917 -149.3383949
0.0638086 -0.0169328 0.9978185 7.9456720
0.0000000 0.0000000 0.0000000 1.0000000
-0.6966853 0.7148224 0.0604868 53.5809215
-0.7142299 -0.6990481 0.0347465 -150.2458614
0.0671208 -0.0189941 0.9975640 8.0364159
0.0000000 0.0000000 0.0000000 1.0000000
-0.7118591 0.6995731 0.0620821 52.6931741
-0.6992491 -0.7142301 0.0304318 -151.1469676
0.0656302 -0.0217477 0.9976070 8.1181778
0.0000000 0.0000000 0.0000000 1.0000000
-0.7286402 0.6821163 0.0616520 51.7698903
-0.6821953 -0.7308069 0.0230381 -152.0344319
0.0607703 -0.0252722 0.9978318 8.2011989
0.0000000 0.0000000 0.0000000 1.0000000
-0.7442591 0.6649622 0.0624800 50.8334795
-0.6652491 -0.7463766 0.0191184 -152.8900352
0.0593466 -0.0273357 0.9978631 8.2746024
0.0000000 0.0000000 0.0000000 1.0000000
-0.7606747 0.6459337 0.0643710 49.8810270
-0.6463450 -0.7628554 0.0170212 -153.7308186
0.0601003 -0.0286583 0.9977809 8.3437518
0.0000000 0.0000000 0.0000000 1.0000000
-0.7770363 0.6258030 0.0677141 48.8985335
-0.6266079 -0.7792534 0.0112519 -154.5702222
0.0598079 -0.0336871 0.9976413 8.4296057
0.0000000 0.0000000 0.0000000 1.0000000
-0.7921447 0.6065527 0.0678276 47.8859380
-0.6074013 -0.7943361 0.0096855 -155.3679400
0.0597526 -0.0335263 0.9976500 8.5153428
0.0000000 0.0000000 0.0000000 1.0000000
-0.8075655 0.5856623 0.0695533 46.8569955
-0.5864784 -0.8099008 0.0101862 -156.1356029
0.0622970 -0.0325655 0.9975262 8.6025808
0.0000000 0.0000000 0.0000000 1.0000000
-0.8216288 0.5660435 0.0672379 45.8243347
-0.5666375 -0.8238838 0.0117241 -156.8672870
0.0620325 -0.0284667 0.9976681 8.6676705
0.0000000 0.0000000 0.0000000 1.0000000
-0.8355228 0.5456515 0.0645461 44.7445580
-0.5461387 -0.8376172 0.0113975 -157.5844123
0.0602840 -0.0257283 0.9978496 8.7526202
0.0000000 0.0000000 0.0000000 1.0000000
-0.8484632 0.5250736 0.0663925 43.6686533
-0.5254343 -0.8507299 0.0133167 -158.2807549
0.0634743 -0.0235862 0.9977047 8.8301260
0.0000000 0.0000000 0.0000000 1.0000000
-0.8611538 0.5034556 0.0703320 42.5771094
-0.5037798 -0.8637129 0.0143480 -158.9331056
0.0679703 -0.0230760 0.9974204 8.9134931
0.0000000 0.0000000 0.0000000 1.0000000
-0.8733061 0.4821392 0.0698445 41.4666007
-0.4823516 -0.8758508 0.0149096 -159.5633442
0.0683619 -0.0206690 0.9974465 8.9876100
0.0000000 0.0000000 0.0000000 1.0000000
-0.8839935 0.4627412 0.0665291 40.3397889
-0.4629798 -0.8862776 0.0127163 -160.1744098
0.0648476 -0.0195605 0.9977034 9.0839040
0.0000000 0.0000000 0.0000000 1.0000000
-0.8941109 0.4427698 0.0672356 39.1958645
-0.4429148 -0.8964613 0.0135499 -160.7287325
0.0662736 -0.0176645 0.9976451 9.1683389
0.0000000 0.0000000 0.0000000 1.0000000
-0.9029756 0.4240669 0.0692988 38.0480988
-0.4239801 -0.9055178 0.0166870 -161.2717490
0.0698277 -0.0143133 0.9974564 9.2620614
0.0000000 0.0000000 0.0000000 1.0000000
-0.9108069 0.4064048 0.0725668 36.8905716
-0.4064964 -0.9135425 0.0141703 -161.8014916
0.0720517 -0.0165917 0.9972629 9.3426510
0.0000000 0.0000000 0.0000000 1.0000000
-0.9178660 0.3901019 0.0730927 35.7219715
-0.3903479 -0.9205959 0.0114796 -162.3134960
0.0717671 -0.0179948 0.9972591 9.4277053
0.0000000 0.0000000 0.0000000 1.0000000
-0.9245609 0.3740183 0.0727832 34.5496972
-0.3744270 -0.9272178 0.0084608 -162.7958121
0.0706504 -0.0194295 0.9973119 9.5241871
0.0000000 0.0000000 0.0000000 1.0000000
-0.9302362 0.3594948 0.0736488 33.3571455
-0.3599466 -0.9329427 0.0075038 -163.2578744
0.0714077 -0.0195293 0.9972560 9.6191304
0.0000000 0.0000000 0.0000000 1.0000000
-0.9357290 0.3450232 0.0732824 32.1562190
-0.3456622 -0.9383497 0.0041793 -163.7280062
0.0702065 -0.0214202 0.9973025 9.7055651
0.0000000 0.0000000 0.0000000 1.0000000
-0.9411250 0.3306971 0.0701660 30.9534984
-0.3315561 -0.9434353 -0.0006336 -164.1779139
0.0659875 -0.0238603 0.9975351 9.7896584
0.0000000 0.0000000 0.0000000 1.0000000
-0.9458070 0.3176692 0.0673455 29.7359554
-0.3186944 -0.9478454 -0.0047842 -164.6186131
0.0623133 -0.0259876 0.9977182 9.8668379
0.0000000 0.0000000 0.0000000 1.0000000
-0.9496473 0.3066517 0.0643016 28.5153650
-0.3075344 -0.9515283 -0.0040666 -165.0244371
0.0599378 -0.0236367 0.9979222 9.9364455
0.0000000 0.0000000 0.0000000 1.0000000
-0.9524755 0.2979905 0.0631827 27.2941035
-0.2986358 -0.9543668 -0.0008082 -165.4101183
0.0600586 -0.0196384 0.9980016 10.0215205
0.0000000 0.0000000 0.0000000 1.0000000
-0.9542832 0.2918370 0.0646116 26.0617341
-0.2921033 -0.9563710 0.0054967 -165.7839922
0.0633968 -0.0136279 0.9978953 10.0989580
0.0000000 0.0000000 0.0000000 1.0000000
-0.9557230 0.2867409 0.0661299 24.8362923
-0.2867909 -0.9579515 0.0089400 -166.1510108
0.0659127 -0.0104213 0.9977710 10.1826050
0.0000000 0.0000000 0.0000000 1.0000000
-0.9570351 0.2822167 0.0666158 23.6064559
-0.2824099 -0.9592705 0.0066930 -166.5161393
0.0657914 -0.0124076 0.9977563 10.2636001
0.0000000 0.0000000 0.0000000 1.0000000
-0.9585451 0.2775166 0.0646204 22.3690104
-0.2781037 -0.9605510 -0.0000956 -166.8870296
0.0620446 -0.0180628 0.9979099 10.3365035
0.0000000 0.0000000 0.0000000 1.0000000
-0.9601078 0.2722702 0.0637337 21.1263314
-0.2732204 -0.9619293 -0.0065331 -167.2513950
0.0595285 -0.0236858 0.9979456 10.4084242
0.0000000 0.0000000 0.0000000 1.0000000
-0.9613547 0.2668016 0.0679270 19.8785498
-0.2682697 -0.9632516 -0.0133274 -167.5895703
0.0618750 -0.0310351 0.9976013 10.4814973
0.0000000 0.0000000 0.0000000 1.0000000
-0.9621281 0.2629357 0.0719321 18.6407314
-0.2647154 -0.9641893 -0.0162700 -167.9312046
0.0650782 -0.0346954 0.9972768 10.5601626
0.0000000 0.0000000 0.0000000 1.0000000
-0.9625913 0.2604902 0.0745843 17.4089659
-0.2623576 -0.9648335 -0.0162706 -168.2605858
0.0677231 -0.0352297 0.9970820 10.6453169
0.0000000 0.0000000 0.0000000 1.0000000
-0.9625801 0.2598705 0.0768556 16.1586826
-0.2617685 -0.9650051 -0.0155721 -168.5858022
0.0701193 -0.0351078 0.9969206 10.7341789
0.0000000 0.0000000 0.0000000 1.0000000
-0.9623320 0.2603667 0.0782704 14.9323084
-0.2621641 -0.9649294 -0.0134594 -168.8956996
0.0720210 -0.0334721 0.9968413 10.8440490
0.0000000 0.0000000 0.0000000 1.0000000
-0.9619651 0.2610155 0.0805852 13.7043027
-0.2627843 -0.9647800 -0.0119985 -169.2310739
0.0746152 -0.0327187 0.9966755 10.9328342
0.0000000 0.0000000 0.0000000 1.0000000
-0.9612260 0.2630829 0.0826556 12.4466176
-0.2648184 -0.9642401 -0.0105892 -169.5523182
0.0769140 -0.0320673 0.9965219 11.0362016
0.0000000 0.0000000 0.0000000 1.0000000
-0.9608086 0.2646043 0.0826521 11.2265554
-0.2662166 -0.9638718 -0.0089366 -169.8862310
0.0773014 -0.0305898 0.9965384 11.1375935
0.0000000 0.0000000 0.0000000 1.0000000
-0.9602502 0.2668701 0.0818530 9.9990963
-0.2684602 -0.9632499 -0.0088748 -170.2239421
0.0764765 -0.0304963 0.9966049 11.2546213
0.0000000 0.0000000 0.0000000 1.0000000
-0.9592225 0.2700241 0.0835409 8.7735042
-0.2718026 -0.9622959 -0.0104864 -170.5639469
0.0775595 -0.0327654 0.9964492 11.3646483
0.0000000 0.0000000 0.0000000 1.0000000
-0.9582824 0.2740061 0.0813362 7.5542684
-0.2758982 -0.9611017 -0.0127958 -170.9332073
0.0746662 -0.0347025 0.9966046 11.4748653
0.0000000 0.0000000 0.0000000 1.0000000
