0.9999998 -0.0001914 -0.0005830 0.0071234
0.0001910 0.9999997 -0.0007624 -0.0041261
0.0005832 0.0007623 0.9999995 -0.0038179
0.0000000 0.0000000 0.0000000 1.0000000
0.9999849 0.0012644 -0.0053488 0.9503214
-0.0012658 0.9999992 -0.0002623 -0.0046374
0.0053485 0.0002691 0.9999857 0.0164443
0.0000000 0.0000000 0.0000000 1.0000000
0.9999778 0.0020050 -0.0063470 1.9010853
-0.0020213 0.9999947 -0.0025534 -0.0150269
0.0063419 0.0025661 0.9999766 0.0337288
0.0000000 0.0000000 0.0000000 1.0000000
0.9999937 0.0027355 -0.0022474 2.8645641
-0.0027440 0.9999890 -0.0038088 -0.0142792
0.0022370 0.0038150 0.9999902 0.0485374
0.0000000 0.0000000 0.0000000 1.0000000
0.9999908 0.0025182 0.0034793 3.8171897
-0.0024932 0.9999713 -0.0071600 -0.0245552
-0.0034972 0.0071512 0.9999683 0.0700540
0.0000000 0.0000000 0.0000000 1.0000000
0.9999948 0.0011374 0.0030268 4.7571351
-0.0011054 0.9999439 -0.0105348 -0.0311791
-0.0030386 0.0105314 0.9999399 0.0832141
0.0000000 0.0000000 0.0000000 1.0000000
0.9999982 0.0010969 -0.0015329 5.7004991
-0.0011179 0.9999050 -0.0137394 -0.0424913
0.0015177 0.0137410 0.9999044 0.0854168
0.0000000 0.0000000 0.0000000 1.0000000
0.9999846 -0.0001045 -0.0055441 6.6291106
0.0000286 0.9999062 -0.0136961 -0.0483288
0.0055450 0.0136957 0.9998908 0.1028377
0.0000000 0.0000000 0.0000000 1.0000000
0.9999752 -0.0004172 -0.0070339 7.5625012
0.0003188 0.9999022 -0.0139797 -0.0459350
0.0070390 0.0139772 0.9998775 0.1170573
0.0000000 0.0000000 0.0000000 1.0000000
0.9999784 -0.0014678 -0.0064127 8.4897383
0.0013888 0.9999233 -0.0123054 -0.0504628
0.0064303 0.0122962 0.9999037 0.1288700
0.0000000 0.0000000 0.0000000 1.0000000
0.9999923 -0.0020597 -0.0033428 9.4014380
0.0020279 0.9999528 -0.0094986 -0.0466104
0.0033622 0.0094917 0.9999493 0.1428515
0.0000000 0.0000000 0.0000000 1.0000000
0.9999929 -0.0031316 -0.0020973 10.3093616
0.0031100 0.9999427 -0.0102395 -0.0367595
0.0021293 0.0102329 0.9999454 0.1569323
0.0000000 0.0000000 0.0000000 1.0000000
0.9999899 -0.0037292 -0.0025141 11.2233849
0.0037006 0.9999296 -0.0112734 -0.0339178
0.0025560 0.0112640 0.9999333 0.1858378
0.0000000 0.0000000 0.0000000 1.0000000
0.9999839 -0.0047608 -0.0030826 12.1197827
0.0047281 0.9999332 -0.0105506 -0.0380980
0.0031326 0.0105359 0.9999396 0.2118766
0.0000000 0.0000000 0.0000000 1.0000000
0.9999789 -0.0051733 -0.0039325 13.0168921
0.0051334 0.9999359 -0.0100890 -0.0350129
0.0039845 0.0100686 0.9999414 0.2319033
0.0000000 0.0000000 0.0000000 1.0000000
0.9999523 -0.0068423 -0.0069758 13.9214000
0.0067597 0.9999077 -0.0117893 -0.0362371
0.0070558 0.0117416 0.9999062 0.2438031
0.0000000 0.0000000 0.0000000 1.0000000
0.9999389 -0.0079169 -0.0077106 14.8204972
0.0078249 0.9998987 -0.0118922 -0.0259500
0.0078040 0.0118311 0.9998996 0.2659156
0.0000000 0.0000000 0.0000000 1.0000000
0.9999225 -0.0091636 -0.0084313 15.7054485
0.0090658 0.9998920 -0.0115687 -0.0212654
0.0085364 0.0114914 0.9998975 0.2817403
0.0000000 0.0000000 0.0000000 1.0000000
0.9999169 -0.0089436 -0.0092837 16.5893451
0.0088498 0.9999099 -0.0100917 -0.0103376
0.0093731 0.0100087 0.9999060 0.2978693
0.0000000 0.0000000 0.0000000 1.0000000
0.9999066 -0.0104999 -0.0087540 17.4769682
0.0104248 0.9999089 -0.0085702 0.0013426
0.0088432 0.0084781 0.9999250 0.3138388
0.0000000 0.0000000 0.0000000 1.0000000
0.9998933 -0.0120867 -0.0082028 18.3693875
0.0120276 0.9999017 -0.0072114 0.0081230
0.0082892 0.0071120 0.9999404 0.3333648
0.0000000 0.0000000 0.0000000 1.0000000
0.9998874 -0.0135957 -0.0063456 19.2549558
0.0135536 0.9998862 -0.0066301 0.0203303
0.0064350 0.0065433 0.9999579 0.3560320
0.0000000 0.0000000 0.0000000 1.0000000
0.9998655 -0.0152568 -0.0060252 20.1483596
0.0152201 0.9998656 -0.0060993 0.0261773
0.0061175 0.0060068 0.9999632 0.3822263
0.0000000 0.0000000 0.0000000 1.0000000
0.9998418 -0.0168409 -0.0057295 21.0296975
0.0168080 0.9998423 -0.0057338 0.0292467
0.0058252 0.0056365 0.9999671 0.4021850
0.0000000 0.0000000 0.0000000 1.0000000
0.9998179 -0.0181874 -0.0057721 21.8892446
0.0181502 0.9998146 -0.0064344 0.0384335
0.0058881 0.0063285 0.9999626 0.4200952
0.0000000 0.0000000 0.0000000 1.0000000
0.9997943 -0.0195841 -0.0052718 22.7547212
0.0195466 0.9997839 -0.0070778 0.0508490
0.0054092 0.0069733 0.9999611 0.4371733
0.0000000 0.0000000 0.0000000 1.0000000
0.9997839 -0.0205829 -0.0029201 23.6007389
0.0205644 0.9997691 -0.0062358 0.0649854
0.0030478 0.0061744 0.9999763 0.4628057
0.0000000 0.0000000 0.0000000 1.0000000
0.9997649 -0.0215227 -0.0026273 24.4485225
0.0215010 0.9997364 -0.0080490 0.0745176
0.0027999 0.0079906 0.9999642 0.4814034
0.0000000 0.0000000 0.0000000 1.0000000
0.9997625 -0.0217917 0.0001085 25.2950178
0.0217919 0.9997295 -0.0081228 0.0885842
0.0000686 0.0081232 0.9999670 0.4857231
0.0000000 0.0000000 0.0000000 1.0000000
0.9997533 -0.0221827 -0.0011467 26.1180710
0.0221735 0.9997261 -0.0074805 0.1034155
0.0013123 0.0074532 0.9999714 0.4948372
0.0000000 0.0000000 0.0000000 1.0000000
0.9997432 -0.0223075 -0.0039891 26.9434074
0.0222837 0.9997341 -0.0059302 0.1242631
0.0041203 0.0058398 0.9999745 0.5115721
0.0000000 0.0000000 0.0000000 1.0000000
0.9997179 -0.0232666 -0.0047775 27.7448827
0.0232427 0.9997173 -0.0050053 0.1387520
0.0048926 0.0048929 0.9999761 0.5360721
0.0000000 0.0000000 0.0000000 1.0000000
0.9996903 -0.0241775 -0.0058979 28.5381775
0.0241454 0.9996936 -0.0054547 0.1559421
0.0060279 0.0053106 0.9999677 0.5541606
0.0000000 0.0000000 0.0000000 1.0000000
0.9996661 -0.0250780 -0.0062238 29.3056598
0.0250407 0.9996685 -0.0059939 0.1638958
0.0063720 0.0058361 0.9999627 0.5754026
0.0000000 0.0000000 0.0000000 1.0000000
0.9996076 -0.0271761 -0.0067899 30.0544070
0.0271368 0.9996148 -0.0058201 0.1787979
0.0069454 0.0056336 0.9999600 0.6022453
0.0000000 0.0000000 0.0000000 1.0000000
0.9995447 -0.0290627 -0.0081133 30.8295853
0.0290163 0.9995622 -0.0057828 0.1957132
0.0082778 0.0055448 0.9999504 0.6272388
0.0000000 0.0000000 0.0000000 1.0000000
0.9995034 -0.0307508 -0.0068791 31.5912808
0.0307132 0.9995130 -0.0055122 0.2131435
0.0070452 0.0052982 0.9999611 0.6431181
0.0000000 0.0000000 0.0000000 1.0000000
0.9994691 -0.0323573 -0.0038054 32.3363875
0.0323379 0.9994642 -0.0050522 0.2181464
0.0039668 0.0049264 0.9999800 0.6474338
0.0000000 0.0000000 0.0000000 1.0000000
0.9994268 -0.0338115 -0.0016825 33.0708737
0.0338047 0.9994209 -0.0038803 0.2446483
0.0018128 0.0038212 0.9999911 0.6591888
0.0000000 0.0000000 0.0000000 1.0000000
0.9993767 -0.0352234 -0.0023479 33.7971795
0.0352173 0.9993763 -0.0026052 0.2754431
0.0024382 0.0025209 0.9999938 0.6622646
0.0000000 0.0000000 0.0000000 1.0000000
0.9993094 -0.0370490 -0.0028475 34.5028786
0.0370507 0.9993132 0.0005640 0.2972625
0.0028247 -0.0006691 0.9999958 0.6773568
0.0000000 0.0000000 0.0000000 1.0000000
0.9992572 -0.0382510 -0.0046781 35.2125150
0.0382604 0.9992659 0.0019458 0.3234234
0.0046002 -0.0021234 0.9999872 0.6961277
0.0000000 0.0000000 0.0000000 1.0000000
0.9992118 -0.0395666 -0.0032090 35.9056631
0.0395802 0.9992073 0.0042666 0.3524879
0.0030376 -0.0043903 0.9999858 0.7002450
0.0000000 0.0000000 0.0000000 1.0000000
0.9991852 -0.0402854 -0.0024510 36.6029044
0.0402993 0.9991701 0.0059180 0.3727736
0.0022106 -0.0060120 0.9999795 0.7123178
0.0000000 0.0000000 0.0000000 1.0000000
0.9991934 -0.0401439 -0.0010515 37.2840062
0.0401522 0.9991477 0.0095758 0.4000802
0.0006662 -0.0096103 0.9999536 0.7188262
0.0000000 0.0000000 0.0000000 1.0000000
0.9992545 -0.0385160 -0.0026522 37.9356983
0.0385446 0.9991879 0.0117383 0.4326846
0.0021979 -0.0118317 0.9999276 0.7364851
0.0000000 0.0000000 0.0000000 1.0000000
0.9992976 -0.0371455 -0.0049591 38.5835370
0.0372200 0.9991807 0.0158923 0.4526456
0.0043648 -0.0160657 0.9998614 0.7424758
0.0000000 0.0000000 0.0000000 1.0000000
0.9993585 -0.0352083 -0.0065540 39.2169040
0.0353121 0.9992409 0.0164513 0.4781852
0.0059698 -0.0166722 0.9998432 0.7538004
0.0000000 0.0000000 0.0000000 1.0000000
0.9994735 -0.0319624 -0.0055830 39.8464577
0.0320599 0.9993175 0.0183479 0.4936452
0.0049927 -0.0185172 0.9998161 0.7664820
0.0000000 0.0000000 0.0000000 1.0000000
0.9995784 -0.0287375 -0.0041470 40.4688030
0.0288173 0.9993710 0.0206674 0.5137463
0.0035505 -0.0207782 0.9997778 0.7761366
0.0000000 0.0000000 0.0000000 1.0000000
0.9996800 -0.0252499 -0.0015380 41.0711442
0.0252794 0.9993960 0.0238454 0.5297302
0.0009350 -0.0238766 0.9997145 0.7872860
0.0000000 0.0000000 0.0000000 1.0000000
0.9997890 -0.0205393 -0.0000792 41.6552352
0.0205327 0.9993550 0.0294630 0.5543625
-0.0005260 -0.0294584 0.9995659 0.8010456
0.0000000 0.0000000 0.0000000 1.0000000
0.9998998 -0.0141550 0.0000913 42.2216196
0.0141439 0.9993308 0.0337329 0.5685729
-0.0005688 -0.0337282 0.9994309 0.8097631
0.0000000 0.0000000 0.0000000 1.0000000
0.9999639 -0.0080658 0.0026836 42.7899284
0.0079594 0.9992628 0.0375574 0.5720608
-0.0029845 -0.0375347 0.9992909 0.8202536
0.0000000 0.0000000 0.0000000 1.0000000
0.9999882 -0.0021527 0.0043595 43.3356316
0.0019644 0.9990837 0.0427551 0.5812264
-0.0044476 -0.0427460 0.9990761 0.8324663
0.0000000 0.0000000 0.0000000 1.0000000
0.9999786 0.0047235 0.0045347 43.8572651
-0.0049280 0.9989206 0.0461871 0.5809041
-0.0043116 -0.0462085 0.9989225 0.8382068
0.0000000 0.0000000 0.0000000 1.0000000
0.9999123 0.0119937 0.0056125 44.3616779
-0.0122624 0.9986448 0.0505781 0.5792567
-0.0049982 -0.0506425 0.9987043 0.8580011
0.0000000 0.0000000 0.0000000 1.0000000
0.9997773 0.0200743 0.0065131 44.8446228
-0.0204064 0.9982375 0.0557263 0.5755926
-0.0053829 -0.0558467 0.9984248 0.8561472
0.0000000 0.0000000 0.0000000 1.0000000
0.9996123 0.0275362 0.0041175 45.3091003
-0.0277361 0.9977554 0.0609496 0.5632499
-0.0024300 -0.0610402 0.9981323 0.8646471
0.0000000 0.0000000 0.0000000 1.0000000
0.9993792 0.0352009 0.0014696 45.7435397
-0.0352236 0.9973972 0.0629140 0.5467522
0.0007488 -0.0629267 0.9980179 0.8726950
0.0000000 0.0000000 0.0000000 1.0000000
0.9990588 0.0433385 0.0017895 46.1543951
-0.0433636 0.9969727 0.0645368 0.5145957
0.0010129 -0.0645537 0.9979137 0.8721478
0.0000000 0.0000000 0.0000000 1.0000000
0.9987105 0.0506578 0.0033431 46.5511865
-0.0507679 0.9966297 0.0644356 0.4906647
-0.0000677 -0.0645222 0.9979163 0.8847669
0.0000000 0.0000000 0.0000000 1.0000000
0.9982482 0.0589300 0.0052756 46.9165865
-0.0591502 0.9960513 0.0662044 0.4668889
-0.0013533 -0.0664005 0.9977921 0.8858855
0.0000000 0.0000000 0.0000000 1.0000000
0.9977081 0.0674301 0.0056388 47.2670691
-0.0676590 0.9952887 0.0694447 0.4378492
-0.0009296 -0.0696671 0.9975699 0.8871144
0.0000000 0.0000000 0.0000000 1.0000000
0.9970662 0.0763199 0.0058476 47.5891538
-0.0765431 0.9944016 0.0728471 0.4145506
-0.0002551 -0.0730810 0.9973260 0.8859555
0.0000000 0.0000000 0.0000000 1.0000000
0.9963232 0.0854080 0.0067482 47.8868859
-0.0856737 0.9934665 0.0753943 0.3825054
-0.0002648 -0.0756952 0.9971310 0.8902238
0.0000000 0.0000000 0.0000000 1.0000000
0.9954827 0.0945279 0.0088639 48.1673639
-0.0949260 0.9927070 0.0743093 0.3444124
-0.0017750 -0.0748150 0.9971958 0.8976239
0.0000000 0.0000000 0.0000000 1.0000000
0.9944214 0.1051885 0.0078387 48.4297846
-0.1054802 0.9916371 0.0743623 0.3020003
0.0000490 -0.0747743 0.9972005 0.8978352
0.0000000 0.0000000 0.0000000 1.0000000
0.9931093 0.1170906 0.0048643 48.6920644
-0.1171274 0.9903364 0.0742628 0.2562265
0.0038782 -0.0743208 0.9972268 0.8932998
0.0000000 0.0000000 0.0000000 1.0000000
0.9913855 0.1309513 0.0025739 48.9426696
-0.1307693 0.9885200 0.0756809 0.1985118
0.0073662 -0.0753656 0.9971288 0.8961661
0.0000000 0.0000000 0.0000000 1.0000000
0.9892616 0.1461394 0.0021732 49.1964620
-0.1458724 0.9863105 0.0768948 0.1517928
0.0090939 -0.0763860 0.9970368 0.9082389
0.0000000 0.0000000 0.0000000 1.0000000
0.9867361 0.1623186 0.0021568 49.4462555
-0.1619775 0.9836101 0.0792120 0.1072419
0.0107361 -0.0785107 0.9968555 0.9089136
0.0000000 0.0000000 0.0000000 1.0000000
0.9838428 0.1790134 0.0027533 49.6963838
-0.1786593 0.9806688 0.0798093 0.0435334
0.0115869 -0.0790117 0.9968064 0.9171395
0.0000000 0.0000000 0.0000000 1.0000000
0.9803759 0.1971211 0.0025152 49.9356130
-0.1966785 0.9771456 0.0806481 -0.0254285
0.0134397 -0.0795601 0.9967395 0.9311221
0.0000000 0.0000000 0.0000000 1.0000000
0.9763093 0.2163640 0.0026007 50.1753493
-0.2158670 0.9730992 0.0804950 -0.1009486
0.0148855 -0.0791494 0.9967516 0.9400888
0.0000000 0.0000000 0.0000000 1.0000000
0.9716061 0.2365810 0.0033034 50.4062096
-0.2360815 0.9684380 0.0799581 -0.1759048
0.0157174 -0.0784677 0.9967927 0.9524802
0.0000000 0.0000000 0.0000000 1.0000000
0.9663059 0.2573640 0.0040878 50.6435704
-0.2568190 0.9629533 0.0822491 -0.2472594
0.0172316 -0.0805276 0.9966034 0.9651983
0.0000000 0.0000000 0.0000000 1.0000000
0.9599913 0.2800110 0.0032431 50.8917443
-0.2792954 0.9565711 0.0834616 -0.3317335
0.0202679 -0.0810282 0.9965057 0.9818468
0.0000000 0.0000000 0.0000000 1.0000000
0.9526689 0.3039819 0.0041243 51.1281185
-0.3032249 0.9491471 0.0847018 -0.4240766
0.0218332 -0.0819434 0.9963978 0.9861122
0.0000000 0.0000000 0.0000000 1.0000000
0.9440296 0.3297804 0.0072807 51.3690615
-0.3291337 0.9402545 0.0871347 -0.5166666
0.0218896 -0.0846540 0.9961699 0.9961200
0.0000000 0.0000000 0.0000000 1.0000000
0.9339998 0.3571525 0.0092995 51.6180465
-0.3565227 0.9300342 0.0890393 -0.6239972
0.0231518 -0.0864781 0.9959847 1.0094589
0.0000000 0.0000000 0.0000000 1.0000000
0.9226108 0.3855945 0.0103010 51.8547502
-0.3848962 0.9185260 0.0903604 -0.7376541
0.0253808 -0.0873323 0.9958559 1.0189468
0.0000000 0.0000000 0.0000000 1.0000000
0.9094364 0.4157382 0.0093387 52.0888042
-0.4148557 0.9055015 0.0892296 -0.8627562
0.0286399 -0.0850228 0.9959673 1.0224077
0.0000000 0.0000000 0.0000000 1.0000000
0.8937353 0.4485269 0.0077999 52.3122298
-0.4474469 0.8900707 0.0869796 -1.0018309
0.0320702 -0.0812268 0.9961796 1.0307265
0.0000000 0.0000000 0.0000000 1.0000000
0.8762116 0.4818934 0.0056621 52.5320899
-0.4805532 0.8727677 0.0857043 -1.1515371
0.0363587 -0.0778160 0.9963045 1.0389532
0.0000000 0.0000000 0.0000000 1.0000000
0.8565119 0.5161101 0.0041951 52.7535818
-0.5144628 0.8530695 0.0871805 -1.3215323
0.0414161 -0.0768294 0.9961837 1.0547550
0.0000000 0.0000000 0.0000000 1.0000000
0.8350895 0.5501089 0.0024046 52.9753306
-0.5481194 0.8316815 0.0887190 -1.4855533
0.0468053 -0.0754063 0.9960538 1.0659044
0.0000000 0.0000000 0.0000000 1.0000000
0.8103765 0.5858933 0.0043583 53.2002964
-0.5837489 0.8067275 0.0918036 -1.6790291
0.0502712 -0.0769397 0.9957676 1.0809655
0.0000000 0.0000000 0.0000000 1.0000000
0.7828682 0.6221517 0.0066862 53.4457053
-0.6198202 0.7789077 0.0955284 -1.8933208
0.0542252 -0.0789304 0.9954042 1.0973321
0.0000000 0.0000000 0.0000000 1.0000000
0.7530348 0.6578870 0.0111026 53.6690143
-0.6554314 0.7485266 0.1005861 -2.1159127
0.0578637 -0.0830218 0.9948664 1.1119193
0.0000000 0.0000000 0.0000000 1.0000000
0.7204203 0.6934135 0.0131217 53.8925075
-0.6908101 0.7157822 0.1021632 -2.3589244
0.0614490 -0.0826650 0.9946811 1.1296714
0.0000000 0.0000000 0.0000000 1.0000000
0.6837559 0.7295605 0.0148099 54.1224042
-0.7270958 0.6794485 0.0983938 -2.6527614
0.0617217 -0.0780455 0.9950373 1.1561762
0.0000000 0.0000000 0.0000000 1.0000000
0.6452042 0.7638326 0.0164667 54.3336446
-0.7614153 0.6410886 0.0961886 -2.9429532
0.0629154 -0.0745993 0.9952269 1.1826027
0.0000000 0.0000000 0.0000000 1.0000000
0.6027303 0.7977258 0.0187025 54.5533101
-0.7953234 0.5986865 0.0950539 -3.2809944
0.0646300 -0.0721664 0.9952964 1.2009759
0.0000000 0.0000000 0.0000000 1.0000000
0.5563093 0.8307652 0.0186847 54.7513819
-0.8281871 0.5524621 0.0942964 -3.6146188
0.0680155 -0.0679324 0.9953688 1.2245216
0.0000000 0.0000000 0.0000000 1.0000000
0.5077435 0.8612806 0.0198042 54.9449731
-0.8587329 0.5041302 0.0918181 -3.9921852
0.0690973 -0.0636266 0.9955788 1.2634895
0.0000000 0.0000000 0.0000000 1.0000000
0.4587626 0.8882689 0.0226978 55.1207102
-0.8858872 0.4552545 0.0891473 -4.4057670
0.0688535 -0.0610052 0.9957598 1.2867473
0.0000000 0.0000000 0.0000000 1.0000000
0.4093202 0.9119866 0.0271556 55.2714088
-0.9099588 0.4058766 0.0850834 -4.8197444
0.0665732 -0.0595368 0.9960037 1.3121025
0.0000000 0.0000000 0.0000000 1.0000000
0.3589061 0.9327625 0.0337698 55.4365257
-0.9310812 0.3552559 0.0829527 -5.2533715
0.0653783 -0.0612146 0.9959811 1.3290701
0.0000000 0.0000000 0.0000000 1.0000000
0.3094133 0.9502610 0.0356009 55.5692894
-0.9484976 0.3057314 0.0829500 -5.7060032
0.0679398 -0.0594332 0.9959176 1.3442591
0.0000000 0.0000000 0.0000000 1.0000000
0.2614599 0.9647874 0.0287036 55.6553673
-0.9627668 0.2585651 0.0788938 -6.1578330
0.0686940 -0.0482625 0.9964697 1.3918508
0.0000000 0.0000000 0.0000000 1.0000000
0.2164158 0.9761036 0.0196429 55.7150831
-0.9740622 0.2145139 0.0720185 -6.6435148
0.0660838 -0.0347193 0.9972099 1.4497036
0.0000000 0.0000000 0.0000000 1.0000000
0.1733650 0.9847703 0.0131156 55.7669982
-0.9826178 0.1720577 0.0697024 -7.1535466
0.0663842 -0.0249716 0.9974816 1.5124270
0.0000000 0.0000000 0.0000000 1.0000000
0.1344686 0.9908418 0.0122729 55.7986771
-0.9884636 0.1332541 0.0719938 -7.6588169
0.0696991 -0.0218122 0.9973296 1.5397366
0.0000000 0.0000000 0.0000000 1.0000000
0.1011398 0.9948483 0.0068904 55.8230143
-0.9923294 0.1003840 0.0721488 -8.1849615
0.0710854 -0.0141347 0.9973701 1.5961773
0.0000000 0.0000000 0.0000000 1.0000000
0.0717436 0.9974223 0.0012059 55.8352179
-0.9950312 0.0714878 0.0693001 -8.7382996
0.0690353 -0.0061718 0.9975951 1.6474075
0.0000000 0.0000000 0.0000000 1.0000000
0.0462337 0.9989236 -0.0037358 55.8356935
-0.9965645 0.0463812 0.0686156 -9.2996016
0.0687150 0.0005506 0.9976362 1.7032815
0.0000000 0.0000000 0.0000000 1.0000000
0.0260030 0.9996303 -0.0079433 55.8330675
-0.9972686 0.0264895 0.0689472 -9.8668184
0.0691321 0.0061287 0.9975887 1.7477078
0.0000000 0.0000000 0.0000000 1.0000000
0.0099840 0.9998993 -0.0100807 55.8205139
-0.9974525 0.0106707 0.0705310 -10.4504346
0.0706315 0.0093508 0.9974587 1.7977894
0.0000000 0.0000000 0.0000000 1.0000000
-0.0034559 0.9999523 -0.0091279 55.8052640
-0.9975334 -0.0028073 0.0701378 -11.0399542
0.0701088 0.0093478 0.9974956 1.8392613
0.0000000 0.0000000 0.0000000 1.0000000
-0.0152249 0.9998412 -0.0092572 55.7913777
-0.9973592 -0.0145283 0.0711596 -11.6455824
0.0710138 0.0103161 0.9974220 1.8859227
0.0000000 0.0000000 0.0000000 1.0000000
-0.0244992 0.9996330 -0.0115583 55.7553092
-0.9970005 -0.0235824 0.0737153 -12.2596552
0.0734157 0.0133296 0.9972123 1.9290103
0.0000000 0.0000000 0.0000000 1.0000000
-0.0312148 0.9994063 -0.0145817 55.7233030
-0.9966482 -0.0300183 0.0761010 -12.8825947
0.0756181 0.0169083 0.9969935 1.9890784
0.0000000 0.0000000 0.0000000 1.0000000
-0.0362004 0.9992273 -0.0153087 55.6843206
-0.9964912 -0.0349360 0.0760585 -13.5192246
0.0754649 0.0180083 0.9969858 2.0389630
0.0000000 0.0000000 0.0000000 1.0000000
-0.0395821 0.9991231 -0.0136437 55.6479712
-0.9965004 -0.0384647 0.0742126 -14.1779675
0.0736227 0.0165335 0.9971491 2.0951085
0.0000000 0.0000000 0.0000000 1.0000000
-0.0417795 0.9990576 -0.0117576 55.6237590
-0.9969228 -0.0409032 0.0668728 -14.8451151
0.0663289 0.0145153 0.9976922 2.1408592
0.0000000 0.0000000 0.0000000 1.0000000
-0.0428070 0.9990138 -0.0117820 55.5971992
-0.9972159 -0.0420033 0.0616130 -15.5176579
0.0610574 0.0143867 0.9980306 2.1908071
0.0000000 0.0000000 0.0000000 1.0000000
-0.0440716 0.9989334 -0.0137764 55.5641357
-0.9972669 -0.0431712 0.0599589 -16.2046426
0.0593002 0.0163812 0.9981058 2.2464201
0.0000000 0.0000000 0.0000000 1.0000000
-0.0443076 0.9989352 -0.0128541 55.5218959
-0.9972588 -0.0434627 0.0598824 -16.8972671
0.0592599 0.0154721 0.9981227 2.2967054
0.0000000 0.0000000 0.0000000 1.0000000
-0.0436635 0.9989782 -0.0116598 55.4824407
-0.9967361 -0.0427663 0.0684713 -17.5931896
0.0679027 0.0146114 0.9975849 2.3560338
0.0000000 0.0000000 0.0000000 1.0000000
-0.0427123 0.9990141 -0.0120977 55.4433122
-0.9961862 -0.0416630 0.0766634 -18.2914677
0.0760838 0.0153260 0.9969836 2.4117679
0.0000000 0.0000000 0.0000000 1.0000000
-0.0400900 0.9991200 -0.0123286 55.4110244
-0.9961263 -0.0389973 0.0788136 -19.0056996
0.0782634 0.0154405 0.9968131 2.4721139
0.0000000 0.0000000 0.0000000 1.0000000
-0.0371412 0.9992129 -0.0139281 55.3822888
-0.9965052 -0.0359898 0.0753805 -19.7391750
0.0748199 0.0166792 0.9970576 2.5429952
0.0000000 0.0000000 0.0000000 1.0000000
-0.0346566 0.9993058 -0.0136690 55.3480051
-0.9971457 -0.0336572 0.0675854 -20.4668454
0.0670784 0.0159723 0.9976199 2.5999332
0.0000000 0.0000000 0.0000000 1.0000000
-0.0317581 0.9994400 -0.0105349 55.3280256
-0.9973298 -0.0309940 0.0661261 -21.1946432
0.0657626 0.0126068 0.9977557 2.6414362
0.0000000 0.0000000 0.0000000 1.0000000
-0.0289984 0.9994527 -0.0159170 55.2862876
-0.9970204 -0.0277818 0.0719625 -21.9235427
0.0714809 0.0179563 0.9972803 2.6980744
0.0000000 0.0000000 0.0000000 1.0000000
-0.0259468 0.9994944 -0.0183731 55.2572067
-0.9967988 -0.0244777 0.0761127 -22.6377514
0.0756245 0.0202891 0.9969299 2.7706638
0.0000000 0.0000000 0.0000000 1.0000000
-0.0229101 0.9996193 -0.0153736 55.2375286
-0.9968367 -0.0216703 0.0764655 -23.3698929
0.0761033 0.0170768 0.9969537 2.8390721
0.0000000 0.0000000 0.0000000 1.0000000
-0.0185932 0.9997503 -0.0123929 55.2291445
-0.9972067 -0.0176462 0.0725781 -24.1091213
0.0723413 0.0137078 0.9972857 2.9080744
0.0000000 0.0000000 0.0000000 1.0000000
-0.0143004 0.9997866 -0.0149031 55.2126871
-0.9974401 -0.0132193 0.0702750 -24.8424545
0.0700630 0.0158699 0.9974163 2.9822301
0.0000000 0.0000000 0.0000000 1.0000000
-0.0110477 0.9997603 -0.0189002 55.1891248
-0.9972982 -0.0096438 0.0728243 -25.5659221
0.0726245 0.0196537 0.9971657 3.0534011
0.0000000 0.0000000 0.0000000 1.0000000
-0.0076606 0.9997608 -0.0204844 55.1745014
-0.9970248 -0.0060652 0.0768431 -26.2947566
0.0767005 0.0210122 0.9968327 3.1271416
0.0000000 0.0000000 0.0000000 1.0000000
-0.0040083 0.9998515 -0.0167558 55.1679061
-0.9971327 -0.0027300 0.0756245 -27.0257489
0.0755676 0.0170108 0.9969956 3.1837745
0.0000000 0.0000000 0.0000000 1.0000000
-0.0004983 0.9998952 -0.0144634 55.1745862
-0.9971987 0.0005850 0.0747968 -27.7633677
0.0747974 0.0144602 0.9970939 3.2527513
0.0000000 0.0000000 0.0000000 1.0000000
0.0036134 0.9998090 -0.0192039 55.1716759
-0.9973711 0.0049932 0.0722918 -28.4908342
0.0723739 0.0188922 0.9971986 3.3201143
0.0000000 0.0000000 0.0000000 1.0000000
0.0067000 0.9997766 -0.0200432 55.1735039
-0.9972549 0.0081585 0.0735941 -29.2266626
0.0737412 0.0194951 0.9970868 3.3708687
0.0000000 0.0000000 0.0000000 1.0000000
0.0096809 0.9997322 -0.0210198 55.1759402
-0.9971358 0.0112283 0.0747943 -29.9632493
0.0750103 0.0202355 0.9969774 3.4321925
0.0000000 0.0000000 0.0000000 1.0000000
0.0129980 0.9997104 -0.0202500 55.1801680
-0.9971198 0.0144723 0.0744499 -30.7124382
0.0747214 0.0192240 0.9970191 3.4858823
0.0000000 0.0000000 0.0000000 1.0000000
0.0166207 0.9996805 -0.0190418 55.1896054
-0.9971559 0.0179728 0.0731919 -31.4602211
0.0735107 0.0177711 0.9971361 3.5506202
0.0000000 0.0000000 0.0000000 1.0000000
0.0199909 0.9995830 -0.0208335 55.2087389
-0.9970922 0.0214651 0.0731190 -32.1931088
0.0735357 0.0193112 0.9971056 3.6250103
0.0000000 0.0000000 0.0000000 1.0000000
0.0229735 0.9995924 -0.0169443 55.2281986
-0.9970414 0.0241519 0.0729736 -32.9312192
0.0733531 0.0152177 0.9971899 3.6888725
0.0000000 0.0000000 0.0000000 1.0000000
0.0260461 0.9995488 -0.0149540 55.2547692
-0.9969117 0.0270803 0.0737147 -33.6783066
0.0740864 0.0129878 0.9971672 3.7446966
0.0000000 0.0000000 0.0000000 1.0000000
0.0290192 0.9994645 -0.0151143 55.2760800
-0.9968679 0.0300501 0.0731538 -34.4161770
0.0735688 0.0129441 0.9972061 3.8197306
0.0000000 0.0000000 0.0000000 1.0000000
0.0314043 0.9994388 -0.0116540 55.3070170
-0.9969270 0.0321583 0.0714316 -35.1626176
0.0717662 0.0093749 0.9973774 3.8839876
0.0000000 0.0000000 0.0000000 1.0000000
0.0339335 0.9993590 -0.0114060 55.3305652
-0.9969197 0.0346537 0.0703585 -35.9061292
0.0707087 0.0089833 0.9974566 3.9502448
0.0000000 0.0000000 0.0000000 1.0000000
0.0373043 0.9992588 -0.0094948 55.3627414
-0.9968210 0.0378793 0.0700942 -36.6674156
0.0704019 0.0068498 0.9974952 4.0150876
0.0000000 0.0000000 0.0000000 1.0000000
0.0406056 0.9991458 -0.0076699 55.3975553
-0.9966863 0.0410448 0.0702266 -37.4171142
0.0704814 0.0047929 0.9975016 4.0753352
0.0000000 0.0000000 0.0000000 1.0000000
0.0436463 0.9990272 -0.0062977 55.4353175
-0.9964142 0.0439877 0.0722767 -38.1673955
0.0724834 0.0031205 0.9973647 4.1369761
0.0000000 0.0000000 0.0000000 1.0000000
0.0470531 0.9988768 -0.0055776 55.4698272
-0.9961246 0.0473374 0.0741282 -38.9286981
0.0743090 0.0020681 0.9972331 4.1945602
0.0000000 0.0000000 0.0000000 1.0000000
0.0504954 0.9987237 -0.0010154 55.5225365
-0.9956957 0.0504213 0.0777673 -39.7055493
0.0777193 -0.0029159 0.9969710 4.2410093
0.0000000 0.0000000 0.0000000 1.0000000
0.0533911 0.9985694 0.0029213 55.5727909
-0.9955682 0.0530034 0.0776832 -40.4798809
0.0774173 -0.0070559 0.9969738 4.3010303
0.0000000 0.0000000 0.0000000 1.0000000
0.0571059 0.9983673 0.0012809 55.6181959
-0.9952951 0.0568295 0.0784739 -41.2581979
0.0782730 -0.0057562 0.9969153 4.3770647
0.0000000 0.0000000 0.0000000 1.0000000
0.0604451 0.9981694 0.0020643 55.6710734
-0.9950585 0.0600933 0.0790407 -42.0379130
0.0787720 -0.0068317 0.9968693 4.4474500
0.0000000 0.0000000 0.0000000 1.0000000
0.0647102 0.9978841 0.0063102 55.7295490
-0.9946818 0.0639922 0.0807044 -42.8254042
0.0801298 -0.0114990 0.9967181 4.5150001
0.0000000 0.0000000 0.0000000 1.0000000
0.0692274 0.9975817 0.0061880 55.7856400
-0.9944669 0.0685173 0.0796312 -43.6266542
0.0790146 -0.0116665 0.9968052 4.5958793
0.0000000 0.0000000 0.0000000 1.0000000
0.0741610 0.9972337 0.0049999 55.8482223
-0.9941337 0.0735328 0.0793167 -44.4228385
0.0787296 -0.0108527 0.9968369 4.6652548
0.0000000 0.0000000 0.0000000 1.0000000
0.0793505 0.9968222 0.0069925 55.9175760
-0.9933754 0.0784873 0.0839350 -45.2117376
0.0831194 -0.0136065 0.9964467 4.7305019
0.0000000 0.0000000 0.0000000 1.0000000
0.0860004 0.9962654 0.0076886 55.9876694
-0.9921215 0.0849320 0.0920948 -46.0001097
0.0910979 -0.0155482 0.9957206 4.8004512
0.0000000 0.0000000 0.0000000 1.0000000
0.0933444 0.9955963 0.0086501 56.0657820
-0.9909155 0.0920536 0.0980442 -46.8051855
0.0968161 -0.0177233 0.9951445 4.8767354
0.0000000 0.0000000 0.0000000 1.0000000
0.1009310 0.9948165 0.0123653 56.1498920
-0.9898563 0.0991631 0.1017411 -47.5957522
0.0999876 -0.0225087 0.9947341 4.9383208
0.0000000 0.0000000 0.0000000 1.0000000
0.1086956 0.9939462 0.0160059 56.2389355
-0.9892892 0.1065802 0.0997382 -48.4089995
0.0974285 -0.0266755 0.9948850 5.0097217
0.0000000 0.0000000 0.0000000 1.0000000
0.1162622 0.9930929 0.0157990 56.3309043
-0.9886902 0.1142002 0.0972113 -49.2201194
0.0947356 -0.0269224 0.9951384 5.0900901
0.0000000 0.0000000 0.0000000 1.0000000
0.1234708 0.9922169 0.0161399 56.4319641
-0.9881413 0.1214351 0.0939696 -50.0295966
0.0912783 -0.0275510 0.9954442 5.1631452
0.0000000 0.0000000 0.0000000 1.0000000
0.1309341 0.9912385 0.0173901 56.5502466
-0.9876507 0.1288977 0.0890596 -50.8433536
0.0860377 -0.0288363 0.9958745 5.2296433
0.0000000 0.0000000 0.0000000 1.0000000
0.1381066 0.9902060 0.0204580 56.6686170
-0.9872342 0.1359785 0.0829374 -51.6573049
0.0793433 -0.0316510 0.9963447 5.2907592
0.0000000 0.0000000 0.0000000 1.0000000
0.1455053 0.9891318 0.0211290 56.7936179
-0.9864470 0.1434073 0.0797294 -52.4588906
0.0758328 -0.0324436 0.9965926 5.3564827
0.0000000 0.0000000 0.0000000 1.0000000
0.1526242 0.9880838 0.0199070 56.9218227
-0.9851582 0.1505097 0.0825241 -53.2504060
0.0785446 -0.0322067 0.9963902 5.4176419
0.0000000 0.0000000 0.0000000 1.0000000
0.1585231 0.9872189 0.0164050 57.0445620
-0.9836348 0.1564629 0.0893421 -54.0391322
0.0856335 -0.0302993 0.9958659 5.4719430
0.0000000 0.0000000 0.0000000 1.0000000
0.1640438 0.9863264 0.0158017 57.1782794
-0.9823571 0.1618834 0.0936391 -54.8181575
0.0898007 -0.0308839 0.9954808 5.5476519
0.0000000 0.0000000 0.0000000 1.0000000
0.1694362 0.9854100 0.0160745 57.3103371
-0.9813618 0.1671947 0.0947363 -55.5840564
0.0906666 -0.0318267 0.9953726 5.6247964
0.0000000 0.0000000 0.0000000 1.0000000
0.1743982 0.9845234 0.0172903 57.4459918
-0.9804316 0.1719913 0.0957755 -56.3485655
0.0913195 -0.0336551 0.9952528 5.7016199
0.0000000 0.0000000 0.0000000 1.0000000
0.1791049 0.9837276 0.0141919 57.5786804
-0.9797367 0.1770266 0.0936886 -57.1035723
0.0896517 -0.0306844 0.9955004 5.7845276
0.0000000 0.0000000 0.0000000 1.0000000
0.1836296 0.9828943 0.0141024 57.7127784
-0.9793861 0.1817082 0.0882326 -57.8469400
0.0841608 -0.0300138 0.9960001 5.8581797
0.0000000 0.0000000 0.0000000 1.0000000
0.1874083 0.9821538 0.0158743 57.8535999
-0.9790389 0.1854530 0.0842026 -58.5851796
0.0797560 -0.0313218 0.9963222 5.9278546
0.0000000 0.0000000 0.0000000 1.0000000
0.1904470 0.9815261 0.0183431 57.9997112
-0.9786865 0.1883674 0.0817959 -59.3135339
0.0768296 -0.0335299 0.9964803 5.9890940
0.0000000 0.0000000 0.0000000 1.0000000
0.1938605 0.9808056 0.0209379 58.1457719
-0.9781090 0.1915939 0.0812069 -60.0306478
0.0756366 -0.0362224 0.9964773 6.0642841
0.0000000 0.0000000 0.0000000 1.0000000
0.1960333 0.9803398 0.0224660 58.2910880
-0.9776700 0.1936279 0.0816680 -60.7387945
0.0757123 -0.0379740 0.9964064 6.1160798
0.0000000 0.0000000 0.0000000 1.0000000
0.1975052 0.9800281 0.0231652 58.4470952
-0.9769193 0.1948074 0.0876287 -61.4383063
0.0813659 -0.0399376 0.9958838 6.1745676
0.0000000 0.0000000 0.0000000 1.0000000
0.2001430 0.9794940 0.0231124 58.5819192
-0.9760897 0.1972946 0.0912351 -62.1220753
0.0848043 -0.0408199 0.9955611 6.2219850
0.0000000 0.0000000 0.0000000 1.0000000
0.2025595 0.9789852 0.0236107 58.7310420
-0.9751285 0.1994292 0.0967081 -62.8064026
0.0899671 -0.0426126 0.9950327 6.2748796
0.0000000 0.0000000 0.0000000 1.0000000
0.2041438 0.9787140 0.0210747 58.8702933
-0.9744680 0.2011083 0.0998382 -63.4694321
0.0934747 -0.0409180 0.9947805 6.3434435
0.0000000 0.0000000 0.0000000 1.0000000
0.2051850 0.9784375 0.0236449 59.0189424
-0.9742664 0.2018881 0.1002305 -64.1453833
0.0932957 -0.0436022 0.9946832 6.4000659
0.0000000 0.0000000 0.0000000 1.0000000
0.2057701 0.9783093 0.0238664 59.1554907
-0.9744198 0.2025782 0.0973044 -64.8106922
0.0903590 -0.0432782 0.9949685 6.4632966
0.0000000 0.0000000 0.0000000 1.0000000
0.2058159 0.9782954 0.0240373 59.2877863
-0.9745367 0.2026679 0.0959374 -65.4639678
0.0889835 -0.0431707 0.9950971 6.5270758
0.0000000 0.0000000 0.0000000 1.0000000
0.2050345 0.9784653 0.0237990 59.4317724
-0.9746757 0.2019019 0.0961408 -66.1009319
0.0892654 -0.0429084 0.9950832 6.5919461
0.0000000 0.0000000 0.0000000 1.0000000
0.2040863 0.9786615 0.0238828 59.5801651
-0.9749574 0.2009909 0.0951888 -66.7430622
0.0883574 -0.0427114 0.9951727 6.6563664
0.0000000 0.0000000 0.0000000 1.0000000
0.2021962 0.9790408 0.0244064 59.7099947
-0.9754063 0.1990876 0.0945869 -67.3676778
0.0877455 -0.0429312 0.9952174 6.7131281
0.0000000 0.0000000 0.0000000 1.0000000
0.1991139 0.9796695 0.0245213 59.8450156
-0.9757852 0.1958885 0.0973193 -67.9687857
0.0905373 -0.0433052 0.9949511 6.7693183
0.0000000 0.0000000 0.0000000 1.0000000
0.1953342 0.9804809 0.0223992 59.9633219
-0.9761879 0.1921803 0.1006185 -68.5577832
0.0943498 -0.0415200 0.9946729 6.8312247
0.0000000 0.0000000 0.0000000 1.0000000
0.1931217 0.9809706 0.0200128 60.0742245
-0.9764191 0.1901399 0.1022379 -69.1520188
0.0964872 -0.0392853 0.9945586 6.8738077
0.0000000 0.0000000 0.0000000 1.0000000
0.1903828 0.9815033 0.0201376 60.1918620
-0.9770035 0.1874240 0.1016681 -69.7481574
0.0960133 -0.0390303 0.9946145 6.9276607
0.0000000 0.0000000 0.0000000 1.0000000
0.1869605 0.9821435 0.0209726 60.3073531
-0.9778482 0.1840125 0.0997611 -70.3266451
0.0941205 -0.0391594 0.9947904 6.9838690
0.0000000 0.0000000 0.0000000 1.0000000
0.1843943 0.9825904 0.0226869 60.4129277
-0.9787717 0.1814786 0.0952450 -70.8935904
0.0894697 -0.0397679 0.9951953 7.0466835
0.0000000 0.0000000 0.0000000 1.0000000
0.1815226 0.9831415 0.0219590 60.5232176
-0.9793810 0.1787247 0.0941828 -71.4538853
0.0886704 -0.0386025 0.9953127 7.0997529
0.0000000 0.0000000 0.0000000 1.0000000
0.1795576 0.9835745 0.0184452 60.6259773
-0.9795534 0.1770312 0.0955778 -71.9953650
0.0907425 -0.0352298 0.9952511 7.1573018
0.0000000 0.0000000 0.0000000 1.0000000
0.1764899 0.9841680 0.0162653 60.7195668
-0.9799389 0.1741292 0.0969476 -72.5436686
0.0925805 -0.0330493 0.9951566 7.2210638
0.0000000 0.0000000 0.0000000 1.0000000
0.1745655 0.9844963 0.0171420 60.8043265
-0.9799486 0.1720081 0.1005684 -73.0750868
0.0960607 -0.0343541 0.9947825 7.2695414
0.0000000 0.0000000 0.0000000 1.0000000
0.1744687 0.9845043 0.0176606 60.9011022
-0.9797215 0.1717706 0.1031540 -73.6151067
0.0985219 -0.0352996 0.9945086 7.3324037
0.0000000 0.0000000 0.0000000 1.0000000
0.1711395 0.9851277 0.0153143 60.9902175
-0.9802369 0.1686832 0.1033526 -74.1556290
0.0992323 -0.0326993 0.9945269 7.3906828
0.0000000 0.0000000 0.0000000 1.0000000
0.1728229 0.9848937 0.0107987 61.0808078
-0.9800238 0.1708522 0.1017987 -74.7001802
0.0984159 -0.0281762 0.9947464 7.4472839
0.0000000 0.0000000 0.0000000 1.0000000
0.1739485 0.9847393 0.0055113 61.1635184
-0.9795912 0.1724613 0.1032386 -75.2339700
0.1007126 -0.0233570 0.9946413 7.5055310
0.0000000 0.0000000 0.0000000 1.0000000
0.1753685 0.9844944 0.0040665 61.2507935
-0.9794353 0.1740458 0.1020522 -75.7868122
0.0997621 -0.0218797 0.9947707 7.5616828
0.0000000 0.0000000 0.0000000 1.0000000
0.1793077 0.9837770 0.0056086 61.3527132
-0.9787299 0.1778044 0.1023397 -76.3361933
0.0996822 -0.0238396 0.9947337 7.6176140
0.0000000 0.0000000 0.0000000 1.0000000
0.1849409 0.9827353 0.0052993 61.4613632
-0.9775802 0.1834131 0.1034244 -76.8921094
0.1006669 -0.0243079 0.9946232 7.6793203
0.0000000 0.0000000 0.0000000 1.0000000
0.1928421 0.9812223 0.0038364 61.5731212
-0.9760704 0.1914263 0.1031628 -77.4482248
0.1004913 -0.0236387 0.9946571 7.7318331
0.0000000 0.0000000 0.0000000 1.0000000
0.2006729 0.9796403 0.0059393 61.6944810
-0.9744725 0.1989840 0.1039658 -78.0248098
0.1006672 -0.0266508 0.9945631 7.7882401
0.0000000 0.0000000 0.0000000 1.0000000
0.2103707 0.9776120 0.0043500 61.8211456
-0.9724339 0.2087945 0.1038136 -78.5948145
0.1005812 -0.0260695 0.9945873 7.8500020
0.0000000 0.0000000 0.0000000 1.0000000
0.2200429 0.9754681 0.0065594 61.9630197
-0.9704388 0.2182151 0.1031052 -79.1727426
0.0991445 -0.0290531 0.9946488 7.9121357
0.0000000 0.0000000 0.0000000 1.0000000
0.2300353 0.9731567 0.0070475 62.1048398
-0.9680218 0.2280647 0.1045006 -79.7505073
0.1000882 -0.0308610 0.9944999 7.9697900
0.0000000 0.0000000 0.0000000 1.0000000
0.2404142 0.9706267 0.0092024 62.2778483
-0.9653067 0.2380798 0.1072429 -80.3359582
0.1019019 -0.0346658 0.9941903 8.0115810
0.0000000 0.0000000 0.0000000 1.0000000
0.2509219 0.9679428 0.0111765 62.4515841
-0.9624066 0.2482132 0.1102898 -80.9152742
0.1039800 -0.0384305 0.9938366 8.0658488
0.0000000 0.0000000 0.0000000 1.0000000
0.2621604 0.9649427 0.0125496 62.6350347
-0.9593687 0.2591961 0.1114861 -81.5177215
0.1043249 -0.0412669 0.9936868 8.1350480
0.0000000 0.0000000 0.0000000 1.0000000
0.2707454 0.9625729 0.0122547 62.8163148
-0.9570046 0.2677588 0.1115687 -82.1239043
0.1041117 -0.0419346 0.9936812 8.2056799
0.0000000 0.0000000 0.0000000 1.0000000
0.2818353 0.9593587 0.0141305 63.0072464
-0.9538612 0.2785704 0.1120148 -82.7458209
0.1035260 -0.0450482 0.9936061 8.2681154
0.0000000 0.0000000 0.0000000 1.0000000
0.2929497 0.9560428 0.0127491 63.2085467
-0.9505256 0.2897659 0.1119677 -83.3719994
0.1033517 -0.0449193 0.9936301 8.3385825
0.0000000 0.0000000 0.0000000 1.0000000
0.3051580 0.9522037 0.0136579 63.4230708
-0.9466756 0.3017673 0.1128796 -84.0188921
0.1033629 -0.0473757 0.9935148 8.4108168
0.0000000 0.0000000 0.0000000 1.0000000
0.3161002 0.9486271 0.0136811 63.6456623
-0.9433963 0.3127654 0.1103685 -84.6728484
0.1004196 -0.0477942 0.9937966 8.4806512
0.0000000 0.0000000 0.0000000 1.0000000
0.3266030 0.9450741 0.0128618 63.8795833
-0.9404730 0.3235990 0.1038957 -85.3320272
0.0940271 -0.0460288 0.9945050 8.5619370
0.0000000 0.0000000 0.0000000 1.0000000
0.3366968 0.9415533 0.0106061 64.1322089
-0.9371938 0.3340053 0.1005396 -86.0015297
0.0911209 -0.0437913 0.9948765 8.6333640
0.0000000 0.0000000 0.0000000 1.0000000
0.3478928 0.9374806 0.0100338 64.3927894
-0.9330835 0.3451798 0.1010255 -86.6938452
0.0912460 -0.0445084 0.9948332 8.7052839
0.0000000 0.0000000 0.0000000 1.0000000
0.3575065 0.9338879 0.0065201 64.6537700
-0.9294789 0.3551219 0.0997874 -87.3938907
0.0908748 -0.0417349 0.9949874 8.7783548
0.0000000 0.0000000 0.0000000 1.0000000
0.3657352 0.9307167 -0.0020250 64.9178496
-0.9262261 0.3641823 0.0973471 -88.0958497
0.0913401 -0.0337277 0.9952484 8.8448547
0.0000000 0.0000000 0.0000000 1.0000000
0.3729724 0.9278129 -0.0074013 65.1852705
-0.9237472 0.3720630 0.0908864 -88.8094844
0.0870793 -0.0270612 0.9958338 8.9145193
0.0000000 0.0000000 0.0000000 1.0000000
0.3798336 0.9250077 -0.0093345 65.4791661
-0.9213271 0.3791887 0.0858625 -89.5199168
0.0829630 -0.0240133 0.9962633 8.9890336
0.0000000 0.0000000 0.0000000 1.0000000
0.3868676 0.9220455 -0.0128670 65.7708969
-0.9182238 0.3864730 0.0866246 -90.2397379
0.0848446 -0.0216974 0.9961579 9.0578055
0.0000000 0.0000000 0.0000000 1.0000000
0.3939267 0.9189300 -0.0197314 66.0740626
-0.9144192 0.3939858 0.0928048 -90.9482071
0.0930550 -0.0185155 0.9954888 9.1312638
0.0000000 0.0000000 0.0000000 1.0000000
0.4010318 0.9156806 -0.0265044 66.3859170
-0.9105430 0.4016197 0.0980468 -91.6565293
0.1004243 -0.0151865 0.9948288 9.1982267
0.0000000 0.0000000 0.0000000 1.0000000
0.4059350 0.9135363 -0.0258477 66.7134355
-0.9082710 0.4064073 0.0993826 -92.3618748
0.1012943 -0.0168661 0.9947135 9.2740899
0.0000000 0.0000000 0.0000000 1.0000000
0.4102333 0.9117972 -0.0182896 67.0451992
-0.9065798 0.4099012 0.1004698 -93.0573809
0.0991050 -0.0246350 0.9947720 9.3427303
0.0000000 0.0000000 0.0000000 1.0000000
0.4149105 0.9097512 -0.0142130 67.3778409
-0.9042778 0.4140417 0.1041689 -93.7449991
0.1006525 -0.0303682 0.9944581 9.4203684
0.0000000 0.0000000 0.0000000 1.0000000
0.4186163 0.9080677 -0.0131684 67.6939009
-0.9024533 0.4175640 0.1059169 -94.4209017
0.1016784 -0.0324547 0.9942878 9.4961982
0.0000000 0.0000000 0.0000000 1.0000000
0.4225368 0.9062619 -0.0123291 68.0208381
-0.9004976 0.4213143 0.1076955 -95.0913776
0.1027947 -0.0344029 0.9941075 9.5747628
0.0000000 0.0000000 0.0000000 1.0000000
0.4263592 0.9044906 -0.0107039 68.3375176
-0.8985287 0.4248531 0.1102087 -95.7461737
0.1042303 -0.0373707 0.9938508 9.6566881
0.0000000 0.0000000 0.0000000 1.0000000
0.4304798 0.9025540 -0.0091358 68.6653877
-0.8969152 0.4288807 0.1077244 -96.3971353
0.1011452 -0.0381791 0.9941388 9.7276499
0.0000000 0.0000000 0.0000000 1.0000000
0.4349158 0.9004270 -0.0089128 68.9921655
-0.8949916 0.4333384 0.1058673 -97.0468306
0.0991880 -0.0380664 0.9943403 9.8143283
0.0000000 0.0000000 0.0000000 1.0000000
0.4380965 0.8988799 -0.0092941 69.3105727
-0.8935251 0.4365720 0.1049665 -97.6822982
0.0984098 -0.0376810 0.9944323 9.8945836
0.0000000 0.0000000 0.0000000 1.0000000
0.4423531 0.8968124 -0.0071602 69.6309257
-0.8915790 0.4406072 0.1046530 -98.3110840
0.0970089 -0.0399097 0.9944830 9.9751863
0.0000000 0.0000000 0.0000000 1.0000000
0.4455388 0.8952408 -0.0062513 69.9387807
-0.8897670 0.4435655 0.1075381 -98.9232362
0.0990454 -0.0423502 0.9941813 10.0504289
0.0000000 0.0000000 0.0000000 1.0000000
0.4484549 0.8937723 -0.0076869 70.2470780
-0.8880834 0.4465391 0.1091363 -99.5242422
0.1009755 -0.0421161 0.9939971 10.1319703
0.0000000 0.0000000 0.0000000 1.0000000
0.4500003 0.8929869 -0.0086107 70.5534165
-0.8873053 0.4481854 0.1087162 -100.1286137
0.1009414 -0.0412821 0.9940355 10.2264796
0.0000000 0.0000000 0.0000000 1.0000000
0.4514608 0.8922412 -0.0094208 70.8571640
-0.8867656 0.4498133 0.1063714 -100.7183068
0.0991466 -0.0396685 0.9942818 10.3093112
0.0000000 0.0000000 0.0000000 1.0000000
0.4526483 0.8916453 -0.0088343 71.1549685
-0.8861746 0.4509270 0.1065812 -101.2917283
0.0990162 -0.0404151 0.9942648 10.3729200
0.0000000 0.0000000 0.0000000 1.0000000
0.4552566 0.8903171 -0.0087629 71.4475822
-0.8849697 0.4535597 0.1054148 -101.8678251
