0.9999999 -0.0004293 -0.0002366 -0.0000728
0.0004294 0.9999998 0.0003686 -0.0052779
0.0002364 -0.0003687 0.9999999 -0.0028862
0.0000000 0.0000000 0.0000000 1.0000000
0.9999981 -0.0003552 0.0019145 1.3029083
0.0003583 0.9999986 -0.0016088 -0.0031668
-0.0019139 0.0016095 0.9999969 0.0208318
0.0000000 0.0000000 0.0000000 1.0000000
0.9999948 -0.0005145 0.0031684 2.6216025
0.0005236 0.9999958 -0.0028635 -0.0093224
-0.0031669 0.0028651 0.9999909 0.0289829
0.0000000 0.0000000 0.0000000 1.0000000
0.9999925 -0.0003103 0.0038526 3.9379051
0.0003290 0.9999883 -0.0048316 -0.0191419
-0.0038511 0.0048329 0.9999809 0.0441546
0.0000000 0.0000000 0.0000000 1.0000000
0.9999943 -0.0002469 0.0033599 5.2489049
0.0002656 0.9999846 -0.0055491 -0.0332971
-0.0033585 0.0055499 0.9999790 0.0479516
0.0000000 0.0000000 0.0000000 1.0000000
0.9999876 0.0006055 0.0049351 6.5719314
-0.0005786 0.9999850 -0.0054420 -0.0321023
-0.0049383 0.0054391 0.9999730 0.0502747
0.0000000 0.0000000 0.0000000 1.0000000
0.9999766 0.0007835 0.0067915 7.8907785
-0.0007360 0.9999753 -0.0069912 -0.0486995
-0.0067968 0.0069860 0.9999525 0.0564247
0.0000000 0.0000000 0.0000000 1.0000000
0.9999705 0.0000711 0.0076831 9.2219714
-0.0000194 0.9999774 -0.0067272 -0.0566856
-0.0076834 0.0067268 0.9999479 0.0533911
0.0000000 0.0000000 0.0000000 1.0000000
0.9999813 -0.0004585 0.0060924 10.5512135
0.0004948 0.9999821 -0.0059628 -0.0610589
-0.0060895 0.0059657 0.9999637 0.0490353
0.0000000 0.0000000 0.0000000 1.0000000
0.9999872 -0.0003776 0.0050490 11.8792779
0.0003934 0.9999950 -0.0031355 -0.0518582
-0.0050478 0.0031375 0.9999823 0.0574157
0.0000000 0.0000000 0.0000000 1.0000000
0.9999894 -0.0000120 0.0045962 13.2216988
0.0000180 0.9999991 -0.0013124 -0.0489010
-0.0045962 0.0013125 0.9999886 0.0573116
0.0000000 0.0000000 0.0000000 1.0000000
0.9999814 0.0001941 0.0061022 14.5679893
-0.0001997 0.9999996 0.0009214 -0.0422626
-0.0061021 -0.0009226 0.9999810 0.0520862
0.0000000 0.0000000 0.0000000 1.0000000
0.9999801 0.0001262 0.0063058 15.9150080
-0.0001285 0.9999999 0.0003605 -0.0558365
-0.0063057 -0.0003613 0.9999801 0.0482374
0.0000000 0.0000000 0.0000000 1.0000000
0.9999692 0.0000974 0.0078421 17.2648100
-0.0000863 0.9999990 -0.0014172 -0.0670899
-0.0078422 0.0014164 0.9999682 0.0453899
0.0000000 0.0000000 0.0000000 1.0000000
0.9999537 0.0004441 0.0096132 18.6142740
-0.0003992 0.9999890 -0.0046690 -0.0782630
-0.0096152 0.0046649 0.9999429 0.0554434
0.0000000 0.0000000 0.0000000 1.0000000
0.9999589 0.0000952 0.0090617 19.9559262
-0.0000363 0.9999789 -0.0064969 -0.1017740
-0.0090621 0.0064964 0.9999378 0.0618536
0.0000000 0.0000000 0.0000000 1.0000000
0.9999766 -0.0003538 0.0068288 21.2966339
0.0003967 0.9999802 -0.0062797 -0.1291613
-0.0068264 0.0062823 0.9999570 0.0652537
0.0000000 0.0000000 0.0000000 1.0000000
0.9999842 -0.0000268 0.0056194 22.6517822
0.0000492 0.9999921 -0.0039719 -0.1492085
-0.0056193 0.0039722 0.9999763 0.0810985
0.0000000 0.0000000 0.0000000 1.0000000
0.9999861 0.0011539 0.0051358 24.0109089
-0.0011460 0.9999982 -0.0015446 -0.1563930
-0.0051375 0.0015387 0.9999856 0.0673670
0.0000000 0.0000000 0.0000000 1.0000000
0.9999673 0.0017557 0.0078946 25.3739264
-0.0017499 0.9999982 -0.0007434 -0.1576927
-0.0078959 0.0007296 0.9999686 0.0831354
0.0000000 0.0000000 0.0000000 1.0000000
0.9999516 0.0018839 0.0096512 26.7446908
-0.0018723 0.9999975 -0.0012074 -0.1729530
-0.0096535 0.0011893 0.9999527 0.0955189
0.0000000 0.0000000 0.0000000 1.0000000
0.9999471 0.0021668 0.0100517 28.1115556
-0.0021088 0.9999811 -0.0057708 -0.1799294
-0.0100640 0.0057493 0.9999328 0.1188229
0.0000000 0.0000000 0.0000000 1.0000000
0.9999756 0.0028330 0.0063907 29.4766583
-0.0027943 0.9999777 -0.0060614 -0.1912211
-0.0064077 0.0060434 0.9999612 0.0951320
0.0000000 0.0000000 0.0000000 1.0000000
0.9999751 0.0045451 0.0053927 30.8470470
-0.0045085 0.9999669 -0.0067747 -0.1996084
-0.0054233 0.0067502 0.9999625 0.1193932
0.0000000 0.0000000 0.0000000 1.0000000
0.9999798 0.0056800 0.0028542 32.2407137
-0.0056748 0.9999822 -0.0018353 -0.1956059
-0.0028646 0.0018190 0.9999942 0.1276522
0.0000000 0.0000000 0.0000000 1.0000000
0.9999804 0.0061223 -0.0013082 33.6266325
-0.0061241 0.9999803 -0.0013743 -0.2064440
0.0012998 0.0013823 0.9999982 0.1432101
0.0000000 0.0000000 0.0000000 1.0000000
0.9999772 0.0065861 -0.0014877 34.9980902
-0.0065848 0.9999779 0.0008938 -0.2232369
0.0014936 -0.0008839 0.9999985 0.1568390
0.0000000 0.0000000 0.0000000 1.0000000
0.9999786 0.0064559 -0.0010211 36.4085889
-0.0064566 0.9999790 -0.0006168 -0.2304325
0.0010171 0.0006234 0.9999993 0.1688134
0.0000000 0.0000000 0.0000000 1.0000000
0.9999850 0.0054731 -0.0003890 37.7904811
-0.0054726 0.9999840 0.0014171 -0.2318681
0.0003968 -0.0014149 0.9999989 0.1813278
0.0000000 0.0000000 0.0000000 1.0000000
0.9999860 0.0051445 -0.0012112 39.1948446
-0.0051395 0.9999786 0.0040585 -0.2468733
0.0012320 -0.0040522 0.9999910 0.1933906
0.0000000 0.0000000 0.0000000 1.0000000
0.9999850 0.0052500 -0.0015323 40.5899898
-0.0052422 0.9999733 0.0050822 -0.2526375
0.0015589 -0.0050741 0.9999859 0.2240936
0.0000000 0.0000000 0.0000000 1.0000000
0.9999863 0.0051024 -0.0011960 41.9806594
-0.0050932 0.9999581 0.0076103 -0.2586547
0.0012348 -0.0076041 0.9999703 0.2345355
0.0000000 0.0000000 0.0000000 1.0000000
0.9999890 0.0046331 0.0007190 43.3933134
-0.0046401 0.9999391 0.0100104 -0.2656599
-0.0006725 -0.0100137 0.9999496 0.2520210
0.0000000 0.0000000 0.0000000 1.0000000
0.9999914 0.0041304 -0.0004359 44.7993527
-0.0041260 0.9999452 0.0096223 -0.2719040
0.0004756 -0.0096204 0.9999536 0.2862891
0.0000000 0.0000000 0.0000000 1.0000000
0.9999939 0.0029640 -0.0018221 46.2176079
-0.0029439 0.9999360 0.0109264 -0.2798269
0.0018544 -0.0109209 0.9999386 0.3031644
0.0000000 0.0000000 0.0000000 1.0000000
0.9999973 0.0021945 -0.0007713 47.6169189
-0.0021856 0.9999325 0.0114073 -0.2909059
0.0007963 -0.0114055 0.9999346 0.3169158
0.0000000 0.0000000 0.0000000 1.0000000
0.9999995 0.0010185 -0.0002420 49.0454709
-0.0010159 0.9999447 0.0104668 -0.3029216
0.0002527 -0.0104665 0.9999452 0.3364302
0.0000000 0.0000000 0.0000000 1.0000000
0.9999979 -0.0000356 -0.0020297 50.4560497
0.0000589 0.9999340 0.0114908 -0.2945396
0.0020292 -0.0114909 0.9999319 0.3470830
0.0000000 0.0000000 0.0000000 1.0000000
0.9999948 -0.0015767 -0.0028155 51.8870261
0.0016067 0.9999419 0.0106561 -0.3130385
0.0027985 -0.0106605 0.9999393 0.3610814
0.0000000 0.0000000 0.0000000 1.0000000
0.9999958 -0.0024233 -0.0015974 53.3159842
0.0024401 0.9999408 0.0106020 -0.3081504
0.0015716 -0.0106058 0.9999425 0.3693742
0.0000000 0.0000000 0.0000000 1.0000000
0.9999948 -0.0031353 -0.0007543 54.7478931
0.0031429 0.9999411 0.0103915 -0.3040424
0.0007216 -0.0103938 0.9999457 0.3777208
0.0000000 0.0000000 0.0000000 1.0000000
0.9999903 -0.0043624 -0.0005602 56.1853962
0.0043674 0.9999489 0.0091145 -0.3125678
0.0005204 -0.0091169 0.9999583 0.3977557
0.0000000 0.0000000 0.0000000 1.0000000
0.9999872 -0.0049411 -0.0010404 57.6138763
0.0049482 0.9999634 0.0069732 -0.3033100
0.0010059 -0.0069783 0.9999751 0.4139811
0.0000000 0.0000000 0.0000000 1.0000000
0.9999845 -0.0055432 0.0005069 59.0272155
0.0055404 0.9999706 0.0053002 -0.3034937
-0.0005362 -0.0052974 0.9999858 0.4429908
0.0000000 0.0000000 0.0000000 1.0000000
0.9999857 -0.0052517 0.0010322 60.4637833
0.0052480 0.9999799 0.0035532 -0.3109805
-0.0010508 -0.0035478 0.9999932 0.4678292
0.0000000 0.0000000 0.0000000 1.0000000
0.9999835 -0.0054727 0.0017743 61.8878529
0.0054658 0.9999776 0.0038535 -0.3147964
-0.0017953 -0.0038437 0.9999910 0.4814553
0.0000000 0.0000000 0.0000000 1.0000000
0.9999881 -0.0047742 0.0009894 63.3051769
0.0047725 0.9999872 0.0016836 -0.3205512
-0.0009974 -0.0016789 0.9999981 0.4929842
0.0000000 0.0000000 0.0000000 1.0000000
0.9999890 -0.0045779 0.0010005 64.7188237
0.0045758 0.9999874 0.0020808 -0.3260745
-0.0010100 -0.0020762 0.9999973 0.4951364
0.0000000 0.0000000 0.0000000 1.0000000
0.9999924 -0.0037334 0.0011332 66.1309826
0.0037314 0.9999915 0.0017615 -0.3220555
-0.0011398 -0.0017573 0.9999978 0.5060283
0.0000000 0.0000000 0.0000000 1.0000000
0.9999927 -0.0034317 0.0016925 67.5676965
0.0034207 0.9999734 0.0064410 -0.3193690
-0.0017146 -0.0064352 0.9999778 0.5166891
0.0000000 0.0000000 0.0000000 1.0000000
0.9999895 -0.0025000 0.0038479 68.9703298
0.0024718 0.9999701 0.0073332 -0.3142377
-0.0038661 -0.0073236 0.9999657 0.5231935
0.0000000 0.0000000 0.0000000 1.0000000
0.9999882 -0.0015968 0.0045785 70.3711364
0.0015529 0.9999529 0.0095767 -0.3078637
-0.0045936 -0.0095694 0.9999437 0.5247537
0.0000000 0.0000000 0.0000000 1.0000000
0.9999707 -0.0003309 0.0076440 71.7830853
0.0002321 0.9999165 0.0129225 -0.3018630
-0.0076476 -0.0129204 0.9998873 0.5312823
0.0000000 0.0000000 0.0000000 1.0000000
0.9999687 -0.0005255 0.0078940 73.1696491
0.0003940 0.9998613 0.0166472 -0.3064384
-0.0079016 -0.0166435 0.9998303 0.5470305
0.0000000 0.0000000 0.0000000 1.0000000
0.9999757 -0.0000012 0.0069682 74.5774379
-0.0001294 0.9998244 0.0187391 -0.3058452
-0.0069670 -0.0187396 0.9998001 0.5486854
0.0000000 0.0000000 0.0000000 1.0000000
0.9999830 0.0005724 0.0058079 75.9649527
-0.0007033 0.9997452 0.0225624 -0.3044209
-0.0057935 -0.0225661 0.9997286 0.5504608
0.0000000 0.0000000 0.0000000 1.0000000
0.9999869 0.0006612 0.0050741 77.3694283
-0.0007839 0.9997063 0.0242221 -0.3080050
-0.0050566 -0.0242257 0.9996937 0.5560354
0.0000000 0.0000000 0.0000000 1.0000000
0.9999861 0.0007571 0.0052198 78.7090994
-0.0008814 0.9997148 0.0238640 -0.3174976
-0.0052002 -0.0238683 0.9997016 0.5670300
0.0000000 0.0000000 0.0000000 1.0000000
0.9999734 0.0008418 0.0072454 80.0945258
-0.0010180 0.9997029 0.0243513 -0.3313504
-0.0072228 -0.0243580 0.9996772 0.5775050
0.0000000 0.0000000 0.0000000 1.0000000
0.9999787 0.0011290 0.0064241 81.4611120
-0.0012904 0.9996823 0.0251727 -0.3334890
-0.0063936 -0.0251804 0.9996625 0.5755167
0.0000000 0.0000000 0.0000000 1.0000000
0.9999758 0.0012666 0.0068471 82.7959701
-0.0014404 0.9996752 0.0254439 -0.3341225
-0.0068127 -0.0254532 0.9996528 0.5790644
0.0000000 0.0000000 0.0000000 1.0000000
0.9999758 0.0008469 0.0069024 84.1700408
-0.0010188 0.9996884 0.0249398 -0.3408325
-0.0068791 -0.0249462 0.9996651 0.5790235
0.0000000 0.0000000 0.0000000 1.0000000
0.9999774 0.0003447 0.0067124 85.4895456
-0.0005176 0.9996679 0.0257652 -0.3433901
-0.0067013 -0.0257681 0.9996455 0.5764719
0.0000000 0.0000000 0.0000000 1.0000000
0.9999811 -0.0005355 0.0061173 86.8833959
0.0003738 0.9996510 0.0264132 -0.3393351
-0.0061293 -0.0264104 0.9996324 0.5863373
0.0000000 0.0000000 0.0000000 1.0000000
0.9999715 -0.0012318 0.0074455 88.2485663
0.0010301 0.9996338 0.0270399 -0.3526014
-0.0074761 -0.0270314 0.9996066 0.5840553
0.0000000 0.0000000 0.0000000 1.0000000
0.9999603 -0.0023611 0.0085874 89.5708826
0.0021460 0.9996861 0.0249628 -0.3493399
-0.0086437 -0.0249434 0.9996515 0.5890958
0.0000000 0.0000000 0.0000000 1.0000000
0.9999706 -0.0029906 0.0070607 90.9346125
0.0028179 0.9996997 0.0243440 -0.3574540
-0.0071313 -0.0243234 0.9996787 0.5905430
0.0000000 0.0000000 0.0000000 1.0000000
0.9999722 -0.0035384 0.0065611 92.2694112
0.0033823 0.9997145 0.0236536 -0.3515508
-0.0066429 -0.0236307 0.9996987 0.6004621
0.0000000 0.0000000 0.0000000 1.0000000
0.9999702 -0.0037976 0.0067207 93.6510185
0.0036394 0.9997196 0.0233977 -0.3475406
-0.0068076 -0.0233726 0.9997036 0.6172488
0.0000000 0.0000000 0.0000000 1.0000000
0.9999771 -0.0035698 0.0057427 94.9984597
0.0034289 0.9996975 0.0243557 -0.3466988
-0.0058279 -0.0243354 0.9996869 0.6207629
0.0000000 0.0000000 0.0000000 1.0000000
0.9999782 -0.0036480 0.0054997 96.3430829
0.0035140 0.9997013 0.0241849 -0.3363268
-0.0055863 -0.0241651 0.9996924 0.6455996
0.0000000 0.0000000 0.0000000 1.0000000
0.9999722 -0.0031357 0.0067707 97.6991951
0.0029536 0.9996379 0.0267443 -0.3320276
-0.0068521 -0.0267235 0.9996194 0.6391884
0.0000000 0.0000000 0.0000000 1.0000000
0.9999695 -0.0024242 0.0074277 99.0298561
0.0022155 0.9996060 0.0279817 -0.3209014
-0.0074926 -0.0279644 0.9995808 0.6342482
0.0000000 0.0000000 0.0000000 1.0000000
0.9999536 -0.0020012 0.0094258 100.3683344
0.0017259 0.9995743 0.0291231 -0.3165801
-0.0094800 -0.0291055 0.9995314 0.6304754
0.0000000 0.0000000 0.0000000 1.0000000
0.9999337 -0.0017586 0.0113789 101.6980419
0.0014318 0.9995880 0.0286656 -0.3055130
-0.0114246 -0.0286474 0.9995243 0.6357687
0.0000000 0.0000000 0.0000000 1.0000000
0.9999244 -0.0014802 0.0122096 103.0478587
0.0011235 0.9995738 0.0291707 -0.3044526
-0.0122476 -0.0291548 0.9994999 0.6377691
0.0000000 0.0000000 0.0000000 1.0000000
0.9999510 -0.0012485 0.0098210 104.3874721
0.0009458 0.9995262 0.0307650 -0.3003723
-0.0098548 -0.0307542 0.9994784 0.6281853
0.0000000 0.0000000 0.0000000 1.0000000
0.9999653 -0.0015854 0.0081815 105.6952145
0.0013363 0.9995380 0.0303640 -0.2989153
-0.0082259 -0.0303520 0.9995054 0.6222692
0.0000000 0.0000000 0.0000000 1.0000000
0.9999638 -0.0014534 0.0083798 107.0383112
0.0012080 0.9995724 0.0292163 -0.2974620
-0.0084187 -0.0292052 0.9995380 0.6095982
0.0000000 0.0000000 0.0000000 1.0000000
0.9999520 -0.0005876 0.0097836 108.3579630
0.0003357 0.9996689 0.0257288 -0.2965086
-0.0097955 -0.0257243 0.9996211 0.6145979
0.0000000 0.0000000 0.0000000 1.0000000
0.9999291 0.0002000 0.0119054 109.6966597
-0.0005120 0.9996564 0.0262079 -0.2935294
-0.0118960 -0.0262121 0.9995856 0.6192087
0.0000000 0.0000000 0.0000000 1.0000000
0.9999518 0.0012309 0.0097431 111.0003412
-0.0014808 0.9996691 0.0256825 -0.2993781
-0.0097083 -0.0256956 0.9996227 0.6155468
0.0000000 0.0000000 0.0000000 1.0000000
0.9999644 0.0023590 0.0081033 112.3058089
-0.0025834 0.9996101 0.0278038 -0.3013257
-0.0080345 -0.0278238 0.9995806 0.6107668
0.0000000 0.0000000 0.0000000 1.0000000
0.9999720 0.0036274 0.0065389 113.6473687
-0.0038144 0.9995777 0.0288080 -0.3089747
-0.0064316 -0.0288321 0.9995636 0.6099148
0.0000000 0.0000000 0.0000000 1.0000000
0.9999746 0.0056125 0.0044017 114.9723766
-0.0057377 0.9995637 0.0289752 -0.3103895
-0.0042372 -0.0289997 0.9995704 0.6139728
0.0000000 0.0000000 0.0000000 1.0000000
0.9999372 0.0070101 0.0087460 116.3223012
-0.0072735 0.9995097 0.0304537 -0.3146831
-0.0085283 -0.0305154 0.9994979 0.6127075
0.0000000 0.0000000 0.0000000 1.0000000
0.9999111 0.0078545 0.0107728 117.6164563
-0.0081712 0.9995262 0.0296736 -0.3244573
-0.0105346 -0.0297590 0.9995016 0.6222397
0.0000000 0.0000000 0.0000000 1.0000000
0.9998983 0.0086239 0.0113560 118.9534724
-0.0089385 0.9995695 0.0279436 -0.3327503
-0.0111101 -0.0280423 0.9995450 0.6253783
0.0000000 0.0000000 0.0000000 1.0000000
0.9999050 0.0095175 0.0099665 120.2799976
-0.0097845 0.9995849 0.0270985 -0.3475484
-0.0097044 -0.0271935 0.9995831 0.6207539
0.0000000 0.0000000 0.0000000 1.0000000
0.9998968 0.0108478 0.0094200 121.5909939
-0.0111048 0.9995556 0.0276652 -0.3546066
-0.0091157 -0.0277670 0.9995729 0.6131014
0.0000000 0.0000000 0.0000000 1.0000000
0.9998930 0.0116795 0.0088134 122.9375069
-0.0119254 0.9995259 0.0283859 -0.3745767
-0.0084776 -0.0284880 0.9995582 0.6336538
0.0000000 0.0000000 0.0000000 1.0000000
0.9998802 0.0130295 0.0083530 124.2628139
-0.0132690 0.9994829 0.0292890 -0.3918103
-0.0079670 -0.0293963 0.9995361 0.6364143
0.0000000 0.0000000 0.0000000 1.0000000
0.9998605 0.0139022 0.0092607 125.6176932
-0.0141579 0.9995036 0.0281440 -0.4193819
-0.0088649 -0.0282712 0.9995610 0.6403698
0.0000000 0.0000000 0.0000000 1.0000000
0.9998426 0.0154762 0.0086801 126.9772850
-0.0156980 0.9995363 0.0260912 -0.4456500
-0.0082723 -0.0262234 0.9996219 0.6452916
0.0000000 0.0000000 0.0000000 1.0000000
0.9998328 0.0164643 0.0079518 128.3114220
-0.0166687 0.9995136 0.0263558 -0.4712388
-0.0075140 -0.0264839 0.9996210 0.6357239
0.0000000 0.0000000 0.0000000 1.0000000
0.9998143 0.0173127 0.0084579 129.6511761
-0.0175332 0.9994890 0.0267281 -0.4988553
-0.0079908 -0.0268714 0.9996070 0.6324700
0.0000000 0.0000000 0.0000000 1.0000000
0.9998051 0.0177091 0.0087302 130.9519397
-0.0179287 0.9995078 0.0257438 -0.5264371
-0.0082700 -0.0258953 0.9996305 0.6446190
0.0000000 0.0000000 0.0000000 1.0000000
0.9998023 0.0177813 0.0088995 132.3037069
-0.0179964 0.9995326 0.0247119 -0.5599751
-0.0084559 -0.0248671 0.9996550 0.6549396
0.0000000 0.0000000 0.0000000 1.0000000
0.9997791 0.0185221 0.0099332 133.6441710
-0.0187483 0.9995553 0.0231892 -0.5910632
-0.0094993 -0.0233703 0.9996817 0.6564094
0.0000000 0.0000000 0.0000000 1.0000000
0.9997948 0.0176411 0.0099564 134.9479338
-0.0178604 0.9995898 0.0223864 -0.6189569
-0.0095574 -0.0225596 0.9996998 0.6536797
0.0000000 0.0000000 0.0000000 1.0000000
0.9998199 0.0166696 0.0090663 136.3014998
-0.0168596 0.9996310 0.0212993 -0.6388580
-0.0087079 -0.0214483 0.9997320 0.6494565
0.0000000 0.0000000 0.0000000 1.0000000
0.9998196 0.0160546 0.0101507 137.6302402
-0.0162371 0.9997033 0.0181541 -0.6743475
-0.0098562 -0.0183156 0.9997837 0.6536631
0.0000000 0.0000000 0.0000000 1.0000000
0.9998280 0.0153463 0.0104139 138.9819898
-0.0155228 0.9997334 0.0170922 -0.6994574
-0.0101488 -0.0172510 0.9997997 0.6535245
0.0000000 0.0000000 0.0000000 1.0000000
0.9998354 0.0142203 0.0112702 140.3123141
-0.0144042 0.9997616 0.0164110 -0.7271682
-0.0110341 -0.0165706 0.9998018 0.6636441
0.0000000 0.0000000 0.0000000 1.0000000
0.9998609 0.0130582 0.0103799 141.6674803
-0.0132159 0.9997961 0.0152686 -0.7615967
-0.0101784 -0.0154037 0.9998295 0.6705627
0.0000000 0.0000000 0.0000000 1.0000000
0.9998732 0.0121496 0.0102940 143.0023627
-0.0123059 0.9998078 0.0152606 -0.7830770
-0.0101066 -0.0153854 0.9998306 0.6779374
0.0000000 0.0000000 0.0000000 1.0000000
0.9999096 0.0113593 0.0072001 144.3586097
-0.0114641 0.9998265 0.0146816 -0.8063483
-0.0070321 -0.0147628 0.9998663 0.6718041
0.0000000 0.0000000 0.0000000 1.0000000
0.9999185 0.0101009 0.0078076 145.7089470
-0.0101825 0.9998932 0.0104873 -0.8406012
-0.0077008 -0.0105659 0.9999145 0.6817633
0.0000000 0.0000000 0.0000000 1.0000000
0.9999197 0.0090456 0.0088735 147.0295606
-0.0090776 0.9999524 0.0035746 -0.8674815
-0.0088407 -0.0036549 0.9999542 0.6845058
0.0000000 0.0000000 0.0000000 1.0000000
0.9999266 0.0069333 0.0099377 148.3714232
-0.0069099 0.9999733 -0.0023862 -0.8939303
-0.0099540 0.0023174 0.9999478 0.6923990
0.0000000 0.0000000 0.0000000 1.0000000
0.9999670 0.0053936 0.0060789 149.6996020
-0.0053647 0.9999742 -0.0047680 -0.9145193
-0.0061045 0.0047353 0.9999702 0.7076917
0.0000000 0.0000000 0.0000000 1.0000000
0.9999656 0.0059195 0.0058048 151.0265454
-0.0058955 0.9999741 -0.0041407 -0.9397118
-0.0058292 0.0041063 0.9999746 0.7076986
0.0000000 0.0000000 0.0000000 1.0000000
0.9999634 0.0067546 0.0052490 152.3660991
-0.0067580 0.9999770 0.0006363 -0.9472049
-0.0052445 -0.0006717 0.9999860 0.7041096
0.0000000 0.0000000 0.0000000 1.0000000
0.9999530 0.0078142 0.0057356 153.6804425
-0.0078173 0.9999693 0.0005223 -0.9564456
-0.0057313 -0.0005672 0.9999834 0.7169379
0.0000000 0.0000000 0.0000000 1.0000000
0.9999259 0.0089579 0.0082442 155.0368396
-0.0089382 0.9999571 -0.0024331 -0.9713515
-0.0082657 0.0023593 0.9999631 0.7313901
0.0000000 0.0000000 0.0000000 1.0000000
0.9999092 0.0096865 0.0093701 156.3893260
-0.0096331 0.9999372 -0.0057292 -1.0067375
-0.0094250 0.0056384 0.9999397 0.7395786
0.0000000 0.0000000 0.0000000 1.0000000
0.9999144 0.0097971 0.0086759 157.7302905
-0.0097177 0.9999110 -0.0091414 -1.0219839
-0.0087647 0.0090563 0.9999206 0.7366114
0.0000000 0.0000000 0.0000000 1.0000000
0.9999166 0.0091592 0.0091050 159.0780420
-0.0090569 0.9998961 -0.0112175 -1.0363996
-0.0092068 0.0111341 0.9998956 0.7439861
0.0000000 0.0000000 0.0000000 1.0000000
0.9999101 0.0100675 0.0088557 160.4037845
-0.0099815 0.9999031 -0.0097045 -1.0543513
-0.0089525 0.0096153 0.9999137 0.7521317
0.0000000 0.0000000 0.0000000 1.0000000
0.9999043 0.0103363 0.0091958 161.7494768
-0.0102750 0.9999248 -0.0066890 -1.0663534
-0.0092642 0.0065939 0.9999353 0.7621173
0.0000000 0.0000000 0.0000000 1.0000000
0.9999070 0.0110603 0.0079745 163.0854754
-0.0110490 0.9999379 -0.0014513 -1.0865140
-0.0079901 0.0013631 0.9999671 0.7765917
0.0000000 0.0000000 0.0000000 1.0000000
0.9999072 0.0115845 0.0071746 164.4379952
-0.0115882 0.9999327 0.0004768 -1.0955258
-0.0071686 -0.0005599 0.9999741 0.7957196
0.0000000 0.0000000 0.0000000 1.0000000
0.9998897 0.0118623 0.0089327 165.7994715
-0.0118862 0.9999259 0.0026208 -1.1080673
-0.0089009 -0.0027267 0.9999567 0.8044713
0.0000000 0.0000000 0.0000000 1.0000000
0.9999010 0.0112823 0.0084061 167.1429751
-0.0113161 0.9999280 0.0039857 -1.1241138
-0.0083606 -0.0040804 0.9999567 0.8227188
0.0000000 0.0000000 0.0000000 1.0000000
0.9998929 0.0114676 0.0090889 168.4996334
-0.0115241 0.9999144 0.0061881 -1.1447570
-0.0090171 -0.0062921 0.9999395 0.8262211
0.0000000 0.0000000 0.0000000 1.0000000
0.9999226 0.0111887 0.0054321 169.8460462
-0.0112355 0.9998993 0.0086737 -1.1565974
-0.0053345 -0.0087340 0.9999476 0.8196642
0.0000000 0.0000000 0.0000000 1.0000000
0.9999239 0.0109293 0.0057184 171.1934633
-0.0110045 0.9998512 0.0132863 -1.1545998
-0.0055723 -0.0133483 0.9998954 0.8297643
0.0000000 0.0000000 0.0000000 1.0000000
0.9998975 0.0111195 0.0090148 172.5819914
-0.0112754 0.9997844 0.0174360 -1.1696572
-0.0088190 -0.0175358 0.9998073 0.8264807
0.0000000 0.0000000 0.0000000 1.0000000
0.9998783 0.0120043 0.0099618 173.9245009
-0.0121896 0.9997497 0.0187617 -1.1896635
-0.0097341 -0.0188809 0.9997744 0.8263361
0.0000000 0.0000000 0.0000000 1.0000000
0.9998621 0.0117942 0.0116885 175.2669213
-0.0120173 0.9997435 0.0191987 -1.2181459
-0.0114590 -0.0193365 0.9997474 0.8341316
0.0000000 0.0000000 0.0000000 1.0000000
0.9998672 0.0104583 0.0125000 176.6197600
-0.0106729 0.9997947 0.0172211 -1.2447612
-0.0123174 -0.0173523 0.9997736 0.8453362
0.0000000 0.0000000 0.0000000 1.0000000
0.9998907 0.0086431 0.0119979 178.0179883
-0.0088435 0.9998205 0.0167546 -1.2625028
-0.0118509 -0.0168589 0.9997876 0.8563364
0.0000000 0.0000000 0.0000000 1.0000000
0.9999440 0.0068281 0.0080802 179.3672637
-0.0069689 0.9998221 0.0175284 -1.2849239
-0.0079591 -0.0175837 0.9998137 0.8524356
0.0000000 0.0000000 0.0000000 1.0000000
0.9999619 0.0054957 0.0067871 180.7784473
-0.0056308 0.9997832 0.0200460 -1.2963406
-0.0066755 -0.0200834 0.9997760 0.8692946
0.0000000 0.0000000 0.0000000 1.0000000
0.9999751 0.0055993 0.0042991 182.1627678
-0.0057136 0.9996177 0.0270523 -1.3017003
-0.0041460 -0.0270761 0.9996248 0.8721579
0.0000000 0.0000000 0.0000000 1.0000000
0.9999802 0.0051510 0.0036002 183.5268562
-0.0052503 0.9995904 0.0281344 -1.3043716
-0.0034538 -0.0281527 0.9995977 0.8776144
0.0000000 0.0000000 0.0000000 1.0000000
0.9999584 0.0060104 0.0068627 184.9442158
-0.0062051 0.9995684 0.0287134 -1.3156758
-0.0066872 -0.0287547 0.9995641 0.9007906
0.0000000 0.0000000 0.0000000 1.0000000
0.9999551 0.0063038 0.0070815 186.3487046
-0.0064938 0.9996109 0.0271255 -1.3258303
-0.0069077 -0.0271703 0.9996069 0.8979719
0.0000000 0.0000000 0.0000000 1.0000000
0.9999582 0.0064223 0.0065052 187.7520968
-0.0065868 0.9996508 0.0255898 -1.3414987
-0.0063386 -0.0256315 0.9996514 0.9061588
0.0000000 0.0000000 0.0000000 1.0000000
0.9999516 0.0066870 0.0072123 189.1631883
-0.0068657 0.9996629 0.0250383 -1.3537796
-0.0070424 -0.0250866 0.9996605 0.9098519
0.0000000 0.0000000 0.0000000 1.0000000
0.9999230 0.0071286 0.0101559 190.5611434
-0.0073896 0.9996373 0.0258971 -1.3612665
-0.0099676 -0.0259702 0.9996130 0.9092358
0.0000000 0.0000000 0.0000000 1.0000000
0.9999160 0.0069145 0.0109649 191.9716816
-0.0071860 0.9996638 0.0249143 -1.3789956
-0.0107890 -0.0249910 0.9996295 0.9102395
0.0000000 0.0000000 0.0000000 1.0000000
0.9998727 0.0076263 0.0140123 193.3722959
-0.0079310 0.9997304 0.0218231 -1.4043566
-0.0138421 -0.0219314 0.9996636 0.9155012
0.0000000 0.0000000 0.0000000 1.0000000
0.9998115 0.0079200 0.0177281 194.7849006
-0.0082452 0.9997977 0.0183441 -1.4273407
-0.0175792 -0.0184869 0.9996746 0.9206184
0.0000000 0.0000000 0.0000000 1.0000000
0.9998080 0.0078938 0.0179339 196.1930914
-0.0081871 0.9998329 0.0163426 -1.4590432
-0.0178019 -0.0164862 0.9997056 0.9328867
0.0000000 0.0000000 0.0000000 1.0000000
0.9998681 0.0078894 0.0141998 197.6078410
-0.0081635 0.9997793 0.0193555 -1.4724472
-0.0140440 -0.0194688 0.9997118 0.9384269
0.0000000 0.0000000 0.0000000 1.0000000
0.9999054 0.0084068 0.0108855 199.0141133
-0.0086798 0.9996428 0.0252759 -1.4785852
-0.0106692 -0.0253680 0.9996212 0.9432710
0.0000000 0.0000000 0.0000000 1.0000000
0.9999153 0.0097985 0.0085655 200.4337495
-0.0100745 0.9994110 0.0328039 -1.4870657
-0.0082390 -0.0328874 0.9994251 0.9466177
0.0000000 0.0000000 0.0000000 1.0000000
0.9998570 0.0111533 0.0127091 201.9060415
-0.0116234 0.9992277 0.0375359 -1.4892497
-0.0122807 -0.0376782 0.9992145 0.9427763
0.0000000 0.0000000 0.0000000 1.0000000
0.9998007 0.0118854 0.0160384 203.3622448
-0.0124912 0.9991913 0.0382190 -1.5003765
-0.0155712 -0.0384117 0.9991407 0.9512994
0.0000000 0.0000000 0.0000000 1.0000000
0.9997815 0.0115492 0.0174228 204.8090443
-0.0122200 0.9991685 0.0388979 -1.5257716
-0.0169590 -0.0391023 0.9990913 0.9510996
0.0000000 0.0000000 0.0000000 1.0000000
0.9997837 0.0108086 0.0177713 206.2597995
-0.0114530 0.9992654 0.0365717 -1.5525659
-0.0173629 -0.0367673 0.9991730 0.9367880
0.0000000 0.0000000 0.0000000 1.0000000
0.9997860 0.0098661 0.0181808 207.6730439
-0.0104838 0.9993602 0.0341939 -1.5772424
-0.0178318 -0.0343772 0.9992498 0.9229914
0.0000000 0.0000000 0.0000000 1.0000000
0.9997899 0.0095889 0.0181153 209.1515944
-0.0102191 0.9993343 0.0350215 -1.6010996
-0.0177674 -0.0351992 0.9992224 0.9008071
0.0000000 0.0000000 0.0000000 1.0000000
0.9997343 0.0095260 0.0209899 210.5710974
-0.0102912 0.9992751 0.0366527 -1.6233073
-0.0206256 -0.0368590 0.9991076 0.8769434
0.0000000 0.0000000 0.0000000 1.0000000
0.9996729 0.0096693 0.0236788 212.0829299
-0.0106337 0.9991048 0.0409450 -1.6451977
-0.0232617 -0.0411834 0.9988808 0.8467037
0.0000000 0.0000000 0.0000000 1.0000000
0.9996686 0.0094409 0.0239513 213.5329079
-0.0104027 0.9991313 0.0403529 -1.6653507
-0.0235495 -0.0405887 0.9988984 0.8462342
0.0000000 0.0000000 0.0000000 1.0000000
0.9996968 0.0093013 0.0227996 214.9762870
-0.0102054 0.9991530 0.0398644 -1.6831595
-0.0224095 -0.0400850 0.9989449 0.8392906
0.0000000 0.0000000 0.0000000 1.0000000
0.9996514 0.0093179 0.0247047 216.4510087
-0.0102895 0.9991667 0.0394981 -1.7076241
-0.0243161 -0.0397385 0.9989142 0.8259021
0.0000000 0.0000000 0.0000000 1.0000000
0.9996505 0.0089742 0.0248649 217.9259044
-0.0099429 0.9991852 0.0391152 -1.7307067
-0.0244936 -0.0393487 0.9989253 0.8083406
0.0000000 0.0000000 0.0000000 1.0000000
0.9996484 0.0086478 0.0250661 219.3851638
-0.0096489 0.9991492 0.0400963 -1.7481345
-0.0246980 -0.0403241 0.9988814 0.7932593
0.0000000 0.0000000 0.0000000 1.0000000
0.9996550 0.0083463 0.0249031 220.8604641
-0.0093674 0.9991082 0.0411711 -1.7679013
-0.0245372 -0.0413902 0.9988417 0.7748653
0.0000000 0.0000000 0.0000000 1.0000000
0.9995941 0.0079968 0.0273437 222.3575120
-0.0092684 0.9988662 0.0466953 -1.7785389
-0.0269393 -0.0469297 0.9985349 0.7392077
0.0000000 0.0000000 0.0000000 1.0000000
0.9995709 0.0073849 0.0283445 223.8439764
-0.0087056 0.9988684 0.0467572 -1.7973149
-0.0279672 -0.0469839 0.9985041 0.7180492
0.0000000 0.0000000 0.0000000 1.0000000
0.9995354 0.0073262 0.0295860 225.3221218
-0.0088125 0.9986891 0.0504232 -1.8160236
-0.0291778 -0.0506605 0.9982896 0.6770849
0.0000000 0.0000000 0.0000000 1.0000000
0.9995466 0.0074099 0.0291854 226.8200905
-0.0089231 0.9986039 0.0520632 -1.8322296
-0.0287588 -0.0523000 0.9982172 0.6318926
0.0000000 0.0000000 0.0000000 1.0000000
0.9995697 0.0075213 0.0283527 228.2998136
-0.0089500 0.9986787 0.0506036 -1.8448517
-0.0279347 -0.0508356 0.9983163 0.6133293
0.0000000 0.0000000 0.0000000 1.0000000
0.9995338 0.0081380 0.0294282 229.8053420
-0.0096477 0.9986249 0.0515280 -1.8705644
-0.0289684 -0.0517879 0.9982379 0.5755313
0.0000000 0.0000000 0.0000000 1.0000000
0.9994721 0.0085631 0.0313400 231.2914811
-0.0101495 0.9986565 0.0508158 -1.8812356
-0.0308628 -0.0511071 0.9982162 0.5638071
0.0000000 0.0000000 0.0000000 1.0000000
0.9994894 0.0086320 0.0307639 232.7645936
-0.0101548 0.9987131 0.0496899 -1.8998687
-0.0302954 -0.0499769 0.9982908 0.5365503
0.0000000 0.0000000 0.0000000 1.0000000
0.9994701 0.0081431 0.0315143 234.2656821
-0.0097888 0.9985770 0.0524232 -1.9181260
-0.0310426 -0.0527039 0.9981276 0.5014411
0.0000000 0.0000000 0.0000000 1.0000000
0.9995156 0.0086305 0.0299017 235.7588351
-0.0102198 0.9985202 0.0534124 -1.9389225
-0.0293965 -0.0536921 0.9981247 0.4759812
0.0000000 0.0000000 0.0000000 1.0000000
0.9994779 0.0092202 0.0309661 237.2783733
-0.0108727 0.9985017 0.0536295 -1.9552389
-0.0304252 -0.0539382 0.9980806 0.4462473
0.0000000 0.0000000 0.0000000 1.0000000
0.9994262 0.0096150 0.0324790 238.7840120
-0.0113662 0.9984670 0.0541709 -1.9735966
-0.0319084 -0.0545089 0.9980033 0.4110099
0.0000000 0.0000000 0.0000000 1.0000000
0.9994185 0.0099182 0.0326245 240.2715599
-0.0116703 0.9984749 0.0539603 -2.0015842
-0.0320395 -0.0543097 0.9980100 0.3812363
0.0000000 0.0000000 0.0000000 1.0000000
0.9994793 0.0103672 0.0305548 241.7868142
-0.0119507 0.9985701 0.0521048 -2.0261100
-0.0299709 -0.0524428 0.9981741 0.3524396
0.0000000 0.0000000 0.0000000 1.0000000
0.9994797 0.0113994 0.0301735 243.2934805
-0.0129600 0.9985608 0.0520413 -2.0472218
-0.0295369 -0.0524053 0.9981890 0.3218043
0.0000000 0.0000000 0.0000000 1.0000000
0.9995246 0.0117358 0.0285122 244.8292969
-0.0132301 0.9985175 0.0527988 -2.0776484
-0.0278503 -0.0531509 0.9981981 0.2796829
0.0000000 0.0000000 0.0000000 1.0000000
0.9994870 0.0116326 0.0298390 246.3497030
-0.0132044 0.9985055 0.0530324 -2.1066953
-0.0291775 -0.0533992 0.9981469 0.2521554
0.0000000 0.0000000 0.0000000 1.0000000
0.9994220 0.0117417 0.0319024 247.8702162
-0.0133597 0.9986100 0.0509868 -2.1315568
-0.0312593 -0.0513836 0.9981897 0.2352913
0.0000000 0.0000000 0.0000000 1.0000000
0.9993974 0.0119990 0.0325702 249.4229923
-0.0136319 0.9986368 0.0503849 -2.1556412
-0.0319212 -0.0507985 0.9981986 0.2092905
0.0000000 0.0000000 0.0000000 1.0000000
0.9992835 0.0113973 0.0360927 250.9329943
-0.0132929 0.9985207 0.0527223 -2.1854813
-0.0354384 -0.0531643 0.9979567 0.1678875
0.0000000 0.0000000 0.0000000 1.0000000
0.9991055 0.0119728 0.0405580 252.4470560
-0.0141508 0.9984488 0.0538488 -2.2141227
-0.0398504 -0.0543745 0.9977251 0.1232813
0.0000000 0.0000000 0.0000000 1.0000000
0.9990048 0.0126457 0.0427726 253.9725652
-0.0149844 0.9983845 0.0548071 -2.2593627
-0.0420105 -0.0553935 0.9975804 0.0686204
0.0000000 0.0000000 0.0000000 1.0000000
0.9989314 0.0126027 0.0444658 255.5460882
-0.0149173 0.9985298 0.0521126 -2.2920250
-0.0437437 -0.0527202 0.9976508 0.0216286
0.0000000 0.0000000 0.0000000 1.0000000
0.9989348 0.0123698 0.0444545 257.0748536
-0.0146200 0.9986092 0.0506547 -2.3266451
-0.0437661 -0.0512507 0.9977264 -0.0477383
0.0000000 0.0000000 0.0000000 1.0000000
0.9989326 0.0122569 0.0445350 258.5888116
-0.0143633 0.9987779 0.0472907 -2.3607738
-0.0439010 -0.0478799 0.9978879 -0.0765430
0.0000000 0.0000000 0.0000000 1.0000000
0.9989608 0.0126129 0.0437974 260.1182736
-0.0146597 0.9987999 0.0467309 -2.3963502
-0.0431554 -0.0473243 0.9979469 -0.1350325
0.0000000 0.0000000 0.0000000 1.0000000
0.9989213 0.0131536 0.0445324 261.6371349
-0.0152277 0.9987994 0.0465609 -2.4232132
-0.0438665 -0.0471888 0.9979223 -0.1785226
0.0000000 0.0000000 0.0000000 1.0000000
0.9988367 0.0144701 0.0459988 263.1658258
-0.0165385 0.9988542 0.0449073 -2.4623207
-0.0452963 -0.0456158 0.9979316 -0.2232471
0.0000000 0.0000000 0.0000000 1.0000000
0.9987698 0.0150480 0.0472489 264.6973999
-0.0170742 0.9989387 0.0427777 -2.5032128
-0.0465551 -0.0435318 0.9979667 -0.2847203
0.0000000 0.0000000 0.0000000 1.0000000
0.9988075 0.0158757 0.0461689 266.2027956
-0.0178162 0.9989618 0.0419281 -2.5438776
-0.0454553 -0.0427006 0.9980533 -0.3397603
0.0000000 0.0000000 0.0000000 1.0000000
0.9988493 0.0165322 0.0450187 267.7371560
-0.0184558 0.9989194 0.0426541 -2.5903191
-0.0442649 -0.0434359 0.9980751 -0.3846871
0.0000000 0.0000000 0.0000000 1.0000000
0.9988084 0.0181187 0.0453149 269.2730911
-0.0201413 0.9988026 0.0445836 -2.6303311
-0.0444528 -0.0454432 0.9979774 -0.4360952
0.0000000 0.0000000 0.0000000 1.0000000
0.9987764 0.0193725 0.0455028 270.8020310
-0.0214361 0.9987430 0.0453089 -2.6603355
-0.0445679 -0.0462288 0.9979362 -0.4811987
0.0000000 0.0000000 0.0000000 1.0000000
0.9987713 0.0200667 0.0453122 272.3375452
-0.0221614 0.9986859 0.0462089 -2.6864705
-0.0443254 -0.0471563 0.9979036 -0.5341442
0.0000000 0.0000000 0.0000000 1.0000000
0.9987127 0.0207232 0.0462983 273.8793373
-0.0229356 0.9985947 0.0477768 -2.7133713
-0.0452431 -0.0487772 0.9977845 -0.5874700
0.0000000 0.0000000 0.0000000 1.0000000
0.9987828 0.0217823 0.0442532 275.4313552
-0.0238499 0.9986222 0.0467423 -2.7535341
-0.0431741 -0.0477408 0.9979263 -0.6415338
0.0000000 0.0000000 0.0000000 1.0000000
0.9988028 0.0231841 0.0430760 276.9621375
-0.0251834 0.9986024 0.0464649 -2.7896810
-0.0419386 -0.0474941 0.9979907 -0.6916164
0.0000000 0.0000000 0.0000000 1.0000000
0.9988726 0.0238551 0.0410417 278.5023247
-0.0257215 0.9986301 0.0455670 -2.8348652
-0.0398984 -0.0465713 0.9981178 -0.7416892
0.0000000 0.0000000 0.0000000 1.0000000
0.9988642 0.0254731 0.0402667 280.0197008
-0.0272624 0.9986360 0.0445304 -2.8634889
-0.0390775 -0.0455776 0.9981962 -0.7949656
0.0000000 0.0000000 0.0000000 1.0000000
0.9987922 0.0264742 0.0413916 281.5500250
-0.0282657 0.9986616 0.0433137 -2.8988131
-0.0401895 -0.0444313 0.9982037 -0.8377511
0.0000000 0.0000000 0.0000000 1.0000000
0.9987366 0.0269293 0.0424259 283.0864730
-0.0287105 0.9987071 0.0419501 -2.9423389
-0.0412414 -0.0431152 0.9982185 -0.8590545
0.0000000 0.0000000 0.0000000 1.0000000
0.9987777 0.0277213 0.0409232 284.6105314
-0.0293754 0.9987522 0.0403879 -2.9868230
-0.0397526 -0.0415407 0.9983457 -0.8950188
0.0000000 0.0000000 0.0000000 1.0000000
0.9988148 0.0287530 0.0392709 286.1522679
-0.0303332 0.9987290 0.0402537 -3.0496611
-0.0380636 -0.0413972 0.9984175 -0.9376202
0.0000000 0.0000000 0.0000000 1.0000000
0.9988492 0.0273585 0.0393917 287.6966753
-0.0289371 0.9987774 0.0400793 -3.1112237
-0.0382470 -0.0411731 0.9984197 -0.9907404
0.0000000 0.0000000 0.0000000 1.0000000
0.9988268 0.0260252 0.0408373 289.2431572
-0.0276263 0.9988516 0.0391453 -3.1653674
-0.0397717 -0.0402276 0.9983987 -1.0385463
0.0000000 0.0000000 0.0000000 1.0000000
0.9988951 0.0247532 0.0399478 290.7999930
-0.0263743 0.9988283 0.0405750 -3.2150001
-0.0388966 -0.0415838 0.9983776 -1.0711744
0.0000000 0.0000000 0.0000000 1.0000000
0.9988381 0.0231579 0.0422639 292.3455905
-0.0249558 0.9987838 0.0425212 -3.2591570
-0.0412277 -0.0435265 0.9982012 -1.1181467
0.0000000 0.0000000 0.0000000 1.0000000
0.9987912 0.0228250 0.0435339 293.8980145
-0.0247539 0.9987117 0.0442968 -3.3067495
-0.0424667 -0.0453209 0.9980694 -1.1809194
0.0000000 0.0000000 0.0000000 1.0000000
0.9987615 0.0220503 0.0446013 295.4598543
-0.0239809 0.9987776 0.0432241 -3.3448035
-0.0435937 -0.0442401 0.9980693 -1.2301884
0.0000000 0.0000000 0.0000000 1.0000000
0.9987131 0.0219487 0.0457207 296.9977716
-0.0240241 0.9986822 0.0453503 -3.4014110
-0.0446651 -0.0463903 0.9979243 -1.2766252
0.0000000 0.0000000 0.0000000 1.0000000
0.9986710 0.0219177 0.0466459 298.5704326
-0.0240996 0.9986164 0.0467388 -3.4368132
-0.0455570 -0.0478009 0.9978174 -1.3365018
0.0000000 0.0000000 0.0000000 1.0000000
0.9986652 0.0223384 0.0465702 300.1438391
-0.0244668 0.9986580 0.0456455 -3.4714270
-0.0454880 -0.0467240 0.9978716 -1.4067908
0.0000000 0.0000000 0.0000000 1.0000000
0.9987048 0.0227917 0.0454883 301.7163201
-0.0248689 0.9986487 0.0456330 -3.5085943
-0.0443868 -0.0467051 0.9979221 -1.4677651
0.0000000 0.0000000 0.0000000 1.0000000
0.9987175 0.0227210 0.0452441 303.2952295
-0.0247281 0.9987119 0.0443055 -3.5401012
-0.0441791 -0.0453674 0.9979930 -1.5127432
0.0000000 0.0000000 0.0000000 1.0000000
0.9987429 0.0229514 0.0445640 304.8923365
-0.0248246 0.9988115 0.0419454 -3.5822971
-0.0435483 -0.0429989 0.9981256 -1.5762887
0.0000000 0.0000000 0.0000000 1.0000000
0.9987917 0.0247800 0.0424396 306.4815429
-0.0264704 0.9988592 0.0397434 -3.6227006
-0.0414063 -0.0408188 0.9983082 -1.6198685
0.0000000 0.0000000 0.0000000 1.0000000
0.9987835 0.0248025 0.0426179 308.0727017
-0.0265181 0.9988408 0.0401731 -3.6643749
-0.0415721 -0.0412544 0.9982834 -1.6803476
0.0000000 0.0000000 0.0000000 1.0000000
0.9988740 0.0230020 0.0414916 309.6886416
-0.0247680 0.9987868 0.0425622 -3.7069785
-0.0404622 -0.0435420 0.9982319 -1.7242866
0.0000000 0.0000000 0.0000000 1.0000000
0.9989587 0.0211589 0.0404214 311.2728020
-0.0228652 0.9988463 0.0422287 -3.7384893
-0.0394813 -0.0431090 0.9982900 -1.7745251
0.0000000 0.0000000 0.0000000 1.0000000
0.9988520 0.0203815 0.0433515 312.8595610
-0.0222761 0.9987972 0.0436797 -3.7689877
-0.0424091 -0.0445952 0.9981046 -1.8171627
0.0000000 0.0000000 0.0000000 1.0000000
0.9986743 0.0213394 0.0468426 314.4986742
-0.0233229 0.9988363 0.0422155 -3.8057192
-0.0458872 -0.0432520 0.9980098 -1.8760772
0.0000000 0.0000000 0.0000000 1.0000000
0.9986203 0.0220359 0.0476646 316.1075339
-0.0239927 0.9988760 0.0408789 -3.8456763
-0.0467102 -0.0419661 0.9980266 -1.9274115
0.0000000 0.0000000 0.0000000 1.0000000
0.9985520 0.0230574 0.0486036 317.7253727
-0.0250378 0.9988643 0.0405374 -3.8926504
-0.0476137 -0.0416956 0.9979952 -1.9812574
0.0000000 0.0000000 0.0000000 1.0000000
0.9985889 0.0234502 0.0476474 319.3590387
-0.0253456 0.9988952 0.0395731 -3.9351822
-0.0466668 -0.0407249 0.9980800 -2.0337363
0.0000000 0.0000000 0.0000000 1.0000000
0.9985823 0.0237713 0.0476259 320.9774777
-0.0256408 0.9989089 0.0390340 -3.9821003
-0.0466460 -0.0401998 0.9981023 -2.0876670
0.0000000 0.0000000 0.0000000 1.0000000
0.9985820 0.0244761 0.0472758 322.6028767
-0.0263274 0.9988945 0.0389433 -4.0204388
-0.0462703 -0.0401327 0.9981225 -2.1369684
0.0000000 0.0000000 0.0000000 1.0000000
0.9985604 0.0250038 0.0474542 324.2100434
-0.0269200 0.9988298 0.0401796 -4.0736105
-0.0463940 -0.0413992 0.9980650 -2.1813650
0.0000000 0.0000000 0.0000000 1.0000000
0.9985801 0.0258789 0.0465625 325.8427859
-0.0278000 0.9987684 0.0410953 -4.1134884
-0.0454417 -0.0423314 0.9980697 -2.2287532
0.0000000 0.0000000 0.0000000 1.0000000
0.9984944 0.0266880 0.0479233 327.4549745
-0.0285764 0.9988242 0.0391605 -4.1594924
-0.0468218 -0.0404710 0.9980831 -2.2694856
0.0000000 0.0000000 0.0000000 1.0000000
0.9984451 0.0266392 0.0489675 329.0909332
-0.0285461 0.9988445 0.0386630 -4.2221758
-0.0478809 -0.0400008 0.9980518 -2.3104354
0.0000000 0.0000000 0.0000000 1.0000000
0.9984741 0.0271639 0.0480784 330.7122253
-0.0289638 0.9988901 0.0371439 -4.2682624
-0.0470161 -0.0384798 0.9981527 -2.3567829
0.0000000 0.0000000 0.0000000 1.0000000
0.9984419 0.0279070 0.0483225 332.3046418
-0.0297171 0.9988676 0.0371545 -4.3305488
-0.0472309 -0.0385326 0.9981405 -2.4128226
0.0000000 0.0000000 0.0000000 1.0000000
0.9984848 0.0293980 0.0465179 333.9214217
-0.0312513 0.9987257 0.0396265 -4.3849240
-0.0452937 -0.0410202 0.9981312 -2.4661112
0.0000000 0.0000000 0.0000000 1.0000000
0.9985179 0.0298950 0.0454787 335.5153176
-0.0318186 0.9986033 0.0421789 -4.4391692
-0.0441543 -0.0435634 0.9980745 -2.5180243
0.0000000 0.0000000 0.0000000 1.0000000
0.9985132 0.0296615 0.0457340 337.1257245
-0.0316365 0.9985705 0.0430830 -4.4954905
-0.0443907 -0.0444658 0.9980242 -2.5683985
0.0000000 0.0000000 0.0000000 1.0000000
0.9983653 0.0291288 0.0491758 338.7140787
-0.0312615 0.9985785 0.0431705 -4.5535656
-0.0478484 -0.0446373 0.9978567 -2.6259061
0.0000000 0.0000000 0.0000000 1.0000000
0.9982521 0.0286489 0.0516920 340.2727815
-0.0309227 0.9985643 0.0437389 -4.6037414
-0.0503647 -0.0452609 0.9977048 -2.7080081
0.0000000 0.0000000 0.0000000 1.0000000
0.9982818 0.0283425 0.0512850 341.8701131
-0.0306278 0.9985471 0.0443363 -4.6476746
-0.0499539 -0.0458309 0.9976994 -2.7624901
0.0000000 0.0000000 0.0000000 1.0000000
0.9984076 0.0267045 0.0496905 343.4405734
-0.0289198 0.9985947 0.0444108 -4.6933639
-0.0484347 -0.0457771 0.9977768 -2.8417487
0.0000000 0.0000000 0.0000000 1.0000000
