0.9999999 0.0004942 0.0000770 0.0063008
-0.0004942 0.9999999 -0.0001385 -0.0125546
-0.0000770 0.0001385 1.0000000 0.0078992
0.0000000 0.0000000 0.0000000 1.0000000
0.9999990 -0.0012909 0.0005648 0.5767204
0.0012912 0.9999990 -0.0005307 -0.0163933
-0.0005641 0.0005314 0.9999997 0.0188232
0.0000000 0.0000000 0.0000000 1.0000000
0.9999944 -0.0022928 -0.0024386 1.1378916
0.0022857 0.9999932 -0.0028995 -0.0146908
0.0024452 0.0028939 0.9999928 0.0480957
0.0000000 0.0000000 0.0000000 1.0000000
0.9999855 -0.0043691 -0.0031553 1.6965284
0.0043595 0.9999859 -0.0030426 -0.0186484
0.0031686 0.0030288 0.9999904 0.0508448
0.0000000 0.0000000 0.0000000 1.0000000
0.9999652 -0.0066617 -0.0050183 2.2500302
0.0066398 0.9999685 -0.0043486 -0.0262412
0.0050471 0.0043152 0.9999780 0.0617392
0.0000000 0.0000000 0.0000000 1.0000000
0.9999432 -0.0087290 -0.0061203 2.8179997
0.0086927 0.9999447 -0.0059204 -0.0232949
0.0061716 0.0058668 0.9999637 0.0666396
0.0000000 0.0000000 0.0000000 1.0000000
0.9999310 -0.0103962 -0.0054716 3.3847803
0.0103483 0.9999085 -0.0087113 -0.0189298
0.0055616 0.0086541 0.9999471 0.0832878
0.0000000 0.0000000 0.0000000 1.0000000
0.9999242 -0.0117376 -0.0037140 3.9642695
0.0117026 0.9998880 -0.0093338 -0.0197348
0.0038231 0.0092897 0.9999495 0.0945933
0.0000000 0.0000000 0.0000000 1.0000000
0.9999067 -0.0130350 -0.0040849 4.5524805
0.0129933 0.9998647 -0.0100840 -0.0106499
0.0042158 0.0100300 0.9999408 0.1057112
0.0000000 0.0000000 0.0000000 1.0000000
0.9998879 -0.0139932 -0.0053264 5.1494881
0.0139433 0.9998597 -0.0092868 0.0012638
0.0054556 0.0092114 0.9999427 0.1197286
0.0000000 0.0000000 0.0000000 1.0000000
0.9998471 -0.0148603 -0.0092140 5.7505561
0.0147926 0.9998634 -0.0073715 0.0122863
0.0093223 0.0072340 0.9999304 0.1266561
0.0000000 0.0000000 0.0000000 1.0000000
0.9997779 -0.0163570 -0.0132863 6.3672270
0.0162627 0.9998420 -0.0071732 0.0215051
0.0134016 0.0069556 0.9998860 0.1448667
0.0000000 0.0000000 0.0000000 1.0000000
0.9997279 -0.0174562 -0.0154700 6.9916492
0.0173716 0.9998335 -0.0055829 0.0339054
0.0155649 0.0053127 0.9998647 0.1584369
0.0000000 0.0000000 0.0000000 1.0000000
0.9997591 -0.0191033 -0.0108089 7.6424107
0.0190543 0.9998078 -0.0046179 0.0517560
0.0108950 0.0044108 0.9999309 0.1639353
0.0000000 0.0000000 0.0000000 1.0000000
0.9998038 -0.0197353 -0.0016856 8.3063976
0.0197288 0.9997981 -0.0038072 0.0572848
0.0017604 0.0037732 0.9999913 0.1868587
0.0000000 0.0000000 0.0000000 1.0000000
0.9997738 -0.0202928 0.0063674 8.9831578
0.0203124 0.9997891 -0.0030306 0.0720920
-0.0063046 0.0031593 0.9999751 0.2009941
0.0000000 0.0000000 0.0000000 1.0000000
0.9997497 -0.0214882 0.0062258 9.6662759
0.0214962 0.9997682 -0.0012241 0.0824336
-0.0061980 0.0013576 0.9999799 0.2250360
0.0000000 0.0000000 0.0000000 1.0000000
0.9997429 -0.0226385 -0.0012409 10.3547643
0.0226403 0.9997426 0.0014823 0.0971121
0.0012070 -0.0015100 0.9999981 0.2303623
0.0000000 0.0000000 0.0000000 1.0000000
0.9997059 -0.0234968 -0.0060059 11.0653440
0.0235002 0.9997237 0.0004954 0.1193389
0.0059926 -0.0006364 0.9999818 0.2291446
0.0000000 0.0000000 0.0000000 1.0000000
0.9996894 -0.0243927 -0.0051179 11.7989122
0.0243770 0.9996980 -0.0031173 0.1306100
0.0051924 0.0029915 0.9999820 0.2382813
0.0000000 0.0000000 0.0000000 1.0000000
0.9996832 -0.0248533 0.0039766 12.5630837
0.0248650 0.9996865 -0.0029235 0.1345248
-0.0039027 0.0030215 0.9999878 0.2523874
0.0000000 0.0000000 0.0000000 1.0000000
0.9996211 -0.0250284 0.0114563 13.3402003
0.0250756 0.9996776 -0.0039979 0.1497194
-0.0113525 0.0042837 0.9999264 0.2674185
0.0000000 0.0000000 0.0000000 1.0000000
0.9995591 -0.0256350 0.0149806 14.1378411
0.0256962 0.9996621 -0.0039098 0.1579965
-0.0148753 0.0042930 0.9998801 0.2791975
0.0000000 0.0000000 0.0000000 1.0000000
0.9995517 -0.0256679 0.0154142 14.9434692
0.0257732 0.9996456 -0.0066675 0.1772113
-0.0152376 0.0070618 0.9998590 0.2906789
0.0000000 0.0000000 0.0000000 1.0000000
0.9995976 -0.0249342 0.0135216 15.7721043
0.0250599 0.9996435 -0.0092095 0.1985372
-0.0132871 0.0095447 0.9998662 0.2988762
0.0000000 0.0000000 0.0000000 1.0000000
0.9996442 -0.0243456 0.0108964 16.6034285
0.0244250 0.9996756 -0.0072167 0.2163351
-0.0107172 0.0074803 0.9999146 0.2853591
0.0000000 0.0000000 0.0000000 1.0000000
0.9997181 -0.0229929 0.0059272 17.4547165
0.0230503 0.9996862 -0.0098022 0.2385520
-0.0056999 0.0099361 0.9999344 0.2895615
0.0000000 0.0000000 0.0000000 1.0000000
0.9997463 -0.0225054 0.0009031 18.3205252
0.0225139 0.9996871 -0.0109026 0.2476259
-0.0006575 0.0109202 0.9999402 0.2951960
0.0000000 0.0000000 0.0000000 1.0000000
0.9997546 -0.0219018 -0.0033208 19.2086520
0.0218726 0.9997239 -0.0085873 0.2678424
0.0035080 0.0085125 0.9999576 0.3074833
0.0000000 0.0000000 0.0000000 1.0000000
0.9997572 -0.0217079 -0.0037713 20.1279913
0.0216836 0.9997445 -0.0063785 0.2861732
0.0039088 0.0062952 0.9999726 0.3092871
0.0000000 0.0000000 0.0000000 1.0000000
0.9997689 -0.0209412 -0.0048577 21.0435258
0.0209263 0.9997762 -0.0031078 0.2998822
0.0049216 0.0030054 0.9999834 0.3224623
0.0000000 0.0000000 0.0000000 1.0000000
0.9997646 -0.0210448 -0.0052839 21.9769704
0.0210414 0.9997784 -0.0007110 0.3263844
0.0052976 0.0005997 0.9999858 0.3438036
0.0000000 0.0000000 0.0000000 1.0000000
0.9997438 -0.0216038 -0.0067538 22.9323936
0.0216121 0.9997658 0.0011667 0.3534866
0.0067271 -0.0013123 0.9999765 0.3658352
0.0000000 0.0000000 0.0000000 1.0000000
0.9996948 -0.0229619 -0.0091120 23.9105931
0.0230048 0.9997246 0.0046331 0.3827840
0.0090031 -0.0048413 0.9999478 0.3763740
0.0000000 0.0000000 0.0000000 1.0000000
0.9997036 -0.0226990 -0.0088035 24.8823954
0.0227770 0.9997013 0.0088581 0.4131518
0.0085998 -0.0090560 0.9999220 0.3902735
0.0000000 0.0000000 0.0000000 1.0000000
0.9997201 -0.0228153 -0.0062533 25.8617862
0.0228775 0.9996877 0.0100557 0.4432488
0.0060219 -0.0101960 0.9999299 0.4128879
0.0000000 0.0000000 0.0000000 1.0000000
0.9996966 -0.0238396 -0.0061986 26.8537480
0.0239048 0.9996573 0.0106739 0.4690318
0.0059420 -0.0108189 0.9999238 0.4285451
0.0000000 0.0000000 0.0000000 1.0000000
0.9996999 -0.0241274 -0.0042329 27.8558691
0.0241849 0.9996081 0.0140940 0.4943444
0.0038912 -0.0141921 0.9998917 0.4470400
0.0000000 0.0000000 0.0000000 1.0000000
0.9996874 -0.0249834 -0.0009167 28.8718996
0.0249946 0.9995703 0.0153137 0.5202457
0.0005337 -0.0153319 0.9998823 0.4633768
0.0000000 0.0000000 0.0000000 1.0000000
0.9996538 -0.0263088 0.0004484 29.8842000
0.0262962 0.9994876 0.0182520 0.5540690
-0.0009284 -0.0182339 0.9998333 0.4740586
0.0000000 0.0000000 0.0000000 1.0000000
0.9996714 -0.0256318 -0.0001701 30.9085976
0.0256309 0.9995190 0.0174591 0.5906066
-0.0002775 -0.0174577 0.9998476 0.4857048
0.0000000 0.0000000 0.0000000 1.0000000
0.9996404 -0.0268153 -0.0001322 31.9386576
0.0268132 0.9994742 0.0182310 0.6263607
-0.0003567 -0.0182280 0.9998338 0.4982436
0.0000000 0.0000000 0.0000000 1.0000000
0.9995933 -0.0284574 0.0018727 32.9702563
0.0284154 0.9994045 0.0195753 0.6610988
-0.0024286 -0.0195141 0.9998066 0.5082196
0.0000000 0.0000000 0.0000000 1.0000000
0.9995614 -0.0293113 0.0042233 34.0192352
0.0292235 0.9993818 0.0195429 0.6928165
-0.0047935 -0.0194110 0.9998001 0.5072576
0.0000000 0.0000000 0.0000000 1.0000000
0.9994689 -0.0308569 0.0104809 35.0767375
0.0306506 0.9993437 0.0193067 0.7187292
-0.0110697 -0.0189752 0.9997587 0.5084729
0.0000000 0.0000000 0.0000000 1.0000000
0.9994148 -0.0315375 0.0132434 36.1312567
0.0312832 0.9993302 0.0189848 0.7562808
-0.0138333 -0.0185593 0.9997321 0.5036197
0.0000000 0.0000000 0.0000000 1.0000000
0.9993828 -0.0323188 0.0137664 37.1972000
0.0320599 0.9993123 0.0186301 0.7856381
-0.0143590 -0.0181772 0.9997317 0.5079443
0.0000000 0.0000000 0.0000000 1.0000000
0.9993938 -0.0326694 0.0120303 38.2668810
0.0324518 0.9993137 0.0178614 0.8178891
-0.0126055 -0.0174601 0.9997681 0.5048363
0.0000000 0.0000000 0.0000000 1.0000000
0.9993898 -0.0328566 0.0118556 39.3432469
0.0326280 0.9992873 0.0189798 0.8456962
-0.0124708 -0.0185813 0.9997496 0.5078681
0.0000000 0.0000000 0.0000000 1.0000000
0.9993523 -0.0336418 0.0127728 40.4207111
0.0334005 0.9992680 0.0186520 0.8672109
-0.0133909 -0.0182133 0.9997444 0.5031920
0.0000000 0.0000000 0.0000000 1.0000000
0.9992602 -0.0344241 0.0171501 41.5023042
0.0340847 0.9992248 0.0197004 0.8904530
-0.0178150 -0.0191012 0.9996588 0.5088614
0.0000000 0.0000000 0.0000000 1.0000000
0.9991483 -0.0356508 0.0207754 42.5839382
0.0352292 0.9991727 0.0203191 0.9252443
-0.0214826 -0.0195699 0.9995777 0.5162844
0.0000000 0.0000000 0.0000000 1.0000000
0.9991127 -0.0365632 0.0209036 43.6569894
0.0360834 0.9990866 0.0228884 0.9528440
-0.0217213 -0.0221138 0.9995195 0.5129437
0.0000000 0.0000000 0.0000000 1.0000000
0.9991677 -0.0366696 0.0178698 44.7198739
0.0362275 0.9990441 0.0244654 0.9907639
-0.0187499 -0.0237977 0.9995410 0.5092354
0.0000000 0.0000000 0.0000000 1.0000000
0.9991991 -0.0368555 0.0155857 45.7875219
0.0364263 0.9989721 0.0269803 1.0247225
-0.0165641 -0.0263910 0.9995145 0.5018513
0.0000000 0.0000000 0.0000000 1.0000000
0.9991785 -0.0365423 0.0175189 46.8581773
0.0360320 0.9989411 0.0286072 1.0633790
-0.0185457 -0.0279525 0.9994372 0.4806006
0.0000000 0.0000000 0.0000000 1.0000000
0.9991400 -0.0362655 0.0201001 47.9393667
0.0356793 0.9989484 0.0287953 1.0981785
-0.0211233 -0.0280534 0.9993832 0.4607473
0.0000000 0.0000000 0.0000000 1.0000000
0.9991034 -0.0359318 0.0223898 49.0200176
0.0352389 0.9989100 0.0306103 1.1335825
-0.0234652 -0.0297939 0.9992806 0.4498610
0.0000000 0.0000000 0.0000000 1.0000000
0.9990810 -0.0358348 0.0235172 50.0959432
0.0351324 0.9989433 0.0296307 1.1629425
-0.0245541 -0.0287773 0.9992842 0.4353989
0.0000000 0.0000000 0.0000000 1.0000000
0.9991183 -0.0357314 0.0220446 51.1670025
0.0350467 0.9989140 0.0307019 1.1943414
-0.0231177 -0.0299022 0.9992855 0.4234999
0.0000000 0.0000000 0.0000000 1.0000000
0.9991655 -0.0352034 0.0207139 52.2528387
0.0345607 0.9989338 0.0306075 1.2234220
-0.0217693 -0.0298660 0.9993168 0.4153029
0.0000000 0.0000000 0.0000000 1.0000000
0.9992059 -0.0350373 0.0189706 53.3225047
0.0344149 0.9988889 0.0321961 1.2586108
-0.0200776 -0.0315177 0.9993015 0.4079144
0.0000000 0.0000000 0.0000000 1.0000000
0.9992285 -0.0350299 0.0177598 54.3966016
0.0344550 0.9989034 0.0317005 1.2815777
-0.0188508 -0.0310641 0.9993396 0.4026688
0.0000000 0.0000000 0.0000000 1.0000000
0.9993062 -0.0344415 0.0141725 55.4698903
0.0339958 0.9989543 0.0305699 1.3160210
-0.0152105 -0.0300669 0.9994322 0.4020774
0.0000000 0.0000000 0.0000000 1.0000000
0.9993452 -0.0339219 0.0125852 56.5419874
0.0335465 0.9990185 0.0289239 1.3431019
-0.0135540 -0.0284828 0.9995024 0.4026901
0.0000000 0.0000000 0.0000000 1.0000000
0.9993258 -0.0335569 0.0148972 57.6291279
0.0331055 0.9990142 0.0295754 1.3675015
-0.0158750 -0.0290623 0.9994515 0.4009819
0.0000000 0.0000000 0.0000000 1.0000000
0.9992394 -0.0328431 0.0210211 58.7115166
0.0322353 0.9990702 0.0286308 1.3989411
-0.0219419 -0.0279314 0.9993690 0.3872685
0.0000000 0.0000000 0.0000000 1.0000000
0.9991075 -0.0320753 0.0274837 59.8007095
0.0313134 0.9991252 0.0277189 1.4309471
-0.0283487 -0.0268336 0.9992379 0.3773490
0.0000000 0.0000000 0.0000000 1.0000000
0.9990652 -0.0316779 0.0294149 60.8821269
0.0309118 0.9991801 0.0261472 1.4556863
-0.0302191 -0.0252135 0.9992252 0.3725063
0.0000000 0.0000000 0.0000000 1.0000000
0.9991597 -0.0317538 0.0259147 61.9645195
0.0311458 0.9992377 0.0235365 1.4865078
-0.0266424 -0.0227096 0.9993870 0.3511416
0.0000000 0.0000000 0.0000000 1.0000000
0.9992494 -0.0316149 0.0223868 63.0505386
0.0311301 0.9992801 0.0216838 1.5082879
-0.0230562 -0.0209706 0.9995142 0.3362492
0.0000000 0.0000000 0.0000000 1.0000000
0.9993365 -0.0318249 0.0177135 64.1269318
0.0313832 0.9992027 0.0246770 1.5413513
-0.0184848 -0.0241047 0.9995385 0.3194306
0.0000000 0.0000000 0.0000000 1.0000000
0.9994210 -0.0315228 0.0128072 65.2117284
0.0312093 0.9992253 0.0239758 1.5773218
-0.0135530 -0.0235622 0.9996305 0.3149974
0.0000000 0.0000000 0.0000000 1.0000000
0.9994851 -0.0302734 0.0106302 66.2965852
0.0299803 0.9991932 0.0267214 1.6129704
-0.0114306 -0.0263889 0.9995864 0.3034388
0.0000000 0.0000000 0.0000000 1.0000000
0.9994693 -0.0296086 0.0135823 67.3859498
0.0291703 0.9990808 0.0314116 1.6453886
-0.0144999 -0.0309987 0.9994142 0.2981609
0.0000000 0.0000000 0.0000000 1.0000000
0.9994526 -0.0291746 0.0156018 68.4861179
0.0286744 0.9990962 0.0313782 1.6754754
-0.0165031 -0.0309137 0.9993858 0.2882393
0.0000000 0.0000000 0.0000000 1.0000000
0.9994308 -0.0295542 0.0162691 69.5660838
0.0290350 0.9990890 0.0312741 1.6985758
-0.0171785 -0.0307839 0.9993784 0.2767853
0.0000000 0.0000000 0.0000000 1.0000000
0.9994333 -0.0291151 0.0168946 70.6631757
0.0286087 0.9991559 0.0294780 1.7256134
-0.0177386 -0.0289780 0.9994226 0.2639283
0.0000000 0.0000000 0.0000000 1.0000000
0.9994149 -0.0294803 0.0173416 71.7531961
0.0289907 0.9991920 0.0278367 1.7528716
-0.0181483 -0.0273176 0.9994621 0.2612194
0.0000000 0.0000000 0.0000000 1.0000000
0.9993677 -0.0298934 0.0192489 72.8335174
0.0293729 0.9992098 0.0267786 1.7816136
-0.0200341 -0.0261963 0.9994560 0.2585666
0.0000000 0.0000000 0.0000000 1.0000000
0.9992910 -0.0303712 0.0222519 73.9171738
0.0297980 0.9992266 0.0256565 1.8115530
-0.0230139 -0.0249752 0.9994231 0.2457932
0.0000000 0.0000000 0.0000000 1.0000000
0.9992750 -0.0313544 0.0215946 74.9978391
0.0308323 0.9992340 0.0240987 1.8385998
-0.0223337 -0.0234154 0.9994763 0.2350834
0.0000000 0.0000000 0.0000000 1.0000000
0.9993517 -0.0315659 0.0173144 76.0720403
0.0311319 0.9992079 0.0247880 1.8715762
-0.0180831 -0.0242329 0.9995428 0.2312158
0.0000000 0.0000000 0.0000000 1.0000000
0.9993656 -0.0317782 0.0160813 77.1399834
0.0313478 0.9991612 0.0263492 1.9012179
-0.0169052 -0.0258284 0.9995234 0.2255822
0.0000000 0.0000000 0.0000000 1.0000000
0.9993332 -0.0327692 0.0161057 78.2181366
0.0323005 0.9990704 0.0285484 1.9290214
-0.0170263 -0.0280091 0.9994627 0.2156857
0.0000000 0.0000000 0.0000000 1.0000000
0.9992186 -0.0334179 0.0211032 79.2880225
0.0327419 0.9989641 0.0316035 1.9661932
-0.0221375 -0.0308878 0.9992777 0.2113477
0.0000000 0.0000000 0.0000000 1.0000000
0.9990692 -0.0337731 0.0268345 80.3671020
0.0328529 0.9988810 0.0340223 2.0019813
-0.0279536 -0.0331090 0.9990608 0.1904408
0.0000000 0.0000000 0.0000000 1.0000000
0.9990252 -0.0339632 0.0281980 81.4344738
0.0329697 0.9988439 0.0349830 2.0386094
-0.0293536 -0.0340192 0.9989900 0.1797258
0.0000000 0.0000000 0.0000000 1.0000000
0.9990697 -0.0345199 0.0258476 82.4904103
0.0335866 0.9987976 0.0357120 2.0795782
-0.0270493 -0.0348106 0.9990278 0.1671425
0.0000000 0.0000000 0.0000000 1.0000000
0.9990757 -0.0353323 0.0244820 83.5444954
0.0344696 0.9987994 0.0348072 2.1234731
-0.0256824 -0.0339311 0.9990941 0.1538844
0.0000000 0.0000000 0.0000000 1.0000000
0.9990606 -0.0355964 0.0247157 84.5885124
0.0347229 0.9987868 0.0349176 2.1531352
-0.0259286 -0.0340266 0.9990845 0.1372707
0.0000000 0.0000000 0.0000000 1.0000000
0.9990170 -0.0363281 0.0254030 85.6055871
0.0354985 0.9988451 0.0323792 2.1929021
-0.0265499 -0.0314456 0.9991528 0.1259720
0.0000000 0.0000000 0.0000000 1.0000000
0.9989443 -0.0372359 0.0269032 86.6155994
0.0363586 0.9988136 0.0323937 2.2278514
-0.0280775 -0.0313813 0.9991130 0.1101931
0.0000000 0.0000000 0.0000000 1.0000000
0.9988472 -0.0377829 0.0296104 87.6075400
0.0368132 0.9987891 0.0326358 2.2665532
-0.0308076 -0.0315081 0.9990286 0.0894487
0.0000000 0.0000000 0.0000000 1.0000000
0.9987806 -0.0389077 0.0303901 88.5722983
0.0379343 0.9987685 0.0319771 2.3049492
-0.0315968 -0.0307853 0.9990265 0.0736394
0.0000000 0.0000000 0.0000000 1.0000000
0.9987082 -0.0405379 0.0306358 89.5238423
0.0395936 0.9987403 0.0308254 2.3449689
-0.0318468 -0.0295726 0.9990552 0.0618016
0.0000000 0.0000000 0.0000000 1.0000000
0.9985886 -0.0438962 0.0298987 90.4500185
0.0430074 0.9986317 0.0297502 2.3804056
-0.0311637 -0.0284223 0.9991101 0.0445661
0.0000000 0.0000000 0.0000000 1.0000000
0.9984451 -0.0474983 0.0291775 91.3565439
0.0466298 0.9984688 0.0297600 2.4229213
-0.0305464 -0.0283532 0.9991311 0.0297463
0.0000000 0.0000000 0.0000000 1.0000000
0.9982984 -0.0502688 0.0295509 92.2424544
0.0493852 0.9983320 0.0299068 2.4676018
-0.0310050 -0.0283965 0.9991158 0.0272189
0.0000000 0.0000000 0.0000000 1.0000000
0.9981056 -0.0533151 0.0307037 93.0979043
0.0523872 0.9981679 0.0302733 2.5136961
-0.0322615 -0.0286075 0.9990700 0.0106780
0.0000000 0.0000000 0.0000000 1.0000000
0.9979185 -0.0559599 0.0320486 93.9492686
0.0549550 0.9979943 0.0314227 2.5635969
-0.0337427 -0.0295961 0.9989922 0.0055151
0.0000000 0.0000000 0.0000000 1.0000000
0.9976964 -0.0589418 0.0335806 94.7571763
0.0578731 0.9978124 0.0319555 2.6143528
-0.0353907 -0.0299385 0.9989250 0.0056727
0.0000000 0.0000000 0.0000000 1.0000000
0.9975500 -0.0610297 0.0341967 95.5443076
0.0598708 0.9976287 0.0339485 2.6680659
-0.0361875 -0.0318179 0.9988384 -0.0081421
0.0000000 0.0000000 0.0000000 1.0000000
0.9974216 -0.0630181 0.0343351 96.3045310
0.0618136 0.9974710 0.0350807 2.7201668
-0.0364590 -0.0328678 0.9987945 -0.0187178
0.0000000 0.0000000 0.0000000 1.0000000
0.9972568 -0.0657550 0.0339866 97.0404882
0.0644701 0.9972106 0.0376117 2.7674495
-0.0363649 -0.0353174 0.9987143 -0.0127781
0.0000000 0.0000000 0.0000000 1.0000000
0.9971801 -0.0685705 0.0304944 97.7431755
0.0673669 0.9969701 0.0388880 2.8145525
-0.0330686 -0.0367240 0.9987782 -0.0091896
0.0000000 0.0000000 0.0000000 1.0000000
0.9971920 -0.0701310 0.0262640 98.3978708
0.0690321 0.9967863 0.0406400 2.8618349
-0.0290298 -0.0387129 0.9988286 -0.0110031
0.0000000 0.0000000 0.0000000 1.0000000
0.9970991 -0.0723461 0.0236521 99.0242874
0.0713043 0.9965587 0.0422661 2.9070979
-0.0266285 -0.0404570 0.9988264 -0.0187342
0.0000000 0.0000000 0.0000000 1.0000000
0.9970213 -0.0736552 0.0228803 99.6279617
0.0725995 0.9963914 0.0439715 2.9473347
-0.0260365 -0.0421794 0.9987707 -0.0120496
0.0000000 0.0000000 0.0000000 1.0000000
0.9970744 -0.0728346 0.0231906 100.2090562
0.0716860 0.9963188 0.0470112 2.9895555
-0.0265292 -0.0452113 0.9986251 -0.0155299
0.0000000 0.0000000 0.0000000 1.0000000
0.9972250 -0.0701947 0.0247999 100.7653677
0.0688779 0.9963478 0.0504669 3.0315739
-0.0282519 -0.0486187 0.9984178 -0.0274790
0.0000000 0.0000000 0.0000000 1.0000000
0.9975716 -0.0646540 0.0258986 101.2988263
0.0631933 0.9965542 0.0537247 3.0731980
-0.0292828 -0.0519576 0.9982199 -0.0370559
0.0000000 0.0000000 0.0000000 1.0000000
0.9979574 -0.0572612 0.0283234 101.8116943
0.0556737 0.9969890 0.0539755 3.1018913
-0.0313288 -0.0522883 0.9981405 -0.0416338
0.0000000 0.0000000 0.0000000 1.0000000
0.9983758 -0.0475510 0.0313805 102.3067293
0.0458082 0.9974845 0.0540960 3.1196467
-0.0338739 -0.0525707 0.9980425 -0.0498850
0.0000000 0.0000000 0.0000000 1.0000000
0.9988269 -0.0353306 0.0331135 102.7714963
0.0334804 0.9979329 0.0548546 3.1181399
-0.0349831 -0.0536816 0.9979451 -0.0543059
0.0000000 0.0000000 0.0000000 1.0000000
0.9991799 -0.0222002 0.0338631 103.2130301
0.0203248 0.9982930 0.0547546 3.1203854
-0.0350208 -0.0540214 0.9979255 -0.0508243
0.0000000 0.0000000 0.0000000 1.0000000
0.9994068 -0.0073711 0.0336408 103.6394229
0.0055052 0.9984588 0.0552248 3.1168995
-0.0339960 -0.0550068 0.9979071 -0.0423790
0.0000000 0.0000000 0.0000000 1.0000000
0.9994580 0.0106992 0.0311324 104.0561090
-0.0123507 0.9984996 0.0533488 3.1035342
-0.0305149 -0.0537044 0.9980905 -0.0409825
0.0000000 0.0000000 0.0000000 1.0000000
0.9991075 0.0319556 0.0276233 104.4625893
-0.0333720 0.9980667 0.0524334 3.0800565
-0.0258944 -0.0533084 0.9982423 -0.0388807
0.0000000 0.0000000 0.0000000 1.0000000
0.9981446 0.0559129 0.0241042 104.8681879
-0.0570687 0.9971035 0.0502771 3.0399699
-0.0212232 -0.0515594 0.9984444 -0.0368610
0.0000000 0.0000000 0.0000000 1.0000000
0.9963320 0.0828218 0.0215189 105.2556756
-0.0837660 0.9953536 0.0474809 2.9926758
-0.0174865 -0.0491093 0.9986403 -0.0257911
0.0000000 0.0000000 0.0000000 1.0000000
0.9933985 0.1127873 0.0209400 105.6456182
-0.1136303 0.9925146 0.0447542 2.9258217
-0.0157356 -0.0468382 0.9987785 -0.0152977
0.0000000 0.0000000 0.0000000 1.0000000
0.9891620 0.1454405 0.0201385 106.0073518
-0.1461999 0.9882960 0.0435505 2.8495494
-0.0135688 -0.0460228 0.9988482 -0.0107863
0.0000000 0.0000000 0.0000000 1.0000000
0.9832848 0.1810630 0.0191610 106.3907366
-0.1817396 0.9824043 0.0430417 2.7606376
-0.0110306 -0.0458045 0.9988895 -0.0086325
0.0000000 0.0000000 0.0000000 1.0000000
0.9756082 0.2188166 0.0175495 106.7410923
-0.2193550 0.9748500 0.0393813 2.6522341
-0.0084908 -0.0422702 0.9990701 0.0071097
0.0000000 0.0000000 0.0000000 1.0000000
0.9659585 0.2580810 0.0178440 107.0877828
-0.2585969 0.9652045 0.0388320 2.5219511
-0.0072013 -0.0421245 0.9990864 0.0161218
0.0000000 0.0000000 0.0000000 1.0000000
0.9539897 0.2993261 0.0175376 107.4273654
-0.2997964 0.9532112 0.0388663 2.3940090
-0.0050833 -0.0423357 0.9990905 0.0242567
0.0000000 0.0000000 0.0000000 1.0000000
0.9389668 0.3434414 0.0197325 107.7559681
-0.3439830 0.9380432 0.0418416 2.2509354
-0.0041398 -0.0460755 0.9989294 0.0179613
0.0000000 0.0000000 0.0000000 1.0000000
0.9213779 0.3881485 0.0200904 108.0799218
-0.3886584 0.9204878 0.0405812 2.0876323
-0.0027414 -0.0451989 0.9989743 0.0238036
0.0000000 0.0000000 0.0000000 1.0000000
0.9014933 0.4323482 0.0196195 108.3786992
-0.4327926 0.9006398 0.0392248 1.9198224
-0.0007113 -0.0438521 0.9990378 0.0282070
0.0000000 0.0000000 0.0000000 1.0000000
0.8790708 0.4763244 0.0186976 108.6594019
-0.4766901 0.8783047 0.0367068 1.7301685
0.0010622 -0.0411809 0.9991511 0.0382938
0.0000000 0.0000000 0.0000000 1.0000000
0.8543464 0.5194165 0.0172837 108.9313560
-0.5196839 0.8535480 0.0372095 1.5339052
0.0045747 -0.0407718 0.9991580 0.0345581
0.0000000 0.0000000 0.0000000 1.0000000
0.8273018 0.5615154 0.0164978 109.2018085
-0.5616918 0.8263978 0.0396108 1.3188447
0.0086083 -0.0420368 0.9990790 0.0457464
0.0000000 0.0000000 0.0000000 1.0000000
0.7976709 0.6029011 0.0152108 109.4584249
-0.6029351 0.7966314 0.0429850 1.0893754
0.0137983 -0.0434590 0.9989599 0.0513632
0.0000000 0.0000000 0.0000000 1.0000000
0.7645414 0.6443984 0.0150681 109.6931026
-0.6442614 0.7632325 0.0490239 0.8566346
0.0200904 -0.0471886 0.9986839 0.0706949
0.0000000 0.0000000 0.0000000 1.0000000
0.7282863 0.6850992 0.0154274 109.9247428
-0.6848716 0.7269048 0.0505998 0.5851578
0.0234516 -0.0474169 0.9985998 0.0688619
0.0000000 0.0000000 0.0000000 1.0000000
0.6896834 0.7239438 0.0155603 110.1512468
-0.7236312 0.6882851 0.0512015 0.3137111
0.0263571 -0.0465728 0.9985671 0.0689552
0.0000000 0.0000000 0.0000000 1.0000000
0.6490505 0.7605565 0.0169464 110.3652560
-0.7603139 0.6477713 0.0481168 0.0186588
0.0256182 -0.0441149 0.9986979 0.0747574
0.0000000 0.0000000 0.0000000 1.0000000
0.6054503 0.7956733 0.0182728 110.5640690
-0.7955019 0.6042903 0.0448326 -0.2970926
0.0246300 -0.0416800 0.9988274 0.0881605
0.0000000 0.0000000 0.0000000 1.0000000
0.5598269 0.8283622 0.0202436 110.7477361
-0.8282545 0.5587047 0.0429378 -0.6317305
0.0242579 -0.0408045 0.9988726 0.1018687
0.0000000 0.0000000 0.0000000 1.0000000
0.5128801 0.8581773 0.0220375 110.9084346
-0.8581517 0.5118385 0.0399626 -0.9598572
0.0230154 -0.0394075 0.9989581 0.1074365
0.0000000 0.0000000 0.0000000 1.0000000
0.4638912 0.8855788 0.0235621 111.0558102
-0.8856476 0.4629739 0.0358270 -1.3241293
0.0208190 -0.0374876 0.9990802 0.1258732
0.0000000 0.0000000 0.0000000 1.0000000
0.4128776 0.9103656 0.0276865 111.1903312
-0.9105217 0.4118338 0.0366504 -1.6772698
0.0219631 -0.0403413 0.9989445 0.1343206
0.0000000 0.0000000 0.0000000 1.0000000
0.3625486 0.9314650 0.0305197 111.3043142
-0.9315730 0.3612522 0.0408492 -2.0448685
0.0270243 -0.0432412 0.9986991 0.1459016
0.0000000 0.0000000 0.0000000 1.0000000
0.3126529 0.9493945 0.0299683 111.4066340
-0.9492564 0.3111647 0.0457042 -2.4304597
0.0340663 -0.0427372 0.9985054 0.1493365
0.0000000 0.0000000 0.0000000 1.0000000
0.2656382 0.9635662 0.0312501 111.4862939
-0.9633534 0.2640484 0.0472097 -2.8274526
0.0372381 -0.0426456 0.9983961 0.1569536
0.0000000 0.0000000 0.0000000 1.0000000
0.2238295 0.9742764 0.0261878 111.5523909
-0.9737801 0.2224332 0.0477052 -3.2500716
0.0406531 -0.0361790 0.9985181 0.1772521
0.0000000 0.0000000 0.0000000 1.0000000
0.1878287 0.9819892 0.0204348 111.6129103
-0.9814007 0.1867948 0.0442773 -3.6855018
0.0396628 -0.0283713 0.9988103 0.1875818
0.0000000 0.0000000 0.0000000 1.0000000
0.1570758 0.9874138 0.0184714 111.6735866
-0.9868008 0.1561774 0.0428115 -4.1301074
0.0393879 -0.0249522 0.9989124 0.2024694
0.0000000 0.0000000 0.0000000 1.0000000
0.1292495 0.9913750 0.0216812 111.7218206
-0.9908647 0.1282724 0.0416352 -4.5912226
0.0384950 -0.0268644 0.9988976 0.2191936
0.0000000 0.0000000 0.0000000 1.0000000
0.1040034 0.9941222 0.0300724 111.7722988
-0.9939742 0.1028402 0.0379384 -5.0804204
0.0346227 -0.0338369 0.9988275 0.2367948
0.0000000 0.0000000 0.0000000 1.0000000
0.0794948 0.9960981 0.0383297 111.8179761
-0.9963831 0.0782419 0.0331499 -5.5839605
0.0300216 -0.0408263 0.9987151 0.2569350
0.0000000 0.0000000 0.0000000 1.0000000
0.0570228 0.9977602 0.0349688 111.8353673
-0.9980210 0.0560378 0.0285301 -6.0978353
0.0265066 -0.0365264 0.9989811 0.2809226
0.0000000 0.0000000 0.0000000 1.0000000
0.0363174 0.9988889 0.0300333 111.8315660
-0.9989624 0.0354609 0.0285771 -6.6339625
0.0274804 -0.0310400 0.9991403 0.3012879
0.0000000 0.0000000 0.0000000 1.0000000
0.0194883 0.9994569 0.0265727 111.8240703
-0.9994103 0.0187220 0.0287863 -7.1827794
0.0282732 -0.0271180 0.9992323 0.3268342
0.0000000 0.0000000 0.0000000 1.0000000
0.0065695 0.9995810 0.0281893 111.8205080
-0.9994523 0.0056491 0.0326077 -7.7505121
0.0324349 -0.0283881 0.9990706 0.3497178
0.0000000 0.0000000 0.0000000 1.0000000
-0.0047529 0.9995187 0.0306547 111.8211396
-0.9993023 -0.0058831 0.0368837 -8.3466238
0.0370463 -0.0304580 0.9988493 0.3748320
0.0000000 0.0000000 0.0000000 1.0000000
-0.0107839 0.9994815 0.0303381 111.8086963
-0.9992282 -0.0119173 0.0374306 -8.9601929
0.0377728 -0.0299110 0.9988386 0.4048681
0.0000000 0.0000000 0.0000000 1.0000000
-0.0141207 0.9996026 0.0243943 111.7906359
-0.9993752 -0.0148997 0.0320506 -9.5899166
0.0324014 -0.0239265 0.9991885 0.4428929
0.0000000 0.0000000 0.0000000 1.0000000
-0.0142475 0.9996279 0.0232609 111.7794349
-0.9994016 -0.0149698 0.0311830 -10.2384874
0.0315197 -0.0228027 0.9992430 0.4651733
0.0000000 0.0000000 0.0000000 1.0000000
-0.0123931 0.9995827 0.0260912 111.7794070
-0.9994259 -0.0132056 0.0312021 -10.9063390
0.0315337 -0.0256896 0.9991725 0.4928690
0.0000000 0.0000000 0.0000000 1.0000000
-0.0108138 0.9995059 0.0295097 111.7847878
-0.9993788 -0.0117930 0.0332133 -11.5886412
0.0335449 -0.0291322 0.9990125 0.5195735
0.0000000 0.0000000 0.0000000 1.0000000
-0.0105420 0.9994520 0.0313749 111.7860193
-0.9992768 -0.0116762 0.0361898 -12.2825179
0.0365363 -0.0309707 0.9988523 0.5553779
0.0000000 0.0000000 0.0000000 1.0000000
-0.0096172 0.9994106 0.0329530 111.7795060
-0.9992692 -0.0108246 0.0366599 -13.0175697
0.0369950 -0.0325764 0.9987843 0.5885504
0.0000000 0.0000000 0.0000000 1.0000000
-0.0086553 0.9993497 0.0350032 111.7797765
-0.9992324 -0.0099812 0.0378835 -13.7575076
0.0382082 -0.0346484 0.9986689 0.6174413
0.0000000 0.0000000 0.0000000 1.0000000
-0.0071838 0.9993035 0.0366168 111.7823503
-0.9993025 -0.0085161 0.0363612 -14.5139242
0.0366477 -0.0363300 0.9986676 0.6393290
0.0000000 0.0000000 0.0000000 1.0000000
-0.0065953 0.9993718 0.0348192 111.7851179
-0.9994313 -0.0077392 0.0328207 -15.2845255
0.0330696 -0.0345829 0.9988546 0.6744314
0.0000000 0.0000000 0.0000000 1.0000000
-0.0069650 0.9994152 0.0334774 111.7816043
-0.9994656 -0.0080268 0.0316892 -16.0697812
0.0319394 -0.0332388 0.9989370 0.7095411
0.0000000 0.0000000 0.0000000 1.0000000
-0.0073507 0.9993368 0.0356620 111.7875831
-0.9995084 -0.0084297 0.0301991 -16.8469947
0.0304797 -0.0354225 0.9989075 0.7420320
0.0000000 0.0000000 0.0000000 1.0000000
-0.0080768 0.9993159 0.0360891 111.7815886
-0.9996201 -0.0090199 0.0260456 -17.6248688
0.0263533 -0.0358651 0.9990091 0.7583851
0.0000000 0.0000000 0.0000000 1.0000000
-0.0077617 0.9993950 0.0339023 111.7711340
-0.9997054 -0.0085350 0.0227237 -18.4068511
0.0229993 -0.0337159 0.9991668 0.7852580
0.0000000 0.0000000 0.0000000 1.0000000
-0.0093309 0.9993764 0.0340543 111.7669700
-0.9997568 -0.0100042 0.0196531 -19.2112790
0.0199816 -0.0338626 0.9992267 0.8113723
0.0000000 0.0000000 0.0000000 1.0000000
-0.0102777 0.9992549 0.0372002 111.7658915
-0.9997805 -0.0109481 0.0178638 -20.0225203
0.0182578 -0.0370085 0.9991482 0.8414890
0.0000000 0.0000000 0.0000000 1.0000000
-0.0110059 0.9990697 0.0416961 111.7694277
-0.9996941 -0.0119174 0.0216760 -20.8401206
0.0221528 -0.0414448 0.9988952 0.8650107
0.0000000 0.0000000 0.0000000 1.0000000
-0.0112128 0.9991387 0.0399503 111.7566725
-0.9995373 -0.0123292 0.0278093 -21.6650555
0.0282779 -0.0396200 0.9988146 0.8987400
0.0000000 0.0000000 0.0000000 1.0000000
-0.0122230 0.9991156 0.0402318 111.7393323
-0.9994691 -0.0134229 0.0296895 -22.4874008
0.0302033 -0.0398475 0.9987492 0.9382953
0.0000000 0.0000000 0.0000000 1.0000000
-0.0130290 0.9989699 0.0434664 111.7359256
-0.9994217 -0.0143757 0.0308157 -23.3205656
0.0314088 -0.0430398 0.9985795 0.9608549
0.0000000 0.0000000 0.0000000 1.0000000
-0.0140108 0.9988503 0.0458431 111.7172674
-0.9994676 -0.0153411 0.0287956 -24.1868566
0.0294658 -0.0454152 0.9985335 1.0042993
0.0000000 0.0000000 0.0000000 1.0000000
-0.0139376 0.9988197 0.0465286 111.7097706
-0.9996053 -0.0150535 0.0237213 -25.0328863
0.0243938 -0.0461796 0.9986353 1.0336499
0.0000000 0.0000000 0.0000000 1.0000000
-0.0148141 0.9986776 0.0492296 111.6970701
-0.9997187 -0.0157057 0.0177732 -25.8881357
0.0185229 -0.0489525 0.9986293 1.0579861
0.0000000 0.0000000 0.0000000 1.0000000
-0.0149106 0.9985471 0.0517811 111.6888072
-0.9997595 -0.0157217 0.0152923 -26.7360481
0.0160842 -0.0515407 0.9985414 1.0907103
0.0000000 0.0000000 0.0000000 1.0000000
-0.0137271 0.9986881 0.0493309 111.6735193
-0.9996808 -0.0147539 0.0205113 -27.5566222
0.0212122 -0.0490336 0.9985719 1.1183816
0.0000000 0.0000000 0.0000000 1.0000000
-0.0118116 0.9989050 0.0452673 111.6616095
-0.9994050 -0.0132605 0.0318411 -28.3718785
0.0324065 -0.0448642 0.9984673 1.1501150
0.0000000 0.0000000 0.0000000 1.0000000
-0.0108873 0.9988930 0.0457625 111.6497917
-0.9992738 -0.0125400 0.0359833 -29.1824314
0.0365173 -0.0453375 0.9983041 1.1866219
0.0000000 0.0000000 0.0000000 1.0000000
-0.0095991 0.9988749 0.0464404 111.6445317
-0.9994483 -0.0110607 0.0313176 -30.0215651
0.0317960 -0.0461142 0.9984300 1.2213115
0.0000000 0.0000000 0.0000000 1.0000000
-0.0087270 0.9990026 0.0437893 111.6366287
-0.9996606 -0.0097910 0.0241446 -30.8607550
0.0245493 -0.0435638 0.9987490 1.2583155
0.0000000 0.0000000 0.0000000 1.0000000
-0.0085449 0.9991193 0.0410800 111.6361488
-0.9997127 -0.0094556 0.0220274 -31.6931435
0.0223965 -0.0408799 0.9989130 1.3010889
0.0000000 0.0000000 0.0000000 1.0000000
-0.0085559 0.9990808 0.0420042 111.6315308
-0.9997188 -0.0094753 0.0217388 -32.5109035
0.0221168 -0.0418064 0.9988809 1.3425914
0.0000000 0.0000000 0.0000000 1.0000000
-0.0102177 0.9989191 0.0453443 111.6371298
-0.9996808 -0.0112523 0.0226215 -33.3242557
0.0231073 -0.0450987 0.9987153 1.3734467
0.0000000 0.0000000 0.0000000 1.0000000
-0.0121794 0.9988066 0.0472955 111.6292919
-0.9996639 -0.0132453 0.0222897 -34.1325009
0.0228895 -0.0470081 0.9986322 1.4049684
0.0000000 0.0000000 0.0000000 1.0000000
-0.0144920 0.9987577 0.0476755 111.6228320
-0.9996483 -0.0155312 0.0214996 -34.9398633
0.0222134 -0.0473472 0.9986315 1.4347167
0.0000000 0.0000000 0.0000000 1.0000000
-0.0163234 0.9987034 0.0482173 111.6172948
-0.9996060 -0.0174015 0.0220245 -35.7426944
0.0228350 -0.0478388 0.9985940 1.4685431
0.0000000 0.0000000 0.0000000 1.0000000
-0.0181749 0.9985534 0.0506033 111.6082676
-0.9995459 -0.0193630 0.0230884 -36.5428632
0.0240349 -0.0501607 0.9984519 1.5026497
0.0000000 0.0000000 0.0000000 1.0000000
-0.0205877 0.9984216 0.0522537 111.5967789
-0.9995331 -0.0217346 0.0214758 -37.3453535
0.0225776 -0.0517872 0.9984029 1.5211246
0.0000000 0.0000000 0.0000000 1.0000000
-0.0228326 0.9985152 0.0494575 111.5812242
-0.9995502 -0.0237626 0.0182977 -38.1355138
0.0194458 -0.0490175 0.9986086 1.5576852
0.0000000 0.0000000 0.0000000 1.0000000
-0.0246995 0.9985780 0.0472417 111.5737597
-0.9995092 -0.0255784 0.0180911 -38.9226239
0.0192738 -0.0467716 0.9987196 1.5894649
0.0000000 0.0000000 0.0000000 1.0000000
-0.0261419 0.9986142 0.0456743 111.5572008
-0.9994485 -0.0270452 0.0192708 -39.7022385
0.0204793 -0.0451453 0.9987705 1.6207239
0.0000000 0.0000000 0.0000000 1.0000000
-0.0270958 0.9986098 0.0452135 111.5387778
-0.9993721 -0.0280941 0.0215915 -40.4810782
0.0228318 -0.0446001 0.9987440 1.6451632
0.0000000 0.0000000 0.0000000 1.0000000
-0.0286519 0.9986723 0.0428098 111.5200771
-0.9993819 -0.0294926 0.0191360 -41.2558258
0.0203731 -0.0422351 0.9989000 1.6741932
0.0000000 0.0000000 0.0000000 1.0000000
-0.0299683 0.9986593 0.0422075 111.5012287
-0.9993412 -0.0308001 0.0191976 -42.0238170
0.0204719 -0.0416044 0.9989244 1.6930615
0.0000000 0.0000000 0.0000000 1.0000000
-0.0310783 0.9987292 0.0396741 111.4750650
-0.9993158 -0.0318439 0.0188122 -42.7880764
0.0200517 -0.0390623 0.9990356 1.7171657
0.0000000 0.0000000 0.0000000 1.0000000
-0.0323589 0.9987669 0.0376504 111.4570671
-0.9992953 -0.0330470 0.0178004 -43.5356738
0.0190227 -0.0370478 0.9991324 1.7295141
0.0000000 0.0000000 0.0000000 1.0000000
-0.0329418 0.9987103 0.0386338 111.4465455
-0.9993025 -0.0335924 0.0163123 -44.2695095
0.0175890 -0.0380695 0.9991203 1.7565574
0.0000000 0.0000000 0.0000000 1.0000000
-0.0337583 0.9988494 0.0340614 111.4179953
-0.9993018 -0.0342803 0.0148590 -44.9840791
0.0160096 -0.0335360 0.9993093 1.7717917
0.0000000 0.0000000 0.0000000 1.0000000
-0.0341019 0.9989078 0.0319411 111.3954713
-0.9993079 -0.0345560 0.0137756 -45.6857775
0.0148643 -0.0314492 0.9993948 1.7871749
0.0000000 0.0000000 0.0000000 1.0000000
-0.0340868 0.9989911 0.0292364 111.3731152
-0.9993116 -0.0344974 0.0136540 -46.3844707
0.0146489 -0.0287508 0.9994793 1.7977831
0.0000000 0.0000000 0.0000000 1.0000000
-0.0341967 0.9989736 0.0297023 111.3529479
-0.9993076 -0.0346140 0.0136506 -47.0727072
0.0146647 -0.0292149 0.9994656 1.8167424
0.0000000 0.0000000 0.0000000 1.0000000
-0.0345743 0.9989408 0.0303619 111.3338548
-0.9992902 -0.0350092 0.0139094 -47.7799344
0.0149576 -0.0298594 0.9994422 1.8332534
0.0000000 0.0000000 0.0000000 1.0000000
-0.0344577 0.9989965 0.0286121 111.3101912
-0.9993171 -0.0348228 0.0123630 -48.4709590
0.0133469 -0.0281666 0.9995141 1.8428762
0.0000000 0.0000000 0.0000000 1.0000000
-0.0338228 0.9990268 0.0283090 111.2903374
-0.9993407 -0.0341805 0.0122468 -49.1644800
0.0132025 -0.0278761 0.9995242 1.8562971
0.0000000 0.0000000 0.0000000 1.0000000
-0.0340163 0.9990244 0.0281607 111.2763325
-0.9993414 -0.0343563 0.0116805 -49.8543965
0.0126366 -0.0277448 0.9995352 1.8676329
0.0000000 0.0000000 0.0000000 1.0000000
-0.0335381 0.9989990 0.0295989 111.2645156
-0.9993627 -0.0338833 0.0112379 -50.5214860
0.0122296 -0.0292032 0.9994987 1.8823595
0.0000000 0.0000000 0.0000000 1.0000000
-0.0335314 0.9989866 0.0300218 111.2499442
-0.9993983 -0.0337817 0.0078690 -51.1815073
0.0088752 -0.0297399 0.9995183 1.8892922
0.0000000 0.0000000 0.0000000 1.0000000
-0.0348587 0.9990158 0.0274254 111.2314925
-0.9993564 -0.0350768 0.0075147 -51.8416271
0.0084693 -0.0271458 0.9995956 1.8959708
0.0000000 0.0000000 0.0000000 1.0000000
-0.0379654 0.9988829 0.0281341 111.2167132
-0.9992612 -0.0381183 0.0049178 -52.5135138
0.0059847 -0.0279266 0.9995921 1.8988528
0.0000000 0.0000000 0.0000000 1.0000000
-0.0427185 0.9986733 0.0287515 111.1886887
-0.9990764 -0.0428343 0.0034215 -53.1700983
0.0046485 -0.0285788 0.9995807 1.9100011
0.0000000 0.0000000 0.0000000 1.0000000
-0.0481039 0.9984621 0.0275562 111.1502962
-0.9988251 -0.0482472 0.0045564 -53.8092628
0.0058789 -0.0273047 0.9996099 1.9227172
0.0000000 0.0000000 0.0000000 1.0000000
-0.0539750 0.9981734 0.0271371 111.1134824
-0.9985123 -0.0541641 0.0062809 -54.4681657
0.0077393 -0.0267577 0.9996120 1.9351625
0.0000000 0.0000000 0.0000000 1.0000000
-0.0608188 0.9978383 0.0248938 111.0818058
-0.9981054 -0.0610301 0.0078182 -55.1317409
0.0093206 -0.0243711 0.9996595 1.9431187
0.0000000 0.0000000 0.0000000 1.0000000
-0.0676128 0.9972960 0.0287946 111.0455937
-0.9976756 -0.0678275 0.0065459 -55.8014974
0.0084813 -0.0282851 0.9995639 1.9560734
0.0000000 0.0000000 0.0000000 1.0000000
-0.0733030 0.9969267 0.0276368 110.9926248
-0.9972848 -0.0734689 0.0050336 -56.4731685
0.0070486 -0.0271928 0.9996054 1.9763668
0.0000000 0.0000000 0.0000000 1.0000000
-0.0776175 0.9965884 0.0280532 110.9508540
-0.9969556 -0.0777943 0.0052626 -57.1456722
0.0074271 -0.0275594 0.9995926 1.9903225
0.0000000 0.0000000 0.0000000 1.0000000
-0.0816216 0.9962360 0.0291832 110.9042855
-0.9966444 -0.0817660 0.0037879 -57.8370266
0.0061599 -0.0287761 0.9995669 1.9978508
0.0000000 0.0000000 0.0000000 1.0000000
-0.0835165 0.9961515 0.0265903 110.8441624
-0.9965050 -0.0835323 -0.0005176 -58.5308116
0.0017055 -0.0265406 0.9996463 2.0066842
0.0000000 0.0000000 0.0000000 1.0000000
-0.0855096 0.9960728 0.0229575 110.7809635
-0.9963357 -0.0854447 -0.0037952 -59.2481555
-0.0018186 -0.0231979 0.9997292 2.0129400
0.0000000 0.0000000 0.0000000 1.0000000
-0.0868312 0.9959814 0.0219398 110.7228832
-0.9962071 -0.0866839 -0.0075790 -59.9686763
-0.0056467 -0.0225147 0.9997306 2.0182890
0.0000000 0.0000000 0.0000000 1.0000000
-0.0877261 0.9959121 0.0215208 110.6658123
-0.9961351 -0.0876100 -0.0062833 -60.6985397
-0.0043722 -0.0219888 0.9997487 2.0229840
0.0000000 0.0000000 0.0000000 1.0000000
-0.0885901 0.9958784 0.0194410 110.6099147
-0.9960646 -0.0885206 -0.0044098 -61.4253689
-0.0026707 -0.0197552 0.9998013 2.0226932
0.0000000 0.0000000 0.0000000 1.0000000
-0.0894989 0.9958724 0.0151035 110.5314710
-0.9959869 -0.0894821 -0.0017822 -62.1616400
-0.0004233 -0.0152024 0.9998844 2.0194626
0.0000000 0.0000000 0.0000000 1.0000000
-0.0900614 0.9958844 0.0101526 110.4557461
-0.9959342 -0.0900771 0.0010976 -62.8929744
0.0020077 -0.0100125 0.9999479 2.0378269
0.0000000 0.0000000 0.0000000 1.0000000
-0.0908174 0.9958283 0.0088406 110.3899707
-0.9958613 -0.0908447 0.0027412 -63.6305115
0.0035329 -0.0085550 0.9999572 2.0459572
0.0000000 0.0000000 0.0000000 1.0000000
-0.0913761 0.9957800 0.0085126 110.3205942
-0.9958164 -0.0913769 -0.0002908 -64.3778999
0.0004883 -0.0085036 0.9999637 2.0419933
0.0000000 0.0000000 0.0000000 1.0000000
-0.0914514 0.9957862 0.0068082 110.2605567
-0.9957965 -0.0914130 -0.0057467 -65.1257887
-0.0051001 -0.0073051 0.9999603 2.0496222
0.0000000 0.0000000 0.0000000 1.0000000
-0.0910484 0.9958457 0.0012125 110.1956099
-0.9958019 -0.0910328 -0.0095743 -65.8648112
-0.0094241 -0.0020792 0.9999534 2.0701986
0.0000000 0.0000000 0.0000000 1.0000000
-0.0917644 0.9957795 -0.0015620 110.1236030
-0.9957234 -0.0917759 -0.0105882 -66.6108088
-0.0106868 0.0005837 0.9999427 2.0722557
0.0000000 0.0000000 0.0000000 1.0000000
-0.0932325 0.9956442 0.0004699 110.0613067
-0.9956055 -0.0932246 -0.0088887 -67.3530014
-0.0088062 -0.0012966 0.9999604 2.0788914
0.0000000 0.0000000 0.0000000 1.0000000
-0.0947217 0.9955035 0.0007571 109.9907170
-0.9954637 -0.0947110 -0.0090532 -68.0952917
-0.0089408 -0.0016112 0.9999587 2.0810425
0.0000000 0.0000000 0.0000000 1.0000000
-0.0968676 0.9952915 0.0033650 109.9214198
-0.9952475 -0.0968284 -0.0103286 -68.8495685
-0.0099541 -0.0043495 0.9999410 2.0627227
0.0000000 0.0000000 0.0000000 1.0000000
-0.0982903 0.9951571 0.0011752 109.8460455
-0.9950855 -0.0982688 -0.0121723 -69.5856863
-0.0119978 -0.0023658 0.9999252 2.0608146
0.0000000 0.0000000 0.0000000 1.0000000
-0.1000123 0.9949859 0.0006560 109.7791129
-0.9948907 -0.0999935 -0.0139260 -70.3241382
-0.0137906 -0.0020454 0.9999028 2.0510056
0.0000000 0.0000000 0.0000000 1.0000000
-0.1011344 0.9948667 0.0034553 109.7232616
-0.9947773 -0.1010760 -0.0142076 -71.0806334
-0.0137854 -0.0048741 0.9998931 2.0379465
0.0000000 0.0000000 0.0000000 1.0000000
-0.1025400 0.9947231 0.0033658 109.6666539
