0.9999999 -0.0002402 0.0001868 0.0119659
0.0002401 0.9999999 0.0004130 -0.0029413
-0.0001868 -0.0004129 0.9999999 -0.0025798
0.0000000 0.0000000 0.0000000 1.0000000
0.9999981 0.0018234 0.0006360 1.1876004
-0.0018228 0.9999979 -0.0008819 -0.0274550
-0.0006376 0.0008807 0.9999994 0.0316117
0.0000000 0.0000000 0.0000000 1.0000000
0.9999937 0.0034941 -0.0006121 2.3835543
-0.0034952 0.9999924 -0.0017429 -0.0391459
0.0006060 0.0017450 0.9999983 0.0388271
0.0000000 0.0000000 0.0000000 1.0000000
0.9999889 0.0044135 -0.0016394 3.5827455
-0.0044176 0.9999871 -0.0025188 -0.0578856
0.0016283 0.0025260 0.9999955 0.0505110
0.0000000 0.0000000 0.0000000 1.0000000
0.9999839 0.0054291 -0.0016240 4.7823028
-0.0054334 0.9999817 -0.0026433 -0.0708648
0.0016096 0.0026520 0.9999952 0.0625203
0.0000000 0.0000000 0.0000000 1.0000000
0.9999785 0.0063293 -0.0017297 5.9802512
-0.0063341 0.9999761 -0.0027563 -0.0821420
0.0017122 0.0027671 0.9999947 0.0770160
0.0000000 0.0000000 0.0000000 1.0000000
0.9999741 0.0068297 -0.0022753 7.1711259
-0.0068337 0.9999751 -0.0017421 -0.1018978
0.0022633 0.0017576 0.9999959 0.0996911
0.0000000 0.0000000 0.0000000 1.0000000
0.9999702 0.0072958 -0.0025221 8.3618489
-0.0072995 0.9999723 -0.0014841 -0.1180190
0.0025112 0.0015025 0.9999957 0.1176199
0.0000000 0.0000000 0.0000000 1.0000000
0.9999714 0.0075047 -0.0009780 9.5656817
-0.0075056 0.9999713 -0.0010044 -0.1312433
0.0009705 0.0010117 0.9999990 0.1321906
0.0000000 0.0000000 0.0000000 1.0000000
0.9999805 0.0060892 0.0013600 10.7592338
-0.0060885 0.9999813 -0.0005247 -0.1370160
-0.0013632 0.0005164 0.9999989 0.1457244
0.0000000 0.0000000 0.0000000 1.0000000
0.9999942 0.0033980 0.0001431 11.9507355
-0.0033979 0.9999939 -0.0008614 -0.1502260
-0.0001460 0.0008609 0.9999996 0.1354504
0.0000000 0.0000000 0.0000000 1.0000000
0.9999992 0.0012026 -0.0002834 13.1464989
-0.0012030 0.9999985 -0.0012531 -0.1532276
0.0002819 0.0012535 0.9999992 0.1554882
0.0000000 0.0000000 0.0000000 1.0000000
0.9999997 -0.0003102 -0.0006301 14.3326392
0.0003109 0.9999994 0.0010389 -0.1562193
0.0006298 -0.0010391 0.9999993 0.1752265
0.0000000 0.0000000 0.0000000 1.0000000
0.9999989 -0.0014927 0.0000675 15.5281504
0.0014924 0.9999932 0.0033568 -0.1494191
-0.0000725 -0.0033567 0.9999944 0.2022658
0.0000000 0.0000000 0.0000000 1.0000000
0.9999978 -0.0020770 0.0003552 16.7139400
0.0020759 0.9999934 0.0029892 -0.1597212
-0.0003614 -0.0029884 0.9999955 0.2219974
0.0000000 0.0000000 0.0000000 1.0000000
0.9999975 -0.0022155 0.0000023 17.8948312
0.0022155 0.9999957 0.0019320 -0.1642740
-0.0000066 -0.0019320 0.9999981 0.2303885
0.0000000 0.0000000 0.0000000 1.0000000
0.9999966 -0.0022554 0.0013099 19.0842116
0.0022521 0.9999943 0.0025325 -0.1714994
-0.0013156 -0.0025295 0.9999959 0.2432008
0.0000000 0.0000000 0.0000000 1.0000000
0.9999956 -0.0028818 -0.0007360 20.2848731
0.0028840 0.9999913 0.0030120 -0.1685160
0.0007273 -0.0030141 0.9999952 0.2415526
0.0000000 0.0000000 0.0000000 1.0000000
0.9999897 -0.0035736 -0.0028165 21.4567174
0.0035795 0.9999914 0.0020808 -0.1684399
0.0028091 -0.0020909 0.9999939 0.2514259
0.0000000 0.0000000 0.0000000 1.0000000
0.9999869 -0.0044098 -0.0025814 22.6589990
0.0044157 0.9999877 0.0022815 -0.1651736
0.0025713 -0.0022928 0.9999941 0.2680034
0.0000000 0.0000000 0.0000000 1.0000000
0.9999839 -0.0050181 -0.0026530 23.8533529
0.0050230 0.9999857 0.0018397 -0.1709847
0.0026438 -0.0018530 0.9999948 0.2820582
0.0000000 0.0000000 0.0000000 1.0000000
0.9999799 -0.0056241 -0.0029132 25.0361289
0.0056291 0.9999827 0.0017134 -0.1682830
0.0029035 -0.0017298 0.9999943 0.2893389
0.0000000 0.0000000 0.0000000 1.0000000
0.9999741 -0.0065869 -0.0028889 26.2286542
0.0065933 0.9999758 0.0021963 -0.1684628
0.0028744 -0.0022153 0.9999934 0.3075328
0.0000000 0.0000000 0.0000000 1.0000000
0.9999745 -0.0070819 -0.0009099 27.4136033
0.0070830 0.9999742 0.0012193 -0.1622437
0.0009012 -0.0012257 0.9999988 0.3154792
0.0000000 0.0000000 0.0000000 1.0000000
0.9999639 -0.0084871 0.0004077 28.5925141
0.0084867 0.9999636 0.0008958 -0.1661116
-0.0004153 -0.0008923 0.9999995 0.3227001
0.0000000 0.0000000 0.0000000 1.0000000
0.9999572 -0.0091818 0.0011307 29.7929965
0.0091809 0.9999575 0.0008648 -0.1513680
-0.0011386 -0.0008544 0.9999990 0.3282441
0.0000000 0.0000000 0.0000000 1.0000000
0.9999434 -0.0106256 -0.0004871 30.9826199
0.0106260 0.9999431 0.0009656 -0.1473589
0.0004768 -0.0009708 0.9999994 0.3397714
0.0000000 0.0000000 0.0000000 1.0000000
0.9999353 -0.0113530 -0.0007218 32.1922143
0.0113547 0.9999326 0.0024147 -0.1425659
0.0006943 -0.0024227 0.9999968 0.3497182
0.0000000 0.0000000 0.0000000 1.0000000
0.9999322 -0.0115574 0.0014142 33.3936843
0.0115549 0.9999316 0.0017828 -0.1272182
-0.0014347 -0.0017664 0.9999974 0.3674260
0.0000000 0.0000000 0.0000000 1.0000000
0.9999175 -0.0126202 0.0023981 34.5980020
0.0126169 0.9999194 0.0013993 -0.1089511
-0.0024156 -0.0013689 0.9999961 0.3811442
0.0000000 0.0000000 0.0000000 1.0000000
0.9999081 -0.0132270 0.0029780 35.7917084
0.0132251 0.9999123 0.0006678 -0.0942713
-0.0029866 -0.0006284 0.9999953 0.4011724
0.0000000 0.0000000 0.0000000 1.0000000
0.9999002 -0.0137393 0.0032809 36.9893107
0.0137370 0.9999054 0.0007046 -0.0861460
-0.0032903 -0.0006595 0.9999944 0.4163351
0.0000000 0.0000000 0.0000000 1.0000000
0.9998969 -0.0139647 0.0033303 38.1782864
0.0139689 0.9999016 -0.0012587 -0.0765960
-0.0033124 0.0013051 0.9999937 0.4334295
0.0000000 0.0000000 0.0000000 1.0000000
0.9998886 -0.0135715 0.0062162 39.3673404
0.0135705 0.9999079 0.0002126 -0.0655617
-0.0062185 -0.0001282 0.9999807 0.4474208
0.0000000 0.0000000 0.0000000 1.0000000
0.9998676 -0.0138058 0.0086191 40.5670154
0.0138006 0.9999045 0.0006714 -0.0519569
-0.0086275 -0.0005524 0.9999626 0.4590027
0.0000000 0.0000000 0.0000000 1.0000000
0.9998751 -0.0139372 0.0074576 41.7589536
0.0139301 0.9999025 0.0009985 -0.0402593
-0.0074708 -0.0008945 0.9999717 0.4664482
0.0000000 0.0000000 0.0000000 1.0000000
0.9998794 -0.0138554 0.0070136 42.9562775
0.0138470 0.9999033 0.0012468 -0.0333626
-0.0070302 -0.0011495 0.9999746 0.4784547
0.0000000 0.0000000 0.0000000 1.0000000
0.9998470 -0.0136289 0.0109682 44.1540069
0.0135755 0.9998957 0.0049323 -0.0198648
-0.0110343 -0.0047826 0.9999277 0.4707087
0.0000000 0.0000000 0.0000000 1.0000000
0.9998167 -0.0122307 0.0147303 45.3577495
0.0121648 0.9999156 0.0045606 -0.0129802
-0.0147849 -0.0043806 0.9998811 0.4753265
0.0000000 0.0000000 0.0000000 1.0000000
0.9997655 -0.0103907 0.0189971 46.5664468
0.0102977 0.9999346 0.0049828 -0.0019430
-0.0190476 -0.0047860 0.9998071 0.4682622
0.0000000 0.0000000 0.0000000 1.0000000
0.9996892 -0.0084035 0.0234700 47.7672272
0.0082744 0.9999501 0.0055892 0.0093830
-0.0235159 -0.0053932 0.9997089 0.4516518
0.0000000 0.0000000 0.0000000 1.0000000
0.9996323 -0.0078656 0.0259515 48.9586947
0.0077493 0.9999595 0.0045800 0.0209847
-0.0259865 -0.0043772 0.9996527 0.4241048
0.0000000 0.0000000 0.0000000 1.0000000
0.9996673 -0.0062631 0.0250215 50.1549758
0.0062045 0.9999778 0.0024188 0.0214346
-0.0250361 -0.0022627 0.9996840 0.4085458
0.0000000 0.0000000 0.0000000 1.0000000
0.9997244 -0.0052969 0.0228704 51.3564115
0.0052347 0.9999824 0.0027768 0.0274653
-0.0228847 -0.0026563 0.9997346 0.3853247
0.0000000 0.0000000 0.0000000 1.0000000
0.9997282 -0.0045846 0.0228567 52.5603228
0.0045107 0.9999844 0.0032832 0.0266440
-0.0228714 -0.0031792 0.9997334 0.3597982
0.0000000 0.0000000 0.0000000 1.0000000
0.9997253 -0.0047132 0.0229575 53.7580040
0.0046769 0.9999877 0.0016341 0.0300037
-0.0229649 -0.0015263 0.9997351 0.3527888
0.0000000 0.0000000 0.0000000 1.0000000
0.9997313 -0.0055427 0.0225093 54.9510291
0.0055178 0.9999841 0.0011696 0.0224890
-0.0225155 -0.0010451 0.9997459 0.3424914
0.0000000 0.0000000 0.0000000 1.0000000
0.9997230 -0.0068327 0.0225236 56.1572086
0.0068176 0.9999765 0.0007448 0.0229149
-0.0225281 -0.0005910 0.9997460 0.3209222
0.0000000 0.0000000 0.0000000 1.0000000
0.9996727 -0.0079803 0.0243077 57.3596220
0.0079641 0.9999680 0.0007653 0.0264012
-0.0243131 -0.0005715 0.9997042 0.3056963
0.0000000 0.0000000 0.0000000 1.0000000
0.9996392 -0.0088966 0.0253443 58.5664386
0.0088903 0.9999604 0.0003617 0.0351178
-0.0253465 -0.0001362 0.9996787 0.2969152
0.0000000 0.0000000 0.0000000 1.0000000
0.9996195 -0.0095557 0.0258775 59.7828496
0.0095291 0.9999539 0.0011528 0.0426921
-0.0258874 -0.0009058 0.9996645 0.2827062
0.0000000 0.0000000 0.0000000 1.0000000
0.9996107 -0.0103279 0.0259183 60.9858432
0.0102919 0.9999459 0.0015231 0.0448329
-0.0259327 -0.0012558 0.9996629 0.2726736
0.0000000 0.0000000 0.0000000 1.0000000
0.9996171 -0.0101845 0.0257272 62.1924532
0.0101823 0.9999481 0.0002169 0.0541194
-0.0257281 0.0000452 0.9996690 0.2656150
0.0000000 0.0000000 0.0000000 1.0000000
0.9996612 -0.0106741 0.0237384 63.3990585
0.0106982 0.9999424 -0.0008869 0.0673426
-0.0237276 0.0011405 0.9997178 0.2443470
0.0000000 0.0000000 0.0000000 1.0000000
0.9996367 -0.0107870 0.0247010 64.6113078
0.0108083 0.9999413 -0.0007290 0.0777395
-0.0246917 0.0009957 0.9996946 0.2216977
0.0000000 0.0000000 0.0000000 1.0000000
0.9996110 -0.0109699 0.0256408 65.8158645
0.0109625 0.9999398 0.0004276 0.0911644
-0.0256439 -0.0001464 0.9996711 0.1929149
0.0000000 0.0000000 0.0000000 1.0000000
0.9996376 -0.0109892 0.0245737 67.0091113
0.0109856 0.9999396 0.0002831 0.1075164
-0.0245753 -0.0000130 0.9996980 0.1819031
0.0000000 0.0000000 0.0000000 1.0000000
0.9996538 -0.0111965 0.0238081 68.1959911
0.0111862 0.9999373 0.0005663 0.1295311
-0.0238129 -0.0002998 0.9997164 0.1702390
0.0000000 0.0000000 0.0000000 1.0000000
0.9996469 -0.0107150 0.0243160 69.3899390
0.0106860 0.9999420 0.0013245 0.1488354
-0.0243288 -0.0010642 0.9997034 0.1577725
0.0000000 0.0000000 0.0000000 1.0000000
0.9996270 -0.0108345 0.0250703 70.5765498
0.0107959 0.9999403 0.0016745 0.1550102
-0.0250869 -0.0014032 0.9996843 0.1518910
0.0000000 0.0000000 0.0000000 1.0000000
0.9995994 -0.0106356 0.0262272 71.7617301
0.0105786 0.9999414 0.0023139 0.1612685
-0.0262503 -0.0020355 0.9996533 0.1419336
0.0000000 0.0000000 0.0000000 1.0000000
0.9995481 -0.0101627 0.0282890 72.9461135
0.0101207 0.9999475 0.0016272 0.1630670
-0.0283040 -0.0013401 0.9995985 0.1343150
0.0000000 0.0000000 0.0000000 1.0000000
0.9995306 -0.0079801 0.0295798 74.1443984
0.0079221 0.9999665 0.0020776 0.1778806
-0.0295954 -0.0018422 0.9995603 0.1168107
0.0000000 0.0000000 0.0000000 1.0000000
0.9995930 -0.0051021 0.0280686 75.3149998
0.0050678 0.9999863 0.0012936 0.1767935
-0.0280748 -0.0011508 0.9996052 0.1035849
0.0000000 0.0000000 0.0000000 1.0000000
0.9997320 -0.0022914 0.0230376 76.4748883
0.0022952 0.9999974 -0.0001389 0.1752015
-0.0230372 0.0001917 0.9997346 0.0742363
0.0000000 0.0000000 0.0000000 1.0000000
0.9997625 0.0002438 0.0217899 77.6503568
-0.0002308 0.9999998 -0.0006002 0.1753364
-0.0217901 0.0005950 0.9997624 0.0584768
0.0000000 0.0000000 0.0000000 1.0000000
0.9996590 0.0028906 0.0259505 78.8228595
-0.0028630 0.9999953 -0.0010976 0.1724432
-0.0259535 0.0010229 0.9996626 0.0353085
0.0000000 0.0000000 0.0000000 1.0000000
0.9996125 0.0068945 0.0269702 79.9969547
-0.0068563 0.9999754 -0.0015077 0.1579735
-0.0269800 0.0013222 0.9996351 0.0252665
0.0000000 0.0000000 0.0000000 1.0000000
0.9996309 0.0109418 0.0248647 81.1620064
-0.0109430 0.9999401 -0.0000890 0.1415108
-0.0248642 -0.0001831 0.9996908 0.0029625
0.0000000 0.0000000 0.0000000 1.0000000
0.9996711 0.0144895 0.0211596 82.3082769
-0.0144923 0.9998950 -0.0000192 0.1195008
-0.0211577 -0.0002874 0.9997761 -0.0194166
0.0000000 0.0000000 0.0000000 1.0000000
0.9996816 0.0183369 0.0173326 83.4728863
-0.0183164 0.9998313 -0.0013409 0.0932328
-0.0173543 0.0010230 0.9998489 -0.0463540
0.0000000 0.0000000 0.0000000 1.0000000
0.9996150 0.0214510 0.0176010 84.6182816
-0.0214254 0.9997691 -0.0016416 0.0622025
-0.0176321 0.0012639 0.9998437 -0.0679047
0.0000000 0.0000000 0.0000000 1.0000000
0.9995180 0.0240578 0.0196198 85.8156787
-0.0240612 0.9997105 -0.0000634 0.0370080
-0.0196157 -0.0004087 0.9998075 -0.0854380
0.0000000 0.0000000 0.0000000 1.0000000
0.9993213 0.0299444 0.0214549 86.9963435
-0.0300365 0.9995409 0.0039841 0.0141926
-0.0213257 -0.0046258 0.9997619 -0.0990797
0.0000000 0.0000000 0.0000000 1.0000000
0.9992579 0.0325990 0.0205163 88.1448834
-0.0327368 0.9994434 0.0064174 -0.0155707
-0.0202957 -0.0070842 0.9997689 -0.1203438
0.0000000 0.0000000 0.0000000 1.0000000
0.9991838 0.0357686 0.0187709 89.2874146
-0.0359018 0.9993322 0.0068032 -0.0464242
-0.0185151 -0.0074715 0.9998007 -0.1298372
0.0000000 0.0000000 0.0000000 1.0000000
0.9990583 0.0393528 0.0182694 90.4388513
-0.0394835 0.9991968 0.0068468 -0.0951285
-0.0179853 -0.0075617 0.9998097 -0.1321278
0.0000000 0.0000000 0.0000000 1.0000000
0.9988943 0.0423442 0.0204244 91.6046019
-0.0424837 0.9990764 0.0064474 -0.1426734
-0.0201325 -0.0073080 0.9997706 -0.1387740
0.0000000 0.0000000 0.0000000 1.0000000
0.9987227 0.0453378 0.0223045 92.7459822
-0.0454431 0.9989579 0.0042359 -0.2100635
-0.0220892 -0.0052441 0.9997423 -0.1522506
0.0000000 0.0000000 0.0000000 1.0000000
0.9985508 0.0481118 0.0241139 93.9005969
-0.0482102 0.9988310 0.0035179 -0.2802036
-0.0239165 -0.0046754 0.9997030 -0.1727511
0.0000000 0.0000000 0.0000000 1.0000000
0.9983657 0.0509451 0.0258940 95.0531443
-0.0510165 0.9986956 0.0021043 -0.3477278
-0.0257530 -0.0034219 0.9996625 -0.1901363
0.0000000 0.0000000 0.0000000 1.0000000
0.9982404 0.0541797 0.0240961 96.2094667
-0.0542455 0.9985255 0.0020833 -0.4135496
-0.0239477 -0.0033867 0.9997075 -0.2174756
0.0000000 0.0000000 0.0000000 1.0000000
0.9982220 0.0560238 0.0203527 97.3577080
-0.0560382 0.9984286 0.0001341 -0.4859848
-0.0203132 -0.0012744 0.9997929 -0.2226115
0.0000000 0.0000000 0.0000000 1.0000000
0.9981612 0.0580927 0.0173058 98.5055192
-0.0581123 0.9983099 0.0006265 -0.5635446
-0.0172402 -0.0016310 0.9998500 -0.2416837
0.0000000 0.0000000 0.0000000 1.0000000
0.9981229 0.0590105 0.0163866 99.6688489
-0.0590400 0.9982547 0.0013236 -0.6507163
-0.0162799 -0.0022886 0.9998649 -0.2614704
0.0000000 0.0000000 0.0000000 1.0000000
0.9980524 0.0598001 0.0177584 100.8353621
-0.0598229 0.9982087 0.0007540 -0.7238037
-0.0176815 -0.0018149 0.9998420 -0.2760237
0.0000000 0.0000000 0.0000000 1.0000000
0.9980913 0.0587751 0.0189537 102.0010714
-0.0588056 0.9982689 0.0010523 -0.7847351
-0.0188591 -0.0021648 0.9998198 -0.2963033
0.0000000 0.0000000 0.0000000 1.0000000
0.9981090 0.0574972 0.0217390 103.1696868
-0.0575347 0.9983429 0.0010990 -0.8483006
-0.0216398 -0.0023477 0.9997631 -0.3201934
0.0000000 0.0000000 0.0000000 1.0000000
0.9981734 0.0559663 0.0227524 104.3545326
-0.0560186 0.9984283 0.0016681 -0.9243976
-0.0226233 -0.0029396 0.9997397 -0.3371651
0.0000000 0.0000000 0.0000000 1.0000000
0.9983396 0.0525583 0.0235716 105.5433017
-0.0526116 0.9986137 0.0016445 -1.0026547
-0.0234525 -0.0028819 0.9997208 -0.3592232
0.0000000 0.0000000 0.0000000 1.0000000
0.9984978 0.0495691 0.0233464 106.7422029
-0.0496177 0.9987672 0.0015036 -1.0907217
-0.0232430 -0.0026597 0.9997263 -0.3783420
0.0000000 0.0000000 0.0000000 1.0000000
0.9986584 0.0463177 0.0231528 107.9408435
-0.0463995 0.9989184 0.0030086 -1.1513556
-0.0229884 -0.0040789 0.9997274 -0.3995413
0.0000000 0.0000000 0.0000000 1.0000000
0.9988411 0.0421758 0.0231875 109.1433478
-0.0422619 0.9991013 0.0032340 -1.2146076
-0.0230303 -0.0042102 0.9997259 -0.4209892
0.0000000 0.0000000 0.0000000 1.0000000
0.9989716 0.0382370 0.0243643 110.3494377
-0.0383176 0.9992616 0.0028485 -1.2724046
-0.0242374 -0.0037792 0.9996991 -0.4344855
0.0000000 0.0000000 0.0000000 1.0000000
0.9991062 0.0337558 0.0254439 111.5600488
-0.0338060 0.9994272 0.0015454 -1.3377720
-0.0253772 -0.0024042 0.9996751 -0.4327946
0.0000000 0.0000000 0.0000000 1.0000000
0.9992210 0.0296889 0.0259999 112.7891868
-0.0297772 0.9995520 0.0030184 -1.3822866
-0.0258986 -0.0037902 0.9996574 -0.4523898
0.0000000 0.0000000 0.0000000 1.0000000
0.9993566 0.0246846 0.0260188 114.0087082
-0.0247713 0.9996886 0.0030140 -1.4309291
-0.0259363 -0.0036566 0.9996569 -0.4684770
0.0000000 0.0000000 0.0000000 1.0000000
0.9994659 0.0197860 0.0260097 115.2350947
-0.0199217 0.9997892 0.0049708 -1.4643550
-0.0259059 -0.0054863 0.9996493 -0.4969477
0.0000000 0.0000000 0.0000000 1.0000000
0.9995371 0.0149917 0.0264720 116.4472197
-0.0151291 0.9998731 0.0049969 -1.4911471
-0.0263937 -0.0053950 0.9996371 -0.5191823
0.0000000 0.0000000 0.0000000 1.0000000
0.9996116 0.0101253 0.0259648 117.6670868
-0.0102700 0.9999324 0.0054445 -1.5070980
-0.0259079 -0.0057091 0.9996480 -0.5399642
0.0000000 0.0000000 0.0000000 1.0000000
0.9996064 0.0062531 0.0273478 118.9036202
-0.0064451 0.9999552 0.0069367 -1.5172678
-0.0273032 -0.0071102 0.9996019 -0.5516816
0.0000000 0.0000000 0.0000000 1.0000000
0.9995843 0.0041825 0.0285259 120.1409568
-0.0044292 0.9999533 0.0085881 -1.5280414
-0.0284886 -0.0087109 0.9995562 -0.5650436
0.0000000 0.0000000 0.0000000 1.0000000
0.9995764 0.0029821 0.0289521 121.3803803
-0.0032874 0.9999394 0.0105036 -1.5348994
-0.0289190 -0.0105944 0.9995256 -0.5868501
0.0000000 0.0000000 0.0000000 1.0000000
0.9995762 0.0010138 0.0290912 122.6246203
-0.0013940 0.9999139 0.0130501 -1.5501162
-0.0290755 -0.0130851 0.9994916 -0.5953424
0.0000000 0.0000000 0.0000000 1.0000000
0.9995580 -0.0000094 0.0297295 123.8797340
-0.0004146 0.9998983 0.0142568 -1.5530939
-0.0297266 -0.0142628 0.9994563 -0.6017784
0.0000000 0.0000000 0.0000000 1.0000000
0.9995208 -0.0008301 0.0309442 125.1195369
0.0003387 0.9998738 0.0158846 -1.5591196
-0.0309535 -0.0158665 0.9993949 -0.6196857
0.0000000 0.0000000 0.0000000 1.0000000
0.9994545 -0.0022737 0.0329479 126.3747877
0.0016810 0.9998364 0.0180073 -1.5498945
-0.0329835 -0.0179421 0.9992948 -0.6422280
0.0000000 0.0000000 0.0000000 1.0000000
0.9993182 -0.0038667 0.0367171 127.6310834
0.0031639 0.9998111 0.0191792 -1.5481493
-0.0367844 -0.0190499 0.9991416 -0.6761594
0.0000000 0.0000000 0.0000000 1.0000000
0.9993502 -0.0039152 0.0358312 128.8592694
0.0032933 0.9998432 0.0174011 -1.5451846
-0.0358937 -0.0172718 0.9992063 -0.7031563
0.0000000 0.0000000 0.0000000 1.0000000
0.9993809 -0.0037016 0.0349873 130.1225181
0.0031328 0.9998623 0.0162979 -1.5464642
-0.0350428 -0.0161782 0.9992549 -0.7261774
0.0000000 0.0000000 0.0000000 1.0000000
0.9993561 -0.0047115 0.0355705 131.3790716
0.0042397 0.9999022 0.0133277 -1.5492176
-0.0356298 -0.0131683 0.9992783 -0.7642907
0.0000000 0.0000000 0.0000000 1.0000000
0.9992571 -0.0066478 0.0379600 132.6561108
0.0062044 0.9999113 0.0117849 -1.5506561
-0.0380350 -0.0115406 0.9992098 -0.7977475
0.0000000 0.0000000 0.0000000 1.0000000
0.9991843 -0.0066205 0.0398352 133.9182418
0.0062858 0.9999439 0.0085204 -1.5502879
-0.0398894 -0.0082630 0.9991699 -0.8310587
0.0000000 0.0000000 0.0000000 1.0000000
0.9991430 -0.0074329 0.0407179 135.1835528
0.0071704 0.9999526 0.0065893 -1.5523464
-0.0407649 -0.0062917 0.9991490 -0.8709493
0.0000000 0.0000000 0.0000000 1.0000000
0.9991806 -0.0066085 0.0399318 136.4451745
0.0065008 0.9999749 0.0028267 -1.5456190
-0.0399495 -0.0025648 0.9991984 -0.8882802
0.0000000 0.0000000 0.0000000 1.0000000
0.9992110 -0.0078687 0.0389290 137.7126281
0.0078775 0.9999690 -0.0000712 -1.5389422
-0.0389272 0.0003778 0.9992420 -0.9288190
0.0000000 0.0000000 0.0000000 1.0000000
0.9991855 -0.0077389 0.0396027 138.9871751
0.0078372 0.9999666 -0.0023292 -1.5333884
-0.0395834 0.0026377 0.9992128 -0.9551249
0.0000000 0.0000000 0.0000000 1.0000000
0.9991406 -0.0076603 0.0407360 140.2641537
0.0077676 0.9999668 -0.0024763 -1.5260939
-0.0407157 0.0027906 0.9991669 -1.0013721
0.0000000 0.0000000 0.0000000 1.0000000
0.9990708 -0.0066877 0.0425784 141.5428264
0.0067678 0.9999756 -0.0017377 -1.5260018
-0.0425657 0.0020242 0.9990916 -1.0299302
0.0000000 0.0000000 0.0000000 1.0000000
0.9990277 -0.0056115 0.0437285 142.8119840
0.0055766 0.9999840 0.0009210 -1.5253901
-0.0437329 -0.0006762 0.9990430 -1.0744545
0.0000000 0.0000000 0.0000000 1.0000000
0.9991155 -0.0045217 0.0418064 144.0907002
0.0044460 0.9999883 0.0019024 -1.5296397
-0.0418146 -0.0017148 0.9991239 -1.1229374
0.0000000 0.0000000 0.0000000 1.0000000
0.9991851 -0.0032910 0.0402294 145.3659546
0.0031814 0.9999911 0.0027887 -1.5314874
-0.0402382 -0.0026585 0.9991866 -1.1565814
0.0000000 0.0000000 0.0000000 1.0000000
0.9992649 -0.0030592 0.0382130 146.6454898
0.0029653 0.9999924 0.0025130 -1.5281602
-0.0382204 -0.0023978 0.9992665 -1.1936354
0.0000000 0.0000000 0.0000000 1.0000000
0.9994065 -0.0025524 0.0343533 147.9111796
0.0025314 0.9999966 0.0006548 -1.5384479
-0.0343549 -0.0005674 0.9994095 -1.2084531
0.0000000 0.0000000 0.0000000 1.0000000
0.9995133 -0.0027406 0.0310755 149.1722681
0.0026990 0.9999954 0.0013801 -1.5525709
-0.0310792 -0.0012956 0.9995161 -1.2388076
0.0000000 0.0000000 0.0000000 1.0000000
0.9995532 -0.0022911 0.0298021 150.4542362
0.0022561 0.9999967 0.0012075 -1.5450611
-0.0298048 -0.0011397 0.9995551 -1.2635032
0.0000000 0.0000000 0.0000000 1.0000000
0.9995406 -0.0018801 0.0302497 151.7301714
0.0018261 0.9999967 0.0018144 -1.5536484
-0.0302530 -0.0017583 0.9995407 -1.2829216
0.0000000 0.0000000 0.0000000 1.0000000
0.9995144 -0.0018928 0.0311027 152.9997313
0.0018181 0.9999954 0.0024297 -1.5512481
-0.0311071 -0.0023720 0.9995132 -1.3087856
0.0000000 0.0000000 0.0000000 1.0000000
0.9994591 -0.0022526 0.0328090 154.2565812
0.0021725 0.9999946 0.0024773 -1.5431102
-0.0328144 -0.0024047 0.9994586 -1.3169478
0.0000000 0.0000000 0.0000000 1.0000000
0.9994393 -0.0024062 0.0333947 155.5266846
0.0023476 0.9999956 0.0017950 -1.5572142
-0.0333988 -0.0017156 0.9994406 -1.3355420
0.0000000 0.0000000 0.0000000 1.0000000
0.9994494 -0.0032557 0.0330201 156.7849809
0.0031785 0.9999921 0.0023923 -1.5603514
-0.0330276 -0.0022860 0.9994518 -1.3659406
0.0000000 0.0000000 0.0000000 1.0000000
0.9994339 -0.0035187 0.0334598 158.0510183
0.0034240 0.9999900 0.0028849 -1.5595536
-0.0334697 -0.0027687 0.9994359 -1.3950047
0.0000000 0.0000000 0.0000000 1.0000000
0.9993757 -0.0042422 0.0350737 159.3346892
0.0041659 0.9999888 0.0022485 -1.5518576
-0.0350829 -0.0021010 0.9993822 -1.4271447
0.0000000 0.0000000 0.0000000 1.0000000
0.9993826 -0.0049510 0.0347828 160.5933029
0.0048213 0.9999811 0.0038111 -1.5471611
-0.0348010 -0.0036410 0.9993876 -1.4699268
0.0000000 0.0000000 0.0000000 1.0000000
0.9993838 -0.0057497 0.0346248 161.8579007
0.0056033 0.9999750 0.0043219 -1.5403570
-0.0346488 -0.0041252 0.9993910 -1.5055012
0.0000000 0.0000000 0.0000000 1.0000000
0.9994309 -0.0058778 0.0332163 163.1096276
0.0057119 0.9999707 0.0050892 -1.5507531
-0.0332452 -0.0048965 0.9994352 -1.5376747
0.0000000 0.0000000 0.0000000 1.0000000
0.9994283 -0.0050651 0.0334269 164.3743555
0.0048676 0.9999702 0.0059867 -1.5465473
-0.0334563 -0.0058206 0.9994232 -1.5690170
0.0000000 0.0000000 0.0000000 1.0000000
0.9994469 -0.0059777 0.0327145 165.6299098
0.0058150 0.9999703 0.0050670 -1.5487206
-0.0327438 -0.0048740 0.9994519 -1.5947915
0.0000000 0.0000000 0.0000000 1.0000000
0.9994737 -0.0064135 0.0317979 166.8904977
0.0062480 0.9999664 0.0053013 -1.5511576
-0.0318308 -0.0050999 0.9994803 -1.6242087
0.0000000 0.0000000 0.0000000 1.0000000
0.9994701 -0.0073328 0.0317144 168.1450606
0.0071707 0.9999607 0.0052232 -1.5511322
-0.0317514 -0.0049930 0.9994833 -1.6553378
0.0000000 0.0000000 0.0000000 1.0000000
0.9994245 -0.0078142 0.0330101 169.3994172
0.0076320 0.9999550 0.0056404 -1.5438510
-0.0330527 -0.0053852 0.9994391 -1.6826991
0.0000000 0.0000000 0.0000000 1.0000000
0.9993979 -0.0086492 0.0336020 170.6629266
0.0084665 0.9999486 0.0055737 -1.5336727
-0.0336484 -0.0052858 0.9994198 -1.7124080
0.0000000 0.0000000 0.0000000 1.0000000
0.9993974 -0.0097117 0.0333233 171.9267500
0.0095002 0.9999337 0.0065008 -1.5225908
-0.0333842 -0.0061803 0.9994235 -1.7421153
0.0000000 0.0000000 0.0000000 1.0000000
0.9993930 -0.0104463 0.0332335 173.1946905
0.0102243 0.9999243 0.0068419 -1.5118066
-0.0333024 -0.0064979 0.9994242 -1.7634995
0.0000000 0.0000000 0.0000000 1.0000000
0.9994102 -0.0116866 0.0322901 174.4541566
0.0114447 0.9999051 0.0076650 -1.5047931
-0.0323766 -0.0072909 0.9994492 -1.7926818
0.0000000 0.0000000 0.0000000 1.0000000
0.9994409 -0.0124319 0.0310366 175.7139858
0.0121922 0.9998945 0.0079005 -1.4926950
-0.0311316 -0.0075177 0.9994870 -1.8185742
0.0000000 0.0000000 0.0000000 1.0000000
0.9994168 -0.0124861 0.0317820 176.9848233
0.0122355 0.9998926 0.0080669 -1.4792475
-0.0318793 -0.0076733 0.9994623 -1.8409792
0.0000000 0.0000000 0.0000000 1.0000000
0.9994500 -0.0130379 0.0304898 178.2446584
0.0128050 0.9998874 0.0078228 -1.4679672
-0.0305884 -0.0074280 0.9995045 -1.8704470
0.0000000 0.0000000 0.0000000 1.0000000
0.9995117 -0.0130385 0.0283966 179.5108057
0.0128611 0.9998967 0.0064189 -1.4634412
-0.0284773 -0.0060506 0.9995761 -1.8966370
0.0000000 0.0000000 0.0000000 1.0000000
0.9994901 -0.0133416 0.0290091 180.7678305
0.0132150 0.9999023 0.0045508 -1.4566701
-0.0290670 -0.0041651 0.9995688 -1.9165399
0.0000000 0.0000000 0.0000000 1.0000000
0.9993866 -0.0136786 0.0322394 182.0365534
0.0135425 0.9998985 0.0044359 -1.4457554
-0.0322968 -0.0039966 0.9994703 -1.9489495
0.0000000 0.0000000 0.0000000 1.0000000
0.9992167 -0.0132662 0.0372824 183.2997336
0.0131389 0.9999070 0.0036567 -1.4364224
-0.0373275 -0.0031639 0.9992981 -1.9736199
0.0000000 0.0000000 0.0000000 1.0000000
0.9992048 -0.0133001 0.0375886 184.5627687
0.0130963 0.9998982 0.0056637 -1.4225847
-0.0376601 -0.0051669 0.9992772 -1.9945624
0.0000000 0.0000000 0.0000000 1.0000000
0.9993060 -0.0122913 0.0351624 185.8152071
0.0120347 0.9998994 0.0075010 -1.4038560
-0.0352511 -0.0070727 0.9993535 -2.0278777
0.0000000 0.0000000 0.0000000 1.0000000
0.9993664 -0.0121567 0.0334514 187.0639264
0.0118822 0.9998942 0.0083911 -1.3905794
-0.0335499 -0.0079883 0.9994051 -2.0589599
0.0000000 0.0000000 0.0000000 1.0000000
0.9993662 -0.0127100 0.0332518 188.3164055
0.0124230 0.9998839 0.0088253 -1.3801190
-0.0333601 -0.0084066 0.9994080 -2.0958868
0.0000000 0.0000000 0.0000000 1.0000000
0.9993186 -0.0129624 0.0345584 189.5623230
0.0126373 0.9998740 0.0096083 -1.3668708
-0.0346785 -0.0091650 0.9993565 -2.1242747
0.0000000 0.0000000 0.0000000 1.0000000
0.9992200 -0.0128874 0.0373279 190.8049165
0.0125277 0.9998730 0.0098532 -1.3519128
-0.0374501 -0.0093779 0.9992545 -2.1410583
0.0000000 0.0000000 0.0000000 1.0000000
0.9992010 -0.0120237 0.0381164 192.0341675
0.0116699 0.9998869 0.0094913 -1.3385648
-0.0382262 -0.0090389 0.9992282 -2.1594146
0.0000000 0.0000000 0.0000000 1.0000000
0.9992406 -0.0107381 0.0374557 193.2605236
0.0103676 0.9998955 0.0100731 -1.3216593
-0.0375599 -0.0096771 0.9992475 -2.1898030
0.0000000 0.0000000 0.0000000 1.0000000
0.9992940 -0.0092801 0.0364062 194.4906647
0.0089273 0.9999117 0.0098405 -1.2968677
-0.0364944 -0.0095086 0.9992886 -2.2062776
0.0000000 0.0000000 0.0000000 1.0000000
0.9993638 -0.0085426 0.0346280 195.7113207
0.0081965 0.9999152 0.0101240 -1.2795662
-0.0347116 -0.0098337 0.9993490 -2.2310324
0.0000000 0.0000000 0.0000000 1.0000000
0.9994006 -0.0078526 0.0337158 196.9348141
0.0075261 0.9999236 0.0098009 -1.2675336
-0.0337902 -0.0095413 0.9993834 -2.2585239
0.0000000 0.0000000 0.0000000 1.0000000
0.9993734 -0.0070775 0.0346787 198.1372296
0.0067198 0.9999231 0.0104220 -1.2665288
-0.0347498 -0.0101825 0.9993442 -2.2801782
0.0000000 0.0000000 0.0000000 1.0000000
0.9993209 -0.0060871 0.0363402 199.3376818
0.0057394 0.9999368 0.0096626 -1.2643511
-0.0363968 -0.0094474 0.9992928 -2.3160120
0.0000000 0.0000000 0.0000000 1.0000000
0.9993191 -0.0054469 0.0364928 200.5408314
0.0050504 0.9999273 0.0109492 -1.2617038
-0.0365498 -0.0107574 0.9992739 -2.3479247
0.0000000 0.0000000 0.0000000 1.0000000
0.9993371 -0.0042664 0.0361554 201.7424592
0.0038444 0.9999238 0.0117321 -1.2610195
-0.0362026 -0.0115853 0.9992773 -2.3803325
0.0000000 0.0000000 0.0000000 1.0000000
0.9993225 -0.0034001 0.0366465 202.9305934
0.0029983 0.9999349 0.0110127 -1.2598603
-0.0366815 -0.0108953 0.9992676 -2.4117217
0.0000000 0.0000000 0.0000000 1.0000000
0.9993186 -0.0023971 0.0368324 204.1264426
0.0020189 0.9999449 0.0103001 -1.2565813
-0.0368551 -0.0102188 0.9992684 -2.4315157
0.0000000 0.0000000 0.0000000 1.0000000
0.9993205 -0.0019687 0.0368063 205.3100032
0.0015654 0.9999385 0.0109839 -1.2517548
-0.0368257 -0.0109188 0.9992621 -2.4630960
0.0000000 0.0000000 0.0000000 1.0000000
0.9993090 -0.0012513 0.0371480 206.4822889
0.0008474 0.9999404 0.0108868 -1.2577335
-0.0371594 -0.0108478 0.9992505 -2.5027738
0.0000000 0.0000000 0.0000000 1.0000000
0.9993224 -0.0006688 0.0368003 207.6290574
0.0003121 0.9999529 0.0096963 -1.2651394
-0.0368050 -0.0096783 0.9992756 -2.5238535
0.0000000 0.0000000 0.0000000 1.0000000
0.9993006 -0.0009508 0.0373815 208.7738562
0.0005972 0.9999550 0.0094686 -1.2710101
-0.0373888 -0.0094397 0.9992562 -2.5519378
0.0000000 0.0000000 0.0000000 1.0000000
0.9992572 -0.0016497 0.0385018 209.9037882
0.0012944 0.9999564 0.0092523 -1.2820597
-0.0385154 -0.0091956 0.9992157 -2.5718506
0.0000000 0.0000000 0.0000000 1.0000000
0.9992331 -0.0015891 0.0391227 211.0089162
0.0012444 0.9999602 0.0088321 -1.2847007
-0.0391352 -0.0087767 0.9991954 -2.5913746
0.0000000 0.0000000 0.0000000 1.0000000
0.9992592 -0.0019772 0.0384338 212.1112788
0.0016219 0.9999557 0.0092745 -1.2890473
-0.0384504 -0.0092053 0.9992181 -2.6174139
0.0000000 0.0000000 0.0000000 1.0000000
0.9992966 -0.0022194 0.0374361 213.1979134
0.0018745 0.9999555 0.0092474 -1.2939097
-0.0374549 -0.0091707 0.9992562 -2.6415231
0.0000000 0.0000000 0.0000000 1.0000000
0.9992867 -0.0030586 0.0376389 214.2733118
0.0027320 0.9999582 0.0087263 -1.3003061
-0.0376640 -0.0086172 0.9992533 -2.6513310
0.0000000 0.0000000 0.0000000 1.0000000
0.9992677 -0.0040323 0.0380512 215.3339938
0.0037347 0.9999619 0.0078908 -1.3016197
-0.0380815 -0.0077429 0.9992446 -2.6686986
0.0000000 0.0000000 0.0000000 1.0000000
0.9992086 -0.0055013 0.0393943 216.3849859
0.0051737 0.9999512 0.0084136 -1.3014481
-0.0394387 -0.0082032 0.9991883 -2.6987115
0.0000000 0.0000000 0.0000000 1.0000000
0.9991205 -0.0077332 0.0412117 217.4224985
0.0074534 0.9999481 0.0069398 -1.3022499
-0.0412632 -0.0066265 0.9991263 -2.7190790
0.0000000 0.0000000 0.0000000 1.0000000
0.9990386 -0.0096777 0.0427564 218.4545362
0.0093631 0.9999276 0.0075522 -1.2974186
-0.0428264 -0.0071446 0.9990570 -2.7557641
0.0000000 0.0000000 0.0000000 1.0000000
0.9990055 -0.0120133 0.0429387 219.4603657
0.0117040 0.9999038 0.0074462 -1.3045825
-0.0430240 -0.0069363 0.9990500 -2.7835715
0.0000000 0.0000000 0.0000000 1.0000000
0.9990031 -0.0143051 0.0422872 220.4544465
0.0139551 0.9998660 0.0085600 -1.3017870
-0.0424040 -0.0079613 0.9990688 -2.8153293
0.0000000 0.0000000 0.0000000 1.0000000
0.9989897 -0.0163602 0.0418552 221.4189859
0.0159895 0.9998300 0.0091763 -1.2877631
-0.0419982 -0.0084978 0.9990815 -2.8456647
0.0000000 0.0000000 0.0000000 1.0000000
0.9989196 -0.0189604 0.0424269 222.3549217
0.0185433 0.9997760 0.0102027 -1.2706549
-0.0426108 -0.0094050 0.9990475 -2.8705956
0.0000000 0.0000000 0.0000000 1.0000000
0.9988468 -0.0218460 0.0427538 223.2747010
0.0214444 0.9997217 0.0098293 -1.2498058
-0.0429566 -0.0089012 0.9990373 -2.8871944
0.0000000 0.0000000 0.0000000 1.0000000
0.9987712 -0.0250337 0.0427724 224.1753156
0.0246329 0.9996478 0.0098715 -1.2336308
-0.0430044 -0.0088057 0.9990361 -2.9070004
0.0000000 0.0000000 0.0000000 1.0000000
0.9986873 -0.0285307 0.0425399 225.0541774
0.0281821 0.9995643 0.0087724 -1.2133636
-0.0427716 -0.0075620 0.9990563 -2.9249352
0.0000000 0.0000000 0.0000000 1.0000000
0.9985669 -0.0314243 0.0433207 225.9083377
0.0310640 0.9994772 0.0089673 -1.1886449
-0.0435798 -0.0076087 0.9990210 -2.9318375
0.0000000 0.0000000 0.0000000 1.0000000
0.9984934 -0.0340389 0.0430392 226.7424198
0.0335883 0.9993735 0.0111511 -1.1592761
-0.0433918 -0.0096887 0.9990112 -2.9586378
0.0000000 0.0000000 0.0000000 1.0000000
0.9984135 -0.0361754 0.0431480 227.5562135
0.0356212 0.9992736 0.0135436 -1.1298219
-0.0436066 -0.0119851 0.9989769 -2.9836674
0.0000000 0.0000000 0.0000000 1.0000000
0.9983912 -0.0366105 0.0432980 228.3523693
0.0360848 0.9992659 0.0128628 -1.1020941
-0.0437372 -0.0112797 0.9989794 -2.9968723
0.0000000 0.0000000 0.0000000 1.0000000
0.9983502 -0.0364248 0.0443871 229.1249092
0.0359018 0.9992768 0.0125243 -1.0786783
-0.0448112 -0.0109100 0.9989359 -3.0192308
0.0000000 0.0000000 0.0000000 1.0000000
0.9983309 -0.0354553 0.0455894 229.8800168
0.0348809 0.9993025 0.0133329 -1.0503275
-0.0460303 -0.0117204 0.9988713 -3.0302595
0.0000000 0.0000000 0.0000000 1.0000000
0.9983606 -0.0352722 0.0450769 230.6175559
0.0346587 0.9992966 0.0143211 -1.0237987
-0.0455503 -0.0127353 0.9988809 -3.0544495
0.0000000 0.0000000 0.0000000 1.0000000
0.9984693 -0.0348717 0.0429310 231.3488887
0.0342136 0.9992869 0.0159710 -0.9988355
-0.0434574 -0.0144777 0.9989504 -3.0819834
0.0000000 0.0000000 0.0000000 1.0000000
0.9985744 -0.0338819 0.0412443 232.0810580
0.0332278 0.9993125 0.0164424 -0.9770273
-0.0417731 -0.0150485 0.9990138 -3.1021974
0.0000000 0.0000000 0.0000000 1.0000000
0.9986475 -0.0330728 0.0401171 232.8087581
0.0324033 0.9993264 0.0172244 -0.9546908
-0.0406598 -0.0159012 0.9990465 -3.1269576
0.0000000 0.0000000 0.0000000 1.0000000
0.9986636 -0.0318536 0.0406976 233.5360146
0.0311555 0.9993583 0.0176738 -0.9311846
-0.0412344 -0.0163822 0.9990152 -3.1427270
0.0000000 0.0000000 0.0000000 1.0000000
0.9987313 -0.0305716 0.0400158 234.2570207
0.0299348 0.9994170 0.0164170 -0.9108794
-0.0404944 -0.0151983 0.9990642 -3.1562780
0.0000000 0.0000000 0.0000000 1.0000000
0.9987780 -0.0284068 0.0404426 234.9724209
0.0278124 0.9994978 0.0151858 -0.8954403
-0.0408536 -0.0140424 0.9990665 -3.1650664
0.0000000 0.0000000 0.0000000 1.0000000
0.9988834 -0.0263941 0.0391824 235.6824932
0.0257610 0.9995307 0.0165765 -0.8738373
-0.0396015 -0.0155487 0.9990946 -3.1871584
0.0000000 0.0000000 0.0000000 1.0000000
0.9989621 -0.0235868 0.0389672 236.3989478
0.0229467 0.9995957 0.0167926 -0.8541943
-0.0393475 -0.0158810 0.9990994 -3.2107774
0.0000000 0.0000000 0.0000000 1.0000000
0.9990031 -0.0203948 0.0397087 237.0962191
0.0197593 0.9996714 0.0163303 -0.8435387
-0.0400287 -0.0155294 0.9990778 -3.2218056
0.0000000 0.0000000 0.0000000 1.0000000
0.9990118 -0.0171136 0.0410179 237.7953813
0.0164564 0.9997316 0.0163057 -0.8419875
-0.0412859 -0.0156146 0.9990254 -3.2438207
0.0000000 0.0000000 0.0000000 1.0000000
0.9990258 -0.0139687 0.0418619 238.4943583
0.0132738 0.9997702 0.0168324 -0.8300074
-0.0420874 -0.0162603 0.9989816 -3.2567054
0.0000000 0.0000000 0.0000000 1.0000000
0.9990415 -0.0115473 0.0422234 239.1751095
0.0109064 0.9998223 0.0153772 -0.8360763
-0.0423934 -0.0149020 0.9989898 -3.2612031
0.0000000 0.0000000 0.0000000 1.0000000
0.9990615 -0.0087663 0.0424168 239.8717645
0.0081432 0.9998567 0.0148388 -0.8377021
-0.0425408 -0.0144794 0.9989898 -3.2739806
0.0000000 0.0000000 0.0000000 1.0000000
0.9991527 -0.0061414 0.0406953 240.5526074
0.0055795 0.9998877 0.0139067 -0.8355415
-0.0407761 -0.0136678 0.9990748 -3.2867410
0.0000000 0.0000000 0.0000000 1.0000000
0.9992550 -0.0030332 0.0384749 241.2486402
0.0024028 0.9998623 0.0164193 -0.8382325
-0.0385194 -0.0163146 0.9991247 -3.3022335
0.0000000 0.0000000 0.0000000 1.0000000
0.9992181 -0.0000020 0.0395364 241.9326476
-0.0007137 0.9998361 0.0180893 -0.8399843
-0.0395299 -0.0181034 0.9990544 -3.3087335
0.0000000 0.0000000 0.0000000 1.0000000
0.9992130 0.0024736 0.0395878 242.6267963
-0.0031756 0.9998386 0.0176809 -0.8483968
-0.0395377 -0.0177927 0.9990597 -3.3174917
0.0000000 0.0000000 0.0000000 1.0000000
0.9991998 0.0057682 0.0395783 243.3249393
-0.0064524 0.9998316 0.0171824 -0.8704275
-0.0394725 -0.0174241 0.9990687 -3.3290833
0.0000000 0.0000000 0.0000000 1.0000000
0.9991537 0.0084145 0.0402635 244.0228332
-0.0090690 0.9998293 0.0161005 -0.8723880
-0.0401212 -0.0164520 0.9990594 -3.3349311
0.0000000 0.0000000 0.0000000 1.0000000
0.9992272 0.0105685 0.0378594 244.7226144
-0.0111587 0.9998190 0.0154121 -0.8944496
-0.0376897 -0.0158227 0.9991642 -3.3498899
0.0000000 0.0000000 0.0000000 1.0000000
0.9992505 0.0124167 0.0366641 245.4267582
-0.0130193 0.9997833 0.0162438 -0.9082499
-0.0364545 -0.0167089 0.9991956 -3.3534687
0.0000000 0.0000000 0.0000000 1.0000000
0.9992785 0.0131883 0.0356156 246.1393771
-0.0137658 0.9997769 0.0160198 -0.9284987
-0.0353964 -0.0164985 0.9992372 -3.3640513
0.0000000 0.0000000 0.0000000 1.0000000
0.9993026 0.0135006 0.0348151 246.8564425
-0.0141008 0.9997552 0.0170521 -0.9477300
-0.0345764 -0.0175311 0.9992483 -3.3816828
0.0000000 0.0000000 0.0000000 1.0000000
0.9993542 0.0145282 0.0328645 247.5891972
-0.0150478 0.9997648 0.0156168 -0.9665371
-0.0326299 -0.0161012 0.9993378 -3.3874025
0.0000000 0.0000000 0.0000000 1.0000000
0.9993421 0.0144295 0.0332749 248.3151391
-0.0149957 0.9997459 0.0168279 -0.9872998
-0.0330236 -0.0173158 0.9993046 -3.4000554
0.0000000 0.0000000 0.0000000 1.0000000
0.9994187 0.0143398 0.0309290 249.0650988
-0.0148706 0.9997449 0.0169988 -1.0183624
-0.0306773 -0.0174489 0.9993770 -3.4140244
0.0000000 0.0000000 0.0000000 1.0000000
0.9994961 0.0131984 0.0288661 249.8231324
-0.0136937 0.9997612 0.0170301 -1.0572796
-0.0286344 -0.0174168 0.9994382 -3.4522960
0.0000000 0.0000000 0.0000000 1.0000000
0.9994539 0.0137156 0.0300629 250.5936153
-0.0142194 0.9997609 0.0166095 -1.0888998
-0.0298279 -0.0170279 0.9994100 -3.5013692
0.0000000 0.0000000 0.0000000 1.0000000
0.9995267 0.0134059 0.0276902 251.3620457
-0.0138414 0.9997825 0.0155970 -1.1076767
-0.0274751 -0.0159728 0.9994949 -3.5464136
0.0000000 0.0000000 0.0000000 1.0000000
0.9995255 0.0124659 0.0281682 252.1448831
-0.0129239 0.9997863 0.0161362 -1.1136905
-0.0279611 -0.0164926 0.9994730 -3.5846693
0.0000000 0.0000000 0.0000000 1.0000000
0.9994387 0.0124809 0.0310898 252.9376642
-0.0131373 0.9996932 0.0209996 -1.1185537
-0.0308182 -0.0213962 0.9992960 -3.6275511
0.0000000 0.0000000 0.0000000 1.0000000
0.9992533 0.0131966 0.0363124 253.7236029
-0.0140201 0.9996481 0.0225177 -1.1257620
-0.0360025 -0.0230099 0.9990868 -3.6554423
0.0000000 0.0000000 0.0000000 1.0000000
0.9992264 0.0159467 0.0359479 254.5155645
-0.0167702 0.9996011 0.0227257 -1.1358385
-0.0355712 -0.0233110 0.9990952 -3.6765195
0.0000000 0.0000000 0.0000000 1.0000000
0.9992531 0.0199688 0.0330843 255.3094865
-0.0208375 0.9994415 0.0261245 -1.1492112
-0.0325442 -0.0267944 0.9991111 -3.6868376
0.0000000 0.0000000 0.0000000 1.0000000
0.9992783 0.0236438 0.0297292 256.1118472
-0.0244579 0.9993274 0.0273233 -1.1727881
-0.0290632 -0.0280307 0.9991845 -3.6968055
0.0000000 0.0000000 0.0000000 1.0000000
0.9991448 0.0264779 0.0317596 256.9296291
-0.0273458 0.9992556 0.0272130 -1.1888911
-0.0310155 -0.0280582 0.9991250 -3.6967332
0.0000000 0.0000000 0.0000000 1.0000000
0.9990529 0.0300027 0.0315149 257.7359016
-0.0307875 0.9992202 0.0247219 -1.2206875
-0.0307485 -0.0256688 0.9991975 -3.6878840
0.0000000 0.0000000 0.0000000 1.0000000
0.9989806 0.0328733 0.0309369 258.5571029
-0.0335835 0.9991776 0.0227210 -1.2508792
-0.0301646 -0.0237368 0.9992631 -3.7025898
0.0000000 0.0000000 0.0000000 1.0000000
0.9988241 0.0354626 0.0330583 259.3802791
-0.0361969 0.9991050 0.0218850 -1.2899019
-0.0322526 -0.0230559 0.9992138 -3.7146625
0.0000000 0.0000000 0.0000000 1.0000000
0.9987201 0.0383111 0.0330205 260.2147816
-0.0390481 0.9989958 0.0219692 -1.3340735
-0.0321457 -0.0232305 0.9992132 -3.7317952
0.0000000 0.0000000 0.0000000 1.0000000
0.9986080 0.0408719 0.0333399 261.0509365
-0.0416505 0.9988674 0.0230014 -1.3628173
-0.0323621 -0.0243580 0.9991794 -3.7495775
0.0000000 0.0000000 0.0000000 1.0000000
0.9985124 0.0433408 0.0330832 261.8811800
-0.0441230 0.9987546 0.0232909 -1.3974952
-0.0320325 -0.0247160 0.9991812 -3.7630967
0.0000000 0.0000000 0.0000000 1.0000000
0.9984373 0.0458655 0.0319277 262.7149436
-0.0466208 0.9986403 0.0233263 -1.4356741
-0.0308144 -0.0247783 0.9992180 -3.7819048
0.0000000 0.0000000 0.0000000 1.0000000
0.9982597 0.0486623 0.0333088 263.5533643
-0.0494601 0.9984982 0.0235607 -1.4766225
-0.0321123 -0.0251672 0.9991674 -3.7869735
0.0000000 0.0000000 0.0000000 1.0000000
0.9980380 0.0516800 0.0353451 264.4051488
-0.0525572 0.9983208 0.0243572 -1.5229564
