0.9999997 -0.0006701 -0.0002176 0.0117071
0.0006701 0.9999998 -0.0001297 -0.0012062
0.0002177 0.0001295 1.0000000 0.0022635
0.0000000 0.0000000 0.0000000 1.0000000
0.9999757 -0.0069482 -0.0006280 0.0966942
0.0069476 0.9999754 -0.0009908 -0.0108937
0.0006349 0.0009864 0.9999993 0.0093573
0.0000000 0.0000000 0.0000000 1.0000000
0.9999015 -0.0140213 0.0005446 0.1927186
0.0140219 0.9999011 -0.0011265 -0.0136031
-0.0005288 0.0011340 0.9999992 0.0168323
0.0000000 0.0000000 0.0000000 1.0000000
0.9997540 -0.0221678 -0.0007954 0.2907138
0.0221671 0.9997539 -0.0008521 -0.0099964
0.0008141 0.0008343 0.9999993 0.0218002
0.0000000 0.0000000 0.0000000 1.0000000
0.9995567 -0.0296925 -0.0021725 0.3961972
0.0296897 0.9995583 -0.0012875 -0.0098194
0.0022098 0.0012224 0.9999968 0.0247594
0.0000000 0.0000000 0.0000000 1.0000000
0.9991600 -0.0407937 -0.0038932 0.5035922
0.0407862 0.9991660 -0.0019676 -0.0051507
0.0039702 0.0018072 0.9999905 0.0232749
0.0000000 0.0000000 0.0000000 1.0000000
0.9984992 -0.0545558 -0.0047865 0.6280957
0.0545457 0.9985088 -0.0022050 0.0058526
0.0048997 0.0019407 0.9999861 0.0329634
0.0000000 0.0000000 0.0000000 1.0000000
0.9974813 -0.0707958 -0.0043534 0.7744450
0.0707853 0.9974884 -0.0025288 0.0191583
0.0045215 0.0022143 0.9999873 0.0373582
0.0000000 0.0000000 0.0000000 1.0000000
0.9959744 -0.0894904 -0.0051410 0.9341010
0.0894664 0.9959787 -0.0047203 0.0388119
0.0055428 0.0042414 0.9999756 0.0373709
0.0000000 0.0000000 0.0000000 1.0000000
0.9939358 -0.1098041 -0.0058958 1.0981587
0.1097684 0.9939386 -0.0060743 0.0596673
0.0065270 0.0053903 0.9999642 0.0386152
0.0000000 0.0000000 0.0000000 1.0000000
0.9912590 -0.1317225 -0.0073978 1.2654177
0.1316729 0.9912696 -0.0068441 0.0889307
0.0082347 0.0058102 0.9999492 0.0503136
0.0000000 0.0000000 0.0000000 1.0000000
0.9877458 -0.1558461 -0.0083779 1.4384453
0.1558163 0.9877775 -0.0041014 0.1338388
0.0089147 0.0027457 0.9999565 0.0646159
0.0000000 0.0000000 0.0000000 1.0000000
0.9834867 -0.1805725 -0.0121471 1.6143359
0.1805875 0.9835589 0.0001380 0.1864011
0.0119225 -0.0023293 0.9999262 0.0780859
0.0000000 0.0000000 0.0000000 1.0000000
0.9781122 -0.2075755 -0.0144526 1.7975607
0.2076362 0.9782021 0.0028164 0.2435722
0.0135529 -0.0057557 0.9998916 0.0881880
0.0000000 0.0000000 0.0000000 1.0000000
0.9715037 -0.2365797 -0.0145096 1.9879027
0.2366453 0.9715916 0.0029556 0.3120173
0.0133982 -0.0063050 0.9998904 0.0970500
0.0000000 0.0000000 0.0000000 1.0000000
0.9634122 -0.2675410 -0.0160840 2.1880391
0.2676175 0.9635213 0.0027639 0.3865525
0.0147578 -0.0069671 0.9998668 0.1006483
0.0000000 0.0000000 0.0000000 1.0000000
0.9541163 -0.2989806 -0.0165111 2.3927997
0.2990706 0.9542255 0.0032255 0.4618220
0.0147910 -0.0080155 0.9998585 0.1056419
0.0000000 0.0000000 0.0000000 1.0000000
0.9431164 -0.3319579 -0.0183128 2.5813492
0.3320828 0.9432410 0.0041742 0.5504199
0.0158877 -0.0100181 0.9998236 0.1092835
0.0000000 0.0000000 0.0000000 1.0000000
0.9307784 -0.3650417 -0.0199038 2.7776555
0.3652328 0.9308909 0.0068711 0.6504638
0.0160201 -0.0136650 0.9997783 0.1159984
0.0000000 0.0000000 0.0000000 1.0000000
0.9150781 -0.4027053 -0.0214601 2.9842720
0.4029839 0.9151456 0.0106094 0.7642403
0.0153666 -0.0183565 0.9997134 0.1312314
0.0000000 0.0000000 0.0000000 1.0000000
0.8988166 -0.4377485 -0.0224710 3.1785709
0.4380587 0.8988760 0.0112509 0.8808432
0.0152736 -0.0199561 0.9996842 0.1302492
0.0000000 0.0000000 0.0000000 1.0000000
0.8805566 -0.4733868 -0.0229105 3.3732081
0.4736327 0.8806983 0.0065226 1.0047255
0.0170895 -0.0165947 0.9997162 0.1338258
0.0000000 0.0000000 0.0000000 1.0000000
0.8587182 -0.5119538 -0.0225019 3.5756493
0.5121036 0.8589230 0.0010564 1.1347787
0.0187866 -0.0124305 0.9997462 0.1437384
0.0000000 0.0000000 0.0000000 1.0000000
0.8334734 -0.5521183 -0.0220780 3.7647920
0.5522950 0.8336454 0.0023709 1.2969286
0.0170962 -0.0141696 0.9997534 0.1460248
0.0000000 0.0000000 0.0000000 1.0000000
0.8044188 -0.5936156 -0.0230416 3.9559647
0.5938961 0.8045066 0.0075269 1.4782309
0.0140691 -0.0197391 0.9997062 0.1538414
0.0000000 0.0000000 0.0000000 1.0000000
0.7717273 -0.6354576 -0.0251093 4.1382538
0.6358276 0.7717587 0.0105730 1.6684484
0.0126597 -0.0241247 0.9996288 0.1578833
0.0000000 0.0000000 0.0000000 1.0000000
0.7363813 -0.6760405 -0.0266806 4.3204582
0.6764306 0.7364516 0.0089847 1.8692233
0.0135749 -0.0246637 0.9996036 0.1608816
0.0000000 0.0000000 0.0000000 1.0000000
0.6969500 -0.7167130 -0.0241478 4.5029832
0.7169927 0.6970651 0.0046534 2.0867467
0.0134974 -0.0205570 0.9996976 0.1704437
0.0000000 0.0000000 0.0000000 1.0000000
0.6548117 -0.7555156 -0.0204414 4.6745680
0.7556848 0.6549349 0.0008638 2.3171338
0.0127352 -0.0160128 0.9997907 0.1732924
0.0000000 0.0000000 0.0000000 1.0000000
0.6109956 -0.7914197 -0.0184172 4.8308570
0.7915640 0.6110857 0.0009156 2.5567643
0.0105299 -0.0151378 0.9998300 0.1840679
0.0000000 0.0000000 0.0000000 1.0000000
0.5633316 -0.8260928 -0.0151053 4.9872255
0.8261863 0.5633971 -0.0000964 2.8252142
0.0085899 -0.0124255 0.9998859 0.1831258
0.0000000 0.0000000 0.0000000 1.0000000
0.5123144 -0.8586903 -0.0135946 5.1251342
0.8587680 0.5123646 -0.0002517 3.1090437
0.0071815 -0.0115456 0.9999076 0.1932936
0.0000000 0.0000000 0.0000000 1.0000000
0.4601374 -0.8877648 -0.0121311 5.2497319
0.8878290 0.4601736 -0.0002197 3.4037160
0.0057775 -0.0106693 0.9999264 0.1896623
0.0000000 0.0000000 0.0000000 1.0000000
0.4043175 -0.9145452 -0.0115892 5.3646911
0.9146102 0.4043360 0.0008076 3.7360604
0.0039473 -0.0109261 0.9999325 0.2032080
0.0000000 0.0000000 0.0000000 1.0000000
0.3498323 -0.9367502 -0.0107849 5.4613732
0.9368082 0.3498421 0.0010219 4.0786715
0.0028158 -0.0104608 0.9999413 0.1930414
0.0000000 0.0000000 0.0000000 1.0000000
0.2948286 -0.9555138 -0.0083316 5.5303072
0.9555502 0.2948162 0.0027089 4.4529293
-0.0001321 -0.0087599 0.9999616 0.1916024
0.0000000 0.0000000 0.0000000 1.0000000
0.2407770 -0.9705675 -0.0050105 5.6011420
0.9705775 0.2407602 0.0037354 4.8284757
-0.0024191 -0.0057624 0.9999805 0.1930446
0.0000000 0.0000000 0.0000000 1.0000000
0.1901998 -0.9817354 -0.0044226 5.6541325
0.9817443 0.1901907 0.0023920 5.2074430
-0.0015072 -0.0047968 0.9999874 0.1976379
0.0000000 0.0000000 0.0000000 1.0000000
0.1441404 -0.9895410 -0.0056547 5.6849972
0.9895568 0.1441323 0.0018160 5.6284043
-0.0009820 -0.0058574 0.9999824 0.2039168
0.0000000 0.0000000 0.0000000 1.0000000
0.1017032 -0.9947804 -0.0082619 5.6904577
0.9948147 0.1016948 0.0014326 6.0572435
-0.0005849 -0.0083647 0.9999648 0.2066122
0.0000000 0.0000000 0.0000000 1.0000000
0.0647267 -0.9978453 -0.0107306 5.6947320
0.9978999 0.0647499 -0.0018273 6.5035877
0.0025182 -0.0105898 0.9999408 0.1994042
0.0000000 0.0000000 0.0000000 1.0000000
0.0305429 -0.9994798 -0.0103509 5.6884252
0.9995147 0.0306042 -0.0058134 6.9591133
0.0061272 -0.0101683 0.9999295 0.2013773
0.0000000 0.0000000 0.0000000 1.0000000
-0.0007610 -0.9999363 -0.0112594 5.6654011
0.9999629 -0.0006642 -0.0085952 7.4333251
0.0085872 -0.0112655 0.9998997 0.2030143
0.0000000 0.0000000 0.0000000 1.0000000
-0.0273003 -0.9995512 -0.0123271 5.6282941
0.9995744 -0.0271699 -0.0106207 7.9379846
0.0102810 -0.0126118 0.9998676 0.2023644
0.0000000 0.0000000 0.0000000 1.0000000
-0.0488169 -0.9987490 -0.0108249 5.5890801
0.9987202 -0.0486662 -0.0137684 8.4390021
0.0132244 -0.0114832 0.9998466 0.1963220
0.0000000 0.0000000 0.0000000 1.0000000
-0.0649903 -0.9978311 -0.0104561 5.5506748
0.9977865 -0.0648324 -0.0147946 8.9793313
0.0140847 -0.0113944 0.9998359 0.1914334
0.0000000 0.0000000 0.0000000 1.0000000
-0.0773288 -0.9969673 -0.0087445 5.4979410
0.9968755 -0.0771740 -0.0168348 9.5185326
0.0161089 -0.0100190 0.9998200 0.1797478
0.0000000 0.0000000 0.0000000 1.0000000
-0.0876018 -0.9961144 -0.0090531 5.4395999
0.9960141 -0.0874326 -0.0176514 10.0700811
0.0167913 -0.0105633 0.9998032 0.1790761
0.0000000 0.0000000 0.0000000 1.0000000
-0.0943580 -0.9955118 -0.0072656 5.3765192
0.9954059 -0.0942239 -0.0170011 10.6451905
0.0162402 -0.0088364 0.9998291 0.1923301
0.0000000 0.0000000 0.0000000 1.0000000
-0.0993094 -0.9950264 -0.0077462 5.3131571
0.9949665 -0.0991926 -0.0142309 11.2301308
0.0133917 -0.0091205 0.9998687 0.2046582
0.0000000 0.0000000 0.0000000 1.0000000
-0.1007427 -0.9949037 -0.0041775 5.2610194
0.9948178 -0.1006742 -0.0142256 11.8439750
0.0137325 -0.0055890 0.9998901 0.1991547
0.0000000 0.0000000 0.0000000 1.0000000
-0.1004519 -0.9949418 -0.0004915 5.1960876
0.9948644 -0.1004378 -0.0125393 12.4465001
0.0124265 -0.0017485 0.9999213 0.2129610
0.0000000 0.0000000 0.0000000 1.0000000
-0.0988450 -0.9951028 -0.0002533 5.1273683
0.9950648 -0.0988390 -0.0087724 13.0880560
0.0087044 -0.0011191 0.9999615 0.2226938
0.0000000 0.0000000 0.0000000 1.0000000
-0.0969434 -0.9952896 0.0007565 5.0634571
0.9952337 -0.0969460 -0.0105602 13.7346907
0.0105838 -0.0002709 0.9999440 0.2286093
0.0000000 0.0000000 0.0000000 1.0000000
-0.0950113 -0.9954761 -0.0002585 4.9916462
0.9953821 -0.0949987 -0.0137789 14.3882949
0.0136920 -0.0015665 0.9999050 0.2378608
0.0000000 0.0000000 0.0000000 1.0000000
-0.0938164 -0.9955860 -0.0026105 4.9222372
0.9955271 -0.0937808 -0.0114480 15.0673494
0.0111526 -0.0036728 0.9999311 0.2531032
0.0000000 0.0000000 0.0000000 1.0000000
-0.0920759 -0.9957424 -0.0043557 4.8576288
0.9957174 -0.0920353 -0.0087472 15.7573410
0.0083091 -0.0051424 0.9999523 0.2619184
0.0000000 0.0000000 0.0000000 1.0000000
-0.0901641 -0.9959219 -0.0031635 4.7846205
0.9959167 -0.0901482 -0.0048372 16.4712678
0.0045323 -0.0035867 0.9999833 0.2820575
0.0000000 0.0000000 0.0000000 1.0000000
-0.0883309 -0.9960788 -0.0049655 4.7129837
0.9960900 -0.0883220 -0.0019878 17.1970688
0.0015415 -0.0051216 0.9999857 0.2946400
0.0000000 0.0000000 0.0000000 1.0000000
-0.0862774 -0.9962528 -0.0060422 4.6399774
0.9962669 -0.0862577 -0.0034488 17.9381208
0.0029147 -0.0063172 0.9999758 0.3049582
0.0000000 0.0000000 0.0000000 1.0000000
-0.0847217 -0.9963874 -0.0058571 4.5709650
0.9963974 -0.0846972 -0.0043157 18.7016069
0.0038041 -0.0062016 0.9999735 0.3017236
0.0000000 0.0000000 0.0000000 1.0000000
-0.0836122 -0.9964872 -0.0047110 4.5016770
0.9964851 -0.0835857 -0.0055714 19.4659894
0.0051581 -0.0051603 0.9999734 0.2934192
0.0000000 0.0000000 0.0000000 1.0000000
-0.0825356 -0.9965861 -0.0019933 4.4469924
0.9965845 -0.0825297 -0.0028853 20.2494518
0.0027109 -0.0022246 0.9999938 0.3038459
0.0000000 0.0000000 0.0000000 1.0000000
-0.0814531 -0.9966755 -0.0018270 4.3777904
0.9966772 -0.0814527 -0.0002905 21.0493696
0.0001408 -0.0018446 0.9999983 0.3149512
0.0000000 0.0000000 0.0000000 1.0000000
-0.0803876 -0.9967614 -0.0021032 4.3171444
0.9967553 -0.0803955 0.0039468 21.8545228
-0.0041031 -0.0017791 0.9999900 0.3194338
0.0000000 0.0000000 0.0000000 1.0000000
-0.0795173 -0.9968334 -0.0003341 4.2468021
0.9968335 -0.0795173 -0.0001276 22.6452264
0.0001006 -0.0003432 0.9999999 0.3300296
0.0000000 0.0000000 0.0000000 1.0000000
-0.0795384 -0.9968277 0.0028318 4.1835183
0.9968074 -0.0795561 -0.0067818 23.4457116
0.0069855 0.0022833 0.9999730 0.3472759
0.0000000 0.0000000 0.0000000 1.0000000
-0.0796041 -0.9968000 0.0072766 4.1192253
0.9967416 -0.0796905 -0.0124802 24.2626212
0.0130201 0.0062595 0.9998956 0.3608978
0.0000000 0.0000000 0.0000000 1.0000000
-0.0807340 -0.9967035 0.0080054 4.0548608
0.9966649 -0.0808214 -0.0112727 25.0932992
0.0118825 0.0070686 0.9999044 0.3716376
0.0000000 0.0000000 0.0000000 1.0000000
-0.0813031 -0.9966471 0.0091758 3.9765047
0.9966696 -0.0813562 -0.0055713 25.9410254
0.0062991 0.0086923 0.9999424 0.3854826
0.0000000 0.0000000 0.0000000 1.0000000
-0.0815599 -0.9966358 0.0080568 3.8994474
0.9966683 -0.0815622 0.0000354 26.7929862
0.0006218 0.0080329 0.9999675 0.3971034
0.0000000 0.0000000 0.0000000 1.0000000
-0.0823143 -0.9965933 0.0051144 3.8266073
0.9965975 -0.0822907 0.0046610 27.6343744
-0.0042243 0.0054806 0.9999761 0.4072622
0.0000000 0.0000000 0.0000000 1.0000000
-0.0829667 -0.9965490 0.0025640 3.7560053
0.9965398 -0.0829524 0.0052437 28.4715802
-0.0050129 0.0029902 0.9999830 0.4138094
0.0000000 0.0000000 0.0000000 1.0000000
-0.0834317 -0.9965089 0.0029980 3.6788982
0.9965118 -0.0834255 0.0021406 29.3112701
-0.0018830 0.0031661 0.9999932 0.4238967
0.0000000 0.0000000 0.0000000 1.0000000
-0.0848017 -0.9963943 0.0026482 3.6055654
0.9963977 -0.0848032 -0.0004396 30.1357747
0.0006626 0.0026014 0.9999964 0.4230721
0.0000000 0.0000000 0.0000000 1.0000000
-0.0848215 -0.9963934 0.0023303 3.5276404
0.9963960 -0.0848227 -0.0003889 30.9711051
0.0005851 0.0022889 0.9999972 0.4273820
0.0000000 0.0000000 0.0000000 1.0000000
-0.0844726 -0.9964254 0.0008382 3.4490368
0.9964201 -0.0844692 0.0034622 31.8122525
-0.0033790 0.0011277 0.9999937 0.4375380
0.0000000 0.0000000 0.0000000 1.0000000
-0.0846908 -0.9964072 -0.0001020 3.3721597
0.9964049 -0.0846908 0.0021804 32.6424705
-0.0021813 0.0000831 0.9999976 0.4539797
0.0000000 0.0000000 0.0000000 1.0000000
-0.0838641 -0.9964762 0.0014103 3.2927058
0.9964734 -0.0838676 -0.0026679 33.4649041
0.0027768 0.0011816 0.9999954 0.4679443
0.0000000 0.0000000 0.0000000 1.0000000
-0.0835847 -0.9965006 -0.0001376 3.2211537
0.9964914 -0.0835833 -0.0043299 34.2839372
0.0043033 -0.0004990 0.9999906 0.4827409
0.0000000 0.0000000 0.0000000 1.0000000
-0.0831093 -0.9965395 0.0013449 3.1518200
0.9965280 -0.0831149 -0.0049023 35.1082511
0.0049971 0.0009328 0.9999871 0.4717028
0.0000000 0.0000000 0.0000000 1.0000000
-0.0822452 -0.9966111 0.0013608 3.0808437
0.9966102 -0.0822477 -0.0018574 35.9330239
0.0019631 0.0012034 0.9999974 0.4759586
0.0000000 0.0000000 0.0000000 1.0000000
-0.0820829 -0.9966217 0.0027528 3.0086028
0.9966255 -0.0820817 0.0005137 36.7670362
-0.0002860 0.0027857 0.9999961 0.4900736
0.0000000 0.0000000 0.0000000 1.0000000
-0.0816551 -0.9966525 0.0040174 2.9386023
0.9966444 -0.0816301 0.0060465 37.5965822
-0.0056983 0.0044977 0.9999737 0.4965443
0.0000000 0.0000000 0.0000000 1.0000000
-0.0821883 -0.9966102 0.0036175 2.8668900
0.9965691 -0.0821483 0.0100855 38.4297210
-0.0097541 0.0044340 0.9999426 0.4946831
0.0000000 0.0000000 0.0000000 1.0000000
-0.0818658 -0.9966363 0.0037315 2.8030111
0.9966007 -0.0818271 0.0095590 39.2545617
-0.0092215 0.0045013 0.9999473 0.5008462
0.0000000 0.0000000 0.0000000 1.0000000
-0.0814410 -0.9966634 0.0054232 2.7347194
0.9966655 -0.0814113 0.0054944 40.0748589
-0.0050346 0.0058526 0.9999702 0.5028540
0.0000000 0.0000000 0.0000000 1.0000000
-0.0811579 -0.9966773 0.0069015 2.6603477
0.9967011 -0.0811602 -0.0000584 40.9028566
0.0006184 0.0068740 0.9999762 0.5124801
0.0000000 0.0000000 0.0000000 1.0000000
-0.0804791 -0.9967469 0.0043231 2.5775970
0.9967539 -0.0804877 -0.0018584 41.7340259
0.0022004 0.0041595 0.9999889 0.5247010
0.0000000 0.0000000 0.0000000 1.0000000
-0.0809918 -0.9967120 0.0023243 2.5021246
0.9967072 -0.0810001 -0.0037172 42.5520481
0.0038932 0.0020156 0.9999904 0.5340099
0.0000000 0.0000000 0.0000000 1.0000000
-0.0816424 -0.9966477 0.0052791 2.4272603
0.9966488 -0.0816672 -0.0046687 43.3680950
0.0050842 0.0048802 0.9999752 0.5443739
0.0000000 0.0000000 0.0000000 1.0000000
-0.0826978 -0.9965430 0.0079375 2.3576833
0.9965470 -0.0827523 -0.0067989 44.1913239
0.0074323 0.0073479 0.9999454 0.5602296
0.0000000 0.0000000 0.0000000 1.0000000
-0.0834243 -0.9964640 0.0099936 2.2844409
0.9964756 -0.0835051 -0.0079641 45.0131819
0.0087705 0.0092940 0.9999183 0.5628812
0.0000000 0.0000000 0.0000000 1.0000000
-0.0850324 -0.9962986 0.0125911 2.2111809
0.9963645 -0.0850909 -0.0041799 45.8453839
0.0052359 0.0121899 0.9999120 0.5633161
0.0000000 0.0000000 0.0000000 1.0000000
-0.0873709 -0.9960510 0.0157675 2.1511429
0.9961747 -0.0873349 0.0029559 46.6707186
-0.0015672 0.0159654 0.9998713 0.5719377
0.0000000 0.0000000 0.0000000 1.0000000
-0.0894308 -0.9958386 0.0175343 2.0792644
0.9959729 -0.0893030 0.0079427 47.4909645
-0.0063438 0.0181740 0.9998147 0.5698385
0.0000000 0.0000000 0.0000000 1.0000000
-0.0908363 -0.9957013 0.0181008 2.0048212
0.9958533 -0.0907290 0.0066683 48.3027623
-0.0049973 0.0186315 0.9998139 0.5826032
0.0000000 0.0000000 0.0000000 1.0000000
-0.0916627 -0.9956666 0.0156814 1.9164421
0.9957901 -0.0916483 0.0016397 49.1016967
-0.0001954 0.0157657 0.9998757 0.5955509
0.0000000 0.0000000 0.0000000 1.0000000
-0.0927997 -0.9956112 0.0121018 1.8227271
0.9956808 -0.0928270 -0.0017184 49.9034448
0.0028342 0.0118900 0.9999253 0.6081765
0.0000000 0.0000000 0.0000000 1.0000000
-0.0943558 -0.9954988 0.0088866 1.7381559
0.9955353 -0.0943747 -0.0017306 50.6968907
0.0025614 0.0086836 0.9999590 0.6206412
0.0000000 0.0000000 0.0000000 1.0000000
-0.0951763 -0.9954344 0.0071907 1.6483184
0.9954603 -0.0951783 0.0000690 51.4950035
0.0006157 0.0071646 0.9999741 0.6290798
0.0000000 0.0000000 0.0000000 1.0000000
-0.0961094 -0.9953396 0.0078678 1.5697512
0.9953683 -0.0960882 0.0030248 52.2819851
-0.0022547 0.0081221 0.9999645 0.6417619
0.0000000 0.0000000 0.0000000 1.0000000
-0.0976901 -0.9951863 0.0077922 1.4841128
0.9952146 -0.0976701 0.0029081 53.0581935
-0.0021331 0.0080390 0.9999654 0.6469669
0.0000000 0.0000000 0.0000000 1.0000000
-0.0985840 -0.9950991 0.0076742 1.3996006
0.9951267 -0.0985650 0.0028099 53.8316449
-0.0020398 0.0079138 0.9999666 0.6571879
0.0000000 0.0000000 0.0000000 1.0000000
-0.0994723 -0.9950120 0.0075011 1.3245108
0.9950328 -0.0994394 0.0046399 54.6090367
-0.0038708 0.0079254 0.9999611 0.6690197
0.0000000 0.0000000 0.0000000 1.0000000
-0.0998160 -0.9949567 0.0098898 1.2402496
0.9949850 -0.0997445 0.0074792 55.3839239
-0.0064550 0.0105868 0.9999231 0.6714993
0.0000000 0.0000000 0.0000000 1.0000000
-0.1001031 -0.9949266 0.0100149 1.1536593
0.9949236 -0.0999882 0.0113825 56.1508991
-0.0103233 0.0111035 0.9998851 0.6718356
0.0000000 0.0000000 0.0000000 1.0000000
-0.1005651 -0.9948779 0.0102224 1.0664221
0.9948559 -0.1004264 0.0132813 56.9014304
-0.0121867 0.0115055 0.9998595 0.6657333
0.0000000 0.0000000 0.0000000 1.0000000
-0.1014565 -0.9947669 0.0120561 0.9825559
0.9947804 -0.1013103 0.0121792 57.6504877
-0.0108940 0.0132288 0.9998531 0.6571114
0.0000000 0.0000000 0.0000000 1.0000000
-0.1018062 -0.9947110 0.0136146 0.8987403
0.9947695 -0.1016787 0.0097527 58.3803902
-0.0083168 0.0145363 0.9998598 0.6483930
0.0000000 0.0000000 0.0000000 1.0000000
-0.1023014 -0.9946327 0.0154986 0.8211849
0.9947466 -0.1022303 0.0053111 59.0982326
-0.0036982 0.0159605 0.9998658 0.6492870
0.0000000 0.0000000 0.0000000 1.0000000
-0.1026788 -0.9945651 0.0172377 0.7435042
0.9947050 -0.1025863 0.0061743 59.8045224
-0.0043724 0.0177804 0.9998324 0.6614474
0.0000000 0.0000000 0.0000000 1.0000000
-0.1019677 -0.9946573 0.0161069 0.6616870
0.9947836 -0.1019071 0.0045398 60.5054555
-0.0028742 0.0164858 0.9998600 0.6691221
0.0000000 0.0000000 0.0000000 1.0000000
-0.0992712 -0.9949555 0.0144441 0.5777819
0.9950560 -0.0992169 0.0044348 61.1995613
-0.0029793 0.0148130 0.9998858 0.6754321
0.0000000 0.0000000 0.0000000 1.0000000
-0.0949970 -0.9953577 0.0154474 0.5048535
0.9954579 -0.0948862 0.0077573 61.8698785
-0.0062556 0.0161142 0.9998506 0.6836929
0.0000000 0.0000000 0.0000000 1.0000000
-0.0903175 -0.9958030 0.0148001 0.4426204
0.9958652 -0.0901575 0.0111430 62.5157077
-0.0097619 0.0157453 0.9998284 0.6769694
0.0000000 0.0000000 0.0000000 1.0000000
-0.0824562 -0.9964395 0.0175864 0.3879918
0.9965257 -0.0822300 0.0132224 63.1606704
-0.0117292 0.0186156 0.9997579 0.6808280
0.0000000 0.0000000 0.0000000 1.0000000
-0.0747230 -0.9970788 0.0158196 0.3490716
0.9971210 -0.0745023 0.0141124 63.7913393
-0.0128926 0.0168286 0.9997753 0.6777796
0.0000000 0.0000000 0.0000000 1.0000000
-0.0633941 -0.9978795 0.0147533 0.3074854
0.9978755 -0.0631575 0.0159903 64.4092484
-0.0150246 0.0157357 0.9997633 0.6774576
0.0000000 0.0000000 0.0000000 1.0000000
-0.0486396 -0.9987512 0.0114038 0.2785886
0.9986433 -0.0484155 0.0191710 65.0024458
-0.0185950 0.0123208 0.9997512 0.6763090
0.0000000 0.0000000 0.0000000 1.0000000
-0.0306112 -0.9994621 0.0117632 0.2601978
0.9993504 -0.0303796 0.0193881 65.5857648
-0.0190203 0.0123491 0.9997428 0.6717064
0.0000000 0.0000000 0.0000000 1.0000000
-0.0084730 -0.9998686 0.0138153 0.2617459
0.9997516 -0.0081856 0.0207302 66.1539180
-0.0206143 0.0139875 0.9996897 0.6725977
0.0000000 0.0000000 0.0000000 1.0000000
0.0170846 -0.9997480 0.0145603 0.2797468
0.9996042 0.0174041 0.0221052 66.6963973
-0.0223531 0.0141769 0.9996496 0.6710122
0.0000000 0.0000000 0.0000000 1.0000000
0.0459435 -0.9988167 0.0159496 0.3158376
0.9986748 0.0462960 0.0224822 67.2173976
-0.0231940 0.0148955 0.9996200 0.6651999
0.0000000 0.0000000 0.0000000 1.0000000
0.0799321 -0.9966197 0.0189724 0.3634230
0.9965244 0.0803434 0.0220050 67.6962891
-0.0234549 0.0171476 0.9995778 0.6591052
0.0000000 0.0000000 0.0000000 1.0000000
0.1169715 -0.9928772 0.0226353 0.4401848
0.9927958 0.1174970 0.0234726 68.1573052
-0.0259650 0.0197266 0.9994682 0.6479175
0.0000000 0.0000000 0.0000000 1.0000000
0.1584816 -0.9870570 0.0245335 0.5326713
0.9869726 0.1590680 0.0241374 68.6092348
-0.0277275 0.0203885 0.9994076 0.6360122
0.0000000 0.0000000 0.0000000 1.0000000
0.2020584 -0.9789874 0.0274956 0.6386765
0.9789085 0.2027479 0.0251297 69.0310692
-0.0301764 0.0218380 0.9993060 0.6311526
0.0000000 0.0000000 0.0000000 1.0000000
0.2504912 -0.9675721 0.0325311 0.7770271
0.9675861 0.2513266 0.0247416 69.4683426
-0.0321152 0.0252791 0.9991644 0.6260093
0.0000000 0.0000000 0.0000000 1.0000000
0.3002634 -0.9529917 0.0406042 0.9417385
0.9532732 0.3012962 0.0221576 69.8823935
-0.0333499 0.0320537 0.9989296 0.6076337
0.0000000 0.0000000 0.0000000 1.0000000
0.3497490 -0.9356749 0.0467754 1.1438666
0.9361738 0.3509506 0.0203060 70.2528716
-0.0354157 0.0366879 0.9986990 0.5979210
0.0000000 0.0000000 0.0000000 1.0000000
0.4010753 -0.9144314 0.0543475 1.3524653
0.9152834 0.4024549 0.0169252 70.6284480
-0.0373493 0.0429551 0.9983786 0.5833068
0.0000000 0.0000000 0.0000000 1.0000000
0.4517048 -0.8902644 0.0582415 1.5899172
0.8912438 0.4532444 0.0159393 71.0174521
-0.0405879 0.0447075 0.9981753 0.5646163
0.0000000 0.0000000 0.0000000 1.0000000
0.4984629 -0.8646672 0.0623318 1.8303725
0.8656869 0.5002905 0.0171978 71.3697891
-0.0460543 0.0453874 0.9979073 0.5365092
0.0000000 0.0000000 0.0000000 1.0000000
0.5431092 -0.8368127 0.0691149 2.0878127
0.8380378 0.5453366 0.0173419 71.7094093
-0.0522028 0.0485023 0.9974580 0.5094084
0.0000000 0.0000000 0.0000000 1.0000000
0.5861415 -0.8062798 0.0796929 2.3779308
0.8080933 0.5888794 0.0143624 72.0252171
-0.0585097 0.0559809 0.9967160 0.4902680
0.0000000 0.0000000 0.0000000 1.0000000
0.6289925 -0.7732636 0.0801979 2.6613056
0.7751080 0.6317183 0.0118167 72.3334398
-0.0597999 0.0547294 0.9967089 0.4682508
0.0000000 0.0000000 0.0000000 1.0000000
0.6713945 -0.7372296 0.0756431 2.9459897
0.7389719 0.6736998 0.0070039 72.6247167
-0.0561242 0.0511957 0.9971104 0.4464976
0.0000000 0.0000000 0.0000000 1.0000000
0.7133219 -0.6974820 0.0684881 3.2611078
0.6989894 0.7151270 0.0026838 72.9009322
-0.0508496 0.0459580 0.9976483 0.4181378
0.0000000 0.0000000 0.0000000 1.0000000
0.7519820 -0.6563926 0.0605949 3.6110331
0.6576347 0.7533366 -0.0007401 73.1772847
-0.0451626 0.0404058 0.9981622 0.3867956
0.0000000 0.0000000 0.0000000 1.0000000
0.7897559 -0.6106219 0.0585361 3.9788208
0.6118493 0.7909645 -0.0039523 73.4428344
-0.0438866 0.0389367 0.9982775 0.3613700
0.0000000 0.0000000 0.0000000 1.0000000
0.8240291 -0.5635880 0.0578313 4.3952189
0.5648188 0.8251916 -0.0062082 73.6954007
-0.0442231 0.0377800 0.9983071 0.3416400
0.0000000 0.0000000 0.0000000 1.0000000
0.8543161 -0.5166993 0.0562656 4.8416489
0.5177960 0.8554836 -0.0059307 73.9206635
-0.0450700 0.0342008 0.9983982 0.3209970
0.0000000 0.0000000 0.0000000 1.0000000
0.8806871 -0.4702331 0.0571924 5.2968817
0.4712005 0.8820173 -0.0039598 74.1357390
-0.0485826 0.0304364 0.9983553 0.2961663
0.0000000 0.0000000 0.0000000 1.0000000
0.9027302 -0.4266131 0.0554922 5.7924872
0.4272092 0.9041520 0.0012341 74.3508928
-0.0506998 0.0225927 0.9984584 0.2692993
0.0000000 0.0000000 0.0000000 1.0000000
0.9208017 -0.3862353 0.0542812 6.3027169
0.3864991 0.9222704 0.0059766 74.5416218
-0.0523703 0.0154764 0.9985078 0.2357220
0.0000000 0.0000000 0.0000000 1.0000000
0.9346916 -0.3512159 0.0547626 6.8385970
0.3512504 0.9362353 0.0093120 74.7324596
-0.0545412 0.0105315 0.9984560 0.2066377
0.0000000 0.0000000 0.0000000 1.0000000
0.9450584 -0.3220607 0.0560490 7.3979961
0.3219658 0.9466878 0.0109629 74.9080733
-0.0565916 0.0076853 0.9983678 0.1812312
0.0000000 0.0000000 0.0000000 1.0000000
0.9532240 -0.2967616 0.0574156 7.9691093
0.2967091 0.9549193 0.0096358 75.0730014
-0.0576868 0.0078506 0.9983039 0.1477487
0.0000000 0.0000000 0.0000000 1.0000000
0.9594547 -0.2758540 0.0578895 8.5734226
0.2757840 0.9611741 0.0093552 75.2317564
-0.0582225 0.0069891 0.9982792 0.1188758
0.0000000 0.0000000 0.0000000 1.0000000
0.9641879 -0.2584004 0.0597581 9.1766350
0.2581372 0.9660310 0.0122165 75.3907703
-0.0608850 0.0036468 0.9981381 0.0909066
0.0000000 0.0000000 0.0000000 1.0000000
0.9679832 -0.2435018 0.0609536 9.8030512
0.2428960 0.9698986 0.0172713 75.5413560
-0.0633244 -0.0019130 0.9979912 0.0542104
0.0000000 0.0000000 0.0000000 1.0000000
0.9710422 -0.2306503 0.0622699 10.4514649
0.2297726 0.9730177 0.0210040 75.6896428
-0.0654343 -0.0060879 0.9978383 0.0116655
0.0000000 0.0000000 0.0000000 1.0000000
0.9737746 -0.2181931 0.0644584 11.0964492
0.2173475 0.9758906 0.0199384 75.8333452
-0.0672547 -0.0054056 0.9977212 -0.0204853
0.0000000 0.0000000 0.0000000 1.0000000
0.9765057 -0.2053087 0.0654587 11.7677588
0.2044004 0.9786757 0.0203558 75.9712276
-0.0682421 -0.0064978 0.9976476 -0.0628930
0.0000000 0.0000000 0.0000000 1.0000000
0.9792514 -0.1911502 0.0672921 12.4672405
0.1901723 0.9815323 0.0207099 76.1105100
-0.0700081 -0.0074831 0.9975184 -0.1020054
0.0000000 0.0000000 0.0000000 1.0000000
0.9818660 -0.1775097 0.0665544 13.1501587
0.1766209 0.9840945 0.0190565 76.2387375
-0.0688786 -0.0069561 0.9976008 -0.1490541
0.0000000 0.0000000 0.0000000 1.0000000
0.9841446 -0.1651988 0.0645652 13.8570697
0.1643217 0.9862294 0.0187050 76.3587159
-0.0667662 -0.0077990 0.9977382 -0.1791606
0.0000000 0.0000000 0.0000000 1.0000000
0.9861263 -0.1543292 0.0611340 14.5826180
0.1533992 0.9879688 0.0196531 76.4670631
-0.0634316 -0.0100025 0.9979361 -0.2141792
0.0000000 0.0000000 0.0000000 1.0000000
0.9877550 -0.1451355 0.0572350 15.3043256
0.1443072 0.9893624 0.0183703 76.5724397
-0.0592923 -0.0098860 0.9981917 -0.2500431
0.0000000 0.0000000 0.0000000 1.0000000
0.9886601 -0.1383426 0.0584165 16.0482692
0.1374317 0.9903222 0.0193522 76.6762931
-0.0605284 -0.0111045 0.9981047 -0.2986408
0.0000000 0.0000000 0.0000000 1.0000000
0.9892953 -0.1316203 0.0630158 16.8195732
0.1306811 0.9912458 0.0188192 76.7754100
-0.0649411 -0.0103827 0.9978351 -0.3425788
0.0000000 0.0000000 0.0000000 1.0000000
0.9894789 -0.1261421 0.0708496 17.5925472
0.1248664 0.9919258 0.0221730 76.8769291
-0.0730745 -0.0130930 0.9972405 -0.3880241
0.0000000 0.0000000 0.0000000 1.0000000
0.9896277 -0.1217563 0.0762388 18.3591224
0.1203592 0.9924714 0.0226774 76.9790202
-0.0784259 -0.0132661 0.9968317 -0.4323939
0.0000000 0.0000000 0.0000000 1.0000000
0.9900672 -0.1187112 0.0753302 19.1333480
0.1173853 0.9928470 0.0218071 77.0647004
-0.0773801 -0.0127479 0.9969202 -0.4727937
0.0000000 0.0000000 0.0000000 1.0000000
0.9903746 -0.1154487 0.0763528 19.8803444
0.1140602 0.9932231 0.0223172 77.1602874
-0.0784119 -0.0133936 0.9968311 -0.5131952
0.0000000 0.0000000 0.0000000 1.0000000
0.9904316 -0.1129858 0.0792429 20.6333260
0.1114483 0.9934905 0.0235789 77.2460396
-0.0813912 -0.0145217 0.9965764 -0.5598008
0.0000000 0.0000000 0.0000000 1.0000000
0.9903483 -0.1105828 0.0835570 21.3763139
0.1091239 0.9937881 0.0218441 77.3307018
-0.0854535 -0.0125152 0.9962636 -0.6121731
0.0000000 0.0000000 0.0000000 1.0000000
0.9904250 -0.1084185 0.0854621 22.1374096
0.1072047 0.9940615 0.0186806 77.4108835
-0.0869799 -0.0093398 0.9961663 -0.6637315
0.0000000 0.0000000 0.0000000 1.0000000
0.9909043 -0.1059037 0.0830250 22.8951054
0.1048401 0.9943424 0.0170802 77.4911472
-0.0843641 -0.0082205 0.9964011 -0.7076417
0.0000000 0.0000000 0.0000000 1.0000000
0.9914903 -0.1049658 0.0770012 23.6373379
0.1038059 0.9944175 0.0189268 77.5728687
-0.0785580 -0.0107725 0.9968513 -0.7544789
0.0000000 0.0000000 0.0000000 1.0000000
0.9922197 -0.1027282 0.0703355 24.3855072
0.1017584 0.9946597 0.0172441 77.6522438
-0.0717313 -0.0099527 0.9973743 -0.7966511
0.0000000 0.0000000 0.0000000 1.0000000
0.9925292 -0.1007219 0.0688541 25.1389880
0.0998357 0.9948720 0.0162011 77.7283207
-0.0701328 -0.0092059 0.9974952 -0.8374085
0.0000000 0.0000000 0.0000000 1.0000000
0.9926952 -0.0981727 0.0701313 25.8910062
0.0972072 0.9951180 0.0170582 77.8028508
-0.0714636 -0.0101163 0.9973919 -0.8747783
0.0000000 0.0000000 0.0000000 1.0000000
0.9927663 -0.0953671 0.0729396 26.6458781
0.0942247 0.9953705 0.0189544 77.8786480
-0.0744095 -0.0119445 0.9971562 -0.9053834
0.0000000 0.0000000 0.0000000 1.0000000
0.9926627 -0.0927728 0.0775502 27.3963671
0.0914357 0.9955974 0.0206252 77.9501039
-0.0791222 -0.0133830 0.9967751 -0.9456991
0.0000000 0.0000000 0.0000000 1.0000000
0.9927032 -0.0902254 0.0799979 28.1549076
0.0890962 0.9958679 0.0175811 78.0196339
-0.0812536 -0.0103253 0.9966400 -0.9903563
0.0000000 0.0000000 0.0000000 1.0000000
0.9927915 -0.0888242 0.0804689 28.9044155
0.0879170 0.9960185 0.0147547 78.0879871
-0.0814591 -0.0075737 0.9966479 -1.0418448
0.0000000 0.0000000 0.0000000 1.0000000
0.9929542 -0.0872921 0.0801382 29.6560259
0.0866072 0.9961704 0.0119894 78.1547058
-0.0808779 -0.0049643 0.9967117 -1.0897110
0.0000000 0.0000000 0.0000000 1.0000000
0.9930984 -0.0861391 0.0795971 30.4116919
0.0855800 0.9962769 0.0104163 78.2053047
-0.0801980 -0.0035325 0.9967727 -1.1499278
0.0000000 0.0000000 0.0000000 1.0000000
0.9931894 -0.0852884 0.0793774 31.1606093
0.0849221 0.9963556 0.0079851 78.2632709
-0.0797692 -0.0011898 0.9968127 -1.1961725
0.0000000 0.0000000 0.0000000 1.0000000
0.9932622 -0.0850955 0.0786705 31.9228802
0.0848883 0.9963725 0.0059804 78.3342334
-0.0788940 0.0007381 0.9968827 -1.2411848
0.0000000 0.0000000 0.0000000 1.0000000
0.9933124 -0.0841505 0.0790517 32.6973826
0.0838371 0.9964529 0.0072812 78.3973571
-0.0793840 -0.0006050 0.9968439 -1.2924878
0.0000000 0.0000000 0.0000000 1.0000000
0.9934894 -0.0841101 0.0768397 33.4723867
0.0838297 0.9964564 0.0068732 78.4655322
-0.0771455 -0.0003870 0.9970198 -1.3349411
0.0000000 0.0000000 0.0000000 1.0000000
0.9933950 -0.0855854 0.0764300 34.2439922
0.0853123 0.9963308 0.0068370 78.5306852
-0.0767347 -0.0002715 0.9970515 -1.3811559
0.0000000 0.0000000 0.0000000 1.0000000
0.9931726 -0.0876346 0.0769959 35.0303782
0.0874467 0.9961522 0.0058154 78.6025286
-0.0772093 0.0009573 0.9970145 -1.4258106
0.0000000 0.0000000 0.0000000 1.0000000
0.9928555 -0.0901285 0.0781972 35.8067241
0.0899319 0.9959296 0.0060399 78.6787218
-0.0784233 0.0010357 0.9969196 -1.4832887
0.0000000 0.0000000 0.0000000 1.0000000
0.9924783 -0.0931258 0.0794632 36.5957419
0.0929747 0.9956527 0.0056081 78.7696976
-0.0796400 0.0018222 0.9968220 -1.5524930
0.0000000 0.0000000 0.0000000 1.0000000
0.9926404 -0.0956866 0.0742233 37.3915033
0.0954917 0.9954110 0.0061785 78.8677966
-0.0744739 0.0009547 0.9972225 -1.6153392
0.0000000 0.0000000 0.0000000 1.0000000
0.9925420 -0.0982722 0.0721317 38.1851448
0.0978605 0.9951574 0.0092284 78.9617763
-0.0726893 -0.0021007 0.9973524 -1.6624939
0.0000000 0.0000000 0.0000000 1.0000000
0.9923646 -0.1007896 0.0710915 39.0039032
0.1003377 0.9949041 0.0099089 79.0427106
-0.0717279 -0.0027001 0.9974206 -1.7085689
0.0000000 0.0000000 0.0000000 1.0000000
0.9919448 -0.1035392 0.0729743 39.8133174
0.1033253 0.9946250 0.0067105 79.1296059
-0.0732769 0.0008836 0.9973112 -1.7637325
0.0000000 0.0000000 0.0000000 1.0000000
0.9914686 -0.1065160 0.0751289 40.6360142
0.1060102 0.9943075 0.0107007 79.2256600
-0.0758410 -0.0026450 0.9971164 -1.8106937
0.0000000 0.0000000 0.0000000 1.0000000
0.9912382 -0.1081275 0.0758633 41.4675985
0.1076759 0.9941355 0.0100303 79.3137282
-0.0765029 -0.0017737 0.9970678 -1.8743897
0.0000000 0.0000000 0.0000000 1.0000000
0.9908058 -0.1089066 0.0802692 42.3126687
0.1085927 0.9940519 0.0082786 79.4062281
-0.0806933 0.0005141 0.9967388 -1.9253260
0.0000000 0.0000000 0.0000000 1.0000000
0.9903604 -0.1099595 0.0842325 43.1625062
0.1098019 0.9939321 0.0065157 79.4946910
-0.0844379 0.0027960 0.9964248 -1.9885481
0.0000000 0.0000000 0.0000000 1.0000000
0.9901128 -0.1090289 0.0882575 44.0090774
0.1089954 0.9940286 0.0052127 79.5856930
-0.0882988 0.0044585 0.9960841 -2.0449784
0.0000000 0.0000000 0.0000000 1.0000000
0.9902703 -0.1071800 0.0887534 44.8610640
0.1070189 0.9942352 0.0065866 79.6826475
-0.0889477 0.0029757 0.9960318 -2.1100591
0.0000000 0.0000000 0.0000000 1.0000000
0.9904270 -0.1060722 0.0883346 45.7121431
0.1057933 0.9943572 0.0078460 79.7774351
-0.0886684 0.0015743 0.9960600 -2.1757841
0.0000000 0.0000000 0.0000000 1.0000000
0.9908247 -0.1039369 0.0863918 46.5757856
0.1038617 0.9945772 0.0053769 79.8635475
-0.0864822 0.0036453 0.9962467 -2.2410532
0.0000000 0.0000000 0.0000000 1.0000000
0.9911530 -0.1016012 0.0853988 47.4382708
0.1017316 0.9948078 0.0028340 79.9458750
-0.0852433 0.0058788 0.9963428 -2.3147205
0.0000000 0.0000000 0.0000000 1.0000000
0.9911681 -0.0992967 0.0878980 48.3025892
0.0996052 0.9950266 0.0008801 80.0341030
-0.0875482 0.0078827 0.9961291 -2.3803654
0.0000000 0.0000000 0.0000000 1.0000000
0.9910069 -0.0981543 0.0909459 49.1661025
0.0985486 0.9951322 0.0001557 80.1135734
-0.0905185 0.0088083 0.9958558 -2.4555086
0.0000000 0.0000000 0.0000000 1.0000000
0.9908322 -0.0977809 0.0932227 50.0304332
0.0983184 0.9951543 -0.0011790 80.1870723
-0.0926557 0.0103337 0.9956446 -2.5283475
0.0000000 0.0000000 0.0000000 1.0000000
0.9909200 -0.0961580 0.0939747 50.9014901
0.0966574 0.9953174 -0.0007670 80.2669559
-0.0934609 0.0098433 0.9955743 -2.5961944
0.0000000 0.0000000 0.0000000 1.0000000
0.9913437 -0.0952929 0.0903157 51.7558367
0.0954494 0.9954309 0.0025941 80.3503850
-0.0901503 0.0060489 0.9959098 -2.6597935
0.0000000 0.0000000 0.0000000 1.0000000
0.9920051 -0.0941028 0.0840861 52.6066478
0.0940699 0.9955560 0.0043614 80.4320341
-0.0841229 0.0035834 0.9964489 -2.7221770
0.0000000 0.0000000 0.0000000 1.0000000
0.9925155 -0.0929494 0.0792050 53.4418793
0.0927709 0.9956698 0.0059387 80.5143265
-0.0794141 0.0014537 0.9968407 -2.7903374
0.0000000 0.0000000 0.0000000 1.0000000
0.9929095 -0.0927337 0.0743722 54.2835810
0.0923507 0.9956896 0.0085795 80.5934882
-0.0748472 -0.0016503 0.9971936 -2.8569407
0.0000000 0.0000000 0.0000000 1.0000000
0.9931691 -0.0922054 0.0715070 55.1398857
0.0917320 0.9957347 0.0098824 80.6744098
-0.0721132 -0.0032554 0.9973911 -2.9119954
0.0000000 0.0000000 0.0000000 1.0000000
0.9930497 -0.0908502 0.0748230 55.9808851
0.0905309 0.9958642 0.0076557 80.7463080
-0.0752091 -0.0008287 0.9971674 -2.9551185
0.0000000 0.0000000 0.0000000 1.0000000
0.9926337 -0.0907999 0.0802105 56.8423162
0.0905595 0.9958689 0.0066383 80.8138442
-0.0804819 0.0006744 0.9967558 -3.0011964
0.0000000 0.0000000 0.0000000 1.0000000
0.9919281 -0.0910608 0.0882421 57.6769728
0.0909698 0.9958408 0.0050610 80.8848823
-0.0883359 0.0030072 0.9960862 -3.0523022
0.0000000 0.0000000 0.0000000 1.0000000
0.9920502 -0.0927363 0.0850673 58.5026982
0.0928056 0.9956793 0.0031486 80.9563133
-0.0849917 0.0047712 0.9963702 -3.1046430
0.0000000 0.0000000 0.0000000 1.0000000
0.9921858 -0.0939725 0.0820765 59.3274510
0.0943284 0.9955410 -0.0004608 81.0285916
-0.0816673 0.0081994 0.9966259 -3.1600033
0.0000000 0.0000000 0.0000000 1.0000000
0.9921479 -0.0965136 0.0795463 60.1440592
0.0969784 0.9952845 -0.0019916 81.1077474
-0.0789790 0.0096903 0.9968292 -3.2250116
0.0000000 0.0000000 0.0000000 1.0000000
0.9920635 -0.0991786 0.0772889 60.9703162
0.0995383 0.9950334 -0.0008061 81.1929531
-0.0768251 0.0084930 0.9970084 -3.2717463
0.0000000 0.0000000 0.0000000 1.0000000
0.9920003 -0.1021671 0.0741441 61.7861247
0.1022725 0.9947536 0.0023846 81.2791199
-0.0739988 0.0052173 0.9972447 -3.3244878
0.0000000 0.0000000 0.0000000 1.0000000
0.9919101 -0.1061521 0.0696144 62.5968385
0.1061142 0.9943449 0.0042525 81.3705719
-0.0696721 0.0031690 0.9975649 -3.3747510
0.0000000 0.0000000 0.0000000 1.0000000
0.9918306 -0.1086809 0.0667873 63.3983457
0.1085466 0.9940753 0.0056479 81.4612007
-0.0670054 0.0016478 0.9977513 -3.4195058
0.0000000 0.0000000 0.0000000 1.0000000
0.9915704 -0.1114933 0.0660112 64.1986224
0.1111875 0.9937648 0.0082995 81.5575057
-0.0665249 -0.0008899 0.9977844 -3.4765646
0.0000000 0.0000000 0.0000000 1.0000000
0.9910692 -0.1152497 0.0670775 64.9966253
0.1148133 0.9933333 0.0103376 81.6479143
-0.0678217 -0.0025439 0.9976942 -3.5311592
0.0000000 0.0000000 0.0000000 1.0000000
0.9902265 -0.1192505 0.0723245 65.7952106
0.1185580 0.9928511 0.0138089 81.7480722
-0.0734542 -0.0050993 0.9972856 -3.5868935
0.0000000 0.0000000 0.0000000 1.0000000
0.9892431 -0.1227947 0.0794959 66.5934599
0.1219910 0.9924193 0.0149068 81.8492927
-0.0807238 -0.0050487 0.9967237 -3.6390657
0.0000000 0.0000000 0.0000000 1.0000000
0.9884156 -0.1274788 0.0823639 67.3842808
0.1267581 0.9918357 0.0139416 81.9570101
-0.0834687 -0.0033398 0.9965048 -3.6930978
0.0000000 0.0000000 0.0000000 1.0000000
0.9876384 -0.1335062 0.0821373 68.1631335
0.1327636 0.9910422 0.0144620 82.0630704
-0.0833323 -0.0033784 0.9965161 -3.7579661
0.0000000 0.0000000 0.0000000 1.0000000
0.9865153 -0.1395156 0.0855737 68.9445439
0.1388796 0.9902190 0.0133708 82.1700655
-0.0866022 -0.0013060 0.9962421 -3.8087463
0.0000000 0.0000000 0.0000000 1.0000000
0.9855308 -0.1463537 0.0854970 69.7160667
0.1456521 0.9892308 0.0144206 82.2889468
-0.0866868 -0.0017592 0.9962341 -3.8654252
0.0000000 0.0000000 0.0000000 1.0000000
0.9848431 -0.1526169 0.0824149 70.4861132
0.1516977 0.9882748 0.0173397 82.4153524
-0.0840949 -0.0045747 0.9964472 -3.9244303
0.0000000 0.0000000 0.0000000 1.0000000
0.9843119 -0.1585175 0.0774749 71.2496924
0.1574697 0.9873315 0.0194908 82.5447730
-0.0795831 -0.0069851 0.9968038 -3.9784208
0.0000000 0.0000000 0.0000000 1.0000000
0.9835117 -0.1636702 0.0769204 71.9965086
0.1626741 0.9864953 0.0190853 82.6647188
-0.0790053 -0.0062577 0.9968546 -4.0392295
0.0000000 0.0000000 0.0000000 1.0000000
0.9826977 -0.1690427 0.0756955 72.7458534
0.1679446 0.9855793 0.0206917 82.8097504
-0.0781017 -0.0076210 0.9969163 -4.0900747
0.0000000 0.0000000 0.0000000 1.0000000
0.9815379 -0.1739293 0.0795736 73.5051157
0.1726547 0.9847213 0.0226802 82.9529248
-0.0823025 -0.0085227 0.9965709 -4.1488251
0.0000000 0.0000000 0.0000000 1.0000000
0.9801994 -0.1800077 0.0825003 74.2591494
0.1786404 0.9836283 0.0237267 83.0972857
-0.0854206 -0.0085190 0.9963086 -4.2085521
0.0000000 0.0000000 0.0000000 1.0000000
0.9788045 -0.1863183 0.0850135 75.0057760
0.1851246 0.9824736 0.0217847 83.2413007
-0.0875824 -0.0055848 0.9961416 -4.2563053
0.0000000 0.0000000 0.0000000 1.0000000
0.9778112 -0.1928676 0.0817763 75.7417815
0.1917711 0.9812121 0.0211325 83.3854984
-0.0843157 -0.0049813 0.9964266 -4.3101131
0.0000000 0.0000000 0.0000000 1.0000000
0.9766706 -0.2002699 0.0775022 76.4675796
0.1993137 0.9797324 0.0199624 83.5314602
-0.0799292 -0.0040494 0.9967923 -4.3575768
0.0000000 0.0000000 0.0000000 1.0000000
0.9750099 -0.2086030 0.0764231 77.1890504
0.2078206 0.9779987 0.0181412 83.6863564
-0.0785260 -0.0018056 0.9969104 -4.4184929
0.0000000 0.0000000 0.0000000 1.0000000
0.9726089 -0.2179822 0.0807197 77.9172431
0.2170524 0.9759504 0.0202265 83.8512496
-0.0831874 -0.0021521 0.9965316 -4.4708021
0.0000000 0.0000000 0.0000000 1.0000000
0.9698519 -0.2284947 0.0847198 78.6331509
0.2276167 0.9735451 0.0200122 84.0268365
-0.0870513 -0.0001252 0.9962038 -4.5278783
0.0000000 0.0000000 0.0000000 1.0000000
0.9662655 -0.2405035 0.0921358 79.3570137
0.2393590 0.9706481 0.0234431 84.2214295
-0.0950696 -0.0005987 0.9954704 -4.5871303
0.0000000 0.0000000 0.0000000 1.0000000
0.9629976 -0.2519490 0.0956941 80.0832931
0.2507510 0.9677404 0.0245437 84.4179850
-0.0987908 0.0003598 0.9951082 -4.6400598
0.0000000 0.0000000 0.0000000 1.0000000
0.9604256 -0.2633131 0.0908227 80.7845796
0.2619740 0.9647089 0.0265788 84.6226650
