0.9999999 -0.0001199 0.0003354 0.0097970
0.0001199 1.0000000 -0.0001261 0.0037861
-0.0003354 0.0001262 0.9999999 0.0033509
0.0000000 0.0000000 0.0000000 1.0000000
0.9999985 0.0008038 0.0015588 0.7736706
-0.0008087 0.9999947 0.0031447 -0.0105065
-0.0015563 -0.0031460 0.9999938 0.0038871
0.0000000 0.0000000 0.0000000 1.0000000
0.9999981 0.0007211 0.0018324 1.5339824
-0.0007301 0.9999878 0.0048927 -0.0100883
-0.0018288 -0.0048940 0.9999864 0.0205915
0.0000000 0.0000000 0.0000000 1.0000000
0.9999975 0.0007229 0.0020973 2.2713130
-0.0007336 0.9999865 0.0051469 -0.0153351
-0.0020935 -0.0051484 0.9999846 0.0236051
0.0000000 0.0000000 0.0000000 1.0000000
0.9999973 0.0007340 0.0022062 3.0037960
-0.0007490 0.9999764 0.0068345 -0.0059076
-0.0022011 -0.0068362 0.9999742 0.0338217
0.0000000 0.0000000 0.0000000 1.0000000
0.9999980 0.0014390 0.0014192 3.7148726
-0.0014473 0.9999819 0.0058433 -0.0162984
-0.0014108 -0.0058454 0.9999819 0.0361122
0.0000000 0.0000000 0.0000000 1.0000000
0.9999950 0.0018723 0.0025618 4.4060364
-0.0018854 0.9999852 0.0051023 -0.0274744
-0.0025522 -0.0051071 0.9999837 0.0469129
0.0000000 0.0000000 0.0000000 1.0000000
0.9999850 0.0024485 0.0049080 5.0825304
-0.0024732 0.9999842 0.0050398 -0.0254174
-0.0048955 -0.0050518 0.9999753 0.0473111
0.0000000 0.0000000 0.0000000 1.0000000
0.9999481 0.0032803 0.0096466 5.7292639
-0.0033274 0.9999826 0.0048663 -0.0345200
-0.0096305 -0.0048981 0.9999416 0.0412195
0.0000000 0.0000000 0.0000000 1.0000000
0.9998945 0.0048143 0.0137043 6.3611332
-0.0048661 0.9999811 0.0037466 -0.0452787
-0.0136861 -0.0038129 0.9998991 0.0549096
0.0000000 0.0000000 0.0000000 1.0000000
0.9998475 0.0059428 0.0164196 6.9679084
-0.0059807 0.9999796 0.0022624 -0.0498839
-0.0164058 -0.0023603 0.9998626 0.0604847
0.0000000 0.0000000 0.0000000 1.0000000
0.9998350 0.0073907 0.0165910 7.5501819
-0.0074271 0.9999702 0.0021281 -0.0602347
-0.0165748 -0.0022510 0.9998601 0.0627551
0.0000000 0.0000000 0.0000000 1.0000000
0.9998605 0.0084882 0.0143856 8.1110193
-0.0085305 0.9999594 0.0028876 -0.0709703
-0.0143605 -0.0030099 0.9998924 0.0553503
0.0000000 0.0000000 0.0000000 1.0000000
0.9998899 0.0089321 0.0118512 8.6328535
-0.0089573 0.9999577 0.0020768 -0.0816926
-0.0118322 -0.0021827 0.9999276 0.0595074
0.0000000 0.0000000 0.0000000 1.0000000
0.9998883 0.0108336 0.0102968 9.1215046
-0.0108351 0.9999413 0.0000895 -0.0907614
-0.0102952 -0.0002010 0.9999470 0.0592796
0.0000000 0.0000000 0.0000000 1.0000000
0.9998928 0.0119207 0.0085016 9.5876082
-0.0118851 0.9999204 -0.0042270 -0.1121761
-0.0085513 0.0041255 0.9999549 0.0662819
0.0000000 0.0000000 0.0000000 1.0000000
0.9998824 0.0131750 0.0078455 10.0266478
-0.0131215 0.9998906 -0.0068254 -0.1319269
-0.0079345 0.0067216 0.9999459 0.0801961
0.0000000 0.0000000 0.0000000 1.0000000
0.9998747 0.0149411 0.0052292 10.4412159
-0.0149256 0.9998842 -0.0029835 -0.1389076
-0.0052731 0.0029050 0.9999819 0.0672767
0.0000000 0.0000000 0.0000000 1.0000000
0.9998375 0.0175414 0.0041559 10.8180741
-0.0175439 0.9998459 0.0005679 -0.1410001
-0.0041453 -0.0006407 0.9999912 0.0608256
0.0000000 0.0000000 0.0000000 1.0000000
0.9997641 0.0211643 0.0048825 11.1658152
-0.0211672 0.9997758 0.0005395 -0.1541629
-0.0048700 -0.0006427 0.9999879 0.0609049
0.0000000 0.0000000 0.0000000 1.0000000
0.9996893 0.0243225 0.0054558 11.4850803
-0.0243047 0.9996991 -0.0033039 -0.1707981
-0.0055345 0.0031703 0.9999797 0.0683120
0.0000000 0.0000000 0.0000000 1.0000000
0.9996193 0.0269735 0.0058065 11.7744757
-0.0269270 0.9996058 -0.0079465 -0.1947613
-0.0060185 0.0077871 0.9999516 0.0701301
0.0000000 0.0000000 0.0000000 1.0000000
0.9995374 0.0294926 0.0074297 12.0333474
-0.0294083 0.9995047 -0.0112021 -0.2170354
-0.0077564 0.0109784 0.9999097 0.0708649
0.0000000 0.0000000 0.0000000 1.0000000
0.9994538 0.0318902 0.0086691 12.2704140
-0.0317858 0.9994236 -0.0119224 -0.2299939
-0.0090443 0.0116403 0.9998913 0.0634944
0.0000000 0.0000000 0.0000000 1.0000000
0.9993930 0.0338609 0.0081897 12.4713003
-0.0337676 0.9993661 -0.0112803 -0.2452674
-0.0085664 0.0109969 0.9999028 0.0666701
0.0000000 0.0000000 0.0000000 1.0000000
0.9993039 0.0364348 0.0080090 12.6494096
-0.0363443 0.9992770 -0.0111603 -0.2610813
-0.0084098 0.0108615 0.9999057 0.0788472
0.0000000 0.0000000 0.0000000 1.0000000
0.9992152 0.0388796 0.0075793 12.8113211
-0.0388067 0.9992012 -0.0095421 -0.2678855
-0.0079442 0.0092405 0.9999257 0.0806682
0.0000000 0.0000000 0.0000000 1.0000000
0.9991558 0.0403867 0.0075285 12.9730194
-0.0403313 0.9991592 -0.0073640 -0.2953918
-0.0078195 0.0070542 0.9999445 0.0824983
0.0000000 0.0000000 0.0000000 1.0000000
0.9991053 0.0417771 0.0065722 13.1228656
-0.0417315 0.9991049 -0.0069256 -0.3002993
-0.0068556 0.0066452 0.9999544 0.0819141
0.0000000 0.0000000 0.0000000 1.0000000
0.9990523 0.0432280 0.0050786 13.2808785
-0.0431911 0.9990411 -0.0071705 -0.3145052
-0.0053837 0.0069444 0.9999614 0.0893923
0.0000000 0.0000000 0.0000000 1.0000000
0.9990017 0.0444786 0.0041509 13.4192627
-0.0444406 0.9989729 -0.0088442 -0.3337351
-0.0045400 0.0086509 0.9999523 0.0951054
0.0000000 0.0000000 0.0000000 1.0000000
0.9989512 0.0456421 0.0036528 13.5466063
-0.0456023 0.9989062 -0.0103337 -0.3481928
-0.0041205 0.0101563 0.9999399 0.0990007
0.0000000 0.0000000 0.0000000 1.0000000
0.9989004 0.0467790 0.0031218 13.6788010
-0.0467475 0.9988617 -0.0094893 -0.3672645
-0.0035622 0.0093329 0.9999501 0.1055394
0.0000000 0.0000000 0.0000000 1.0000000
0.9988197 0.0485378 0.0018385 13.8082714
-0.0485189 0.9987797 -0.0092244 -0.3811042
-0.0022840 0.0091243 0.9999558 0.1059355
0.0000000 0.0000000 0.0000000 1.0000000
0.9987569 0.0498464 0.0001036 13.9282975
-0.0498434 0.9987163 -0.0090172 -0.3870382
-0.0005530 0.0090009 0.9999593 0.1024582
0.0000000 0.0000000 0.0000000 1.0000000
0.9987407 0.0501479 -0.0015090 14.0508757
-0.0501604 0.9986927 -0.0098381 -0.3976483
0.0010137 0.0099014 0.9999505 0.1061209
0.0000000 0.0000000 0.0000000 1.0000000
0.9987602 0.0496893 -0.0030014 14.1731222
-0.0497194 0.9987032 -0.0109539 -0.4042121
0.0024532 0.0110896 0.9999355 0.1076473
0.0000000 0.0000000 0.0000000 1.0000000
0.9989020 0.0467007 -0.0037217 14.3012518
-0.0467407 0.9988408 -0.0115010 -0.4168880
0.0031802 0.0116623 0.9999269 0.1114852
0.0000000 0.0000000 0.0000000 1.0000000
0.9990539 0.0433473 -0.0035197 14.4203912
-0.0433844 0.9989952 -0.0112450 -0.4304718
0.0030287 0.0113871 0.9999306 0.1039937
0.0000000 0.0000000 0.0000000 1.0000000
0.9992133 0.0394775 -0.0037857 14.5484705
-0.0395161 0.9991612 -0.0107452 -0.4361296
0.0033584 0.0108863 0.9999351 0.0924481
0.0000000 0.0000000 0.0000000 1.0000000
0.9994348 0.0332993 -0.0046030 14.6739244
-0.0333474 0.9993856 -0.0107845 -0.4406895
0.0042410 0.0109319 0.9999313 0.0847461
0.0000000 0.0000000 0.0000000 1.0000000
0.9996361 0.0263433 -0.0058049 14.7974558
-0.0264105 0.9995814 -0.0118148 -0.4476090
0.0054912 0.0119638 0.9999134 0.0722094
0.0000000 0.0000000 0.0000000 1.0000000
0.9997907 0.0192599 -0.0068933 14.9237401
-0.0193434 0.9997378 -0.0122502 -0.4516509
0.0066555 0.0123810 0.9999012 0.0535478
0.0000000 0.0000000 0.0000000 1.0000000
0.9999189 0.0099886 -0.0078978 15.0648753
-0.0100917 0.9998629 -0.0131239 -0.4447639
0.0077656 0.0132026 0.9998827 0.0273265
0.0000000 0.0000000 0.0000000 1.0000000
0.9999419 0.0001131 -0.0107749 15.2069749
-0.0002657 0.9998997 -0.0141579 -0.4230320
0.0107723 0.0141600 0.9998417 -0.0093972
0.0000000 0.0000000 0.0000000 1.0000000
0.9998196 -0.0129092 -0.0139343 15.3588086
0.0126796 0.9997844 -0.0164414 -0.3991451
0.0141436 0.0162617 0.9997677 -0.0424589
0.0000000 0.0000000 0.0000000 1.0000000
0.9994483 -0.0291448 -0.0159243 15.5173147
0.0288774 0.9994422 -0.0167727 -0.4022237
0.0164043 0.0163036 0.9997325 -0.0716334
0.0000000 0.0000000 0.0000000 1.0000000
0.9986644 -0.0487768 -0.0170396 15.6916631
0.0484951 0.9986860 -0.0165691 -0.3921294
0.0178253 0.0157207 0.9997175 -0.0838784
0.0000000 0.0000000 0.0000000 1.0000000
0.9973599 -0.0706317 -0.0168646 15.8855464
0.0703569 0.9973876 -0.0163689 -0.3859017
0.0179767 0.0151392 0.9997238 -0.0795296
0.0000000 0.0000000 0.0000000 1.0000000
0.9953819 -0.0947299 -0.0155261 16.0969173
0.0944744 0.9953915 -0.0164430 -0.3694115
0.0170122 0.0149002 0.9997442 -0.0758307
0.0000000 0.0000000 0.0000000 1.0000000
0.9925312 -0.1210564 -0.0150701 16.3244003
0.1208102 0.9925417 -0.0163031 -0.3516209
0.0169313 0.0143607 0.9997535 -0.0644836
0.0000000 0.0000000 0.0000000 1.0000000
0.9884624 -0.1508147 -0.0140389 16.5568131
0.1505846 0.9884641 -0.0162183 -0.3072629
0.0163229 0.0139172 0.9997699 -0.0565322
0.0000000 0.0000000 0.0000000 1.0000000
0.9830015 -0.1832176 -0.0118015 16.8051542
0.1830092 0.9829672 -0.0168258 -0.2478262
0.0146833 0.0143800 0.9997888 -0.0436189
0.0000000 0.0000000 0.0000000 1.0000000
0.9754312 -0.2201601 -0.0079690 17.0679077
0.2200090 0.9753585 -0.0164893 -0.1744701
0.0114029 0.0143309 0.9998323 -0.0340973
0.0000000 0.0000000 0.0000000 1.0000000
0.9656862 -0.2596864 -0.0036283 17.3282147
0.2595966 0.9655797 -0.0162915 -0.0698058
0.0077341 0.0147906 0.9998607 -0.0263052
0.0000000 0.0000000 0.0000000 1.0000000
0.9537303 -0.3006631 -0.0004759 17.6047183
0.3006319 0.9536519 -0.0129837 0.0459484
0.0043575 0.0122399 0.9999156 -0.0237560
0.0000000 0.0000000 0.0000000 1.0000000
0.9394256 -0.3427393 0.0030484 17.8849342
0.3427528 0.9393794 -0.0093207 0.1801843
0.0003310 0.0098009 0.9999519 -0.0178752
0.0000000 0.0000000 0.0000000 1.0000000
0.9228336 -0.3851512 0.0060537 18.1610294
0.3851910 0.9228011 -0.0081286 0.3339170
-0.0024556 0.0098332 0.9999486 -0.0224679
0.0000000 0.0000000 0.0000000 1.0000000
0.9036785 -0.4280346 0.0123104 18.4595657
0.4281176 0.9037090 -0.0050352 0.5060477
-0.0089697 0.0098205 0.9999116 -0.0151594
0.0000000 0.0000000 0.0000000 1.0000000
0.8822399 -0.4704921 0.0170265 18.7523001
0.4705790 0.8823570 -0.0012624 0.6839454
-0.0144295 0.0091261 0.9998542 -0.0169134
0.0000000 0.0000000 0.0000000 1.0000000
0.8575367 -0.5140977 0.0182870 19.0300027
0.5141237 0.8577084 0.0036082 0.9010165
-0.0175399 0.0063076 0.9998263 -0.0199746
0.0000000 0.0000000 0.0000000 1.0000000
0.8294413 -0.5582847 0.0185842 19.3090380
0.5582559 0.8296377 0.0071888 1.1349368
-0.0194315 0.0044120 0.9998015 -0.0210198
0.0000000 0.0000000 0.0000000 1.0000000
0.7991539 -0.6008823 0.0171299 19.5887485
0.6008132 0.7993329 0.0095087 1.3977568
-0.0194061 0.0026930 0.9998081 -0.0307300
0.0000000 0.0000000 0.0000000 1.0000000
0.7661876 -0.6424074 0.0164073 19.8779777
0.6422938 0.7663623 0.0121471 1.6620755
-0.0203773 0.0012313 0.9997916 -0.0324315
0.0000000 0.0000000 0.0000000 1.0000000
0.7296555 -0.6836194 0.0163510 20.1450864
0.6834570 0.7298386 0.0149026 1.9605394
-0.0221213 0.0003014 0.9997552 -0.0486092
0.0000000 0.0000000 0.0000000 1.0000000
0.6912296 -0.7224245 0.0174485 20.4113764
0.7222566 0.6914475 0.0156789 2.2967260
-0.0233915 0.0017646 0.9997248 -0.0614081
0.0000000 0.0000000 0.0000000 1.0000000
0.6509242 -0.7589280 0.0180547 20.6819587
0.7587816 0.6511640 0.0153629 2.6303908
-0.0234159 0.0036995 0.9997190 -0.0684115
0.0000000 0.0000000 0.0000000 1.0000000
0.6082181 -0.7935013 0.0206461 20.9409347
0.7934186 0.6085170 0.0139274 3.0033313
-0.0236149 0.0079101 0.9996898 -0.0728138
0.0000000 0.0000000 0.0000000 1.0000000
0.5648236 -0.8248646 0.0239286 21.1763817
0.8248488 0.5651977 0.0132723 3.3819298
-0.0244722 0.0122410 0.9996256 -0.0769972
0.0000000 0.0000000 0.0000000 1.0000000
0.5179925 -0.8550562 0.0237210 21.4105027
0.8550320 0.5183763 0.0143643 3.8125054
-0.0245786 0.0128416 0.9996154 -0.0865430
0.0000000 0.0000000 0.0000000 1.0000000
0.4692224 -0.8827896 0.0226449 21.6252652
0.8828129 0.4695570 0.0125598 4.2536633
-0.0217207 0.0140979 0.9996647 -0.0984235
0.0000000 0.0000000 0.0000000 1.0000000
0.4173143 -0.9084202 0.0249278 21.8259511
0.9085281 0.4176725 0.0112471 4.7264406
-0.0206287 0.0179540 0.9996260 -0.0962194
0.0000000 0.0000000 0.0000000 1.0000000
0.3648707 -0.9306534 0.0274508 22.0083170
0.9308661 0.3652358 0.0095509 5.2193384
-0.0189146 0.0220682 0.9995775 -0.0952265
0.0000000 0.0000000 0.0000000 1.0000000
0.3118625 -0.9497123 0.0280764 22.1606528
0.9499678 0.3122154 0.0090977 5.7385749
-0.0174060 0.0238344 0.9995644 -0.0826918
0.0000000 0.0000000 0.0000000 1.0000000
0.2595167 -0.9653210 0.0283955 22.2881068
0.9655157 0.2599764 0.0138485 6.2940941
-0.0207504 0.0238224 0.9995008 -0.0882270
0.0000000 0.0000000 0.0000000 1.0000000
0.2077967 -0.9776903 0.0306946 22.4070542
0.9778788 0.2084005 0.0179561 6.8655635
-0.0239523 0.0262843 0.9993675 -0.0797541
0.0000000 0.0000000 0.0000000 1.0000000
0.1600709 -0.9865084 0.0343283 22.5064286
0.9867949 0.1607961 0.0195060 7.4507430
-0.0247627 0.0307527 0.9992202 -0.0637010
0.0000000 0.0000000 0.0000000 1.0000000
0.1158570 -0.9926486 0.0350116 22.5875919
0.9929353 0.1166559 0.0217029 8.0609701
-0.0256276 0.0322498 0.9991512 -0.0493292
0.0000000 0.0000000 0.0000000 1.0000000
0.0769419 -0.9964951 0.0328242 22.6192482
0.9967786 0.0776278 0.0201592 8.6901549
-0.0226366 0.0311674 0.9992578 -0.0535866
0.0000000 0.0000000 0.0000000 1.0000000
0.0415863 -0.9987336 0.0283132 22.6407057
0.9989640 0.0420867 0.0173140 9.3457077
-0.0184837 0.0275639 0.9994491 -0.0624775
0.0000000 0.0000000 0.0000000 1.0000000
0.0154988 -0.9995398 0.0260731 22.6417410
0.9997310 0.0159412 0.0168495 10.0223621
-0.0172574 0.0258050 0.9995180 -0.0669839
0.0000000 0.0000000 0.0000000 1.0000000
-0.0053109 -0.9996822 0.0246430 22.6406616
0.9997817 -0.0048101 0.0203352 10.7302845
-0.0202102 0.0247456 0.9994895 -0.0720633
0.0000000 0.0000000 0.0000000 1.0000000
-0.0178752 -0.9995235 0.0251613 22.6216289
0.9994908 -0.0171980 0.0268803 11.4740149
-0.0264348 0.0256290 0.9993220 -0.0756950
0.0000000 0.0000000 0.0000000 1.0000000
-0.0257171 -0.9993414 0.0255984 22.6080488
0.9992184 -0.0249280 0.0306809 12.2119977
-0.0300226 0.0263674 0.9992014 -0.0715737
0.0000000 0.0000000 0.0000000 1.0000000
-0.0294252 -0.9991989 0.0271208 22.5795981
0.9991670 -0.0286351 0.0290752 12.9771042
-0.0282753 0.0279538 0.9992092 -0.0740398
0.0000000 0.0000000 0.0000000 1.0000000
-0.0283334 -0.9989296 0.0365608 22.5654185
0.9993103 -0.0274280 0.0250333 13.7688576
-0.0240037 0.0372449 0.9990178 -0.0750199
0.0000000 0.0000000 0.0000000 1.0000000
-0.0260483 -0.9984975 0.0482094 22.5664620
0.9994041 -0.0249187 0.0238866 14.5705588
-0.0226494 0.0488028 0.9985516 -0.0886465
0.0000000 0.0000000 0.0000000 1.0000000
-0.0212465 -0.9984954 0.0505509 22.5563912
0.9995142 -0.0200606 0.0238532 15.4038543
-0.0228032 0.0510332 0.9984366 -0.1047401
0.0000000 0.0000000 0.0000000 1.0000000
-0.0155593 -0.9986772 0.0490063 22.5244144
0.9996742 -0.0145454 0.0209786 16.2578783
-0.0202380 0.0493167 0.9985781 -0.1255129
0.0000000 0.0000000 0.0000000 1.0000000
-0.0131688 -0.9984641 0.0538136 22.5180215
0.9997996 -0.0123365 0.0157689 17.1299714
-0.0150808 0.0540105 0.9984265 -0.1361577
0.0000000 0.0000000 0.0000000 1.0000000
-0.0091915 -0.9986327 0.0514613 22.5170129
0.9999420 -0.0088901 0.0060822 18.0222782
-0.0056164 0.0515142 0.9986565 -0.1514745
0.0000000 0.0000000 0.0000000 1.0000000
-0.0081733 -0.9989343 0.0454238 22.4988820
0.9999654 -0.0082366 -0.0012061 18.9311497
0.0015790 0.0454124 0.9989671 -0.1750895
0.0000000 0.0000000 0.0000000 1.0000000
-0.0095381 -0.9991698 0.0396062 22.4653525
0.9999513 -0.0096321 -0.0021851 19.8592878
0.0025647 0.0395835 0.9992130 -0.1833471
0.0000000 0.0000000 0.0000000 1.0000000
-0.0130617 -0.9994269 0.0312280 22.4356878
0.9999108 -0.0129679 0.0032021 20.8239117
-0.0027953 0.0312671 0.9995072 -0.1963098
0.0000000 0.0000000 0.0000000 1.0000000
-0.0176777 -0.9994811 0.0269244 22.4040994
0.9997896 -0.0173900 0.0108831 21.8123807
-0.0104092 0.0271111 0.9995782 -0.2230312
0.0000000 0.0000000 0.0000000 1.0000000
-0.0226070 -0.9994386 0.0247262 22.3814298
0.9995772 -0.0221439 0.0188443 22.8292208
-0.0182862 0.0251418 0.9995166 -0.2396024
0.0000000 0.0000000 0.0000000 1.0000000
-0.0246743 -0.9993991 0.0243428 22.3545573
0.9993004 -0.0239726 0.0287090 23.8614077
-0.0281082 0.0250341 0.9992914 -0.2691735
0.0000000 0.0000000 0.0000000 1.0000000
-0.0251594 -0.9993086 0.0273732 22.3479260
0.9989497 -0.0240826 0.0389811 24.9013022
-0.0382949 0.0283252 0.9988649 -0.2789267
0.0000000 0.0000000 0.0000000 1.0000000
-0.0268401 -0.9992309 0.0285863 22.3359071
0.9988365 -0.0256614 0.0408321 25.9430600
-0.0400671 0.0296490 0.9987570 -0.2931280
0.0000000 0.0000000 0.0000000 1.0000000
-0.0284988 -0.9991952 0.0282260 22.3197464
0.9988894 -0.0274075 0.0383257 26.9929869
-0.0375213 0.0292869 0.9988666 -0.3223339
0.0000000 0.0000000 0.0000000 1.0000000
-0.0307142 -0.9992431 0.0238708 22.2987287
0.9990285 -0.0299350 0.0323430 28.0263391
-0.0316040 0.0248410 0.9991917 -0.3530363
0.0000000 0.0000000 0.0000000 1.0000000
-0.0351760 -0.9990845 0.0243478 22.2771504
0.9990679 -0.0345445 0.0258869 29.0610261
-0.0250221 0.0252357 0.9993683 -0.3688371
0.0000000 0.0000000 0.0000000 1.0000000
-0.0411464 -0.9988402 0.0250015 22.2537238
0.9989082 -0.0405694 0.0231637 30.1060627
-0.0221225 0.0259273 0.9994190 -0.3789561
0.0000000 0.0000000 0.0000000 1.0000000
-0.0480553 -0.9985484 0.0243254 22.2167033
0.9986852 -0.0475981 0.0190357 31.1493444
-0.0178502 0.0252082 0.9995228 -0.4177086
0.0000000 0.0000000 0.0000000 1.0000000
-0.0548454 -0.9981790 0.0251120 22.1687139
0.9982891 -0.0543061 0.0216750 32.2170260
-0.0202718 0.0262579 0.9994496 -0.4354085
0.0000000 0.0000000 0.0000000 1.0000000
-0.0612493 -0.9978949 0.0213116 22.0970813
0.9978210 -0.0606920 0.0258810 33.2877159
-0.0245331 0.0228504 0.9994378 -0.4607877
0.0000000 0.0000000 0.0000000 1.0000000
-0.0674666 -0.9975157 0.0202613 22.0225661
0.9973309 -0.0668580 0.0293454 34.3635883
-0.0279178 0.0221871 0.9993640 -0.4709598
0.0000000 0.0000000 0.0000000 1.0000000
-0.0719295 -0.9972706 0.0166566 21.9345077
0.9969486 -0.0713785 0.0316005 35.4316685
-0.0303253 0.0188788 0.9993618 -0.4909199
0.0000000 0.0000000 0.0000000 1.0000000
-0.0747437 -0.9971134 0.0133445 21.8687124
0.9966854 -0.0742672 0.0332053 36.5105193
-0.0321184 0.0157822 0.9993595 -0.5162703
0.0000000 0.0000000 0.0000000 1.0000000
-0.0767586 -0.9970109 0.0087906 21.7859993
0.9964745 -0.0764119 0.0346398 37.5905653
-0.0338645 0.0114186 0.9993612 -0.5360299
0.0000000 0.0000000 0.0000000 1.0000000
-0.0779069 -0.9969261 0.0082936 21.7005752
0.9963564 -0.0775674 0.0354591 38.6713702
-0.0347068 0.0110259 0.9993367 -0.5582548
0.0000000 0.0000000 0.0000000 1.0000000
-0.0792947 -0.9968280 0.0067948 21.6172945
0.9962480 -0.0790077 0.0353253 39.7549241
-0.0346764 0.0095704 0.9993528 -0.5912156
0.0000000 0.0000000 0.0000000 1.0000000
-0.0800683 -0.9967787 0.0046013 21.5295709
0.9961959 -0.0798605 0.0348723 40.8369111
-0.0343925 0.0073759 0.9993812 -0.6140038
0.0000000 0.0000000 0.0000000 1.0000000
-0.0812803 -0.9966853 0.0034395 21.4378674
0.9961042 -0.0811135 0.0346006 41.9192493
-0.0342069 0.0062384 0.9993953 -0.6431526
0.0000000 0.0000000 0.0000000 1.0000000
-0.0809553 -0.9967149 -0.0023457 21.3490956
0.9961765 -0.0809886 0.0327606 43.0208784
-0.0328429 0.0003154 0.9994605 -0.6641782
0.0000000 0.0000000 0.0000000 1.0000000
-0.0810721 -0.9966872 -0.0064678 21.2544237
0.9962795 -0.0812258 0.0288039 44.1215994
-0.0292338 -0.0041085 0.9995642 -0.6826976
0.0000000 0.0000000 0.0000000 1.0000000
-0.0798712 -0.9967695 -0.0084250 21.1559120
0.9963732 -0.0800826 0.0287646 45.2157242
-0.0293464 -0.0060969 0.9995507 -0.7028011
0.0000000 0.0000000 0.0000000 1.0000000
-0.0785199 -0.9968688 -0.0093323 21.0686079
0.9963396 -0.0787887 0.0331641 46.3299325
-0.0337956 -0.0066941 0.9994063 -0.7324627
0.0000000 0.0000000 0.0000000 1.0000000
-0.0771456 -0.9969533 -0.0115166 20.9802815
0.9962910 -0.0775257 0.0373375 47.4550130
-0.0381166 -0.0085935 0.9992363 -0.7659392
0.0000000 0.0000000 0.0000000 1.0000000
-0.0763272 -0.9970325 -0.0100105 20.8993621
0.9963631 -0.0766496 0.0372233 48.5673005
-0.0378802 -0.0071329 0.9992568 -0.8054846
0.0000000 0.0000000 0.0000000 1.0000000
-0.0739831 -0.9972163 -0.0092767 20.8249995
0.9965489 -0.0742783 0.0370557 49.6753182
-0.0376416 -0.0065032 0.9992701 -0.8338558
0.0000000 0.0000000 0.0000000 1.0000000
-0.0704434 -0.9974392 -0.0123584 20.7374897
0.9967527 -0.0708687 0.0382340 50.7921366
-0.0390119 -0.0096249 0.9991924 -0.8658092
0.0000000 0.0000000 0.0000000 1.0000000
-0.0653440 -0.9977204 -0.0168551 20.6614569
0.9970405 -0.0659664 0.0394819 51.9133991
-0.0405038 -0.0142253 0.9990781 -0.9029220
0.0000000 0.0000000 0.0000000 1.0000000
-0.0589159 -0.9980652 -0.0198641 20.5847567
0.9974118 -0.0596756 0.0401084 53.0344087
-0.0412162 -0.0174496 0.9989979 -0.9352070
0.0000000 0.0000000 0.0000000 1.0000000
-0.0521550 -0.9984117 -0.0213024 20.5244375
0.9978049 -0.0529712 0.0397429 54.1620821
-0.0408082 -0.0191828 0.9989828 -0.9686556
0.0000000 0.0000000 0.0000000 1.0000000
-0.0456703 -0.9987483 -0.0203947 20.4692713
0.9981381 -0.0464496 0.0395328 55.3028443
-0.0404307 -0.0185512 0.9990101 -1.0005233
0.0000000 0.0000000 0.0000000 1.0000000
-0.0408357 -0.9989792 -0.0193118 20.4323744
0.9983412 -0.0415795 0.0398261 56.4401955
-0.0405884 -0.0176534 0.9990200 -1.0380888
0.0000000 0.0000000 0.0000000 1.0000000
-0.0354573 -0.9991803 -0.0195285 20.3980868
0.9985216 -0.0362260 0.0405270 57.5871639
-0.0412012 -0.0180626 0.9989876 -1.0672895
0.0000000 0.0000000 0.0000000 1.0000000
-0.0295804 -0.9993928 -0.0184087 20.3630146
0.9986748 -0.0303251 0.0415822 58.7395124
-0.0421152 -0.0171543 0.9989655 -1.1022467
0.0000000 0.0000000 0.0000000 1.0000000
-0.0242023 -0.9994997 -0.0203604 20.3337795
0.9987683 -0.0250570 0.0428261 59.8739339
-0.0433148 -0.0192988 0.9988751 -1.1461010
0.0000000 0.0000000 0.0000000 1.0000000
-0.0190213 -0.9996087 -0.0205059 20.3014856
0.9989412 -0.0198599 0.0414990 61.0153089
-0.0418900 -0.0196948 0.9989281 -1.1922593
0.0000000 0.0000000 0.0000000 1.0000000
-0.0135869 -0.9997077 -0.0199967 20.2821500
0.9992071 -0.0143232 0.0371503 62.1467224
-0.0374259 -0.0194760 0.9991096 -1.2364673
0.0000000 0.0000000 0.0000000 1.0000000
-0.0095367 -0.9997590 -0.0197728 20.2630050
0.9994307 -0.0101698 0.0321707 63.3008030
-0.0323640 -0.0194547 0.9992868 -1.2673148
0.0000000 0.0000000 0.0000000 1.0000000
-0.0052357 -0.9997585 -0.0213403 20.2532288
0.9995032 -0.0058953 0.0309630 64.4469029
-0.0310814 -0.0211676 0.9992927 -1.3004709
0.0000000 0.0000000 0.0000000 1.0000000
-0.0015854 -0.9997886 -0.0204993 20.2502171
0.9994012 -0.0022927 0.0345279 65.6178452
-0.0345676 -0.0204323 0.9991935 -1.3240200
0.0000000 0.0000000 0.0000000 1.0000000
0.0008103 -0.9997854 -0.0206981 20.2548226
0.9994093 0.0000984 0.0343683 66.7921035
-0.0343588 -0.0207137 0.9991949 -1.3678529
0.0000000 0.0000000 0.0000000 1.0000000
0.0017441 -0.9997463 -0.0224568 20.2472016
0.9993895 0.0009590 0.0349250 67.9632077
-0.0348946 -0.0225040 0.9991376 -1.3969950
0.0000000 0.0000000 0.0000000 1.0000000
0.0025668 -0.9997033 -0.0242189 20.2482247
0.9993394 0.0016864 0.0363052 69.1194836
-0.0362536 -0.0242961 0.9990472 -1.4318870
0.0000000 0.0000000 0.0000000 1.0000000
0.0027797 -0.9997000 -0.0243340 20.2514941
0.9993218 0.0018835 0.0367748 70.2777767
-0.0367180 -0.0244197 0.9990273 -1.4561814
0.0000000 0.0000000 0.0000000 1.0000000
0.0036905 -0.9996986 -0.0242679 20.2491993
0.9993269 0.0028012 0.0365773 71.4487625
-0.0364983 -0.0243865 0.9990361 -1.4853637
0.0000000 0.0000000 0.0000000 1.0000000
0.0041441 -0.9997157 -0.0234791 20.2711600
0.9993767 0.0033172 0.0351474 72.6181070
-0.0350595 -0.0236101 0.9991063 -1.5260260
0.0000000 0.0000000 0.0000000 1.0000000
0.0041994 -0.9997712 -0.0209709 20.2788175
0.9993836 0.0034650 0.0349347 73.7944976
-0.0348540 -0.0211046 0.9991696 -1.5604169
0.0000000 0.0000000 0.0000000 1.0000000
0.0047116 -0.9997986 -0.0195049 20.2840972
0.9993404 0.0040053 0.0360939 74.9833810
-0.0360085 -0.0196621 0.9991580 -1.6078496
0.0000000 0.0000000 0.0000000 1.0000000
0.0044743 -0.9997888 -0.0200542 20.2868644
0.9992519 0.0036997 0.0384973 76.1741717
-0.0384149 -0.0202114 0.9990574 -1.6375927
0.0000000 0.0000000 0.0000000 1.0000000
0.0047081 -0.9997589 -0.0214456 20.2851276
0.9990989 0.0037982 0.0422741 77.3653165
-0.0421824 -0.0216253 0.9988759 -1.6715856
0.0000000 0.0000000 0.0000000 1.0000000
0.0050977 -0.9997016 -0.0238876 20.2880622
0.9990844 0.0040769 0.0425879 78.5430601
-0.0424778 -0.0240828 0.9988071 -1.7108478
0.0000000 0.0000000 0.0000000 1.0000000
0.0064343 -0.9996633 -0.0251350 20.2857579
0.9991530 0.0054053 0.0407941 79.7277646
-0.0406445 -0.0253761 0.9988514 -1.7523643
0.0000000 0.0000000 0.0000000 1.0000000
0.0065762 -0.9997090 -0.0232081 20.2867758
0.9991938 0.0056501 0.0397491 80.8903756
-0.0396064 -0.0234508 0.9989401 -1.7905479
0.0000000 0.0000000 0.0000000 1.0000000
0.0059320 -0.9997452 -0.0217774 20.3025509
0.9991752 0.0050509 0.0402930 82.0768317
-0.0401728 -0.0219984 0.9989506 -1.8306765
0.0000000 0.0000000 0.0000000 1.0000000
0.0059065 -0.9997811 -0.0200674 20.3034499
0.9991359 0.0050747 0.0412528 83.2567921
-0.0411419 -0.0202937 0.9989472 -1.8763790
0.0000000 0.0000000 0.0000000 1.0000000
0.0068470 -0.9997685 -0.0203946 20.3087814
0.9990067 0.0059409 0.0441631 84.4394291
-0.0440317 -0.0206767 0.9988161 -1.9103854
0.0000000 0.0000000 0.0000000 1.0000000
0.0071264 -0.9997567 -0.0208704 20.3061241
0.9988894 0.0061450 0.0467148 85.6224116
-0.0465752 -0.0211801 0.9986902 -1.9453187
0.0000000 0.0000000 0.0000000 1.0000000
0.0066458 -0.9997389 -0.0218616 20.3098904
0.9988316 0.0055901 0.0480022 86.7945663
-0.0478675 -0.0221551 0.9986080 -1.9877270
0.0000000 0.0000000 0.0000000 1.0000000
0.0075320 -0.9997279 -0.0220766 20.3156885
0.9989196 0.0065097 0.0460151 87.9574501
-0.0458589 -0.0223993 0.9986968 -2.0307910
0.0000000 0.0000000 0.0000000 1.0000000
0.0074608 -0.9997438 -0.0213698 20.3166018
0.9989426 0.0064818 0.0455175 89.1209374
-0.0453673 -0.0216868 0.9987349 -2.0757890
0.0000000 0.0000000 0.0000000 1.0000000
0.0076085 -0.9997612 -0.0204853 20.3249427
0.9988818 0.0066427 0.0468098 90.2828286
-0.0466625 -0.0208186 0.9986937 -2.1130161
0.0000000 0.0000000 0.0000000 1.0000000
0.0078319 -0.9997743 -0.0197482 20.3304910
0.9987748 0.0068560 0.0490096 91.4404776
-0.0488632 -0.0201078 0.9986031 -2.1540817
0.0000000 0.0000000 0.0000000 1.0000000
0.0080599 -0.9997881 -0.0189380 20.3426476
0.9986727 0.0070846 0.0510175 92.5963692
-0.0508726 -0.0193241 0.9985182 -2.2105212
0.0000000 0.0000000 0.0000000 1.0000000
0.0087045 -0.9997652 -0.0198422 20.3505925
0.9985320 0.0076294 0.0536260 93.7453867
-0.0534620 -0.0202799 0.9983639 -2.2573858
0.0000000 0.0000000 0.0000000 1.0000000
0.0099391 -0.9996968 -0.0225270 20.3393809
0.9984232 0.0086767 0.0554608 94.9107142
-0.0552486 -0.0230427 0.9982067 -2.3133288
0.0000000 0.0000000 0.0000000 1.0000000
0.0103606 -0.9996567 -0.0240619 20.3353648
0.9984416 0.0090224 0.0550725 96.0616655
-0.0548365 -0.0245950 0.9981924 -2.3676162
0.0000000 0.0000000 0.0000000 1.0000000
0.0104366 -0.9996144 -0.0257284 20.3291210
0.9985793 0.0090743 0.0525079 97.2064350
-0.0522541 -0.0262399 0.9982890 -2.4154687
0.0000000 0.0000000 0.0000000 1.0000000
0.0105116 -0.9995862 -0.0267757 20.3388453
0.9986415 0.0091275 0.0513024 98.3555329
-0.0510368 -0.0272786 0.9983242 -2.4634886
0.0000000 0.0000000 0.0000000 1.0000000
0.0103752 -0.9996023 -0.0262211 20.3536859
0.9986872 0.0090431 0.0504203 99.4985168
-0.0501631 -0.0267098 0.9983838 -2.5152305
0.0000000 0.0000000 0.0000000 1.0000000
0.0103037 -0.9996171 -0.0256803 20.3707207
0.9986601 0.0089846 0.0509647 100.6640887
-0.0507144 -0.0261710 0.9983702 -2.5622387
0.0000000 0.0000000 0.0000000 1.0000000
0.0092957 -0.9996413 -0.0251171 20.3737040
0.9985610 0.0079531 0.0530354 101.8163539
-0.0528166 -0.0255739 0.9982767 -2.6241357
0.0000000 0.0000000 0.0000000 1.0000000
0.0089345 -0.9996766 -0.0238059 20.3818031
0.9984231 0.0075987 0.0556214 102.9744748
-0.0554225 -0.0242652 0.9981681 -2.6698773
0.0000000 0.0000000 0.0000000 1.0000000
0.0088188 -0.9995765 -0.0277314 20.3816464
0.9984313 0.0072684 0.0555178 104.1200420
-0.0552927 -0.0281775 0.9980725 -2.7247193
0.0000000 0.0000000 0.0000000 1.0000000
0.0085579 -0.9994761 -0.0312117 20.3828893
0.9983590 0.0067726 0.0568637 105.2894839
-0.0566225 -0.0316471 0.9978940 -2.7784735
0.0000000 0.0000000 0.0000000 1.0000000
0.0093973 -0.9993500 -0.0348027 20.3754737
0.9983634 0.0074132 0.0567070 106.4534320
-0.0564121 -0.0352786 0.9977841 -2.8461948
0.0000000 0.0000000 0.0000000 1.0000000
0.0086624 -0.9993090 -0.0361437 20.3855922
0.9985358 0.0067143 0.0536766 107.6190550
-0.0533969 -0.0365557 0.9979040 -2.9117812
0.0000000 0.0000000 0.0000000 1.0000000
0.0081956 -0.9993185 -0.0359913 20.3886085
0.9987106 0.0063767 0.0503652 108.8007553
-0.0501013 -0.0363576 0.9980821 -2.9837038
0.0000000 0.0000000 0.0000000 1.0000000
0.0068115 -0.9994275 -0.0331374 20.4063359
0.9987482 0.0051572 0.0497541 109.9818343
-0.0495547 -0.0334348 0.9982116 -3.0279904
0.0000000 0.0000000 0.0000000 1.0000000
0.0059862 -0.9995523 -0.0293151 20.4109460
0.9987636 0.0045296 0.0495054 111.1733038
-0.0493505 -0.0295752 0.9983435 -3.0831254
0.0000000 0.0000000 0.0000000 1.0000000
0.0046537 -0.9995609 -0.0292625 20.4106442
0.9987189 0.0031713 0.0505033 112.3782645
-0.0503883 -0.0294600 0.9982951 -3.1424076
0.0000000 0.0000000 0.0000000 1.0000000
0.0050484 -0.9995561 -0.0293604 20.4046612
0.9985253 0.0034518 0.0541788 113.5891549
-0.0540534 -0.0295906 0.9980995 -3.2055083
0.0000000 0.0000000 0.0000000 1.0000000
0.0046613 -0.9996059 -0.0276823 20.4033926
0.9984208 0.0031024 0.0560934 114.7954342
-0.0559854 -0.0279000 0.9980417 -3.2678902
0.0000000 0.0000000 0.0000000 1.0000000
0.0043215 -0.9995912 -0.0282619 20.3989103
0.9986735 0.0028639 0.0514109 116.0037339
-0.0513090 -0.0284465 0.9982776 -3.3296068
0.0000000 0.0000000 0.0000000 1.0000000
0.0031269 -0.9995937 -0.0283306 20.3941718
0.9988001 0.0017372 0.0489424 117.2222860
-0.0488733 -0.0284497 0.9983997 -3.3876184
0.0000000 0.0000000 0.0000000 1.0000000
0.0019694 -0.9996145 -0.0276939 20.3979612
0.9988401 0.0006340 0.0481465 118.4458227
-0.0481104 -0.0277566 0.9984563 -3.4536171
0.0000000 0.0000000 0.0000000 1.0000000
0.0019586 -0.9995572 -0.0296885 20.4055576
0.9987463 0.0004703 0.0500566 119.6894466
-0.0500205 -0.0297493 0.9983050 -3.5084663
0.0000000 0.0000000 0.0000000 1.0000000
0.0017269 -0.9994072 -0.0343829 20.4000177
0.9985380 -0.0001343 0.0540542 120.9467179
-0.0540268 -0.0344260 0.9979459 -3.5793367
0.0000000 0.0000000 0.0000000 1.0000000
0.0020686 -0.9992160 -0.0395349 20.3927530
0.9983122 -0.0002311 0.0580752 122.2156454
-0.0580388 -0.0395883 0.9975291 -3.6427860
0.0000000 0.0000000 0.0000000 1.0000000
0.0023716 -0.9989617 -0.0454951 20.3736183
0.9983077 -0.0002784 0.0581533 123.4776879
-0.0581056 -0.0455560 0.9972705 -3.7065086
0.0000000 0.0000000 0.0000000 1.0000000
0.0028812 -0.9988554 -0.0477448 20.3665500
0.9984268 0.0001997 0.0560718 124.7203666
-0.0559980 -0.0478313 0.9972845 -3.7731943
0.0000000 0.0000000 0.0000000 1.0000000
0.0026015 -0.9987430 -0.0500552 20.3675660
0.9985007 -0.0001426 0.0547400 125.9724814
-0.0546784 -0.0501225 0.9972452 -3.8391012
0.0000000 0.0000000 0.0000000 1.0000000
0.0019077 -0.9987425 -0.0500962 20.3664326
0.9985313 -0.0008100 0.0541734 127.2258760
-0.0541459 -0.0501260 0.9972741 -3.9040610
0.0000000 0.0000000 0.0000000 1.0000000
0.0014017 -0.9988349 -0.0482367 20.3775123
0.9985719 -0.0011781 0.0534123 128.4807684
-0.0534069 -0.0482427 0.9974068 -3.9664593
0.0000000 0.0000000 0.0000000 1.0000000
0.0012328 -0.9988498 -0.0479315 20.3754952
0.9985637 -0.0013378 0.0535616 129.7190283
-0.0535642 -0.0479287 0.9974135 -4.0229226
0.0000000 0.0000000 0.0000000 1.0000000
0.0009319 -0.9988112 -0.0487354 20.3644684
0.9982725 -0.0019339 0.0587229 130.9760689
-0.0587473 -0.0487059 0.9970840 -4.0809381
0.0000000 0.0000000 0.0000000 1.0000000
0.0013611 -0.9988342 -0.0482515 20.3530482
0.9979803 -0.0017077 0.0635023 132.2283815
-0.0635107 -0.0482404 0.9968146 -4.1445743
0.0000000 0.0000000 0.0000000 1.0000000
0.0016219 -0.9988402 -0.0481201 20.3577389
0.9981001 -0.0013469 0.0615995 133.4689545
-0.0615929 -0.0481286 0.9969403 -4.2222467
0.0000000 0.0000000 0.0000000 1.0000000
0.0027836 -0.9988586 -0.0476839 20.3454727
0.9981441 -0.0001255 0.0608976 134.7195510
-0.0608341 -0.0477649 0.9970044 -4.2972410
0.0000000 0.0000000 0.0000000 1.0000000
0.0043992 -0.9989167 -0.0463247 20.3450201
0.9981443 0.0015729 0.0608726 135.9540722
-0.0607338 -0.0465065 0.9970700 -4.3602219
0.0000000 0.0000000 0.0000000 1.0000000
0.0058823 -0.9988794 -0.0469595 20.3410513
0.9981708 0.0030395 0.0603808 137.2001530
-0.0601704 -0.0472287 0.9970702 -4.4258525
0.0000000 0.0000000 0.0000000 1.0000000
0.0065989 -0.9989337 -0.0456938 20.3364663
0.9979836 0.0036942 0.0633656 138.4533546
-0.0631292 -0.0460198 0.9969438 -4.4923166
0.0000000 0.0000000 0.0000000 1.0000000
0.0076421 -0.9988959 -0.0463512 20.3412049
0.9977045 0.0044976 0.0675694 139.6902198
-0.0672863 -0.0467611 0.9966373 -4.5619957
0.0000000 0.0000000 0.0000000 1.0000000
0.0091162 -0.9988235 -0.0476289 20.3393835
0.9975735 0.0057964 0.0693801 140.9397359
-0.0690224 -0.0481458 0.9964527 -4.6288910
0.0000000 0.0000000 0.0000000 1.0000000
0.0099399 -0.9987411 -0.0491668 20.3527047
0.9977806 0.0066688 0.0662533 142.1782387
-0.0658420 -0.0497163 0.9965907 -4.7109879
0.0000000 0.0000000 0.0000000 1.0000000
0.0102398 -0.9988137 -0.0476045 20.3650234
0.9979307 0.0071853 0.0638971 143.4090278
-0.0634793 -0.0481603 0.9968204 -4.7868742
0.0000000 0.0000000 0.0000000 1.0000000
0.0106374 -0.9989403 -0.0447784 20.3788206
0.9979957 0.0078123 0.0627992 144.6473185
-0.0623828 -0.0453566 0.9970211 -4.8565246
0.0000000 0.0000000 0.0000000 1.0000000
0.0099702 -0.9990208 -0.0431035 20.3975685
0.9980750 0.0073035 0.0615883 145.8792555
-0.0612132 -0.0436346 0.9971705 -4.9295371
0.0000000 0.0000000 0.0000000 1.0000000
0.0094447 -0.9991193 -0.0408830 20.4233273
0.9980518 0.0068973 0.0620085 147.1039244
-0.0616719 -0.0413890 0.9972379 -4.9976265
0.0000000 0.0000000 0.0000000 1.0000000
0.0088854 -0.9991939 -0.0391470 20.4410923
0.9981195 0.0064877 0.0609543 148.3331639
-0.0606512 -0.0396149 0.9973726 -5.0642681
0.0000000 0.0000000 0.0000000 1.0000000
0.0086931 -0.9991818 -0.0394975 20.4513534
0.9981225 0.0062754 0.0609278 149.5569521
-0.0606301 -0.0399530 0.9973604 -5.1176057
0.0000000 0.0000000 0.0000000 1.0000000
0.0086357 -0.9992439 -0.0379079 20.4658542
0.9979741 0.0062227 0.0633174 150.7832919
-0.0630336 -0.0383779 0.9972732 -5.1820268
0.0000000 0.0000000 0.0000000 1.0000000
0.0084520 -0.9993314 -0.0355692 20.4683226
0.9978256 0.0061034 0.0656268 152.0086128
-0.0653658 -0.0360465 0.9972101 -5.2569852
0.0000000 0.0000000 0.0000000 1.0000000
0.0082532 -0.9993742 -0.0343945 20.4837934
0.9979488 0.0060481 0.0637308 153.2186138
-0.0634829 -0.0348500 0.9973743 -5.3331205
0.0000000 0.0000000 0.0000000 1.0000000
0.0075299 -0.9993347 -0.0356853 20.4886001
0.9979297 0.0052303 0.0641014 154.4365537
-0.0638721 -0.0360941 0.9973051 -5.3985731
0.0000000 0.0000000 0.0000000 1.0000000
0.0076240 -0.9993082 -0.0363994 20.5010737
0.9976430 0.0051188 0.0684283 155.6760980
-0.0681946 -0.0368353 0.9969918 -5.4787956
0.0000000 0.0000000 0.0000000 1.0000000
0.0088494 -0.9991751 -0.0396317 20.5009108
0.9971035 0.0058232 0.0758342 156.8921116
-0.0755408 -0.0401879 0.9963325 -5.5594054
0.0000000 0.0000000 0.0000000 1.0000000
0.0107213 -0.9989619 -0.0442724 20.5054995
0.9970683 0.0073255 0.0761658 158.1312817
-0.0757624 -0.0449592 0.9961118 -5.6438816
0.0000000 0.0000000 0.0000000 1.0000000
0.0119801 -0.9987926 -0.0476408 20.5053193
0.9973042 0.0084856 0.0728866 159.3399309
-0.0723943 -0.0483856 0.9962017 -5.7233356
0.0000000 0.0000000 0.0000000 1.0000000
0.0140163 -0.9986485 -0.0500454 20.5054104
0.9976315 0.0105961 0.0679647 160.5483908
-0.0673426 -0.0508795 0.9964318 -5.7954629
0.0000000 0.0000000 0.0000000 1.0000000
0.0153713 -0.9985306 -0.0519650 20.5214035
0.9977228 0.0119038 0.0663899 161.7486798
-0.0656738 -0.0528672 0.9964397 -5.8821189
0.0000000 0.0000000 0.0000000 1.0000000
0.0165703 -0.9986990 -0.0482259 20.5547858
0.9978841 0.0134854 0.0636043 162.9421320
-0.0628712 -0.0491778 0.9968093 -5.9486167
0.0000000 0.0000000 0.0000000 1.0000000
0.0176579 -0.9988185 -0.0452747 20.5855685
0.9981209 0.0149520 0.0594235 164.1371766
-0.0586763 -0.0462389 0.9972056 -6.0080825
0.0000000 0.0000000 0.0000000 1.0000000
0.0172943 -0.9990206 -0.0407267 20.6099280
0.9983341 0.0150112 0.0557121 165.3542326
-0.0550462 -0.0416224 0.9976159 -6.0581906
0.0000000 0.0000000 0.0000000 1.0000000
0.0173357 -0.9991742 -0.0367460 20.6412037
0.9981718 0.0151666 0.0585080 166.5606783
-0.0579024 -0.0376931 0.9976104 -6.1131607
0.0000000 0.0000000 0.0000000 1.0000000
0.0176870 -0.9991303 -0.0377576 20.6681864
0.9977078 0.0151696 0.0659475 167.7656302
-0.0653174 -0.0388375 0.9971085 -6.1737379
0.0000000 0.0000000 0.0000000 1.0000000
0.0197060 -0.9990521 -0.0388124 20.6851667
0.9974299 0.0169696 0.0696115 168.9601698
-0.0688869 -0.0400844 0.9968189 -6.2387017
0.0000000 0.0000000 0.0000000 1.0000000
0.0227284 -0.9989107 -0.0407518 20.7053740
0.9975247 0.0199460 0.0674287 170.1241328
-0.0665424 -0.0421835 0.9968915 -6.3069201
0.0000000 0.0000000 0.0000000 1.0000000
0.0232464 -0.9988580 -0.0417391 20.7345192
0.9975686 0.0204321 0.0666302 171.3144382
-0.0657013 -0.0431865 0.9969043 -6.3954069
0.0000000 0.0000000 0.0000000 1.0000000
0.0238097 -0.9989067 -0.0402298 20.7591306
0.9974496 0.0210280 0.0682075 172.5058957
-0.0672870 -0.0417511 0.9968597 -6.4743467
0.0000000 0.0000000 0.0000000 1.0000000
0.0253377 -0.9989229 -0.0388701 20.7928565
0.9975022 0.0226989 0.0668890 173.6880005
-0.0659346 -0.0404678 0.9970030 -6.5454924
0.0000000 0.0000000 0.0000000 1.0000000
0.0279276 -0.9988718 -0.0384066 20.8180021
0.9975275 0.0253700 0.0655391 174.8654546
-0.0644908 -0.0401420 0.9971106 -6.6193779
0.0000000 0.0000000 0.0000000 1.0000000
0.0295323 -0.9987986 -0.0391048 20.8381171
0.9973405 0.0268361 0.0677634 176.0030663
-0.0666325 -0.0410020 0.9969348 -6.6852374
0.0000000 0.0000000 0.0000000 1.0000000
0.0312480 -0.9987445 -0.0391530 20.8650568
0.9971601 0.0284651 0.0697242 177.1386706
-0.0685222 -0.0412206 0.9967977 -6.7472353
0.0000000 0.0000000 0.0000000 1.0000000
0.0319665 -0.9986837 -0.0401112 20.9033637
0.9970614 0.0290678 0.0708778 178.2254014
-0.0696186 -0.0422590 0.9966782 -6.8104369
0.0000000 0.0000000 0.0000000 1.0000000
0.0326596 -0.9986632 -0.0400624 20.9319799
0.9970069 0.0297426 0.0713628 179.2863610
-0.0700758 -0.0422732 0.9966456 -6.8886687
0.0000000 0.0000000 0.0000000 1.0000000
0.0330686 -0.9987134 -0.0384429 20.9625277
0.9969418 0.0302361 0.0720621 180.3249227
-0.0708070 -0.0407083 0.9966590 -6.9530387
0.0000000 0.0000000 0.0000000 1.0000000
0.0343573 -0.9986706 -0.0384245 20.9994134
0.9969969 0.0315791 0.0707107 181.3302936
-0.0694032 -0.0407386 0.9967565 -7.0151704
0.0000000 0.0000000 0.0000000 1.0000000
0.0359779 -0.9985939 -0.0389330 21.0353803
0.9969428 0.0331600 0.0707504 182.3050691
-0.0693599 -0.0413594 0.9967340 -7.0666840
0.0000000 0.0000000 0.0000000 1.0000000
0.0370160 -0.9985287 -0.0396261 21.0728730
0.9968554 0.0341156 0.0715224 183.2379195
-0.0700653 -0.0421489 0.9966516 -7.1228232
0.0000000 0.0000000 0.0000000 1.0000000
0.0361921 -0.9986180 -0.0381076 21.0965770
0.9969412 0.0334355 0.0706430 184.1692010
-0.0692712 -0.0405477 0.9967735 -7.1611826
0.0000000 0.0000000 0.0000000 1.0000000
0.0326030 -0.9988029 -0.0364647 21.1330541
0.9972514 0.0300803 0.0677118 185.0837836
-0.0665339 -0.0385721 0.9970383 -7.2023000
0.0000000 0.0000000 0.0000000 1.0000000
0.0271480 -0.9989305 -0.0374258 21.1466564
0.9976184 0.0246995 0.0644014 186.0132888
-0.0634081 -0.0390851 0.9972220 -7.2552779
0.0000000 0.0000000 0.0000000 1.0000000
0.0222221 -0.9989769 -0.0393854 21.1723464
0.9978833 0.0197550 0.0619582 186.9178358
-0.0611168 -0.0406789 0.9973013 -7.3028088
0.0000000 0.0000000 0.0000000 1.0000000
0.0173036 -0.9989958 -0.0413278 21.1887067
0.9979999 0.0147432 0.0614723 187.8334821
-0.0608012 -0.0423088 0.9972528 -7.3496965
0.0000000 0.0000000 0.0000000 1.0000000
0.0141712 -0.9989381 -0.0438375 21.1922255
0.9980026 0.0114314 0.0621301 188.7557825
-0.0615629 -0.0446304 0.9971049 -7.4044546
