0.9999995 0.0006408 0.0008198 0.0008448
-0.0006407 0.9999998 -0.0001253 0.0027915
-0.0008199 0.0001248 0.9999997 -0.0165517
0.0000000 0.0000000 0.0000000 1.0000000
0.9999285 0.0119336 0.0008017 0.2665452
-0.0119323 0.9999277 -0.0015010 -0.0140752
-0.0008195 0.0014914 0.9999986 -0.0009451
0.0000000 0.0000000 0.0000000 1.0000000
0.9998205 0.0189374 0.0006167 0.5370592
-0.0189345 0.9998110 -0.0044184 -0.0418722
-0.0007003 0.0044059 0.9999901 -0.0172449
0.0000000 0.0000000 0.0000000 1.0000000
0.9997459 0.0225253 -0.0008101 0.8305421
-0.0225303 0.9997232 -0.0067762 -0.0556607
0.0006572 0.0067927 0.9999767 -0.0250439
0.0000000 0.0000000 0.0000000 1.0000000
0.9997903 0.0202565 -0.0030025 1.1442778
-0.0202835 0.9997512 -0.0092778 -0.0785039
0.0028138 0.0093368 0.9999525 -0.0329122
0.0000000 0.0000000 0.0000000 1.0000000
0.9998941 0.0139303 -0.0042157 1.4467254
-0.0139795 0.9998317 -0.0118777 -0.0891883
0.0040495 0.0119354 0.9999206 -0.0441053
0.0000000 0.0000000 0.0000000 1.0000000
0.9999793 0.0028439 -0.0057699 1.7646614
-0.0029250 0.9998965 -0.0140887 -0.0877560
0.0057292 0.0141053 0.9998841 -0.0430925
0.0000000 0.0000000 0.0000000 1.0000000
0.9999026 -0.0121599 -0.0068507 2.0826529
0.0120600 0.9998230 -0.0144408 -0.0689161
0.0070251 0.0143568 0.9998723 -0.0459920
0.0000000 0.0000000 0.0000000 1.0000000
0.9995915 -0.0277735 -0.0067402 2.4157649
0.0276857 0.9995350 -0.0127812 -0.0344170
0.0070920 0.0125894 0.9998956 -0.0526749
0.0000000 0.0000000 0.0000000 1.0000000
0.9989401 -0.0451629 -0.0088925 2.7767973
0.0450681 0.9989278 -0.0105873 0.0036087
0.0093611 0.0101753 0.9999044 -0.0542540
0.0000000 0.0000000 0.0000000 1.0000000
0.9978295 -0.0650500 -0.0102350 3.1267734
0.0649356 0.9978272 -0.0111433 0.0356444
0.0109377 0.0104545 0.9998855 -0.0665077
0.0000000 0.0000000 0.0000000 1.0000000
0.9963397 -0.0849640 -0.0093979 3.5111037
0.0848343 0.9963044 -0.0134383 0.0763761
0.0105049 0.0125919 0.9998655 -0.0743822
0.0000000 0.0000000 0.0000000 1.0000000
0.9945353 -0.1040299 -0.0087878 3.8963813
0.1038828 0.9944639 -0.0158067 0.1128490
0.0103835 0.0148074 0.9998364 -0.0734287
0.0000000 0.0000000 0.0000000 1.0000000
0.9924828 -0.1220954 -0.0084000 4.2941276
0.1219429 0.9923957 -0.0167517 0.1692553
0.0103814 0.0156015 0.9998244 -0.0787992
0.0000000 0.0000000 0.0000000 1.0000000
0.9903558 -0.1383021 -0.0082384 4.6983850
0.1381601 0.9902831 -0.0158512 0.2385976
0.0103506 0.0145601 0.9998404 -0.0804538
0.0000000 0.0000000 0.0000000 1.0000000
0.9883512 -0.1519505 -0.0085383 5.1206433
0.1518020 0.9882820 -0.0159659 0.3123855
0.0108643 0.0144838 0.9998361 -0.0804783
0.0000000 0.0000000 0.0000000 1.0000000
0.9865370 -0.1632821 -0.0091503 5.5619052
0.1631080 0.9864559 -0.0173344 0.4016588
0.0118568 0.0156085 0.9998079 -0.0665993
0.0000000 0.0000000 0.0000000 1.0000000
0.9849966 -0.1722285 -0.0109066 5.9949722
0.1719720 0.9848733 -0.0212175 0.4775936
0.0143959 0.0190236 0.9997154 -0.0662435
0.0000000 0.0000000 0.0000000 1.0000000
0.9833883 -0.1810095 -0.0135253 6.4601978
0.1807009 0.9833066 -0.0213395 0.5611587
0.0171621 0.0185410 0.9996808 -0.0702129
0.0000000 0.0000000 0.0000000 1.0000000
0.9822756 -0.1867996 -0.0155113 6.9401468
0.1864416 0.9822197 -0.0219996 0.6522538
0.0193451 0.0187177 0.9996376 -0.0724280
0.0000000 0.0000000 0.0000000 1.0000000
0.9807183 -0.1946044 -0.0179065 7.4342098
0.1941866 0.9807018 -0.0227058 0.7550047
0.0219796 0.0187908 0.9995818 -0.0620448
0.0000000 0.0000000 0.0000000 1.0000000
0.9789768 -0.2030924 -0.0189156 7.9292289
0.2025366 0.9788816 -0.0277455 0.8618409
0.0241510 0.0233311 0.9994360 -0.0665912
0.0000000 0.0000000 0.0000000 1.0000000
0.9774992 -0.2100802 -0.0190172 8.4351943
0.2093394 0.9772177 -0.0349664 0.9677327
0.0259297 0.0301986 0.9992075 -0.0729838
0.0000000 0.0000000 0.0000000 1.0000000
0.9755278 -0.2188757 -0.0209507 8.9571061
0.2180483 0.9752771 -0.0359089 1.0874111
0.0282923 0.0304619 0.9991354 -0.0539161
0.0000000 0.0000000 0.0000000 1.0000000
0.9734159 -0.2274610 -0.0268893 9.4749577
0.2265508 0.9734360 -0.0331236 1.2211582
0.0337093 0.0261512 0.9990895 -0.0486003
0.0000000 0.0000000 0.0000000 1.0000000
0.9713925 -0.2354264 -0.0311631 10.0135687
0.2345051 0.9716348 -0.0305478 1.3658896
0.0374709 0.0223660 0.9990474 -0.0344657
0.0000000 0.0000000 0.0000000 1.0000000
0.9694053 -0.2433668 -0.0320304 10.5628973
0.2423245 0.9696262 -0.0332252 1.5009730
0.0391434 0.0244469 0.9989345 -0.0155564
0.0000000 0.0000000 0.0000000 1.0000000
0.9670225 -0.2525172 -0.0332050 11.1388785
0.2512907 0.9672011 -0.0370805 1.6600407
0.0414794 0.0275136 0.9987605 0.0091615
0.0000000 0.0000000 0.0000000 1.0000000
0.9647789 -0.2607299 -0.0349500 11.7235620
0.2594373 0.9650296 -0.0375512 1.8285371
0.0435185 0.0271612 0.9986833 0.0390122
0.0000000 0.0000000 0.0000000 1.0000000
0.9624240 -0.2686981 -0.0392604 12.3170563
0.2673532 0.9629138 -0.0363211 2.0074143
0.0475639 0.0244599 0.9985687 0.0645032
0.0000000 0.0000000 0.0000000 1.0000000
0.9600054 -0.2765166 -0.0439118 12.9319732
0.2750132 0.9607152 -0.0373378 2.1804216
0.0525112 0.0237682 0.9983374 0.0864312
0.0000000 0.0000000 0.0000000 1.0000000
0.9579059 -0.2824763 -0.0512196 13.5464374
0.2806407 0.9589706 -0.0402004 2.3641811
0.0604738 0.0241339 0.9978780 0.1166324
0.0000000 0.0000000 0.0000000 1.0000000
0.9560461 -0.2870716 -0.0597142 14.1547143
0.2848907 0.9576184 -0.0424767 2.5541425
0.0693772 0.0235977 0.9973114 0.1446970
0.0000000 0.0000000 0.0000000 1.0000000
0.9542421 -0.2907111 -0.0700650 14.7894725
0.2881796 0.9565605 -0.0440967 2.7589174
0.0798408 0.0218876 0.9965673 0.1748789
0.0000000 0.0000000 0.0000000 1.0000000
0.9527040 -0.2930541 -0.0804633 15.4300170
0.2903515 0.9559210 -0.0437152 2.9506420
0.0897275 0.0182850 0.9957985 0.2150703
0.0000000 0.0000000 0.0000000 1.0000000
0.9512831 -0.2956895 -0.0873397 16.0726301
0.2930327 0.9551745 -0.0421127 3.1519699
0.0958770 0.0144677 0.9952880 0.2788243
0.0000000 0.0000000 0.0000000 1.0000000
0.9492960 -0.2999316 -0.0942242 16.7255512
0.2972866 0.9538952 -0.0412881 3.3803159
0.1022636 0.0111831 0.9946945 0.3318466
0.0000000 0.0000000 0.0000000 1.0000000
0.9477564 -0.3028131 -0.1003095 17.4089094
0.3003858 0.9530265 -0.0388435 3.6027816
0.1073599 0.0066826 0.9941978 0.3961568
0.0000000 0.0000000 0.0000000 1.0000000
0.9458799 -0.3066207 -0.1062779 18.0744863
0.3043529 0.9518271 -0.0373420 3.8322399
0.1126080 0.0029751 0.9936350 0.4685928
0.0000000 0.0000000 0.0000000 1.0000000
0.9441454 -0.3104619 -0.1104669 18.7534018
0.3083889 0.9505858 -0.0358183 4.0850758
0.1161285 -0.0002491 0.9932342 0.5404953
0.0000000 0.0000000 0.0000000 1.0000000
0.9421165 -0.3158627 -0.1124600 19.4651866
0.3138666 0.9488031 -0.0355025 4.3280034
0.1179163 -0.0018500 0.9930218 0.6131606
0.0000000 0.0000000 0.0000000 1.0000000
0.9401156 -0.3221016 -0.1115037 20.1818072
0.3201124 0.9467029 -0.0358009 4.5734513
0.1170924 -0.0020368 0.9931189 0.6955491
0.0000000 0.0000000 0.0000000 1.0000000
0.9388635 -0.3266289 -0.1088528 20.8990454
0.3246699 0.9451510 -0.0357636 4.8298559
0.1145638 -0.0017641 0.9934143 0.7763560
0.0000000 0.0000000 0.0000000 1.0000000
0.9366950 -0.3330745 -0.1079994 21.6426420
0.3312063 0.9428967 -0.0353291 5.0923632
0.1135995 -0.0026774 0.9935230 0.8592922
0.0000000 0.0000000 0.0000000 1.0000000
0.9347113 -0.3397279 -0.1044022 22.3799979
0.3380120 0.9405181 -0.0342580 5.3509586
0.1098306 -0.0032679 0.9939450 0.9393693
0.0000000 0.0000000 0.0000000 1.0000000
0.9322612 -0.3480441 -0.0987639 23.1548164
0.3465922 0.9374681 -0.0320539 5.6380586
0.1037442 -0.0043482 0.9945945 1.0199766
0.0000000 0.0000000 0.0000000 1.0000000
0.9287646 -0.3585547 -0.0939939 23.9015485
0.3574308 0.9334857 -0.0291151 5.9371070
0.0981813 -0.0065553 0.9951470 1.1051440
0.0000000 0.0000000 0.0000000 1.0000000
0.9258936 -0.3665909 -0.0912808 24.6626691
0.3656937 0.9303443 -0.0269759 6.2546509
0.0948117 -0.0084040 0.9954598 1.1753646
0.0000000 0.0000000 0.0000000 1.0000000
0.9236741 -0.3728712 -0.0882790 25.4180308
0.3720967 0.9278383 -0.0256924 6.5761414
0.0914887 -0.0091169 0.9957644 1.2583457
0.0000000 0.0000000 0.0000000 1.0000000
0.9193401 -0.3833972 -0.0884335 26.1788430
0.3827072 0.9235230 -0.0253080 6.8991802
0.0913733 -0.0105775 0.9957605 1.3383031
0.0000000 0.0000000 0.0000000 1.0000000
0.9164098 -0.3907888 -0.0864709 26.9557250
0.3901511 0.9204152 -0.0248605 7.2363703
0.0893044 -0.0109543 0.9959441 1.4148048
0.0000000 0.0000000 0.0000000 1.0000000
0.9134284 -0.3983507 -0.0834577 27.7413059
0.3978993 0.9171483 -0.0226963 7.5854850
0.0855842 -0.0124763 0.9962528 1.5001289
0.0000000 0.0000000 0.0000000 1.0000000
0.9103818 -0.4057611 -0.0810119 28.5357302
0.4052796 0.9139023 -0.0230447 7.9397609
0.0833877 -0.0118530 0.9964467 1.5790282
0.0000000 0.0000000 0.0000000 1.0000000
0.9075453 -0.4128982 -0.0766588 29.3367581
0.4123707 0.9107173 -0.0233306 8.3022518
0.0794477 -0.0104382 0.9967844 1.6577326
0.0000000 0.0000000 0.0000000 1.0000000
0.9046426 -0.4200194 -0.0721488 30.1501043
0.4196550 0.9074436 -0.0208754 8.6589468
0.0742390 -0.0113928 0.9971754 1.7314814
0.0000000 0.0000000 0.0000000 1.0000000
0.9013551 -0.4278618 -0.0670317 30.9690856
0.4274341 0.9037950 -0.0213250 9.0342096
0.0697071 -0.0094302 0.9975229 1.8040895
0.0000000 0.0000000 0.0000000 1.0000000
0.8979700 -0.4353179 -0.0644062 31.7880012
0.4348934 0.9002322 -0.0212081 9.4290080
0.0672128 -0.0089657 0.9976984 1.8744127
0.0000000 0.0000000 0.0000000 1.0000000
0.8950288 -0.4414332 -0.0637201 32.6226391
0.4408922 0.8972633 -0.0230791 9.8488301
0.0673616 -0.0074372 0.9977009 1.9363425
0.0000000 0.0000000 0.0000000 1.0000000
0.8926282 -0.4465446 -0.0617481 33.4675210
0.4460229 0.8947322 -0.0227582 10.2821637
0.0654105 -0.0072264 0.9978323 1.9926423
0.0000000 0.0000000 0.0000000 1.0000000
0.8902516 -0.4514371 -0.0604703 34.3201234
0.4508401 0.8922832 -0.0239569 10.7133673
0.0647717 -0.0059347 0.9978825 2.0555090
0.0000000 0.0000000 0.0000000 1.0000000
0.8876963 -0.4565926 -0.0593164 35.1987310
0.4559333 0.8896627 -0.0250035 11.1542311
0.0641880 -0.0048488 0.9979260 2.1229101
0.0000000 0.0000000 0.0000000 1.0000000
0.8853337 -0.4612039 -0.0589501 36.0673123
0.4603431 0.8872916 -0.0282453 11.6175388
0.0653328 -0.0021307 0.9978613 2.1850809
0.0000000 0.0000000 0.0000000 1.0000000
0.8839361 -0.4638899 -0.0588479 36.9729642
0.4629352 0.8858924 -0.0297611 12.0890737
0.0659388 -0.0009358 0.9978232 2.2436358
0.0000000 0.0000000 0.0000000 1.0000000
0.8845827 -0.4629687 -0.0563332 37.8835699
0.4621535 0.8863730 -0.0275140 12.5619020
0.0626704 -0.0016962 0.9980328 2.3126147
0.0000000 0.0000000 0.0000000 1.0000000
0.8849228 -0.4625382 -0.0544974 38.8345795
0.4616718 0.8865993 -0.0282992 13.0653163
0.0614068 -0.0001173 0.9981128 2.3788231
0.0000000 0.0000000 0.0000000 1.0000000
0.8850056 -0.4626232 -0.0523919 39.7803971
0.4617024 0.8865534 -0.0292224 13.5586516
0.0599671 0.0016725 0.9981990 2.4482214
0.0000000 0.0000000 0.0000000 1.0000000
0.8844887 -0.4636534 -0.0520116 40.7292399
0.4625388 0.8860044 -0.0324661 14.0455844
0.0611356 0.0046585 0.9981186 2.5196636
0.0000000 0.0000000 0.0000000 1.0000000
0.8838001 -0.4648593 -0.0529454 41.6739189
0.4634187 0.8853420 -0.0375861 14.5502422
0.0643470 0.0086827 0.9978898 2.5845775
0.0000000 0.0000000 0.0000000 1.0000000
0.8835393 -0.4658345 -0.0485441 42.6143377
0.4645717 0.8848292 -0.0353630 15.0502684
0.0594266 0.0086923 0.9981948 2.6564064
0.0000000 0.0000000 0.0000000 1.0000000
0.8819327 -0.4692616 -0.0445884 43.5664363
0.4681064 0.8830104 -0.0341920 15.5629242
0.0554170 0.0092829 0.9984201 2.7171762
0.0000000 0.0000000 0.0000000 1.0000000
0.8802126 -0.4728758 -0.0401781 44.5287395
0.4718219 0.8810695 -0.0331757 16.0720483
0.0510877 0.0102448 0.9986416 2.7729282
0.0000000 0.0000000 0.0000000 1.0000000
0.8774580 -0.4782103 -0.0371794 45.4679901
0.4771581 0.8781632 -0.0339053 16.5635684
0.0488634 0.0120100 0.9987333 2.8423587
0.0000000 0.0000000 0.0000000 1.0000000
0.8728315 -0.4866143 -0.0370358 46.3763815
0.4855330 0.8735307 -0.0346688 17.0741020
0.0492222 0.0122779 0.9987124 2.9011428
0.0000000 0.0000000 0.0000000 1.0000000
0.8687754 -0.4938055 -0.0372213 47.2983903
0.4925875 0.8694562 -0.0374628 17.5751826
0.0508616 0.0142121 0.9986046 2.9625816
0.0000000 0.0000000 0.0000000 1.0000000
0.8626052 -0.5046013 -0.0359134 48.2284104
0.5033717 0.8632239 -0.0382283 18.1137613
0.0502913 0.0148981 0.9986235 3.0226795
0.0000000 0.0000000 0.0000000 1.0000000
0.8572271 -0.5139652 -0.0316440 49.1444036
0.5129525 0.8576991 -0.0350997 18.6810760
0.0451811 0.0138565 0.9988827 3.0709694
0.0000000 0.0000000 0.0000000 1.0000000
0.8523032 -0.5223392 -0.0272208 50.0689872
0.5215771 0.8526549 -0.0306104 19.2340373
0.0391990 0.0118916 0.9991607 3.1265553
0.0000000 0.0000000 0.0000000 1.0000000
0.8487449 -0.5279819 -0.0294486 50.9714544
0.5272583 0.8492058 -0.0291237 19.8118151
0.0403848 0.0091916 0.9991419 3.1664495
0.0000000 0.0000000 0.0000000 1.0000000
0.8442457 -0.5349632 -0.0326130 51.8693139
0.5341272 0.8448283 -0.0311972 20.3722911
0.0442418 0.0089186 0.9989810 3.2131555
0.0000000 0.0000000 0.0000000 1.0000000
0.8417717 -0.5385718 -0.0368892 52.7409202
0.5377000 0.8425543 -0.0313205 20.9422699
0.0479495 0.0065294 0.9988284 3.2654145
0.0000000 0.0000000 0.0000000 1.0000000
0.8393423 -0.5422724 -0.0380141 53.6280066
0.5413332 0.8401752 -0.0326203 21.5244207
0.0496276 0.0068013 0.9987446 3.3226355
0.0000000 0.0000000 0.0000000 1.0000000
0.8358262 -0.5480614 -0.0319888 54.5086853
0.5472189 0.8363900 -0.0316748 22.1217095
0.0441149 0.0089698 0.9989862 3.3826041
0.0000000 0.0000000 0.0000000 1.0000000
0.8329638 -0.5526843 -0.0266704 55.3974854
0.5519795 0.8333312 -0.0296272 22.7104145
0.0385997 0.0099569 0.9992051 3.4324647
0.0000000 0.0000000 0.0000000 1.0000000
0.8288426 -0.5589407 -0.0246034 56.2885641
0.5583602 0.8291639 -0.0268549 23.3104402
0.0354106 0.0085209 0.9993365 3.4817004
0.0000000 0.0000000 0.0000000 1.0000000
0.8265554 -0.5622313 -0.0264992 57.1772933
0.5616451 0.8269492 -0.0266419 23.9237683
0.0368924 0.0071378 0.9992938 3.5289526
0.0000000 0.0000000 0.0000000 1.0000000
0.8230086 -0.5674113 -0.0264797 58.0512471
0.5667703 0.8233938 -0.0281803 24.5227744
0.0377930 0.0081847 0.9992521 3.5765959
0.0000000 0.0000000 0.0000000 1.0000000
0.8190018 -0.5731123 -0.0278996 58.9303213
0.5723736 0.8194278 -0.0304378 25.1454869
0.0403060 0.0089596 0.9991472 3.6211441
0.0000000 0.0000000 0.0000000 1.0000000
0.8158774 -0.5776281 -0.0262635 59.8005374
0.5768030 0.8162146 -0.0330482 25.7662190
0.0405262 0.0118144 0.9991086 3.6660741
0.0000000 0.0000000 0.0000000 1.0000000
0.8113625 -0.5839733 -0.0258086 60.6963658
0.5831370 0.8116819 -0.0335221 26.3881438
0.0405244 0.0121486 0.9991047 3.7076711
0.0000000 0.0000000 0.0000000 1.0000000
0.8070215 -0.5900319 -0.0240533 61.5694527
0.5892414 0.8072842 -0.0329662 27.0283882
0.0388689 0.0124312 0.9991670 3.7637022
0.0000000 0.0000000 0.0000000 1.0000000
0.8018229 -0.5970945 -0.0236258 62.4255376
0.5962916 0.8020694 -0.0334811 27.6614728
0.0389409 0.0127580 0.9991601 3.8146340
0.0000000 0.0000000 0.0000000 1.0000000
0.7969848 -0.6035139 -0.0242110 63.3070621
0.6026373 0.7972389 -0.0351910 28.3150214
0.0405402 0.0134563 0.9990873 3.8598981
0.0000000 0.0000000 0.0000000 1.0000000
0.7930039 -0.6087094 -0.0248526 64.1833881
0.6077496 0.7932651 -0.0370256 28.9848517
0.0422525 0.0142573 0.9990052 3.9022151
0.0000000 0.0000000 0.0000000 1.0000000
0.7876016 -0.6156619 -0.0253773 65.0468931
0.6146668 0.7878839 -0.0377327 29.6360646
0.0432249 0.0141198 0.9989656 3.9482471
0.0000000 0.0000000 0.0000000 1.0000000
0.7830660 -0.6213717 -0.0265502 65.9225295
0.6202910 0.7833848 -0.0393367 30.3156837
0.0452417 0.0143343 0.9988732 4.0020584
0.0000000 0.0000000 0.0000000 1.0000000
0.7775373 -0.6283202 -0.0254834 66.7929158
0.6272439 0.7778133 -0.0396438 31.0014781
0.0447303 0.0148402 0.9988889 4.0609437
0.0000000 0.0000000 0.0000000 1.0000000
0.7720157 -0.6351711 -0.0234370 67.6466503
0.6340897 0.7721967 -0.0405286 31.6772778
0.0438405 0.0164276 0.9989035 4.1309920
0.0000000 0.0000000 0.0000000 1.0000000
0.7660921 -0.6423392 -0.0224298 68.4883857
0.6412084 0.7662125 -0.0420744 32.3633262
0.0442121 0.0178507 0.9988627 4.1915888
0.0000000 0.0000000 0.0000000 1.0000000
0.7608011 -0.6486165 -0.0218707 69.3431179
0.6473719 0.7608535 -0.0448516 33.0757285
0.0457319 0.0199647 0.9987542 4.2419246
0.0000000 0.0000000 0.0000000 1.0000000
0.7546248 -0.6558181 -0.0210739 70.1741309
0.6544017 0.7545656 -0.0488794 33.8026912
0.0479576 0.0230948 0.9985823 4.2942651
0.0000000 0.0000000 0.0000000 1.0000000
0.7488431 -0.6624200 -0.0208239 71.0141489
0.6609989 0.7487796 -0.0490870 34.5609091
0.0481087 0.0229939 0.9985774 4.3488478
0.0000000 0.0000000 0.0000000 1.0000000
0.7435191 -0.6684049 -0.0203517 71.8545879
0.6669555 0.7434257 -0.0498867 35.3064510
0.0484745 0.0235180 0.9985475 4.4037776
0.0000000 0.0000000 0.0000000 1.0000000
0.7384273 -0.6740151 -0.0207087 72.7005176
0.6725584 0.7383630 -0.0498526 36.0770319
0.0488920 0.0228847 0.9985419 4.4634292
0.0000000 0.0000000 0.0000000 1.0000000
0.7341249 -0.6787247 -0.0198310 73.5367574
0.6772420 0.7340051 -0.0507917 36.8580585
0.0490296 0.0238570 0.9985124 4.5254639
0.0000000 0.0000000 0.0000000 1.0000000
0.7280838 -0.6851778 -0.0206243 74.3734103
0.6835882 0.7279757 -0.0525221 37.6222014
0.0510010 0.0241420 0.9984068 4.5866648
0.0000000 0.0000000 0.0000000 1.0000000
0.7236900 -0.6897433 -0.0229569 75.2065658
0.6879161 0.7236336 -0.0559092 38.4084599
0.0551753 0.0246685 0.9981719 4.6484971
0.0000000 0.0000000 0.0000000 1.0000000
0.7195334 -0.6940952 -0.0224379 76.0158376
0.6922177 0.7194310 -0.0570423 39.2179839
0.0557353 0.0255119 0.9981196 4.7265515
0.0000000 0.0000000 0.0000000 1.0000000
0.7159782 -0.6978161 -0.0206858 76.8423420
0.6960506 0.7158209 -0.0558039 40.0268160
0.0537481 0.0255560 0.9982274 4.7853575
0.0000000 0.0000000 0.0000000 1.0000000
0.7111739 -0.7027630 -0.0188647 77.6990466
0.7009953 0.7109073 -0.0567136 40.8366584
0.0532673 0.0271092 0.9982122 4.8491150
0.0000000 0.0000000 0.0000000 1.0000000
0.7068470 -0.7071042 -0.0192594 78.5195090
0.7052453 0.7065730 -0.0581703 41.6506067
0.0547407 0.0275349 0.9981209 4.9179541
0.0000000 0.0000000 0.0000000 1.0000000
0.7030334 -0.7108989 -0.0191498 79.3447948
0.7088893 0.7026862 -0.0608940 42.4835601
0.0567458 0.0292354 0.9979605 4.9823982
0.0000000 0.0000000 0.0000000 1.0000000
0.6983297 -0.7155635 -0.0174503 80.1681998
0.7135705 0.6978832 -0.0614510 43.3166325
0.0561504 0.0304610 0.9979575 5.0543018
0.0000000 0.0000000 0.0000000 1.0000000
0.6946555 -0.7191723 -0.0156520 80.9838760
0.7172076 0.6941049 -0.0619006 44.1791904
0.0553813 0.0317739 0.9979596 5.1333463
0.0000000 0.0000000 0.0000000 1.0000000
0.6898695 -0.7237906 -0.0143939 81.7956135
0.7217389 0.6891890 -0.0641211 45.0263122
0.0563303 0.0338466 0.9978383 5.1997963
0.0000000 0.0000000 0.0000000 1.0000000
0.6843413 -0.7290255 -0.0141015 82.6271843
0.7266706 0.6834728 -0.0693888 45.8990850
0.0602242 0.0372385 0.9974900 5.2718959
0.0000000 0.0000000 0.0000000 1.0000000
0.6794882 -0.7336203 -0.0098500 83.4495429
0.7310690 0.6781361 -0.0752964 46.7609112
0.0619186 0.0439620 0.9971126 5.3442427
0.0000000 0.0000000 0.0000000 1.0000000
0.6716055 -0.7408813 -0.0063956 84.2526189
0.7381417 0.6698176 -0.0805680 47.6370908
0.0639752 0.0493891 0.9967286 5.4076516
0.0000000 0.0000000 0.0000000 1.0000000
0.6631400 -0.7484928 -0.0019811 85.0434170
0.7457145 0.6609018 -0.0843722 48.5071030
0.0644613 0.0544733 0.9964323 5.4879361
0.0000000 0.0000000 0.0000000 1.0000000
0.6551966 -0.7554551 0.0022399 85.8382984
0.7528651 0.6526990 -0.0847243 49.4146538
0.0625435 0.0571974 0.9964019 5.5732079
0.0000000 0.0000000 0.0000000 1.0000000
0.6478067 -0.7617958 0.0036791 86.6389558
0.7593284 0.6453044 -0.0836819 50.3388778
0.0613744 0.0570034 0.9964857 5.6459919
0.0000000 0.0000000 0.0000000 1.0000000
0.6376359 -0.7703304 0.0033757 87.4286390
0.7678118 0.6351843 -0.0837013 51.2684419
0.0623334 0.0559628 0.9964852 5.7308863
0.0000000 0.0000000 0.0000000 1.0000000
0.6288008 -0.7775590 0.0033876 88.1804416
0.7748426 0.6262278 -0.0863584 52.2001645
0.0650273 0.0569271 0.9962584 5.8078528
0.0000000 0.0000000 0.0000000 1.0000000
0.6190976 -0.7853054 0.0036721 88.9468372
0.7823309 0.6163320 -0.0899626 53.1737084
0.0683849 0.0585684 0.9959384 5.8922053
0.0000000 0.0000000 0.0000000 1.0000000
0.6090996 -0.7930785 0.0049161 89.7048426
0.7898927 0.6060732 -0.0935145 54.1618449
0.0711848 0.0608429 0.9956058 5.9683324
0.0000000 0.0000000 0.0000000 1.0000000
0.6011533 -0.7990891 0.0084385 90.4305815
0.7960535 0.5978766 -0.0940340 55.1425161
0.0700964 0.0632463 0.9955332 6.0634913
0.0000000 0.0000000 0.0000000 1.0000000
0.5912906 -0.8063856 0.0108448 91.1734797
0.8035262 0.5879417 -0.0931140 56.1112980
0.0687097 0.0637715 0.9955964 6.1480995
0.0000000 0.0000000 0.0000000 1.0000000
0.5830142 -0.8123763 0.0117980 91.8983618
0.8095510 0.5796359 -0.0930021 57.0963364
0.0687141 0.0637727 0.9955960 6.2428453
0.0000000 0.0000000 0.0000000 1.0000000
0.5701390 -0.8214543 0.0124223 92.6025349
0.8185311 0.5666855 -0.0942046 58.1230954
0.0703452 0.0638778 0.9954754 6.3326884
0.0000000 0.0000000 0.0000000 1.0000000
0.5587655 -0.8292248 0.0129387 93.2971083
0.8263207 0.5553461 -0.0937274 59.1716393
0.0705356 0.0630631 0.9955138 6.4270487
0.0000000 0.0000000 0.0000000 1.0000000
0.5492443 -0.8355683 0.0125039 93.9752770
0.8325060 0.5458096 -0.0950034 60.2088911
0.0725571 0.0625897 0.9953984 6.5069043
0.0000000 0.0000000 0.0000000 1.0000000
0.5376642 -0.8430534 0.0133426 94.6520134
0.8400364 0.5342451 -0.0944515 61.2738164
0.0724994 0.0619915 0.9954401 6.6131242
0.0000000 0.0000000 0.0000000 1.0000000
0.5302587 -0.8477214 0.0139313 95.3268170
0.8448731 0.5269618 -0.0922001 62.3337864
0.0708188 0.0606601 0.9956430 6.7097573
0.0000000 0.0000000 0.0000000 1.0000000
0.5227367 -0.8523221 0.0171271 95.9849295
0.8497158 0.5193071 -0.0911224 63.4196210
0.0687714 0.0621862 0.9956924 6.8111555
0.0000000 0.0000000 0.0000000 1.0000000
0.5157503 -0.8565588 0.0175677 96.6407954
0.8539537 0.5123134 -0.0910939 64.5002410
0.0690271 0.0619838 0.9956873 6.9063236
0.0000000 0.0000000 0.0000000 1.0000000
0.5075905 -0.8613737 0.0196769 97.2889199
0.8587060 0.5038847 -0.0934039 65.5553875
0.0705408 0.0643076 0.9954338 7.0138524
0.0000000 0.0000000 0.0000000 1.0000000
0.5010538 -0.8651540 0.0212978 97.9234370
0.8623797 0.4970848 -0.0959587 66.6202310
0.0724322 0.0664473 0.9951574 7.1161952
0.0000000 0.0000000 0.0000000 1.0000000
0.4942809 -0.8690486 0.0209985 98.5739774
0.8659517 0.4901132 -0.0995832 67.7056790
0.0762510 0.0674058 0.9948076 7.2141214
0.0000000 0.0000000 0.0000000 1.0000000
0.4880018 -0.8725656 0.0219862 99.2034166
0.8693169 0.4836146 -0.1020053 68.7905076
0.0783735 0.0688918 0.9945409 7.3153135
0.0000000 0.0000000 0.0000000 1.0000000
0.4832826 -0.8751487 0.0235089 99.8216361
0.8721194 0.4789173 -0.1002297 69.9097507
0.0764571 0.0689418 0.9946866 7.4160687
0.0000000 0.0000000 0.0000000 1.0000000
0.4800585 -0.8768482 0.0260952 100.4381863
0.8741561 0.4756704 -0.0979222 71.0105370
0.0734502 0.0698197 0.9948519 7.5122768
0.0000000 0.0000000 0.0000000 1.0000000
0.4791046 -0.8772927 0.0285701 101.0461138
0.8749023 0.4746697 -0.0960974 72.1180057
0.0707443 0.0710367 0.9949618 7.6246339
0.0000000 0.0000000 0.0000000 1.0000000
0.4756763 -0.8790925 0.0304697 101.6412037
0.8768521 0.4711486 -0.0956529 73.2152826
0.0697320 0.0722172 0.9949483 7.7305734
0.0000000 0.0000000 0.0000000 1.0000000
0.4719896 -0.8809995 0.0326439 102.2243598
0.8788796 0.4672994 -0.0959270 74.3078998
0.0692572 0.0739666 0.9948529 7.8257888
0.0000000 0.0000000 0.0000000 1.0000000
0.4710634 -0.8813901 0.0353650 102.8166801
0.8794150 0.4661269 -0.0967214 75.4201482
0.0687647 0.0766625 0.9946830 7.9117922
0.0000000 0.0000000 0.0000000 1.0000000
0.4687429 -0.8825327 0.0376303 103.4086640
0.8808592 0.4638179 -0.0946573 76.5092305
0.0660846 0.0775169 0.9947985 8.0022856
0.0000000 0.0000000 0.0000000 1.0000000
0.4670223 -0.8833338 0.0401437 103.9775019
0.8818618 0.4619517 -0.0944478 77.5914482
0.0648845 0.0795104 0.9947201 8.0878635
0.0000000 0.0000000 0.0000000 1.0000000
0.4655209 -0.8840318 0.0421662 104.5553001
0.8826703 0.4602670 -0.0951179 78.6639591
0.0646795 0.0814983 0.9945726 8.1642600
0.0000000 0.0000000 0.0000000 1.0000000
0.4615521 -0.8859276 0.0458463 105.1201496
0.8850047 0.4562787 -0.0926096 79.7467831
0.0611267 0.0833184 0.9946465 8.2515574
0.0000000 0.0000000 0.0000000 1.0000000
0.4573434 -0.8880206 0.0475004 105.6829320
0.8873767 0.4522059 -0.0898466 80.8025585
0.0583057 0.0832416 0.9948222 8.3410307
0.0000000 0.0000000 0.0000000 1.0000000
0.4551477 -0.8890791 0.0487727 106.2287293
0.8885668 0.4499923 -0.0891963 81.8536526
0.0573553 0.0839353 0.9948192 8.4199896
0.0000000 0.0000000 0.0000000 1.0000000
0.4541616 -0.8894998 0.0502719 106.7563126
0.8889827 0.4487339 -0.0913657 82.9197360
0.0587110 0.0861857 0.9945477 8.4861584
0.0000000 0.0000000 0.0000000 1.0000000
0.4524213 -0.8903197 0.0514364 107.2738744
0.8897753 0.4467520 -0.0933420 83.9462939
0.0601249 0.0879968 0.9943046 8.5630169
0.0000000 0.0000000 0.0000000 1.0000000
0.4532906 -0.8899630 0.0499336 107.7840039
0.8894058 0.4478751 -0.0914616 84.9659061
0.0590335 0.0858699 0.9945559 8.6583196
0.0000000 0.0000000 0.0000000 1.0000000
0.4568650 -0.8881793 0.0491106 108.2875085
0.8874647 0.4513405 -0.0932641 85.9801181
0.0606696 0.0861930 0.9944295 8.7519568
0.0000000 0.0000000 0.0000000 1.0000000
0.4603189 -0.8865530 0.0461543 108.7994099
0.8856821 0.4550740 -0.0920598 86.9618034
0.0606122 0.0832549 0.9946833 8.8374710
0.0000000 0.0000000 0.0000000 1.0000000
0.4666191 -0.8833588 0.0440880 109.3163286
0.8823100 0.4614347 -0.0927743 87.9506574
0.0616092 0.0821895 0.9947106 8.9119854
0.0000000 0.0000000 0.0000000 1.0000000
0.4711843 -0.8809593 0.0435443 109.8285250
0.8798665 0.4659932 -0.0931955 88.9354449
0.0618101 0.0822254 0.9946952 8.9790896
0.0000000 0.0000000 0.0000000 1.0000000
0.4778132 -0.8774540 0.0420595 110.3441156
0.8763294 0.4727731 -0.0923712 89.9160898
0.0611669 0.0809941 0.9948360 9.0662561
0.0000000 0.0000000 0.0000000 1.0000000
0.4864816 -0.8727778 0.0399304 110.8711250
0.8715570 0.4815941 -0.0919542 90.8739282
0.0610253 0.0795356 0.9949623 9.1380265
0.0000000 0.0000000 0.0000000 1.0000000
0.4975338 -0.8665200 0.0400386 111.4235833
0.8653154 0.4925515 -0.0928563 91.8473349
0.0607408 0.0808452 0.9948742 9.2168291
0.0000000 0.0000000 0.0000000 1.0000000
0.5078373 -0.8605381 0.0396917 111.9579826
0.8594024 0.5029131 -0.0922285 92.7800412
0.0594046 0.0809482 0.9949465 9.2806373
0.0000000 0.0000000 0.0000000 1.0000000
0.5183571 -0.8543301 0.0377607 112.5394967
0.8531118 0.5135511 -0.0920085 93.7416284
0.0592136 0.0799074 0.9950420 9.3449352
0.0000000 0.0000000 0.0000000 1.0000000
0.5284698 -0.8482505 0.0345064 113.1214523
0.8468524 0.5238701 -0.0916585 94.6687137
0.0596725 0.0776606 0.9951925 9.4166276
0.0000000 0.0000000 0.0000000 1.0000000
0.5392807 -0.8415299 0.0316813 113.7021605
0.8399538 0.5348084 -0.0919652 95.5917012
0.0604480 0.0762059 0.9952581 9.4952044
0.0000000 0.0000000 0.0000000 1.0000000
0.5510188 -0.8339561 0.0299233 114.2924112
0.8325071 0.5468820 -0.0886117 96.5021175
0.0575338 0.0737380 0.9956167 9.5622402
0.0000000 0.0000000 0.0000000 1.0000000
0.5644793 -0.8249157 0.0296160 114.8783644
0.8236361 0.5605027 -0.0863737 97.3936650
0.0546512 0.0731490 0.9958225 9.6370579
0.0000000 0.0000000 0.0000000 1.0000000
0.5755293 -0.8172990 0.0280764 115.5035558
0.8161559 0.5718835 -0.0826973 98.2644792
0.0515320 0.0705094 0.9961791 9.6968496
0.0000000 0.0000000 0.0000000 1.0000000
0.5878299 -0.8085388 0.0268492 116.1172611
0.8073980 0.5842763 -0.0820342 99.1240225
0.0506405 0.0699002 0.9962678 9.7642578
0.0000000 0.0000000 0.0000000 1.0000000
0.5968839 -0.8018806 0.0267780 116.7418532
0.8006975 0.5932127 -0.0835602 99.9685847
0.0511203 0.0713168 0.9961429 9.8224755
0.0000000 0.0000000 0.0000000 1.0000000
0.6088120 -0.7928926 0.0258691 117.3737999
0.7916629 0.6051182 -0.0842724 100.8213090
0.0511651 0.0717857 0.9961069 9.8807768
0.0000000 0.0000000 0.0000000 1.0000000
0.6191778 -0.7848462 0.0252024 118.0265072
0.7835179 0.6153620 -0.0861935 101.6615546
0.0521400 0.0731157 0.9959596 9.9400710
0.0000000 0.0000000 0.0000000 1.0000000
0.6285107 -0.7773887 0.0253173 118.7032570
0.7760852 0.6246312 -0.0867625 102.4756745
0.0516342 0.0741795 0.9959073 9.9977526
0.0000000 0.0000000 0.0000000 1.0000000
0.6387882 -0.7689503 0.0257880 119.3526411
0.7678012 0.6349690 -0.0854150 103.2810370
0.0493053 0.0743622 0.9960117 10.0568359
0.0000000 0.0000000 0.0000000 1.0000000
0.6510249 -0.7585185 0.0285695 120.0104047
0.7576814 0.6471207 -0.0845801 104.0637070
0.0456676 0.0767104 0.9960070 10.1108137
0.0000000 0.0000000 0.0000000 1.0000000
0.6605490 -0.7502487 0.0283174 120.6660959
0.7495132 0.6567701 -0.0829640 104.8354749
0.0436456 0.0760261 0.9961501 10.1619663
0.0000000 0.0000000 0.0000000 1.0000000
0.6688097 -0.7429912 0.0256415 121.3293248
0.7421137 0.6651708 -0.0825534 105.5659010
0.0442804 0.0742414 0.9962567 10.2081869
0.0000000 0.0000000 0.0000000 1.0000000
0.6772155 -0.7354110 0.0234470 121.9846581
0.7343496 0.6735619 -0.0839351 106.3099090
0.0459338 0.0740605 0.9961953 10.2522815
0.0000000 0.0000000 0.0000000 1.0000000
0.6860582 -0.7271940 0.0226505 122.6599329
0.7262200 0.6825959 -0.0816542 107.0359837
0.0439173 0.0724688 0.9964033 10.3062265
0.0000000 0.0000000 0.0000000 1.0000000
0.6933407 -0.7201767 0.0249824 123.3325472
0.7195188 0.6899676 -0.0789778 107.7291849
0.0396409 0.0727338 0.9965633 10.3587128
0.0000000 0.0000000 0.0000000 1.0000000
0.7007589 -0.7128991 0.0266815 124.0053641
0.7124174 0.6973452 -0.0785572 108.4135446
0.0373971 0.0740580 0.9965525 10.3946811
0.0000000 0.0000000 0.0000000 1.0000000
0.7090150 -0.7047026 0.0263037 124.6775281
0.7042314 0.7056075 -0.0785893 109.1044575
0.0368220 0.0742449 0.9965600 10.4437005
0.0000000 0.0000000 0.0000000 1.0000000
0.7169853 -0.6965954 0.0262081 125.3376543
0.6961821 0.7136307 -0.0778566 109.7793593
0.0355317 0.0740677 0.9966200 10.4772538
0.0000000 0.0000000 0.0000000 1.0000000
0.7234649 -0.6898210 0.0273037 126.0289975
0.6896139 0.7202768 -0.0750597 110.4297781
0.0321115 0.0731321 0.9968052 10.5145951
0.0000000 0.0000000 0.0000000 1.0000000
0.7318819 -0.6808419 0.0283376 126.7215472
0.6808529 0.7289147 -0.0715727 111.0528728
0.0280740 0.0716765 0.9970328 10.5389177
0.0000000 0.0000000 0.0000000 1.0000000
0.7380980 -0.6739853 0.0309058 127.3958292
0.6742728 0.7352460 -0.0690612 111.7095884
0.0238228 0.0718129 0.9971336 10.5704472
0.0000000 0.0000000 0.0000000 1.0000000
0.7452132 -0.6660839 0.0314563 128.0708909
0.6665027 0.7425530 -0.0662517 112.3171098
0.0207712 0.0703374 0.9973070 10.5948172
0.0000000 0.0000000 0.0000000 1.0000000
0.7520291 -0.6583471 0.0321143 128.7455210
0.6588638 0.7494482 -0.0650072 112.9258987
0.0187293 0.0700463 0.9973679 10.6192081
0.0000000 0.0000000 0.0000000 1.0000000
0.7611298 -0.6478357 0.0314696 129.4184046
0.6483950 0.7587747 -0.0620079 113.5223011
0.0162926 0.0676007 0.9975794 10.6287709
0.0000000 0.0000000 0.0000000 1.0000000
0.7679023 -0.6396862 0.0335791 130.0897790
0.6404354 0.7656264 -0.0604878 114.1345019
0.0129842 0.0679540 0.9976040 10.6471367
0.0000000 0.0000000 0.0000000 1.0000000
0.7757705 -0.6300672 0.0345743 130.8123339
0.6309457 0.7737064 -0.0573236 114.6316105
0.0093674 0.0662845 0.9977568 10.6598802
0.0000000 0.0000000 0.0000000 1.0000000
0.7857707 -0.6175249 0.0350332 131.5121043
0.6184791 0.7838257 -0.0556861 115.1719094
0.0069276 0.0654238 0.9978335 10.6637813
0.0000000 0.0000000 0.0000000 1.0000000
0.7953989 -0.6051427 0.0338053 132.1887656
0.6060475 0.7934791 -0.0556537 115.6964495
0.0068547 0.0647545 0.9978777 10.6698818
0.0000000 0.0000000 0.0000000 1.0000000
0.8053793 -0.5918485 0.0328563 132.8754988
0.5927268 0.8035110 -0.0551819 116.1930449
0.0062590 0.0639172 0.9979356 10.6673848
0.0000000 0.0000000 0.0000000 1.0000000
0.8147750 -0.5787899 0.0338209 133.5644663
0.5797615 0.8129342 -0.0549054 116.6937347
0.0042845 0.0643436 0.9979186 10.6571271
0.0000000 0.0000000 0.0000000 1.0000000
0.8233143 -0.5665744 0.0338661 134.2757900
0.5675802 0.8215771 -0.0535136 117.1753919
0.0024958 0.0632803 0.9979927 10.6501446
0.0000000 0.0000000 0.0000000 1.0000000
0.8329379 -0.5522560 0.0350386 135.0058449
0.5533664 0.8312271 -0.0533595 117.6391112
0.0003431 0.0638343 0.9979605 10.6437433
0.0000000 0.0000000 0.0000000 1.0000000
0.8413411 -0.5392984 0.0360885 135.7106352
0.5405001 0.8397271 -0.0521350 118.0943965
-0.0021882 0.0633692 0.9979878 10.6390056
0.0000000 0.0000000 0.0000000 1.0000000
0.8492105 -0.5267407 0.0372259 136.4243692
0.5280349 0.8476745 -0.0512561 118.5400332
-0.0045568 0.0631838 0.9979915 10.6440849
0.0000000 0.0000000 0.0000000 1.0000000
0.8566045 -0.5143954 0.0403247 137.1491230
0.5159033 0.8551582 -0.0504805 118.9641048
-0.0085170 0.0640455 0.9979106 10.6343873
0.0000000 0.0000000 0.0000000 1.0000000
0.8629620 -0.5035587 0.0415346 137.8607535
0.5051809 0.8614248 -0.0523405 119.4157203
-0.0094225 0.0661503 0.9977652 10.6385802
0.0000000 0.0000000 0.0000000 1.0000000
0.8690120 -0.4928403 0.0438912 138.5788884
0.4946329 0.8675517 -0.0518880 119.8447810
-0.0125054 0.0668013 0.9976879 10.6134509
0.0000000 0.0000000 0.0000000 1.0000000
0.8755544 -0.4811216 0.0438913 139.3134481
0.4829214 0.8741779 -0.0509902 120.2557635
-0.0138363 0.0658407 0.9977342 10.6064002
0.0000000 0.0000000 0.0000000 1.0000000
0.8818016 -0.4694191 0.0455159 140.0617180
0.4713161 0.8805861 -0.0492879 120.6812170
-0.0169440 0.0649145 0.9977470 10.5763777
0.0000000 0.0000000 0.0000000 1.0000000
0.8881128 -0.4573275 0.0459053 140.8173778
0.4592334 0.8870434 -0.0475255 121.0636607
-0.0189853 0.0632892 0.9978146 10.5477300
0.0000000 0.0000000 0.0000000 1.0000000
0.8936332 -0.4463889 0.0464387 141.5751587
0.4483524 0.8925637 -0.0480649 121.4535369
-0.0199939 0.0637733 0.9977641 10.5321308
0.0000000 0.0000000 0.0000000 1.0000000
0.8987640 -0.4360608 0.0455434 142.3564831
0.4380099 0.8976007 -0.0496013 121.8244589
-0.0192506 0.0645283 0.9977302 10.5154953
0.0000000 0.0000000 0.0000000 1.0000000
0.9023416 -0.4286395 0.0452513 143.1424598
0.4305903 0.9011524 -0.0501632 122.2166914
-0.0192764 0.0647491 0.9977154 10.4882325
0.0000000 0.0000000 0.0000000 1.0000000
0.9055594 -0.4217508 0.0456990 143.9473629
0.4237373 0.9044014 -0.0500494 122.5968348
-0.0202219 0.0646870 0.9977007 10.4806451
0.0000000 0.0000000 0.0000000 1.0000000
0.9076764 -0.4167499 0.0494269 144.7421611
0.4189538 0.9067008 -0.0486974 122.9745867
-0.0245208 0.0649090 0.9975899 10.4542968
0.0000000 0.0000000 0.0000000 1.0000000
0.9105605 -0.4100896 0.0520203 145.5625776
0.4123651 0.9099080 -0.0449725 123.3360736
-0.0288910 0.0624015 0.9976329 10.4122380
0.0000000 0.0000000 0.0000000 1.0000000
0.9133492 -0.4034826 0.0547265 146.3972048
0.4058512 0.9129526 -0.0424538 123.7064382
-0.0328334 0.0609860 0.9975985 10.3416712
0.0000000 0.0000000 0.0000000 1.0000000
0.9162626 -0.3965604 0.0565933 147.2254443
0.3989427 0.9161226 -0.0395505 124.0845274
-0.0361622 0.0588161 0.9976136 10.2826855
0.0000000 0.0000000 0.0000000 1.0000000
0.9193118 -0.3892634 0.0577909 148.0825913
0.3916648 0.9193157 -0.0381748 124.4471190
-0.0382680 0.0577292 0.9975986 10.2175483
0.0000000 0.0000000 0.0000000 1.0000000
0.9221648 -0.3820468 0.0604347 148.9466472
0.3845735 0.9223326 -0.0374941 124.8097025
-0.0414164 0.0578173 0.9974677 10.1592374
0.0000000 0.0000000 0.0000000 1.0000000
0.9249353 -0.3748745 0.0629581 149.8342663
0.3775847 0.9251803 -0.0383566 125.1691620
-0.0438686 0.0592494 0.9972788 10.1001004
0.0000000 0.0000000 0.0000000 1.0000000
0.9285136 -0.3657596 0.0638934 150.7150513
0.3685857 0.9287434 -0.0397537 125.5231079
-0.0448002 0.0604620 0.9971646 10.0197565
0.0000000 0.0000000 0.0000000 1.0000000
0.9320210 -0.3566703 0.0642123 151.6305377
0.3595566 0.9322351 -0.0407028 125.8676857
-0.0453434 0.0610238 0.9971058 9.9630394
0.0000000 0.0000000 0.0000000 1.0000000
0.9354907 -0.3474326 0.0644033 152.5442506
0.3504626 0.9355594 -0.0436407 126.2102035
-0.0450909 0.0633964 0.9969693 9.9227529
0.0000000 0.0000000 0.0000000 1.0000000
0.9393730 -0.3370059 0.0632882 153.4784076
0.3400719 0.9392713 -0.0460492 126.5629659
-0.0439259 0.0647799 0.9969323 9.8654577
0.0000000 0.0000000 0.0000000 1.0000000
0.9435674 -0.3253954 0.0616306 154.4350190
0.3284086 0.9433523 -0.0472671 126.8868806
-0.0427589 0.0648397 0.9969792 9.8179690
0.0000000 0.0000000 0.0000000 1.0000000
0.9482799 -0.3117481 0.0598194 155.4132576
0.3145726 0.9481430 -0.0454869 127.2119709
-0.0425369 0.0619518 0.9971723 9.7817211
0.0000000 0.0000000 0.0000000 1.0000000
0.9534099 -0.2957006 0.0597556 156.4059177
0.2983964 0.9534903 -0.0426126 127.5440757
-0.0443758 0.0584582 0.9973031 9.7496404
0.0000000 0.0000000 0.0000000 1.0000000
0.9590419 -0.2764642 0.0616943 157.4271762
0.2790727 0.9594976 -0.0385074 127.8403526
-0.0485496 0.0541474 0.9973520 9.7167572
0.0000000 0.0000000 0.0000000 1.0000000
0.9645572 -0.2562657 0.0629064 158.4555870
0.2588400 0.9652200 -0.0367727 128.1268872
-0.0512949 0.0517520 0.9973417 9.6516130
0.0000000 0.0000000 0.0000000 1.0000000
0.9698411 -0.2353697 0.0633190 159.5116947
0.2378857 0.9706420 -0.0355604 128.3847119
-0.0530902 0.0495506 0.9973596 9.6083617
0.0000000 0.0000000 0.0000000 1.0000000
0.9747079 -0.2140598 0.0642097 160.5579863
0.2165687 0.9756407 -0.0349753 128.6176129
-0.0551588 0.0479965 0.9973233 9.5387874
0.0000000 0.0000000 0.0000000 1.0000000
0.9789843 -0.1925694 0.0671320 161.6474749
0.1951282 0.9801936 -0.0338461 128.8326880
-0.0592847 0.0462342 0.9971699 9.4995688
0.0000000 0.0000000 0.0000000 1.0000000
0.9827633 -0.1709516 0.0703701 162.7529206
0.1734909 0.9843262 -0.0316663 129.0354164
-0.0638537 0.0433291 0.9970182 9.4382697
0.0000000 0.0000000 0.0000000 1.0000000
0.9858948 -0.1496866 0.0748689 163.8517217
0.1522440 0.9878974 -0.0296722 129.1998688
-0.0695212 0.0406520 0.9967518 9.3843255
0.0000000 0.0000000 0.0000000 1.0000000
0.9886886 -0.1284812 0.0773781 164.9767786
0.1309111 0.9910216 -0.0271735 129.3532079
-0.0731921 0.0369958 0.9966314 9.3185163
0.0000000 0.0000000 0.0000000 1.0000000
0.9913389 -0.1060281 0.0774930 166.1171231
0.1082884 0.9937909 -0.0255604 129.4858141
-0.0743017 0.0337307 0.9966652 9.2366859
0.0000000 0.0000000 0.0000000 1.0000000
0.9935532 -0.0840324 0.0760965 167.2520286
0.0861996 0.9959476 -0.0256520 129.5928661
-0.0736325 0.0320462 0.9967704 9.1518880
0.0000000 0.0000000 0.0000000 1.0000000
0.9951796 -0.0631459 0.0750343 168.4121772
0.0652038 0.9975512 -0.0252979 129.6689599
-0.0732531 0.0300684 0.9968600 9.0705086
0.0000000 0.0000000 0.0000000 1.0000000
0.9960539 -0.0428735 0.0777078 169.5992686
0.0450026 0.9986522 -0.0258565 129.7264381
-0.0764945 0.0292516 0.9966408 8.9858492
0.0000000 0.0000000 0.0000000 1.0000000
0.9965555 -0.0229049 0.0797021 170.8028815
0.0249987 0.9993655 -0.0253719 129.7520237
-0.0790704 0.0272770 0.9964958 8.9134853
0.0000000 0.0000000 0.0000000 1.0000000
0.9967140 -0.0025591 0.0809612 172.0186668
0.0045431 0.9996936 -0.0243313 129.7561867
-0.0808741 0.0246192 0.9964202 8.8335969
0.0000000 0.0000000 0.0000000 1.0000000
0.9963991 0.0184563 0.0827534 173.2256822
-0.0166270 0.9996031 -0.0227409 129.7550192
-0.0831403 0.0212831 0.9963106 8.7494956
0.0000000 0.0000000 0.0000000 1.0000000
0.9957513 0.0383139 0.0837337 174.4613062
-0.0365970 0.9990891 -0.0219442 129.7155004
-0.0844982 0.0187865 0.9962465 8.6590601
0.0000000 0.0000000 0.0000000 1.0000000
0.9947985 0.0574301 0.0841289 175.6978751
-0.0559907 0.9982433 -0.0193722 129.6487011
-0.0850937 0.0145610 0.9962666 8.5605612
0.0000000 0.0000000 0.0000000 1.0000000
0.9935720 0.0769060 0.0830666 176.9669375
-0.0756428 0.9969679 -0.0182538 129.5643154
-0.0842186 0.0118531 0.9963768 8.4610010
0.0000000 0.0000000 0.0000000 1.0000000
0.9919794 0.0960957 0.0821120 178.2378666
-0.0949732 0.9953264 -0.0174785 129.4494449
-0.0834079 0.0095398 0.9964698 8.3740664
0.0000000 0.0000000 0.0000000 1.0000000
0.9902813 0.1132237 0.0807672 179.5124531
-0.1123488 0.9935509 -0.0153106 129.3160756
