1.0000000 -0.0002629 0.0001243 0.0114868
0.0002629 0.9999999 -0.0004792 0.0052794
-0.0001242 0.0004792 0.9999999 0.0155567
0.0000000 0.0000000 0.0000000 1.0000000
0.9998347 0.0181569 -0.0009768 0.1421482
-0.0181556 0.9998343 0.0013604 -0.0204115
0.0010014 -0.0013425 0.9999986 -0.0041598
0.0000000 0.0000000 0.0000000 1.0000000
0.9991966 0.0400671 -0.0008928 0.3028028
-0.0400636 0.9991905 0.0036361 -0.0433831
0.0010378 -0.0035974 0.9999930 -0.0206288
0.0000000 0.0000000 0.0000000 1.0000000
0.9977408 0.0671670 0.0013470 0.4643088
-0.0671738 0.9977239 0.0058875 -0.0711837
-0.0009485 -0.0059647 0.9999818 -0.0498607
0.0000000 0.0000000 0.0000000 1.0000000
0.9948441 0.1013884 0.0023506 0.6462278
-0.1014006 0.9948286 0.0058278 -0.1269749
-0.0017476 -0.0060361 0.9999803 -0.0607597
0.0000000 0.0000000 0.0000000 1.0000000
0.9901126 0.1401757 0.0052736 0.8705521
-0.1401907 0.9901212 0.0025730 -0.1868599
-0.0048608 -0.0032869 0.9999828 -0.1064261
0.0000000 0.0000000 0.0000000 1.0000000
0.9836681 0.1798989 0.0057891 1.0916404
-0.1799030 0.9836843 0.0001940 -0.2735157
-0.0056597 -0.0012323 0.9999832 -0.1239623
0.0000000 0.0000000 0.0000000 1.0000000
0.9746824 0.2235058 0.0062690 1.2988074
-0.2235090 0.9747018 -0.0001976 -0.3565897
-0.0061546 -0.0012086 0.9999803 -0.1393585
0.0000000 0.0000000 0.0000000 1.0000000
0.9625164 0.2710721 0.0090549 1.4982465
-0.2710861 0.9625550 0.0003300 -0.4374979
-0.0086264 -0.0027723 0.9999589 -0.1573054
0.0000000 0.0000000 0.0000000 1.0000000
0.9477115 0.3187298 0.0159419 1.7199901
-0.3187189 0.9478436 -0.0032881 -0.5558546
-0.0161585 -0.0019648 0.9998675 -0.1658452
0.0000000 0.0000000 0.0000000 1.0000000
0.9297859 0.3673786 0.0230481 1.9319457
-0.3671894 0.9300672 -0.0121195 -0.6959565
-0.0258887 0.0028055 0.9996609 -0.1810184
0.0000000 0.0000000 0.0000000 1.0000000
0.9082852 0.4175772 0.0254433 2.1472388
-0.4172305 0.9086237 -0.0179341 -0.8512171
-0.0306072 0.0056736 0.9995154 -0.1968846
0.0000000 0.0000000 0.0000000 1.0000000
0.8827756 0.4688634 0.0295709 2.3922526
-0.4684918 0.8832662 -0.0188743 -1.0185495
-0.0349685 0.0028080 0.9993845 -0.2309467
0.0000000 0.0000000 0.0000000 1.0000000
0.8543296 0.5186950 0.0328095 2.6209165
-0.5182371 0.8549577 -0.0218547 -1.1985875
-0.0393866 0.0016680 0.9992226 -0.2468002
0.0000000 0.0000000 0.0000000 1.0000000
0.8218541 0.5687400 0.0330248 2.8564780
-0.5681054 0.8225099 -0.0270880 -1.4168907
-0.0425692 0.0035008 0.9990874 -0.2559348
0.0000000 0.0000000 0.0000000 1.0000000
0.7856820 0.6177668 0.0326799 3.0730115
-0.6169438 0.7863440 -0.0323034 -1.6417485
-0.0456536 0.0052185 0.9989437 -0.2776986
0.0000000 0.0000000 0.0000000 1.0000000
0.7475428 0.6634312 0.0322294 3.2803823
-0.6624791 0.7482168 -0.0359603 -1.9023677
-0.0479718 0.0055306 0.9988334 -0.2812804
0.0000000 0.0000000 0.0000000 1.0000000
0.7074184 0.7061140 0.0310185 3.5123272
-0.7050466 0.7080735 -0.0392576 -2.1978517
-0.0496837 0.0059021 0.9987476 -0.2922273
0.0000000 0.0000000 0.0000000 1.0000000
0.6648797 0.7462897 0.0314099 3.7242963
-0.7451684 0.6656097 -0.0410827 -2.5087211
-0.0515663 0.0039094 0.9986619 -0.2973977
0.0000000 0.0000000 0.0000000 1.0000000
0.6231025 0.7814048 0.0339081 3.9488183
-0.7803371 0.6240236 -0.0408488 -2.8160131
-0.0530789 -0.0010068 0.9985898 -0.3231281
0.0000000 0.0000000 0.0000000 1.0000000
0.5802563 0.8136881 0.0348452 4.1627524
-0.8126041 0.5812889 -0.0421651 -3.1661694
-0.0545643 -0.0038488 0.9985028 -0.3323443
0.0000000 0.0000000 0.0000000 1.0000000
0.5392713 0.8414274 0.0344437 4.3703243
-0.8402751 0.5403465 -0.0443103 -3.5347966
-0.0558954 -0.0050469 0.9984239 -0.3494642
0.0000000 0.0000000 0.0000000 1.0000000
0.5007808 0.8648722 0.0348512 4.5617128
-0.8635900 0.5019524 -0.0474989 -3.9429402
-0.0585741 -0.0063106 0.9982631 -0.3667824
0.0000000 0.0000000 0.0000000 1.0000000
0.4626229 0.8858579 0.0351539 4.7499550
-0.8846171 0.4638690 -0.0477311 -4.3711106
-0.0585898 -0.0090162 0.9982414 -0.4044873
0.0000000 0.0000000 0.0000000 1.0000000
0.4262511 0.9039571 0.0342275 4.9410139
-0.9027377 0.4274965 -0.0480772 -4.8277504
-0.0580918 -0.0104055 0.9982570 -0.4280143
0.0000000 0.0000000 0.0000000 1.0000000
0.3938832 0.9185895 0.0323917 5.1316481
-0.9174140 0.3950620 -0.0477244 -5.3176108
-0.0566359 -0.0109188 0.9983352 -0.4539387
0.0000000 0.0000000 0.0000000 1.0000000
0.3633906 0.9312407 0.0271652 5.3202998
-0.9301051 0.3643102 -0.0467190 -5.8270367
-0.0534031 -0.0082892 0.9985386 -0.4796123
0.0000000 0.0000000 0.0000000 1.0000000
0.3377126 0.9408993 0.0256640 5.4945970
-0.9398208 0.3385763 -0.0458594 -6.3732183
-0.0518383 -0.0086322 0.9986182 -0.5036792
0.0000000 0.0000000 0.0000000 1.0000000
0.3178219 0.9478660 0.0232185 5.6545616
-0.9468067 0.3185796 -0.0454324 -6.9540475
-0.0504608 -0.0075441 0.9986975 -0.5413588
0.0000000 0.0000000 0.0000000 1.0000000
0.3028755 0.9527811 0.0217860 5.8123195
-0.9516678 0.3035854 -0.0465225 -7.5457658
-0.0509396 -0.0066425 0.9986796 -0.5686017
0.0000000 0.0000000 0.0000000 1.0000000
0.2922614 0.9561381 0.0195754 5.9885903
-0.9549085 0.2928822 -0.0486803 -8.1652043
-0.0522783 -0.0044653 0.9986226 -0.5916566
0.0000000 0.0000000 0.0000000 1.0000000
0.2817244 0.9592793 0.0203573 6.1719541
-0.9579464 0.2824114 -0.0508188 -8.8105853
-0.0544985 -0.0051843 0.9985004 -0.6314969
0.0000000 0.0000000 0.0000000 1.0000000
0.2728974 0.9618085 0.0212447 6.3512319
-0.9604312 0.2736515 -0.0518337 -9.4832198
-0.0556677 -0.0062588 0.9984297 -0.6811253
0.0000000 0.0000000 0.0000000 1.0000000
0.2629180 0.9645796 0.0214548 6.5363495
-0.9631187 0.2637093 -0.0534782 -10.1875885
-0.0572418 -0.0066032 0.9983385 -0.7156930
0.0000000 0.0000000 0.0000000 1.0000000
0.2532116 0.9671417 0.0228196 6.7251053
-0.9656267 0.2541062 -0.0547285 -10.8961565
-0.0587288 -0.0081773 0.9982405 -0.7478850
0.0000000 0.0000000 0.0000000 1.0000000
0.2415213 0.9701521 0.0217337 6.9210493
-0.9685343 0.2423841 -0.0564920 -11.6363871
-0.0600738 -0.0074059 0.9981665 -0.7930976
0.0000000 0.0000000 0.0000000 1.0000000
0.2306483 0.9727991 0.0215212 7.0946730
-0.9711021 0.2315275 -0.0579295 -12.3800106
-0.0613365 -0.0075380 0.9980887 -0.8448609
0.0000000 0.0000000 0.0000000 1.0000000
0.2206292 0.9750930 0.0227237 7.2649434
-0.9732525 0.2216232 -0.0605212 -13.1353682
-0.0640499 -0.0087631 0.9979082 -0.8923030
0.0000000 0.0000000 0.0000000 1.0000000
0.2093569 0.9775206 0.0249627 7.4353461
-0.9755112 0.2105509 -0.0636100 -13.9107339
-0.0674360 -0.0110342 0.9976626 -0.9318621
0.0000000 0.0000000 0.0000000 1.0000000
0.1978414 0.9798864 0.0261024 7.5751324
-0.9775604 0.1991972 -0.0685290 -14.7110148
-0.0723501 -0.0119588 0.9973076 -0.9525137
0.0000000 0.0000000 0.0000000 1.0000000
0.1848480 0.9823896 0.0272351 7.7296603
-0.9798560 0.1863611 -0.0717760 -15.4958369
-0.0755875 -0.0134188 0.9970489 -0.9788539
0.0000000 0.0000000 0.0000000 1.0000000
0.1683797 0.9853836 0.0258324 7.8573776
-0.9828442 0.1698316 -0.0719351 -16.3062805
-0.0752708 -0.0132768 0.9970747 -1.0383806
0.0000000 0.0000000 0.0000000 1.0000000
0.1567372 0.9873060 0.0256941 7.9721233
-0.9848208 0.1582013 -0.0714167 -17.1016033
-0.0745749 -0.0141104 0.9971156 -1.0812838
0.0000000 0.0000000 0.0000000 1.0000000
0.1401250 0.9897967 0.0258341 8.0763377
-0.9874974 0.1416071 -0.0692557 -17.9217703
-0.0722073 -0.0158066 0.9972644 -1.1410507
0.0000000 0.0000000 0.0000000 1.0000000
0.1192923 0.9924949 0.0268922 8.1710491
-0.9903985 0.1208587 -0.0671123 -18.7361542
-0.0698588 -0.0186280 0.9973829 -1.2031563
0.0000000 0.0000000 0.0000000 1.0000000
0.0928415 0.9952684 0.0286559 8.2757250
-0.9932478 0.0945871 -0.0671731 -19.5495560
-0.0695657 -0.0222260 0.9973297 -1.2387695
0.0000000 0.0000000 0.0000000 1.0000000
0.0619586 0.9975923 0.0311544 8.3306298
-0.9956782 0.0639431 -0.0673518 -20.3618585
-0.0691817 -0.0268468 0.9972428 -1.2805021
0.0000000 0.0000000 0.0000000 1.0000000
0.0289640 0.9990685 0.0319877 8.3435454
-0.9972977 0.0310445 -0.0665857 -21.2257760
-0.0675167 -0.0299727 0.9972678 -1.3284498
0.0000000 0.0000000 0.0000000 1.0000000
-0.0040509 0.9995034 0.0312499 8.3414351
-0.9977868 -0.0019658 -0.0664655 -22.0527052
-0.0663711 -0.0314500 0.9972992 -1.3687998
0.0000000 0.0000000 0.0000000 1.0000000
-0.0388784 0.9987672 0.0308622 8.3049191
-0.9971520 -0.0367810 -0.0658413 -22.8908266
-0.0646249 -0.0333341 0.9973527 -1.4132576
0.0000000 0.0000000 0.0000000 1.0000000
-0.0731072 0.9968179 0.0317697 8.2531766
-0.9954538 -0.0709831 -0.0635077 -23.7316951
-0.0610505 -0.0362681 0.9974755 -1.4630961
0.0000000 0.0000000 0.0000000 1.0000000
-0.1073963 0.9936817 0.0325965 8.1805181
-0.9925411 -0.1052553 -0.0615113 -24.5493296
-0.0576917 -0.0389595 0.9975740 -1.5001630
0.0000000 0.0000000 0.0000000 1.0000000
-0.1377897 0.9900023 0.0301563 8.0530677
-0.9890547 -0.1359080 -0.0574449 -25.3774095
-0.0527721 -0.0377415 0.9978931 -1.5395333
0.0000000 0.0000000 0.0000000 1.0000000
-0.1664611 0.9857322 0.0249547 7.9065350
-0.9848384 -0.1649504 -0.0537107 -26.1905812
-0.0488281 -0.0335171 0.9982447 -1.5621051
0.0000000 0.0000000 0.0000000 1.0000000
-0.1985144 0.9799336 0.0179476 7.7233921
-0.9791525 -0.1974855 -0.0475382 -27.0271675
-0.0430398 -0.0270105 0.9987082 -1.5927231
0.0000000 0.0000000 0.0000000 1.0000000
-0.2257724 0.9740958 0.0128149 7.5083772
-0.9734123 -0.2250527 -0.0426605 -27.8297119
-0.0386714 -0.0221057 0.9990074 -1.6160965
0.0000000 0.0000000 0.0000000 1.0000000
-0.2524958 0.9675823 0.0055090 7.2739436
-0.9669807 -0.2521272 -0.0371522 -28.6383320
-0.0345588 -0.0147079 0.9992944 -1.6374596
0.0000000 0.0000000 0.0000000 1.0000000
-0.2805454 0.9598371 0.0026483 7.0299103
-0.9594964 -0.2803698 -0.0275577 -29.4485395
-0.0257084 -0.0102723 0.9996167 -1.6491840
0.0000000 0.0000000 0.0000000 1.0000000
-0.3066370 0.9518241 0.0021143 6.7612984
-0.9517694 -0.3065935 -0.0116384 -30.2226752
-0.0104295 -0.0055811 0.9999300 -1.6492402
0.0000000 0.0000000 0.0000000 1.0000000
-0.3302518 0.9438671 0.0069606 6.4753630
-0.9438697 -0.3302865 0.0045782 -30.9945204
0.0066203 -0.0050580 0.9999653 -1.6423433
0.0000000 0.0000000 0.0000000 1.0000000
-0.3527962 0.9355952 0.0140117 6.1587924
-0.9354214 -0.3530170 0.0191253 -31.7593060
0.0228399 -0.0063596 0.9997189 -1.6271151
0.0000000 0.0000000 0.0000000 1.0000000
-0.3777041 0.9257913 0.0158127 5.8385478
-0.9253236 -0.3780193 0.0296258 -32.5089727
0.0334048 -0.0034420 0.9994360 -1.6009435
0.0000000 0.0000000 0.0000000 1.0000000
-0.4013219 0.9157854 0.0166666 5.5072661
-0.9151664 -0.4016642 0.0337106 -33.2596173
0.0375661 -0.0017239 0.9992927 -1.5617944
0.0000000 0.0000000 0.0000000 1.0000000
-0.4251882 0.9049989 0.0138500 5.1679967
-0.9044197 -0.4254119 0.0324001 -33.9927268
0.0352140 0.0012499 0.9993790 -1.5305472
0.0000000 0.0000000 0.0000000 1.0000000
-0.4452698 0.8953461 0.0094881 4.7981481
-0.8949028 -0.4453511 0.0284856 -34.7280382
0.0297300 0.0041928 0.9995492 -1.4966917
0.0000000 0.0000000 0.0000000 1.0000000
-0.4647289 0.8854374 0.0052523 4.4084799
-0.8850614 -0.4646916 0.0269840 -35.4547608
0.0263334 0.0078917 0.9996221 -1.4644378
0.0000000 0.0000000 0.0000000 1.0000000
-0.4798430 0.8773478 0.0033990 4.0126382
-0.8769843 -0.4797495 0.0271848 -36.1737888
0.0254812 0.0100636 0.9996246 -1.4205488
0.0000000 0.0000000 0.0000000 1.0000000
-0.4913970 0.8709267 0.0039496 3.6023652
-0.8704640 -0.4912750 0.0306818 -36.8644150
0.0286619 0.0116389 0.9995214 -1.3932595
0.0000000 0.0000000 0.0000000 1.0000000
-0.5017700 0.8649808 0.0059074 3.1865780
-0.8644062 -0.5016665 0.0336547 -37.5417234
0.0320742 0.0117805 0.9994161 -1.3576142
0.0000000 0.0000000 0.0000000 1.0000000
-0.5123283 0.8586874 0.0132522 2.7809323
-0.8580742 -0.5124702 0.0329096 -38.2211382
0.0350504 0.0054892 0.9993705 -1.3041974
0.0000000 0.0000000 0.0000000 1.0000000
-0.5244662 0.8512835 0.0158595 2.3667952
-0.8507331 -0.5246993 0.0307235 -38.8991371
0.0344759 0.0026213 0.9994021 -1.2674468
0.0000000 0.0000000 0.0000000 1.0000000
-0.5335494 0.8456359 0.0149984 1.9384775
-0.8450499 -0.5337431 0.0317648 -39.5800017
0.0348667 0.0042737 0.9993828 -1.2238046
0.0000000 0.0000000 0.0000000 1.0000000
-0.5417728 0.8404120 0.0137781 1.4965302
-0.8397430 -0.5419030 0.0342486 -40.2463286
0.0362494 0.0069849 0.9993184 -1.1800239
0.0000000 0.0000000 0.0000000 1.0000000
-0.5455891 0.8379116 0.0153827 1.0548973
-0.8371494 -0.5457612 0.0364109 -40.9222692
0.0389044 0.0069877 0.9992185 -1.1480904
0.0000000 0.0000000 0.0000000 1.0000000
-0.5448841 0.8383795 0.0148707 0.6058740
-0.8376013 -0.5450331 0.0369179 -41.6144624
0.0390563 0.0076603 0.9992076 -1.1120889
0.0000000 0.0000000 0.0000000 1.0000000
-0.5420506 0.8402587 0.0121007 0.1408893
-0.8395150 -0.5420987 0.0366562 -42.3274696
0.0373604 0.0097108 0.9992547 -1.0642931
0.0000000 0.0000000 0.0000000 1.0000000
-0.5358070 0.8442411 0.0129482 -0.3170880
-0.8435831 -0.5359128 0.0341317 -43.0555750
0.0357545 0.0073651 0.9993335 -1.0320121
0.0000000 0.0000000 0.0000000 1.0000000
-0.5288093 0.8486317 0.0135999 -0.7935511
-0.8479740 -0.5289447 0.0340252 -43.8180523
0.0360684 0.0064605 0.9993284 -0.9859518
0.0000000 0.0000000 0.0000000 1.0000000
-0.5204995 0.8537635 0.0129675 -1.2769806
-0.8531683 -0.5206287 0.0323982 -44.5884148
0.0344117 0.0057998 0.9993909 -0.9460986
0.0000000 0.0000000 0.0000000 1.0000000
-0.5139775 0.8576831 0.0143821 -1.7649476
-0.8571998 -0.5141725 0.0289001 -45.3891243
0.0321820 0.0025257 0.9994788 -0.9155658
0.0000000 0.0000000 0.0000000 1.0000000
-0.5088409 0.8606759 0.0178304 -2.2474798
-0.8602921 -0.5091484 0.0257953 -46.1943635
0.0312797 -0.0022136 0.9995082 -0.8683468
0.0000000 0.0000000 0.0000000 1.0000000
-0.5070854 0.8616296 0.0214177 -2.7151208
-0.8614008 -0.5074798 0.0212822 -46.9993886
0.0292064 -0.0076573 0.9995441 -0.8346013
0.0000000 0.0000000 0.0000000 1.0000000
-0.5083612 0.8608421 0.0227975 -3.2119137
-0.8607216 -0.5087629 0.0178550 -47.8360860
0.0269689 -0.0105455 0.9995807 -0.8001495
0.0000000 0.0000000 0.0000000 1.0000000
-0.5087237 0.8606014 0.0237767 -3.7258420
-0.8605514 -0.5091249 0.0155924 -48.6733712
0.0255242 -0.0125288 0.9995957 -0.7612189
0.0000000 0.0000000 0.0000000 1.0000000
-0.5086936 0.8606215 0.0236937 -4.2409015
-0.8605933 -0.5090811 0.0146832 -49.5085372
0.0246987 -0.0129214 0.9996114 -0.7242399
0.0000000 0.0000000 0.0000000 1.0000000
-0.5086595 0.8606440 0.0236086 -4.7463592
-0.8606466 -0.5090275 0.0133626 -50.3696573
0.0235179 -0.0135217 0.9996320 -0.6843628
0.0000000 0.0000000 0.0000000 1.0000000
-0.5095339 0.8601543 0.0225786 -5.2534236
-0.8601617 -0.5098674 0.0125389 -51.2495810
0.0222975 -0.0130323 0.9996664 -0.6486332
0.0000000 0.0000000 0.0000000 1.0000000
-0.5094852 0.8601827 0.0225916 -5.7772161
-0.8602075 -0.5098087 0.0117598 -52.1363741
0.0216330 -0.0134420 0.9996756 -0.6168670
0.0000000 0.0000000 0.0000000 1.0000000
-0.5087223 0.8605807 0.0245443 -6.2945535
-0.8606827 -0.5090533 0.0094951 -53.0201727
0.0206657 -0.0162945 0.9996536 -0.5858250
0.0000000 0.0000000 0.0000000 1.0000000
-0.5101450 0.8597290 0.0248616 -6.8018585
-0.8598749 -0.5104493 0.0075282 -53.9065816
0.0191628 -0.0175374 0.9996626 -0.5477751
0.0000000 0.0000000 0.0000000 1.0000000
-0.5069708 0.8615656 0.0261781 -7.3189884
-0.8617649 -0.5072718 0.0060506 -54.8081929
0.0184924 -0.0194919 0.9996390 -0.5106676
0.0000000 0.0000000 0.0000000 1.0000000
-0.5036300 0.8635141 0.0264598 -7.8379744
-0.8637649 -0.5038830 0.0034835 -55.7171830
0.0163407 -0.0211006 0.9996438 -0.4783949
0.0000000 0.0000000 0.0000000 1.0000000
-0.5011222 0.8649924 0.0257800 -8.3289629
-0.8652655 -0.5013127 0.0010841 -56.5840975
0.0138616 -0.0217632 0.9996671 -0.4461340
0.0000000 0.0000000 0.0000000 1.0000000
-0.4987111 0.8664014 0.0252165 -8.8396305
-0.8666885 -0.4988488 -0.0009447 -57.4855078
0.0117607 -0.0223260 0.9996816 -0.4172655
0.0000000 0.0000000 0.0000000 1.0000000
-0.4933805 0.8694496 0.0251602 -9.3419317
-0.8697480 -0.4934922 -0.0019923 -58.4013969
0.0106841 -0.0228660 0.9996814 -0.3918765
0.0000000 0.0000000 0.0000000 1.0000000
-0.4889177 0.8719680 0.0251250 -9.8485134
-0.8722702 -0.4890185 -0.0023796 -59.3154970
0.0102116 -0.0230792 0.9996815 -0.3729396
0.0000000 0.0000000 0.0000000 1.0000000
-0.4881781 0.8723802 0.0251943 -10.3251288
-0.8726894 -0.4882671 -0.0029091 -60.2015757
0.0097637 -0.0234070 0.9996783 -0.3521313
0.0000000 0.0000000 0.0000000 1.0000000
-0.4884522 0.8721775 0.0268476 -10.7930889
-0.8725370 -0.4885323 -0.0039375 -61.0813531
0.0096817 -0.0253488 0.9996318 -0.3182598
0.0000000 0.0000000 0.0000000 1.0000000
-0.4901899 0.8711190 0.0294179 -11.2905536
-0.8715538 -0.4902781 -0.0046334 -61.9650188
0.0103867 -0.0279105 0.9995565 -0.2751050
0.0000000 0.0000000 0.0000000 1.0000000
-0.4932885 0.8693404 0.0302260 -11.7608853
-0.8698022 -0.4933747 -0.0050574 -62.8409207
0.0105161 -0.0287854 0.9995303 -0.2460146
0.0000000 0.0000000 0.0000000 1.0000000
-0.4982644 0.8665866 0.0275729 -12.2602736
-0.8669838 -0.4982993 -0.0060799 -63.7213159
0.0084708 -0.0269346 0.9996013 -0.2260888
0.0000000 0.0000000 0.0000000 1.0000000
-0.5015231 0.8647936 0.0246263 -12.7770714
-0.8651319 -0.5014651 -0.0089257 -64.6039842
0.0046303 -0.0257814 0.9996569 -0.1932933
0.0000000 0.0000000 0.0000000 1.0000000
-0.5058354 0.8622305 0.0262489 -13.2590831
-0.8626226 -0.5057236 -0.0112267 -65.4550394
0.0035948 -0.0283218 0.9995924 -0.1809171
0.0000000 0.0000000 0.0000000 1.0000000
-0.5110302 0.8591917 0.0252527 -13.7493150
-0.8595485 -0.5109703 -0.0092593 -66.3096620
0.0049479 -0.0264377 0.9996382 -0.1506175
0.0000000 0.0000000 0.0000000 1.0000000
-0.5147552 0.8569357 0.0262328 -14.2546606
-0.8573081 -0.5147490 -0.0075084 -67.1550803
0.0070691 -0.0263546 0.9996277 -0.1283699
0.0000000 0.0000000 0.0000000 1.0000000
-0.5186460 0.8544469 0.0304438 -14.7615685
-0.8549387 -0.5186732 -0.0076163 -67.9869959
0.0092827 -0.0299778 0.9995075 -0.1104609
0.0000000 0.0000000 0.0000000 1.0000000
-0.5229415 0.8517999 0.0311291 -15.2455846
-0.8523185 -0.5229580 -0.0082595 -68.8341037
0.0092438 -0.0308512 0.9994812 -0.0943108
0.0000000 0.0000000 0.0000000 1.0000000
-0.5259836 0.8499405 0.0306966 -15.7571914
-0.8504534 -0.5259713 -0.0091260 -69.6792788
0.0083890 -0.0309061 0.9994871 -0.0878481
0.0000000 0.0000000 0.0000000 1.0000000
-0.5281496 0.8487234 0.0269533 -16.2625843
-0.8491499 -0.5279426 -0.0148730 -70.4963654
0.0016068 -0.0307426 0.9995260 -0.0842705
0.0000000 0.0000000 0.0000000 1.0000000
-0.5299261 0.8477229 0.0233267 -16.7838434
-0.8480039 -0.5294334 -0.0242843 -71.3306447
-0.0082365 -0.0326500 0.9994329 -0.0751868
0.0000000 0.0000000 0.0000000 1.0000000
-0.5309060 0.8471487 0.0218604 -17.2869450
-0.8473636 -0.5303623 -0.0262840 -72.1424552
-0.0106725 -0.0324780 0.9994155 -0.0731124
0.0000000 0.0000000 0.0000000 1.0000000
-0.5324621 0.8461646 0.0221221 -17.7975055
-0.8464208 -0.5320287 -0.0227434 -72.9535409
-0.0074751 -0.0308346 0.9994965 -0.0514371
0.0000000 0.0000000 0.0000000 1.0000000
-0.5346762 0.8447508 0.0227446 -18.3017767
-0.8450481 -0.5343529 -0.0189947 -73.7553069
-0.0038921 -0.0293762 0.9995608 -0.0341707
0.0000000 0.0000000 0.0000000 1.0000000
-0.5360351 0.8440020 0.0180806 -18.8207648
-0.8441878 -0.5358143 -0.0158115 -74.5580614
-0.0036571 -0.0237389 0.9997115 -0.0278826
0.0000000 0.0000000 0.0000000 1.0000000
-0.5352903 0.8445320 0.0151680 -19.3399814
-0.8446485 -0.5350687 -0.0164447 -75.3601143
-0.0057721 -0.0216143 0.9997497 -0.0087615
0.0000000 0.0000000 0.0000000 1.0000000
-0.5345467 0.8450072 0.0149227 -19.8614382
-0.8451074 -0.5342906 -0.0180884 -76.1647011
-0.0073118 -0.0222804 0.9997250 -0.0005132
0.0000000 0.0000000 0.0000000 1.0000000
-0.5323722 0.8463992 0.0137209 -20.3784839
-0.8463957 -0.5319633 -0.0250878 -76.9877277
-0.0139353 -0.0249693 0.9995911 0.0077264
0.0000000 0.0000000 0.0000000 1.0000000
-0.5296909 0.8480792 0.0137536 -20.8808956
-0.8479822 -0.5291315 -0.0307585 -77.7990869
-0.0188082 -0.0279553 0.9994322 0.0187639
0.0000000 0.0000000 0.0000000 1.0000000
-0.5284916 0.8486980 0.0202061 -21.3801095
-0.8486787 -0.5275913 -0.0373092 -78.6033618
-0.0210036 -0.0368661 0.9990995 0.0139347
0.0000000 0.0000000 0.0000000 1.0000000
-0.5264738 0.8497833 0.0263381 -21.8706305
-0.8498910 -0.5252118 -0.0428705 -79.4134864
-0.0225976 -0.0449548 0.9987334 0.0036124
0.0000000 0.0000000 0.0000000 1.0000000
-0.5244891 0.8510859 0.0237466 -22.3668368
-0.8510611 -0.5232591 -0.0435320 -80.2129771
-0.0246238 -0.0430419 0.9987698 -0.0041754
0.0000000 0.0000000 0.0000000 1.0000000
-0.5201855 0.8538079 0.0204718 -22.8693002
-0.8537269 -0.5191746 -0.0401005 -81.0140308
-0.0236097 -0.0383370 0.9989859 -0.0111096
0.0000000 0.0000000 0.0000000 1.0000000
-0.5143011 0.8573765 0.0199955 -23.3581964
-0.8573658 -0.5134591 -0.0358280 -81.8113372
-0.0204512 -0.0355698 0.9991579 -0.0155239
0.0000000 0.0000000 0.0000000 1.0000000
-0.5069596 0.8618187 0.0161399 -23.8373468
-0.8616887 -0.5062272 -0.0350223 -82.6074971
-0.0220124 -0.0316625 0.9992562 -0.0208063
0.0000000 0.0000000 0.0000000 1.0000000
-0.4979732 0.8671455 0.0090186 -24.3075743
-0.8669054 -0.4975138 -0.0309046 -83.3975191
-0.0223119 -0.0232079 0.9994816 -0.0256067
0.0000000 0.0000000 0.0000000 1.0000000
-0.4883667 0.8725806 0.0100510 -24.7686433
-0.8723316 -0.4878571 -0.0321432 -84.2024187
-0.0231441 -0.0244655 0.9994327 -0.0291221
0.0000000 0.0000000 0.0000000 1.0000000
-0.4782611 0.8781236 0.0128537 -25.2101962
-0.8779058 -0.4776500 -0.0336440 -85.0149975
-0.0234040 -0.0273750 0.9993512 -0.0404222
0.0000000 0.0000000 0.0000000 1.0000000
-0.4663628 0.8845321 0.0104249 -25.6478109
-0.8841649 -0.4657375 -0.0366222 -85.8325900
-0.0275382 -0.0262965 0.9992748 -0.0565958
0.0000000 0.0000000 0.0000000 1.0000000
-0.4554107 0.8902130 0.0110387 -26.0695678
-0.8897884 -0.4547108 -0.0389202 -86.6575446
-0.0296278 -0.0275468 0.9991814 -0.0612307
0.0000000 0.0000000 0.0000000 1.0000000
-0.4418650 0.8970085 0.0114458 -26.4800318
-0.8965855 -0.4411605 -0.0388846 -87.4647356
-0.0298304 -0.0274439 0.9991782 -0.0805816
0.0000000 0.0000000 0.0000000 1.0000000
-0.4289322 0.9032950 0.0086772 -26.8861595
-0.9027865 -0.4283160 -0.0390131 -88.2955742
-0.0315237 -0.0245676 0.9992010 -0.0861763
0.0000000 0.0000000 0.0000000 1.0000000
-0.4164921 0.9090502 0.0127268 -27.2675308
-0.9087145 -0.4158287 -0.0363939 -89.1263549
-0.0277917 -0.0267228 0.9992565 -0.1032924
0.0000000 0.0000000 0.0000000 1.0000000
-0.4045742 0.9143785 0.0152186 -27.6227788
-0.9143044 -0.4040805 -0.0276858 -89.9483706
-0.0191657 -0.0251154 0.9995008 -0.1214523
0.0000000 0.0000000 0.0000000 1.0000000
-0.3914268 0.9200127 0.0190181 -27.9886932
-0.9201123 -0.3910020 -0.0226009 -90.7918970
-0.0133570 -0.0263454 0.9995637 -0.1313466
0.0000000 0.0000000 0.0000000 1.0000000
-0.3797397 0.9248869 0.0195416 -28.3335298
-0.9249529 -0.3792290 -0.0254487 -91.6472676
-0.0161264 -0.0277390 0.9994851 -0.1389004
0.0000000 0.0000000 0.0000000 1.0000000
-0.3679663 0.9296896 0.0166753 -28.6681237
-0.9295844 -0.3673866 -0.0299989 -92.5027214
-0.0217634 -0.0265397 0.9994108 -0.1554896
0.0000000 0.0000000 0.0000000 1.0000000
-0.3580712 0.9334811 0.0199511 -28.9849924
-0.9334850 -0.3574567 -0.0288198 -93.3538987
-0.0197710 -0.0289436 0.9993855 -0.1581818
0.0000000 0.0000000 0.0000000 1.0000000
-0.3512550 0.9359191 0.0259879 -29.2926411
-0.9361740 -0.3506625 -0.0247800 -94.1939601
-0.0140791 -0.0330333 0.9993551 -0.1550596
0.0000000 0.0000000 0.0000000 1.0000000
-0.3455230 0.9377936 0.0340136 -29.6006318
-0.9383822 -0.3450053 -0.0202532 -95.0518253
-0.0072584 -0.0389157 0.9992161 -0.1560817
0.0000000 0.0000000 0.0000000 1.0000000
-0.3414114 0.9391110 0.0388414 -29.8975173
-0.9399050 -0.3409356 -0.0184814 -95.8959236
-0.0041136 -0.0428169 0.9990745 -0.1540706
0.0000000 0.0000000 0.0000000 1.0000000
-0.3375094 0.9404032 0.0415830 -30.1995286
-0.9413193 -0.3370695 -0.0173823 -96.7336874
-0.0023300 -0.0450096 0.9989838 -0.1513921
0.0000000 0.0000000 0.0000000 1.0000000
-0.3327103 0.9420997 0.0418557 -30.5005756
-0.9430255 -0.3322576 -0.0175474 -97.5716053
-0.0026245 -0.0453092 0.9989696 -0.1446971
0.0000000 0.0000000 0.0000000 1.0000000
-0.3269948 0.9441035 0.0417483 -30.7966574
-0.9450187 -0.3264974 -0.0184148 -98.4309994
-0.0037548 -0.0454745 0.9989584 -0.1466205
0.0000000 0.0000000 0.0000000 1.0000000
-0.3212042 0.9462255 0.0385370 -31.0882892
-0.9469948 -0.3207023 -0.0187351 -99.2973797
-0.0053687 -0.0425121 0.9990815 -0.1479678
0.0000000 0.0000000 0.0000000 1.0000000
-0.3157523 0.9479413 0.0413237 -31.3775906
-0.9487895 -0.3149787 -0.0242255 -100.1489557
-0.0099483 -0.0468567 0.9988521 -0.1417022
0.0000000 0.0000000 0.0000000 1.0000000
-0.3094891 0.9498844 0.0440009 -31.6409880
-0.9508613 -0.3087104 -0.0236825 -101.0122880
-0.0089121 -0.0491682 0.9987507 -0.1489699
0.0000000 0.0000000 0.0000000 1.0000000
-0.3026297 0.9518345 0.0492561 -31.8978251
-0.9530865 -0.3018697 -0.0223776 -101.8660631
-0.0064308 -0.0537174 0.9985355 -0.1542473
0.0000000 0.0000000 0.0000000 1.0000000
-0.2965592 0.9538226 0.0476962 -32.1592543
-0.9550108 -0.2960489 -0.0175923 -102.7059601
-0.0026595 -0.0507675 0.9987070 -0.1623617
0.0000000 0.0000000 0.0000000 1.0000000
-0.2890002 0.9563012 0.0443485 -32.4204071
-0.9573289 -0.2887181 -0.0127808 -103.5474689
0.0005819 -0.0461497 0.9989344 -0.1528808
0.0000000 0.0000000 0.0000000 1.0000000
-0.2823329 0.9582499 0.0452236 -32.6734980
-0.9593153 -0.2819421 -0.0149316 -104.4162418
-0.0015577 -0.0475994 0.9988653 -0.1526149
0.0000000 0.0000000 0.0000000 1.0000000
-0.2768290 0.9598103 0.0461505 -32.9103360
-0.9609083 -0.2762768 -0.0180690 -105.2731671
-0.0045925 -0.0493484 0.9987711 -0.1573525
0.0000000 0.0000000 0.0000000 1.0000000
-0.2698282 0.9617306 0.0476116 -33.1511850
-0.9628920 -0.2692043 -0.0191849 -106.1304209
-0.0056334 -0.0510214 0.9986817 -0.1602413
0.0000000 0.0000000 0.0000000 1.0000000
-0.2633419 0.9634173 0.0497812 -33.3783605
-0.9646897 -0.2627199 -0.0187667 -106.9863489
-0.0050016 -0.0529655 0.9985838 -0.1449050
0.0000000 0.0000000 0.0000000 1.0000000
-0.2554066 0.9655499 0.0498079 -33.6056531
-0.9668332 -0.2550104 -0.0142604 -107.8503996
-0.0010676 -0.0517982 0.9986570 -0.1301309
0.0000000 0.0000000 0.0000000 1.0000000
-0.2484442 0.9672760 0.0515030 -33.8195404
-0.9686458 -0.2480395 -0.0142078 -108.7259280
-0.0009681 -0.0534180 0.9985718 -0.1167093
0.0000000 0.0000000 0.0000000 1.0000000
-0.2418567 0.9689017 0.0522947 -34.0254451
-0.9703110 -0.2414273 -0.0144722 -109.5940666
-0.0013967 -0.0542424 0.9985268 -0.1186378
0.0000000 0.0000000 0.0000000 1.0000000
-0.2354413 0.9705378 0.0512219 -34.2253751
-0.9718873 -0.2350287 -0.0140204 -110.4627888
-0.0015687 -0.0530829 0.9985889 -0.1096517
0.0000000 0.0000000 0.0000000 1.0000000
-0.2276191 0.9724604 0.0501026 -34.4254794
-0.9737502 -0.2273029 -0.0119974 -111.3314821
-0.0002785 -0.0515182 0.9986720 -0.0879448
0.0000000 0.0000000 0.0000000 1.0000000
-0.2207077 0.9740972 0.0492209 -34.6330646
-0.9753389 -0.2205045 -0.0095875 -112.2092542
0.0015143 -0.0501231 0.9987419 -0.0781116
0.0000000 0.0000000 0.0000000 1.0000000
-0.2122092 0.9756019 0.0562856 -34.8055207
-0.9772240 -0.2118995 -0.0114825 -113.0735436
0.0007245 -0.0574404 0.9983487 -0.0661841
0.0000000 0.0000000 0.0000000 1.0000000
-0.2056201 0.9766837 0.0617195 -34.9824574
-0.9786319 -0.2051943 -0.0132282 -113.9506561
-0.0002552 -0.0631207 0.9980059 -0.0431743
0.0000000 0.0000000 0.0000000 1.0000000
-0.2009706 0.9777945 0.0594016 -35.1768708
-0.9795931 -0.2004232 -0.0150959 -114.8242202
-0.0028552 -0.0612233 0.9981200 -0.0209402
0.0000000 0.0000000 0.0000000 1.0000000
-0.1972375 0.9787359 0.0563315 -35.3453045
-0.9803556 -0.1968745 -0.0119767 -115.6866472
-0.0006318 -0.0575871 0.9983403 -0.0143274
0.0000000 0.0000000 0.0000000 1.0000000
-0.1920553 0.9797082 0.0573276 -35.5131628
-0.9813837 -0.1917813 -0.0102959 -116.5504897
0.0009073 -0.0582377 0.9983023 -0.0079749
0.0000000 0.0000000 0.0000000 1.0000000
-0.1864726 0.9809121 0.0551304 -35.6802462
-0.9824601 -0.1861557 -0.0108750 -117.4170963
-0.0004045 -0.0561913 0.9984199 0.0128885
0.0000000 0.0000000 0.0000000 1.0000000
-0.1791546 0.9825818 0.0493617 -35.8570224
-0.9838160 -0.1787692 -0.0121513 -118.2803014
-0.0031153 -0.0507398 0.9987071 0.0266247
0.0000000 0.0000000 0.0000000 1.0000000
-0.1746695 0.9835430 0.0461919 -36.0235208
-0.9846071 -0.1741742 -0.0145684 -119.1497746
-0.0062832 -0.0480256 0.9988263 0.0428293
0.0000000 0.0000000 0.0000000 1.0000000
-0.1703907 0.9842225 0.0476764 -36.1735665
-0.9853666 -0.1699715 -0.0127434 -120.0263166
-0.0044387 -0.0491501 0.9987815 0.0423099
0.0000000 0.0000000 0.0000000 1.0000000
-0.1657079 0.9848652 0.0508080 -36.3128357
-0.9861719 -0.1653589 -0.0110262 -120.8932325
-0.0024577 -0.0519325 0.9986476 0.0476916
0.0000000 0.0000000 0.0000000 1.0000000
-0.1632780 0.9851845 0.0524579 -36.4630657
-0.9865699 -0.1628030 -0.0132323 -121.7567927
-0.0044960 -0.0539139 0.9985355 0.0545684
0.0000000 0.0000000 0.0000000 1.0000000
-0.1628195 0.9851799 0.0539473 -36.6081479
-0.9866456 -0.1623236 -0.0134791 -122.6367802
-0.0045224 -0.0554215 0.9984528 0.0574582
0.0000000 0.0000000 0.0000000 1.0000000
-0.1599050 0.9857639 0.0519595 -36.7598524
-0.9870876 -0.1591742 -0.0179367 -123.5195928
-0.0094107 -0.0541568 0.9984881 0.0571209
0.0000000 0.0000000 0.0000000 1.0000000
-0.1588485 0.9859077 0.0524706 -36.9042935
-0.9871852 -0.1577841 -0.0238679 -124.3869110
-0.0152525 -0.0555896 0.9983372 0.0583989
0.0000000 0.0000000 0.0000000 1.0000000
-0.1569454 0.9862088 0.0525388 -37.0503860
-0.9874529 -0.1557580 -0.0260037 -125.2558050
-0.0174617 -0.0559607 0.9982803 0.0651960
0.0000000 0.0000000 0.0000000 1.0000000
-0.1548454 0.9865165 0.0529902 -37.1945045
-0.9878321 -0.1538177 -0.0229758 -126.1179209
-0.0145152 -0.0559031 0.9983307 0.0543851
0.0000000 0.0000000 0.0000000 1.0000000
-0.1549845 0.9864744 0.0533656 -37.3308066
-0.9878466 -0.1541024 -0.0202903 -126.9744008
-0.0117921 -0.0558617 0.9983689 0.0520905
0.0000000 0.0000000 0.0000000 1.0000000
-0.1560577 0.9860824 0.0573352 -37.4597645
-0.9876260 -0.1548630 -0.0247470 -127.8450535
-0.0155235 -0.0604877 0.9980482 0.0422510
0.0000000 0.0000000 0.0000000 1.0000000
-0.1560178 0.9859772 0.0592218 -37.6018521
-0.9875948 -0.1546347 -0.0272892 -128.7090568
-0.0177488 -0.0627447 0.9978718 0.0295451
0.0000000 0.0000000 0.0000000 1.0000000
-0.1556417 0.9862372 0.0557830 -37.7436714
-0.9876248 -0.1542596 -0.0283074 -129.5590933
-0.0193127 -0.0594985 0.9980416 0.0305756
0.0000000 0.0000000 0.0000000 1.0000000
-0.1549393 0.9862548 0.0574036 -37.8854982
-0.9877763 -0.1536494 -0.0262669 -130.4179893
-0.0170858 -0.0607717 0.9980054 0.0266905
0.0000000 0.0000000 0.0000000 1.0000000
-0.1554340 0.9855779 0.0669055 -37.9922450
-0.9877383 -0.1540585 -0.0252810 -131.2624516
-0.0146091 -0.0700146 0.9974390 0.0070439
0.0000000 0.0000000 0.0000000 1.0000000
-0.1540538 0.9855274 0.0707326 -38.1224697
-0.9879886 -0.1527718 -0.0232233 -132.1041608
-0.0120812 -0.0734606 0.9972249 -0.0009552
0.0000000 0.0000000 0.0000000 1.0000000
-0.1524881 0.9857386 0.0711807 -38.2536297
-0.9882574 -0.1513752 -0.0208073 -132.9344905
-0.0097355 -0.0735177 0.9972464 0.0041366
0.0000000 0.0000000 0.0000000 1.0000000
-0.1508108 0.9860503 0.0704333 -38.3892766
-0.9885269 -0.1498160 -0.0192292 -133.7633620
-0.0084089 -0.0725252 0.9973311 0.0123688
0.0000000 0.0000000 0.0000000 1.0000000
-0.1493041 0.9861975 0.0715725 -38.5158500
-0.9887687 -0.1484188 -0.0175623 -134.5945278
-0.0066972 -0.0733907 0.9972808 0.0083756
0.0000000 0.0000000 0.0000000 1.0000000
-0.1484339 0.9867042 0.0661975 -38.6387533
-0.9888809 -0.1474819 -0.0190704 -135.4226439
-0.0090539 -0.0682922 0.9976243 0.0111647
0.0000000 0.0000000 0.0000000 1.0000000
-0.1464266 0.9873848 0.0602528 -38.7733860
-0.9891245 -0.1452871 -0.0229022 -136.2720719
-0.0138593 -0.0629510 0.9979204 0.0132206
0.0000000 0.0000000 0.0000000 1.0000000
-0.1454072 0.9877893 0.0559375 -38.9053837
-0.9891742 -0.1440155 -0.0281770 -137.1111848
-0.0197771 -0.0594291 0.9980366 0.0082670
0.0000000 0.0000000 0.0000000 1.0000000
-0.1443439 0.9879424 0.0559865 -39.0210661
-0.9893131 -0.1429033 -0.0289544 -138.0093389
-0.0206046 -0.0595676 0.9980116 0.0039733
0.0000000 0.0000000 0.0000000 1.0000000
-0.1405479 0.9886513 0.0530550 -39.1333281
-0.9899191 -0.1393765 -0.0251879 -138.8404081
-0.0175074 -0.0560603 0.9982739 -0.0002063
0.0000000 0.0000000 0.0000000 1.0000000
-0.1355429 0.9893398 0.0532437 -39.2425004
-0.9906698 -0.1345631 -0.0215919 -139.6634942
-0.0141971 -0.0556735 0.9983481 0.0076746
0.0000000 0.0000000 0.0000000 1.0000000
-0.1286275 0.9903672 0.0512611 -39.3460628
-0.9915541 -0.1275722 -0.0233651 -140.4936721
-0.0166005 -0.0538335 0.9984119 0.0086812
0.0000000 0.0000000 0.0000000 1.0000000
-0.1202455 0.9913553 0.0524931 -39.4163113
-0.9925384 -0.1189758 -0.0266887 -141.2300124
-0.0202125 -0.0553106 0.9982646 -0.0002778
0.0000000 0.0000000 0.0000000 1.0000000
-0.1136591 0.9921770 0.0516355 -39.4566903
-0.9932111 -0.1121747 -0.0307996 -141.7797353
-0.0247665 -0.0547856 0.9981909 0.0014394
0.0000000 0.0000000 0.0000000 1.0000000
-0.1007091 0.9936860 0.0494546 -39.5393465
-0.9946152 -0.0993321 -0.0295591 -142.5638448
-0.0244601 -0.0521652 0.9983389 -0.0062505
0.0000000 0.0000000 0.0000000 1.0000000
-0.0886725 0.9948585 0.0489248 -39.5985453
-0.9957789 -0.0873717 -0.0281187 -143.3290090
-0.0236995 -0.0512117 0.9984066 -0.0237313
0.0000000 0.0000000 0.0000000 1.0000000
-0.0756866 0.9960092 0.0472980 -39.6399480
-0.9968196 -0.0743911 -0.0285773 -144.0330731
-0.0249447 -0.0493105 0.9984719 -0.0389072
0.0000000 0.0000000 0.0000000 1.0000000
-0.0645903 0.9969122 0.0446544 -39.6779991
-0.9975930 -0.0633739 -0.0281422 -144.8119287
-0.0252254 -0.0463646 0.9986060 -0.0452519
0.0000000 0.0000000 0.0000000 1.0000000
-0.0548220 0.9973908 0.0469685 -39.7094786
-0.9982931 -0.0538016 -0.0227218 -145.5389464
-0.0201355 -0.0481340 0.9986379 -0.0531692
0.0000000 0.0000000 0.0000000 1.0000000
-0.0444315 0.9976890 0.0514054 -39.7141528
-0.9988147 -0.0433400 -0.0221568 -146.2820332
-0.0198777 -0.0523289 0.9984320 -0.0684860
0.0000000 0.0000000 0.0000000 1.0000000
-0.0336559 0.9979283 0.0548292 -39.7241123
-0.9992458 -0.0325357 -0.0211970 -147.1062688
-0.0193692 -0.0555013 0.9982707 -0.0806182
0.0000000 0.0000000 0.0000000 1.0000000
-0.0288276 0.9984107 0.0484257 -39.7130263
-0.9994080 -0.0278783 -0.0201651 -147.2869063
-0.0187830 -0.0489783 0.9986232 -0.0664433
0.0000000 0.0000000 0.0000000 1.0000000
-0.0207348 0.9985720 0.0492334 -39.7219928
-0.9995309 -0.0195941 -0.0235403 -147.8335059
-0.0225420 -0.0496984 0.9985099 -0.0751290
0.0000000 0.0000000 0.0000000 1.0000000
-0.0089628 0.9987088 0.0500024 -39.7176335
-0.9996685 -0.0077420 -0.0245554 -148.5844738
-0.0241366 -0.0502059 0.9984472 -0.0891092
0.0000000 0.0000000 0.0000000 1.0000000
-0.0001178 0.9985351 0.0541061 -39.7061539
-0.9998201 0.0009087 -0.0189470 -149.3476376
-0.0189684 -0.0540985 0.9983554 -0.0954535
0.0000000 0.0000000 0.0000000 1.0000000
0.0066923 0.9985501 0.0534115 -39.6976473
-0.9998736 0.0074526 -0.0140485 -149.9371122
-0.0144262 -0.0533108 0.9984738 -0.1003164
0.0000000 0.0000000 0.0000000 1.0000000
0.0104070 0.9983834 0.0558758 -39.6672640
-0.9998572 0.0111339 -0.0127148 -150.7266274
-0.0133164 -0.0557355 0.9983568 -0.1088259
0.0000000 0.0000000 0.0000000 1.0000000
0.0139536 0.9983288 0.0560787 -39.6397127
-0.9997883 0.0147784 -0.0143191 -151.5132687
-0.0151239 -0.0558670 0.9983237 -0.1205680
0.0000000 0.0000000 0.0000000 1.0000000
0.0120531 0.9983667 0.0558442 -39.6114982
-0.9997734 0.0130125 -0.0168482 -152.3025973
-0.0175473 -0.0556284 0.9982973 -0.1265988
0.0000000 0.0000000 0.0000000 1.0000000
0.0098360 0.9983664 0.0562816 -39.5973131
-0.9997509 0.0109462 -0.0194522 -153.0323503
-0.0200364 -0.0560762 0.9982254 -0.1342661
0.0000000 0.0000000 0.0000000 1.0000000
0.0064937 0.9984482 0.0553084 -39.5869953
-0.9997289 0.0077189 -0.0219672 -153.8165265
-0.0223600 -0.0551508 0.9982276 -0.1512991
0.0000000 0.0000000 0.0000000 1.0000000
0.0019882 0.9984332 0.0559205 -39.5901809
-0.9997411 0.0032522 -0.0225227 -154.5507079
-0.0226693 -0.0558612 0.9981812 -0.1564834
0.0000000 0.0000000 0.0000000 1.0000000
-0.0046929 0.9982540 0.0588796 -39.5889895
-0.9996088 -0.0030594 -0.0278036 -155.2745428
-0.0275749 -0.0589870 0.9978778 -0.1638249
0.0000000 0.0000000 0.0000000 1.0000000
-0.0117727 0.9980496 0.0613043 -39.5875033
-0.9995145 -0.0099768 -0.0295192 -155.9590825
-0.0288500 -0.0616220 0.9976825 -0.1809494
0.0000000 0.0000000 0.0000000 1.0000000
-0.0200597 0.9980360 0.0593443 -39.5886276
-0.9992353 -0.0180205 -0.0346997 -156.6193441
-0.0335622 -0.0599950 0.9976343 -0.1955173
0.0000000 0.0000000 0.0000000 1.0000000
-0.0280103 0.9980021 0.0566311 -39.5536304
-0.9988792 -0.0257824 -0.0396961 -157.3418888
-0.0381567 -0.0576796 0.9976057 -0.2239810
0.0000000 0.0000000 0.0000000 1.0000000
-0.0351668 0.9978422 0.0554446 -39.5359417
-0.9986203 -0.0329210 -0.0409115 -158.0646304
-0.0389979 -0.0568068 0.9976232 -0.2537102
0.0000000 0.0000000 0.0000000 1.0000000
-0.0460197 0.9975889 0.0519470 -39.5277915
-0.9980193 -0.0436821 -0.0452714 -158.7863670
-0.0428931 -0.0539275 0.9976232 -0.2969461
0.0000000 0.0000000 0.0000000 1.0000000
-0.0552856 0.9972027 0.0503008 -39.5117078
-0.9974980 -0.0529385 -0.0468550 -159.4472848
-0.0440611 -0.0527654 0.9976344 -0.3390529
0.0000000 0.0000000 0.0000000 1.0000000
-0.0602112 0.9969671 0.0493071 -39.5209400
-0.9971787 -0.0578588 -0.0478236 -160.1621475
-0.0448257 -0.0520476 0.9976381 -0.3783750
0.0000000 0.0000000 0.0000000 1.0000000
-0.0653928 0.9966289 0.0495428 -39.5393738
-0.9967274 -0.0628736 -0.0508086 -160.8893917
-0.0475223 -0.0527031 0.9974788 -0.4152815
0.0000000 0.0000000 0.0000000 1.0000000
-0.0706291 0.9962205 0.0505586 -39.5665479
-0.9961857 -0.0678416 -0.0548784 -161.6055159
-0.0512410 -0.0542418 0.9972122 -0.4466245
0.0000000 0.0000000 0.0000000 1.0000000
-0.0709015 0.9960544 0.0533710 -39.5832932
-0.9958850 -0.0676587 -0.0602951 -162.3064755
-0.0564462 -0.0574264 0.9967527 -0.4703487
0.0000000 0.0000000 0.0000000 1.0000000
-0.0654125 0.9964395 0.0531917 -39.6021657
-0.9960744 -0.0620167 -0.0631650 -163.0181599
-0.0596413 -0.0571146 0.9965846 -0.5119218
0.0000000 0.0000000 0.0000000 1.0000000
-0.0561536 0.9969778 0.0536829 -39.6232876
-0.9965097 -0.0526386 -0.0647903 -163.7410268
-0.0617687 -0.0571338 0.9964539 -0.5550303
0.0000000 0.0000000 0.0000000 1.0000000
-0.0427085 0.9977303 0.0520586 -39.6473601
-0.9971256 -0.0393027 -0.0647766 -164.4372926
-0.0625835 -0.0546755 0.9965410 -0.5936791
0.0000000 0.0000000 0.0000000 1.0000000
-0.0287580 0.9979388 0.0573676 -39.6444377
-0.9974375 -0.0248877 -0.0670751 -165.1077385
-0.0655091 -0.0591495 0.9960973 -0.6237178
0.0000000 0.0000000 0.0000000 1.0000000
-0.0127459 0.9979660 0.0624609 -39.6210448
-0.9974412 -0.0082948 -0.0710099 -165.8226658
-0.0703474 -0.0632061 0.9955181 -0.6580354
0.0000000 0.0000000 0.0000000 1.0000000
0.0039111 0.9979396 0.0640408 -39.6026407
-0.9970157 0.0088292 -0.0766933 -166.5147086
-0.0771007 -0.0635498 0.9949959 -0.7006733
0.0000000 0.0000000 0.0000000 1.0000000
0.0232844 0.9977821 0.0623595 -39.5848290
-0.9962336 0.0283693 -0.0819387 -167.2443550
-0.0835261 -0.0602167 0.9946845 -0.7537024
0.0000000 0.0000000 0.0000000 1.0000000
0.0408970 0.9972609 0.0616278 -39.5478811
-0.9951505 0.0461776 -0.0868510 -167.9487736
-0.0894589 -0.0577770 0.9943133 -0.8137785
0.0000000 0.0000000 0.0000000 1.0000000
0.0621458 0.9961397 0.0619962 -39.4941874
-0.9939383 0.0674134 -0.0868461 -168.6604923
-0.0906903 -0.0562232 0.9942908 -0.8690607
0.0000000 0.0000000 0.0000000 1.0000000
0.0807812 0.9949240 0.0600054 -39.4354235
-0.9923660 0.0859101 -0.0884830 -169.3469054
-0.0931889 -0.0523996 0.9942686 -0.9270054
0.0000000 0.0000000 0.0000000 1.0000000
0.1008693 0.9931316 0.0592859 -39.3523891
-0.9903441 0.1059251 -0.0894342 -170.0483598
-0.0950998 -0.0496922 0.9942267 -0.9808510
0.0000000 0.0000000 0.0000000 1.0000000
0.1229760 0.9906061 0.0598035 -39.2631461
-0.9877622 0.1280028 -0.0891138 -170.7383534
-0.0959317 -0.0481128 0.9942245 -1.0463962
0.0000000 0.0000000 0.0000000 1.0000000
0.1429140 0.9878311 0.0613620 -39.1458818
-0.9851109 0.1479588 -0.0875493 -171.4676330
-0.0955630 -0.0479363 0.9942685 -1.1175770
0.0000000 0.0000000 0.0000000 1.0000000
